update,cats,dogs,fleas,FpC,FpD,catLockAveSize,dogLockAveSize,fleaKeyAveSize,fleaKeyAveSizeOnCats,fleaKeyAveSizeOnDogs,catBirths,dogBirths,fleaBirths,catDeaths,dogDeaths,fleaDeaths,fleaJumps,fleaJumpsAcross,fleasInherited,catCollectedResource,fleaOnCatCollectedResource,catTheft,infectedCatsRate,bitMatchCat,dogCollectedResource,fleaOnDogCollectedResource,dogTheft,infectedDogsRate,bitMatchDog,fleaCollectedResource
0,100,0,144,1.440000,0.000000,30.000000,-1,40.000000,40.000000,-1,0,0,44,0,0,0,6,0,0,14.991667,0.141667,0.141667,0.660000,1.000000,-1,-1,-1,-1,-1,0.098380
10,195,0,6333,32.476923,0.000000,30.000000,-1,40.003316,40.003316,-1,6,0,832,0,0,0,302,0,74,8.242274,3.287641,3.287641,0.810256,0.928583,-1,-1,-1,-1,-1,0.101230
20,291,0,11996,41.223368,0.000000,30.000000,-1,40.003251,40.003251,-1,5,0,1729,8,0,372,744,0,61,6.810718,3.818148,3.818148,0.938144,0.963387,-1,-1,-1,-1,-1,0.092621
30,337,0,14533,43.124629,0.000000,30.000000,-1,40.002615,40.002615,-1,28,0,1338,18,0,431,869,0,333,5.411572,4.029576,4.029576,0.988131,0.905359,-1,-1,-1,-1,-1,0.093440
40,376,0,17170,45.664894,0.000000,30.000000,-1,40.005358,40.005358,-1,14,0,1829,11,0,653,1346,0,188,5.176137,3.800814,3.800814,1.000000,0.950047,-1,-1,-1,-1,-1,0.083233
50,379,0,17177,45.321900,0.000000,30.000000,-1,40.009955,40.009955,-1,21,0,1326,7,0,650,1151,0,256,5.053127,3.989466,3.989466,1.000000,0.932010,-1,-1,-1,-1,-1,0.088025
60,399,0,18579,46.563910,0.000000,30.000000,-1,40.005544,40.005544,-1,11,0,1662,18,0,725,1301,0,130,4.958717,3.754554,3.754554,1.000000,0.956457,-1,-1,-1,-1,-1,0.080632
70,406,0,18475,45.504926,0.000000,30.000000,-1,40.004005,40.004005,-1,20,0,1592,23,0,683,1441,0,229,4.783157,3.634038,3.634038,1.000000,0.934277,-1,-1,-1,-1,-1,0.079860
80,394,0,17590,44.644670,0.000000,30.000000,-1,40.010972,40.010972,-1,25,0,1554,16,0,640,1199,0,325,4.899370,3.693451,3.693451,1.000000,0.917625,-1,-1,-1,-1,-1,0.082730
90,393,0,17973,45.732824,0.000000,30.000000,-1,40.008958,40.008958,-1,16,0,1624,16,0,645,1357,0,205,4.847494,3.705396,3.705396,1.000000,0.939601,-1,-1,-1,-1,-1,0.081023
100,405,0,18445,45.543210,0.000000,30.000000,-1,40.011710,40.011710,-1,19,0,1568,17,0,693,1234,0,249,4.942903,3.788137,3.788137,1.000000,0.932231,-1,-1,-1,-1,-1,0.083177
110,406,0,18206,44.842365,0.000000,30.000000,-1,40.009063,40.009063,-1,26,0,1828,13,0,728,1496,0,344,4.959509,3.680768,3.680768,1.000000,0.915839,-1,-1,-1,-1,-1,0.082082
120,392,0,17930,45.739796,0.000000,30.000000,-1,40.011545,40.011545,-1,21,0,1574,22,0,676,1786,0,257,4.893359,3.767477,3.767477,1.000000,0.922789,-1,-1,-1,-1,-1,0.082368
130,373,0,17244,46.230563,0.000000,30.000000,-1,40.008119,40.008119,-1,15,0,1580,18,0,660,1873,0,183,4.955268,3.751485,3.751485,1.000000,0.934888,-1,-1,-1,-1,-1,0.081147
140,391,0,17266,44.158568,0.000000,30.000000,-1,40.004460,40.004460,-1,21,0,1704,24,0,660,1363,0,272,5.214215,3.664302,3.664302,1.000000,0.920892,-1,-1,-1,-1,-1,0.082981
150,396,0,17959,45.351010,0.000000,30.000000,-1,40.002116,40.002116,-1,23,0,1825,19,0,692,1416,0,298,4.910280,3.649484,3.649484,1.000000,0.915480,-1,-1,-1,-1,-1,0.080472
160,389,0,18000,46.272494,0.000000,30.000000,-1,39.998000,39.998000,-1,16,0,1407,17,0,679,1329,0,198,5.040022,3.847541,3.847541,1.000000,0.931678,-1,-1,-1,-1,-1,0.083150
170,396,0,18254,46.095960,0.000000,30.000000,-1,39.987181,39.987181,-1,20,0,1562,17,0,702,1537,0,262,5.243168,4.016092,4.016092,1.000000,0.922125,-1,-1,-1,-1,-1,0.087125
180,398,0,18023,45.283920,0.000000,30.000000,-1,39.973478,39.973478,-1,19,0,1641,24,0,685,1757,0,249,5.105798,3.756848,3.756848,1.000000,0.922994,-1,-1,-1,-1,-1,0.082962
190,422,0,19300,45.734597,0.000000,30.000000,-1,39.970725,39.970725,-1,18,0,1699,22,0,735,1377,0,240,4.895555,3.603824,3.603824,1.000000,0.927549,-1,-1,-1,-1,-1,0.078799
200,407,0,18346,45.076167,0.000000,30.000000,-1,39.963480,39.963480,-1,18,0,1827,31,0,730,1706,0,227,4.867000,3.486223,3.486223,1.000000,0.923620,-1,-1,-1,-1,-1,0.077341
210,419,0,19216,45.861575,0.000000,30.000000,-1,39.963156,39.963156,-1,18,0,1726,19,0,740,1401,0,235,4.628702,3.447443,3.447443,1.000000,0.925299,-1,-1,-1,-1,-1,0.075171
220,415,0,18817,45.342169,0.000000,30.000000,-1,39.963278,39.963278,-1,19,0,1774,18,0,756,1516,0,225,4.925070,3.520369,3.520369,1.000000,0.918617,-1,-1,-1,-1,-1,0.077640
230,400,0,18069,45.172500,0.000000,30.000000,-1,39.953346,39.953346,-1,19,0,1497,16,0,692,1359,0,211,4.885624,3.608542,3.608543,1.000000,0.916730,-1,-1,-1,-1,-1,0.079884
240,398,0,18199,45.726131,0.000000,30.000000,-1,39.965822,39.965822,-1,19,0,1509,15,0,653,1368,0,231,4.977213,3.725407,3.725407,1.000000,0.917402,-1,-1,-1,-1,-1,0.081472
250,388,0,18082,46.603093,0.000000,30.000000,-1,39.983851,39.983851,-1,13,0,1695,11,0,668,1428,0,168,5.231785,3.801352,3.801352,1.000000,0.928773,-1,-1,-1,-1,-1,0.081569
260,405,0,18470,45.604938,0.000000,30.000000,-1,39.987060,39.987060,-1,23,0,1396,5,0,678,1664,0,295,4.925921,3.773667,3.773667,1.000000,0.904950,-1,-1,-1,-1,-1,0.082747
270,408,0,18504,45.352941,0.000000,30.000000,-1,39.974816,39.974816,-1,14,0,1736,12,0,771,1562,0,183,5.073771,3.543176,3.543176,1.000000,0.926386,-1,-1,-1,-1,-1,0.078125
280,419,0,19306,46.076372,0.000000,30.000000,-1,39.981819,39.981819,-1,20,0,1768,14,0,757,2077,0,223,4.843700,3.565665,3.565665,1.000000,0.913061,-1,-1,-1,-1,-1,0.077386
290,400,0,18245,45.612500,0.000000,30.000000,-1,39.998191,39.998191,-1,23,0,1547,22,0,693,1075,0,285,5.178526,3.839510,3.839510,1.000000,0.900237,-1,-1,-1,-1,-1,0.084177
300,407,0,18889,46.410319,0.000000,30.000000,-1,39.975435,39.975435,-1,11,0,1575,19,0,690,1479,0,133,4.881770,3.576188,3.576188,1.000000,0.931113,-1,-1,-1,-1,-1,0.077056
310,412,0,18983,46.075243,0.000000,30.000000,-1,39.969604,39.969604,-1,19,0,1616,21,0,735,1698,0,233,4.898108,3.619691,3.619691,1.000000,0.911774,-1,-1,-1,-1,-1,0.078560
320,392,0,17608,44.918367,0.000000,30.000000,-1,39.954225,39.954225,-1,24,0,1507,15,0,709,1373,0,332,4.994460,3.657629,3.657629,1.000000,0.895846,-1,-1,-1,-1,-1,0.081428
330,401,0,18299,45.633416,0.000000,30.000000,-1,39.943221,39.943221,-1,22,0,1560,22,0,673,1500,0,260,5.012879,3.753895,3.753895,1.000000,0.902930,-1,-1,-1,-1,-1,0.082262
340,393,0,17754,45.175573,0.000000,30.000000,-1,39.930157,39.930157,-1,21,0,1574,12,0,671,1483,0,253,5.291687,3.783437,3.783437,1.000000,0.900998,-1,-1,-1,-1,-1,0.083750
350,396,0,18316,46.252525,0.000000,30.000000,-1,39.939015,39.939015,-1,10,0,1590,21,0,651,1708,0,128,5.171331,3.683046,3.683046,1.000000,0.927062,-1,-1,-1,-1,-1,0.079629
360,397,0,18130,45.667506,0.000000,30.000000,-1,39.944732,39.944732,-1,16,0,1392,21,0,714,1075,0,195,4.974925,3.704096,3.704096,1.000000,0.914798,-1,-1,-1,-1,-1,0.081110
370,389,0,17776,45.696658,0.000000,30.000000,-1,39.966190,39.966190,-1,19,0,1489,20,0,709,1516,0,221,5.187346,3.872637,3.872637,1.000000,0.902882,-1,-1,-1,-1,-1,0.084747
380,384,0,17686,46.057292,0.000000,30.000000,-1,39.981285,39.981285,-1,16,0,1535,22,0,687,1751,0,205,4.952190,3.630648,3.630648,1.000000,0.907395,-1,-1,-1,-1,-1,0.078829
390,376,0,17442,46.388298,0.000000,30.000000,-1,39.975175,39.975175,-1,13,0,1515,20,0,655,1293,0,152,5.239421,3.801359,3.801359,1.000000,0.916662,-1,-1,-1,-1,-1,0.081947
400,384,0,17581,45.783854,0.000000,30.000000,-1,39.988795,39.988795,-1,16,0,1717,23,0,648,1438,0,209,5.202343,3.722632,3.722632,1.000000,0.906763,-1,-1,-1,-1,-1,0.081309
410,406,0,18004,44.344828,0.000000,30.000000,-1,40.010387,40.010387,-1,26,0,1561,19,0,677,1615,0,282,4.981153,3.603177,3.603177,1.000000,0.882795,-1,-1,-1,-1,-1,0.081254
420,409,0,18721,45.772616,0.000000,30.000000,-1,40.015384,40.015384,-1,21,0,1424,21,0,716,1601,0,249,5.068784,3.714427,3.714427,1.000000,0.894367,-1,-1,-1,-1,-1,0.081150
430,419,0,19037,45.434368,0.000000,30.000000,-1,40.017230,40.017230,-1,16,0,1824,20,0,725,1456,0,228,5.148832,3.644326,3.644326,1.000000,0.904536,-1,-1,-1,-1,-1,0.080211
440,420,0,19089,45.450000,0.000000,30.000000,-1,40.019173,40.019173,-1,17,0,1572,24,0,735,1632,0,201,4.941754,3.524176,3.524176,1.000000,0.902582,-1,-1,-1,-1,-1,0.077540
450,396,0,17903,45.209596,0.000000,30.000000,-1,40.032732,40.032732,-1,17,0,1541,28,0,686,1494,0,179,5.035933,3.562131,3.562131,1.000000,0.897120,-1,-1,-1,-1,-1,0.078791
460,411,0,19040,46.326034,0.000000,30.000000,-1,40.032405,40.032405,-1,15,0,1582,24,0,667,2027,0,175,5.059465,3.631648,3.631648,1.000000,0.903471,-1,-1,-1,-1,-1,0.078393
470,418,0,18771,44.906699,0.000000,30.000000,-1,40.041926,40.041926,-1,21,0,1867,28,0,730,1602,0,283,4.978869,3.423273,3.423273,1.000000,0.891687,-1,-1,-1,-1,-1,0.076231
480,422,0,18974,44.962085,0.000000,30.000000,-1,40.030410,40.030410,-1,21,0,1815,23,0,737,1629,0,245,4.965121,3.402497,3.402497,1.000000,0.892242,-1,-1,-1,-1,-1,0.075675
490,412,0,18491,44.881068,0.000000,30.000000,-1,40.020280,40.020280,-1,24,0,1521,24,0,661,1402,0,319,4.833649,3.466513,3.466513,1.000000,0.880135,-1,-1,-1,-1,-1,0.077238
500,384,0,17768,46.270833,0.000000,30.000000,-1,40.023863,40.023863,-1,11,0,1709,26,0,660,1480,0,147,5.150875,3.639551,3.639551,1.000000,0.912251,-1,-1,-1,-1,-1,0.078658
510,414,0,19201,46.379227,0.000000,30.000000,-1,40.007916,40.007916,-1,19,0,1593,16,0,700,1515,0,255,4.909744,3.571507,3.571507,1.000000,0.895722,-1,-1,-1,-1,-1,0.077007
520,419,0,18921,45.157518,0.000000,30.000000,-1,39.990698,39.990698,-1,21,0,1776,14,0,755,2155,0,270,4.901019,3.452998,3.452998,1.000000,0.889167,-1,-1,-1,-1,-1,0.076466
530,411,0,18369,44.693431,0.000000,30.000000,-1,40.001089,40.001089,-1,23,0,1544,18,0,731,1592,0,262,5.000929,3.624491,3.624491,1.000000,0.884138,-1,-1,-1,-1,-1,0.081097
540,421,0,19164,45.520190,0.000000,30.000000,-1,40.017429,40.017429,-1,24,0,1653,19,0,709,1661,0,300,4.947423,3.554331,3.554331,1.000000,0.885118,-1,-1,-1,-1,-1,0.078083
550,406,0,18682,46.014778,0.000000,30.000000,-1,40.003426,40.003426,-1,15,0,1589,24,0,745,1607,0,173,5.094658,3.617985,3.617985,1.000000,0.899477,-1,-1,-1,-1,-1,0.078627
560,415,0,19110,46.048193,0.000000,30.000000,-1,39.996703,39.996703,-1,20,0,1582,21,0,711,1590,0,236,4.938921,3.581216,3.581216,1.000000,0.892456,-1,-1,-1,-1,-1,0.077771
570,430,0,19744,45.916279,0.000000,30.000000,-1,39.994327,39.994327,-1,18,0,1474,26,0,730,1684,0,245,4.776732,3.475833,3.475833,1.000000,0.896020,-1,-1,-1,-1,-1,0.075699
580,421,0,19226,45.667458,0.000000,30.000000,-1,39.999532,39.999532,-1,18,0,1668,25,0,750,1838,0,248,4.957529,3.524713,3.524713,1.000000,0.892721,-1,-1,-1,-1,-1,0.077182
590,414,0,18595,44.915459,0.000000,30.000000,-1,40.031191,40.031191,-1,20,0,1828,20,0,726,1482,0,258,5.133843,3.479415,3.479415,1.000000,0.885587,-1,-1,-1,-1,-1,0.077466
600,403,0,18558,46.049628,0.000000,30.000000,-1,40.031253,40.031253,-1,15,0,1761,20,0,700,1640,0,201,5.066157,3.484987,3.484987,1.000000,0.898354,-1,-1,-1,-1,-1,0.075679
610,406,0,18021,44.386700,0.000000,30.000000,-1,40.032240,40.032240,-1,25,0,1911,18,0,685,1405,0,319,5.387121,3.661710,3.661710,1.000000,0.876565,-1,-1,-1,-1,-1,0.082496
620,403,0,18390,45.632754,0.000000,30.000000,-1,40.023437,40.023437,-1,20,0,1396,18,0,686,1042,0,250,5.105866,3.707203,3.707203,1.000000,0.885483,-1,-1,-1,-1,-1,0.081240
630,402,0,18317,45.564677,0.000000,30.000000,-1,40.023748,40.023748,-1,22,0,1626,19,0,673,1628,0,259,5.150096,3.675538,3.675538,1.000000,0.881337,-1,-1,-1,-1,-1,0.080666
640,404,0,18869,46.705446,0.000000,30.000000,-1,40.012931,40.012931,-1,10,0,1442,16,0,741,1882,0,126,4.868798,3.519698,3.519698,1.000000,0.908912,-1,-1,-1,-1,-1,0.075359
650,396,0,18008,45.474747,0.000000,30.000000,-1,39.996502,39.996502,-1,20,0,1587,18,0,667,1420,0,282,5.387664,3.784053,3.784053,1.000000,0.882552,-1,-1,-1,-1,-1,0.083212
660,413,0,18639,45.130751,0.000000,30.000000,-1,39.993133,39.993133,-1,25,0,1649,18,0,671,1645,0,335,4.941263,3.526856,3.526856,1.000000,0.873442,-1,-1,-1,-1,-1,0.078148
670,421,0,18731,44.491686,0.000000,30.000000,-1,40.005606,40.005606,-1,25,0,1683,20,0,684,1607,0,304,4.846317,3.361126,3.361126,1.000000,0.875834,-1,-1,-1,-1,-1,0.075545
680,394,0,18144,46.050761,0.000000,30.000000,-1,40.025408,40.025408,-1,20,0,1601,15,0,688,1705,0,248,5.306693,3.802202,3.802202,1.000000,0.879896,-1,-1,-1,-1,-1,0.082565
690,387,0,17618,45.524548,0.000000,30.000000,-1,40.025656,40.025656,-1,17,0,1746,20,0,657,1482,0,240,5.356710,3.614497,3.614497,1.000000,0.885898,-1,-1,-1,-1,-1,0.079397
700,385,0,17368,45.111688,0.000000,30.000000,-1,40.029883,40.029883,-1,24,0,1630,19,0,715,1638,0,284,5.114938,3.581166,3.581166,1.000000,0.871391,-1,-1,-1,-1,-1,0.079384
710,408,0,18690,45.808824,0.000000,30.000000,-1,40.040663,40.040663,-1,20,0,1364,21,0,629,1191,0,246,5.097631,3.758811,3.758811,1.000000,0.883668,-1,-1,-1,-1,-1,0.082054
720,401,0,18581,46.336658,0.000000,30.000000,-1,40.034282,40.034282,-1,13,0,1849,16,0,685,1725,0,170,5.379079,3.725659,3.725659,1.000000,0.899774,-1,-1,-1,-1,-1,0.080404
730,394,0,18080,45.888325,0.000000,30.000000,-1,40.049281,40.049281,-1,16,0,1464,18,0,698,1358,0,207,5.553717,3.912442,3.912442,1.000000,0.890291,-1,-1,-1,-1,-1,0.085260
740,409,0,18501,45.234719,0.000000,30.000000,-1,40.039403,40.039403,-1,22,0,1640,15,0,736,1524,0,249,5.121386,3.553430,3.553430,1.000000,0.878849,-1,-1,-1,-1,-1,0.078555
750,415,0,18951,45.665060,0.000000,30.000000,-1,40.031397,40.031397,-1,15,0,1799,23,0,676,1681,0,213,5.127053,3.496011,3.496011,1.000000,0.892503,-1,-1,-1,-1,-1,0.076558
760,418,0,19182,45.889952,0.000000,30.000000,-1,40.052810,40.052810,-1,17,0,1617,23,0,720,1287,0,238,4.832345,3.345599,3.345599,1.000000,0.885680,-1,-1,-1,-1,-1,0.072905
770,416,0,19010,45.697115,0.000000,30.000000,-1,40.066702,40.066702,-1,20,0,1455,19,0,713,1405,0,257,5.065972,3.596344,3.596344,1.000000,0.880784,-1,-1,-1,-1,-1,0.078700
780,424,0,19184,45.245283,0.000000,30.000000,-1,40.070945,40.070945,-1,20,0,1767,20,0,761,1470,0,252,4.908672,3.395910,3.395910,1.000000,0.883635,-1,-1,-1,-1,-1,0.075056
790,414,0,18897,45.644928,0.000000,30.000000,-1,40.051437,40.051437,-1,15,0,1867,20,0,738,1421,0,189,4.941434,3.354517,3.354517,1.000000,0.892237,-1,-1,-1,-1,-1,0.073492
800,407,0,18494,45.439803,0.000000,30.000000,-1,40.045150,40.045150,-1,19,0,1425,17,0,710,1814,0,235,5.163567,3.646893,3.646893,1.000000,0.885071,-1,-1,-1,-1,-1,0.080258
810,421,0,19288,45.814727,0.000000,30.000000,-1,40.059260,40.059260,-1,19,0,1536,16,0,728,1624,0,234,4.839288,3.473912,3.473912,1.000000,0.882007,-1,-1,-1,-1,-1,0.075825
820,427,0,19485,45.632319,0.000000,30.000000,-1,40.074211,40.074211,-1,18,0,1823,20,0,797,2000,0,227,4.695663,3.230845,3.230845,1.000000,0.886912,-1,-1,-1,-1,-1,0.070802
830,383,0,17610,45.979112,0.000000,30.000000,-1,40.048325,40.048325,-1,15,0,1516,19,0,712,1463,0,184,5.344793,3.725330,3.725330,1.000000,0.887785,-1,-1,-1,-1,-1,0.081022
840,410,0,18710,45.634146,0.000000,30.000000,-1,40.044468,40.044468,-1,16,0,1611,19,0,647,1853,0,202,5.180088,3.618750,3.618750,1.000000,0.887400,-1,-1,-1,-1,-1,0.079299
850,407,0,18309,44.985258,0.000000,30.000000,-1,40.042602,40.042602,-1,25,0,1728,16,0,725,1479,0,307,5.359701,3.666507,3.666507,1.000000,0.866630,-1,-1,-1,-1,-1,0.081505
860,402,0,18254,45.407960,0.000000,30.000000,-1,40.035828,40.035828,-1,20,0,1603,18,0,710,1899,0,274,5.007116,3.497563,3.497563,1.000000,0.875879,-1,-1,-1,-1,-1,0.077025
870,403,0,18417,45.699752,0.000000,30.000000,-1,40.043655,40.043655,-1,16,0,1572,20,0,682,1427,0,196,5.157757,3.576321,3.576321,1.000000,0.884090,-1,-1,-1,-1,-1,0.078257
880,403,0,18292,45.389578,0.000000,30.000000,-1,40.026624,40.026624,-1,22,0,1502,26,0,705,1451,0,282,4.654496,3.255287,3.255287,1.000000,0.871819,-1,-1,-1,-1,-1,0.071719
890,397,0,18031,45.418136,0.000000,30.000000,-1,40.048916,40.048916,-1,22,0,1591,27,0,712,1498,0,266,5.109254,3.588839,3.588839,1.000000,0.873653,-1,-1,-1,-1,-1,0.079018
900,412,0,18633,45.225728,0.000000,30.000000,-1,40.036011,40.036011,-1,25,0,1619,17,0,733,1534,0,330,5.005280,3.577129,3.577129,1.000000,0.866484,-1,-1,-1,-1,-1,0.079095
910,403,0,18505,45.918114,0.000000,30.000000,-1,40.062524,40.062524,-1,16,0,1743,22,0,710,1482,0,195,5.259457,3.637506,3.637506,1.000000,0.886362,-1,-1,-1,-1,-1,0.079217
920,400,0,18353,45.882500,0.000000,30.000000,-1,40.056013,40.056013,-1,16,0,1594,17,0,675,1139,0,200,5.309952,3.670047,3.670047,1.000000,0.889212,-1,-1,-1,-1,-1,0.079988
930,407,0,18987,46.651106,0.000000,30.000000,-1,40.042608,40.042608,-1,11,0,1666,21,0,750,1897,0,131,4.964145,3.473669,3.473669,1.000000,0.900146,-1,-1,-1,-1,-1,0.074461
940,394,0,17786,45.142132,0.000000,30.000000,-1,40.080513,40.080513,-1,22,0,1721,23,0,677,1477,0,315,5.168718,3.565630,3.565630,1.000000,0.870907,-1,-1,-1,-1,-1,0.078987
950,391,0,17868,45.698210,0.000000,30.000000,-1,40.056917,40.056917,-1,19,0,1462,21,0,727,1129,0,237,4.970485,3.521843,3.521843,1.000000,0.880628,-1,-1,-1,-1,-1,0.077067
960,399,0,18112,45.393484,0.000000,30.000000,-1,40.035777,40.035777,-1,15,0,1814,18,0,676,1595,0,199,5.155187,3.504836,3.504836,1.000000,0.889864,-1,-1,-1,-1,-1,0.077210
970,387,0,17786,45.958656,0.000000,30.000000,-1,40.049871,40.049871,-1,13,0,1912,26,0,697,1606,0,151,5.209412,3.454302,3.454302,1.000000,0.887898,-1,-1,-1,-1,-1,0.075161
980,388,0,18047,46.512887,0.000000,30.000000,-1,40.007758,40.007758,-1,12,0,1434,20,0,640,1480,0,145,5.156349,3.641270,3.641270,1.000000,0.898716,-1,-1,-1,-1,-1,0.078285
990,396,0,18049,45.578283,0.000000,30.000000,-1,39.991468,39.991468,-1,22,0,1498,15,0,754,1457,0,273,5.023030,3.576417,3.576417,1.000000,0.870031,-1,-1,-1,-1,-1,0.078468
1000,409,0,18300,44.743276,0.000000,30.000000,-1,39.974809,39.974809,-1,24,0,1594,17,0,680,1706,0,304,5.068983,3.518124,3.518124,1.000000,0.867919,-1,-1,-1,-1,-1,0.078629
1010,404,0,18517,45.834158,0.000000,30.000000,-1,39.964519,39.964519,-1,21,0,1617,16,0,659,1350,0,263,5.038618,3.498923,3.498923,1.000000,0.871731,-1,-1,-1,-1,-1,0.076339
1020,415,0,19076,45.966265,0.000000,30.000000,-1,39.939191,39.939191,-1,16,0,1763,18,0,699,1836,0,219,5.069660,3.452696,3.452696,1.000000,0.883909,-1,-1,-1,-1,-1,0.075114
1030,420,0,18581,44.240476,0.000000,30.000000,-1,39.952909,39.952909,-1,30,0,1815,17,0,689,1418,0,380,5.158712,3.386923,3.386923,1.000000,0.853154,-1,-1,-1,-1,-1,0.076557
1040,404,0,17894,44.292079,0.000000,30.000000,-1,39.925338,39.925338,-1,25,0,1755,35,0,667,1572,0,329,5.164184,3.405948,3.405948,1.000000,0.861346,-1,-1,-1,-1,-1,0.076897
1050,415,0,18945,45.650602,0.000000,30.000000,-1,39.929691,39.929691,-1,19,0,1992,16,0,723,1920,0,237,5.357185,3.616883,3.616883,1.000000,0.876408,-1,-1,-1,-1,-1,0.079230
1060,429,0,19423,45.275058,0.000000,30.000000,-1,39.894609,39.894609,-1,24,0,1709,12,0,721,1716,0,274,5.004978,3.397287,3.397287,1.000000,0.864529,-1,-1,-1,-1,-1,0.075037
1070,432,0,19443,45.006944,0.000000,30.000000,-1,39.878517,39.878517,-1,23,0,1712,21,0,731,1825,0,318,5.013637,3.437862,3.437862,1.000000,0.868770,-1,-1,-1,-1,-1,0.076385
1080,414,0,19373,46.794686,0.000000,30.000000,-1,39.819646,39.819646,-1,12,0,1810,31,0,732,1657,0,144,5.026509,3.454761,3.454761,1.000000,0.890770,-1,-1,-1,-1,-1,0.073828
1090,397,0,18253,45.977330,0.000000,30.000000,-1,39.807648,39.807648,-1,18,0,1462,19,0,675,1781,0,245,5.128270,3.550991,3.550991,1.000000,0.873839,-1,-1,-1,-1,-1,0.077234
1100,408,0,18548,45.460784,0.000000,30.000000,-1,39.782834,39.782834,-1,18,0,1637,16,0,756,1612,0,225,5.106258,3.482795,3.482795,1.000000,0.879452,-1,-1,-1,-1,-1,0.076611
1110,405,0,18319,45.232099,0.000000,30.000000,-1,39.766308,39.766308,-1,20,0,1565,21,0,711,1208,0,252,4.862457,3.363216,3.363216,1.000000,0.870028,-1,-1,-1,-1,-1,0.074355
1120,403,0,18500,45.905707,0.000000,30.000000,-1,39.778270,39.778270,-1,18,0,1624,25,0,700,1529,0,218,5.041338,3.486962,3.486962,1.000000,0.875453,-1,-1,-1,-1,-1,0.075959
1130,415,0,18616,44.857831,0.000000,30.000000,-1,39.772454,39.772454,-1,27,0,1768,16,0,721,1823,0,363,5.214320,3.497671,3.497671,1.000000,0.854559,-1,-1,-1,-1,-1,0.077972
1140,405,0,18123,44.748148,0.000000,30.000000,-1,39.758649,39.758649,-1,18,0,1924,19,0,702,1641,0,226,5.272811,3.312491,3.312491,1.000000,0.872236,-1,-1,-1,-1,-1,0.074025
1150,417,0,18156,43.539568,0.000000,30.000000,-1,39.798744,39.798744,-1,31,0,1673,21,0,722,1455,0,377,5.279266,3.538080,3.538080,1.000000,0.846015,-1,-1,-1,-1,-1,0.081261
1160,404,0,18435,45.631188,0.000000,30.000000,-1,39.773529,39.773529,-1,18,0,1552,16,0,651,1323,0,220,5.319699,3.619245,3.619245,1.000000,0.871473,-1,-1,-1,-1,-1,0.079315
1170,407,0,19020,46.732187,0.000000,30.000000,-1,39.749422,39.749422,-1,14,0,1543,20,0,720,1280,0,172,5.414301,3.728908,3.728908,1.000000,0.878134,-1,-1,-1,-1,-1,0.079793
1180,415,0,18945,45.650602,0.000000,30.000000,-1,39.748746,39.748746,-1,19,0,1778,24,0,747,1395,0,244,5.018260,3.431195,3.431195,1.000000,0.869602,-1,-1,-1,-1,-1,0.075162
1190,413,0,18946,45.874092,0.000000,30.000000,-1,39.736198,39.736198,-1,18,0,2024,17,0,731,1680,0,232,5.209133,3.389853,3.389853,1.000000,0.867854,-1,-1,-1,-1,-1,0.073895
1200,412,0,18421,44.711165,0.000000,30.000000,-1,39.743445,39.743445,-1,28,0,1512,23,0,705,1719,0,352,5.106145,3.540295,3.540295,1.000000,0.851252,-1,-1,-1,-1,-1,0.079181
1210,397,0,18248,45.964736,0.000000,30.000000,-1,39.741999,39.741999,-1,16,0,1598,14,0,701,1346,0,197,5.164939,3.486134,3.486134,1.000000,0.871440,-1,-1,-1,-1,-1,0.075844
1220,411,0,18667,45.418491,0.000000,30.000000,-1,39.781486,39.781486,-1,25,0,1796,24,0,721,1703,0,315,5.055733,3.443630,3.443630,1.000000,0.856893,-1,-1,-1,-1,-1,0.075820
1230,397,0,18169,45.765743,0.000000,30.000000,-1,39.785184,39.785184,-1,16,0,1757,14,0,722,1861,0,211,5.256714,3.538416,3.538416,1.000000,0.873973,-1,-1,-1,-1,-1,0.077316
1240,403,0,18707,46.419355,0.000000,30.000000,-1,39.780724,39.780724,-1,13,0,1595,12,0,713,1635,0,161,5.228643,3.550986,3.550986,1.000000,0.879580,-1,-1,-1,-1,-1,0.076498
1250,395,0,18001,45.572152,0.000000,30.000000,-1,39.788290,39.788290,-1,17,0,1519,22,0,682,1574,0,208,5.293181,3.600771,3.600771,1.000000,0.875660,-1,-1,-1,-1,-1,0.079013
1260,410,0,18585,45.329268,0.000000,30.000000,-1,39.776271,39.776271,-1,24,0,1730,20,0,695,1313,0,301,4.998555,3.387101,3.387101,1.000000,0.858165,-1,-1,-1,-1,-1,0.074722
1270,420,0,18725,44.583333,0.000000,30.000000,-1,39.791562,39.791562,-1,31,0,1798,14,0,735,1806,0,404,5.006606,3.374006,3.374006,1.000000,0.845285,-1,-1,-1,-1,-1,0.075679
1280,415,0,18739,45.154217,0.000000,30.000000,-1,39.808261,39.808261,-1,25,0,1517,22,0,741,1314,0,313,5.057570,3.479779,3.479779,1.000000,0.858908,-1,-1,-1,-1,-1,0.077064
1290,411,0,18647,45.369830,0.000000,30.000000,-1,39.822921,39.822921,-1,23,0,1412,21,0,715,1413,0,286,4.818141,3.410859,3.410859,1.000000,0.865194,-1,-1,-1,-1,-1,0.075179
1300,396,0,18044,45.565657,0.000000,30.000000,-1,39.798936,39.798936,-1,15,0,1738,22,0,662,1584,0,184,5.094985,3.413432,3.413432,1.000000,0.877942,-1,-1,-1,-1,-1,0.074912
1310,390,0,17609,45.151282,0.000000,30.000000,-1,39.817536,39.817536,-1,21,0,1509,24,0,681,1209,0,266,5.410887,3.733110,3.733110,1.000000,0.864329,-1,-1,-1,-1,-1,0.082680
1320,421,0,18917,44.933492,0.000000,30.000000,-1,39.800708,39.800708,-1,22,0,1565,22,0,728,1632,0,285,4.954383,3.314761,3.314761,1.000000,0.865994,-1,-1,-1,-1,-1,0.073770
1330,409,0,18332,44.821516,0.000000,30.000000,-1,39.752127,39.752127,-1,23,0,1836,20,0,740,1734,0,277,5.431559,3.526294,3.526294,1.000000,0.860138,-1,-1,-1,-1,-1,0.078674
1340,410,0,18335,44.719512,0.000000,30.000000,-1,39.747968,39.747968,-1,25,0,1637,25,0,674,2151,0,321,4.955169,3.261672,3.261672,1.000000,0.854388,-1,-1,-1,-1,-1,0.072936
1350,398,0,17928,45.045226,0.000000,30.000000,-1,39.731928,39.731928,-1,21,0,1508,21,0,628,1267,0,251,5.049023,3.415845,3.415845,1.000000,0.860149,-1,-1,-1,-1,-1,0.075831
1360,390,0,17727,45.453846,0.000000,30.000000,-1,39.751960,39.751960,-1,19,0,1296,20,0,608,1626,0,247,5.082370,3.550780,3.550780,1.000000,0.869388,-1,-1,-1,-1,-1,0.078118
1370,412,0,18768,45.553398,0.000000,30.000000,-1,39.782289,39.782289,-1,19,0,1633,13,0,739,1770,0,248,5.448834,3.666862,3.666862,1.000000,0.867019,-1,-1,-1,-1,-1,0.080496
1380,414,0,18981,45.847826,0.000000,30.000000,-1,39.764976,39.764976,-1,17,0,1560,31,0,710,1369,0,202,4.988463,3.437693,3.437693,1.000000,0.870204,-1,-1,-1,-1,-1,0.074981
1390,397,0,18289,46.068010,0.000000,30.000000,-1,39.769479,39.769479,-1,19,0,1745,21,0,690,2057,0,235,5.274161,3.548317,3.548317,1.000000,0.862938,-1,-1,-1,-1,-1,0.077023
1400,403,0,18150,45.037221,0.000000,30.000000,-1,39.752672,39.752672,-1,16,0,1572,21,0,731,1472,0,198,5.268337,3.496758,3.496758,1.000000,0.870116,-1,-1,-1,-1,-1,0.077642
1410,432,0,19378,44.856481,0.000000,30.000000,-1,39.789400,39.789400,-1,24,0,1634,17,0,726,1339,0,293,5.038775,3.397733,3.397733,1.000000,0.858950,-1,-1,-1,-1,-1,0.075747
1420,412,0,18520,44.951456,0.000000,30.000000,-1,39.767495,39.767495,-1,19,0,1868,20,0,698,1853,0,252,5.260018,3.482239,3.482239,1.000000,0.865777,-1,-1,-1,-1,-1,0.077467
1430,406,0,18596,45.802956,0.000000,30.000000,-1,39.773769,39.773769,-1,17,0,1527,21,0,725,1349,0,222,5.032303,3.426060,3.426060,1.000000,0.868499,-1,-1,-1,-1,-1,0.074800
1440,412,0,18704,45.398058,0.000000,30.000000,-1,39.782720,39.782720,-1,22,0,1668,14,0,771,1602,0,275,5.004419,3.347754,3.347754,1.000000,0.859397,-1,-1,-1,-1,-1,0.073742
1450,419,0,19235,45.906921,0.000000,30.000000,-1,39.755810,39.755810,-1,15,0,1783,30,0,751,1718,0,176,5.087256,3.437520,3.437520,1.000000,0.871443,-1,-1,-1,-1,-1,0.074880
1460,395,0,18029,45.643038,0.000000,30.000000,-1,39.761884,39.761884,-1,18,0,1700,20,0,727,1789,0,229,5.112477,3.338156,3.338156,1.000000,0.860621,-1,-1,-1,-1,-1,0.073136
1470,406,0,18698,46.054187,0.000000,30.000000,-1,39.735801,39.735801,-1,14,0,1714,28,0,655,1589,0,175,5.403736,3.556503,3.556503,1.000000,0.870858,-1,-1,-1,-1,-1,0.077224
1480,400,0,18504,46.260000,0.000000,30.000000,-1,39.800476,39.800476,-1,18,0,1643,17,0,662,1544,0,227,5.250766,3.595901,3.595901,1.000000,0.867947,-1,-1,-1,-1,-1,0.077732
1490,395,0,17948,45.437975,0.000000,30.000000,-1,39.784099,39.784099,-1,18,0,1661,13,0,728,1519,0,242,5.276210,3.517883,3.517883,1.000000,0.867245,-1,-1,-1,-1,-1,0.077422
1500,398,0,18240,45.829146,0.000000,30.000000,-1,39.792654,39.792654,-1,15,0,1585,20,0,709,1620,0,182,5.294816,3.568010,3.568010,1.000000,0.868650,-1,-1,-1,-1,-1,0.077855
1510,405,0,18013,44.476543,0.000000,30.000000,-1,39.785211,39.785211,-1,29,0,1458,19,0,658,1546,0,337,5.088071,3.517691,3.517691,1.000000,0.841425,-1,-1,-1,-1,-1,0.079091
1520,425,0,19294,45.397647,0.000000,30.000000,-1,39.779776,39.779776,-1,25,0,1452,21,0,700,1600,0,332,4.990915,3.500514,3.500514,1.000000,0.848493,-1,-1,-1,-1,-1,0.077108
1530,415,0,19196,46.255422,0.000000,30.000000,-1,39.802667,39.802667,-1,13,0,1618,23,0,733,1815,0,181,4.910659,3.278325,3.278325,1.000000,0.871162,-1,-1,-1,-1,-1,0.070874
1540,410,0,18655,45.500000,0.000000,30.000000,-1,39.767783,39.767783,-1,25,0,1567,16,0,712,1377,0,286,5.295849,3.603106,3.603106,1.000000,0.846591,-1,-1,-1,-1,-1,0.079189
1550,413,0,18956,45.898305,0.000000,30.000000,-1,39.796687,39.796687,-1,19,0,1305,17,0,715,1317,0,257,5.080611,3.545470,3.545470,1.000000,0.858231,-1,-1,-1,-1,-1,0.077246
1560,410,0,18779,45.802439,0.000000,30.000000,-1,39.788487,39.788487,-1,14,0,1652,18,0,658,1489,0,175,5.191583,3.403133,3.403133,1.000000,0.867704,-1,-1,-1,-1,-1,0.074300
1570,427,0,19683,46.096019,0.000000,30.000000,-1,39.790073,39.790073,-1,16,0,1564,20,0,693,1779,0,202,4.864331,3.346740,3.346740,1.000000,0.863686,-1,-1,-1,-1,-1,0.072604
1580,410,0,18214,44.424390,0.000000,30.000000,-1,39.746788,39.746788,-1,25,0,1659,27,0,694,1579,0,307,5.106988,3.266183,3.266183,1.000000,0.840636,-1,-1,-1,-1,-1,0.073522
1590,403,0,18138,45.007444,0.000000,30.000000,-1,39.795292,39.795292,-1,22,0,1423,15,0,661,1354,0,308,5.149412,3.485470,3.485470,1.000000,0.848584,-1,-1,-1,-1,-1,0.077442
1600,397,0,17928,45.158690,0.000000,30.000000,-1,39.813643,39.813643,-1,20,0,1510,14,0,682,1318,0,257,5.335723,3.538993,3.538993,1.000000,0.850392,-1,-1,-1,-1,-1,0.078368
1610,402,0,17998,44.771144,0.000000,30.000000,-1,39.846261,39.846261,-1,20,0,1596,19,0,741,1346,0,270,5.352829,3.530493,3.530493,1.000000,0.848300,-1,-1,-1,-1,-1,0.078856
1620,379,0,17412,45.941953,0.000000,30.000000,-1,39.903113,39.903113,-1,16,0,1464,25,0,630,1422,0,216,5.421384,3.626989,3.626989,1.000000,0.855160,-1,-1,-1,-1,-1,0.078947
1630,391,0,17691,45.245524,0.000000,30.000000,-1,39.887570,39.887570,-1,19,0,1456,22,0,688,1360,0,253,5.321999,3.504940,3.504940,1.000000,0.853026,-1,-1,-1,-1,-1,0.077465
1640,407,0,18500,45.454545,0.000000,30.000000,-1,39.863568,39.863568,-1,15,0,1765,20,0,755,1428,0,199,5.313171,3.417632,3.417632,1.000000,0.858739,-1,-1,-1,-1,-1,0.075188
1650,392,0,17474,44.576531,0.000000,30.000000,-1,39.858762,39.858762,-1,28,0,1659,16,0,628,1301,0,364,5.300675,3.497551,3.497551,1.000000,0.829307,-1,-1,-1,-1,-1,0.078462
1660,408,0,18362,45.004902,0.000000,30.000000,-1,39.909759,39.909759,-1,24,0,1792,21,0,673,1753,0,297,5.094102,3.263508,3.263508,1.000000,0.837257,-1,-1,-1,-1,-1,0.072514
1670,425,0,19152,45.063529,0.000000,30.000000,-1,39.923820,39.923820,-1,24,0,1722,17,0,701,1652,0,295,4.901144,3.208043,3.208043,1.000000,0.840056,-1,-1,-1,-1,-1,0.071189
1680,401,0,18574,46.319202,0.000000,30.000000,-1,39.938301,39.938301,-1,15,0,1875,14,0,718,1718,0,201,5.259624,3.383411,3.383411,1.000000,0.853597,-1,-1,-1,-1,-1,0.073046
1690,398,0,18540,46.582915,0.000000,30.000000,-1,39.937163,39.937163,-1,12,0,1726,23,0,703,1147,0,145,5.424338,3.529599,3.529599,1.000000,0.861313,-1,-1,-1,-1,-1,0.075770
1700,387,0,18020,46.563307,0.000000,30.000000,-1,39.929578,39.929578,-1,13,0,1469,19,0,690,2114,0,151,5.486820,3.663174,3.663174,1.000000,0.860735,-1,-1,-1,-1,-1,0.078671
1710,414,0,18634,45.009662,0.000000,30.000000,-1,39.912955,39.912955,-1,17,0,1906,20,0,727,1630,0,212,5.181583,3.206501,3.206501,1.000000,0.849421,-1,-1,-1,-1,-1,0.071240
1720,408,0,18471,45.272059,0.000000,30.000000,-1,39.904445,39.904445,-1,24,0,1573,14,0,672,1627,0,308,5.045825,3.397802,3.397802,1.000000,0.838587,-1,-1,-1,-1,-1,0.075053
1730,403,0,18616,46.193548,0.000000,30.000000,-1,39.868608,39.868608,-1,15,0,1549,17,0,722,1539,0,176,5.390319,3.614644,3.614644,1.000000,0.861403,-1,-1,-1,-1,-1,0.078250
1740,393,0,17918,45.592875,0.000000,30.000000,-1,39.856290,39.856290,-1,19,0,1503,23,0,678,1825,0,241,5.208394,3.384360,3.384360,1.000000,0.844742,-1,-1,-1,-1,-1,0.074230
1750,395,0,17664,44.718987,0.000000,30.000000,-1,39.900532,39.900532,-1,21,0,1659,18,0,725,1259,0,275,5.390769,3.448652,3.448652,1.000000,0.845639,-1,-1,-1,-1,-1,0.077118
1760,391,0,17952,45.913043,0.000000,30.000000,-1,39.913157,39.913157,-1,15,0,1409,18,0,662,1667,0,170,5.104641,3.397612,3.397612,1.000000,0.851764,-1,-1,-1,-1,-1,0.074001
1770,378,0,17429,46.108466,0.000000,30.000000,-1,39.942739,39.942739,-1,12,0,1528,27,0,636,1305,0,161,5.207044,3.351157,3.351157,1.000000,0.859710,-1,-1,-1,-1,-1,0.072680
1780,409,0,18748,45.838631,0.000000,30.000000,-1,39.924205,39.924205,-1,15,0,1658,17,0,782,1517,0,172,5.323290,3.482974,3.482974,1.000000,0.853815,-1,-1,-1,-1,-1,0.075983
1790,414,0,18848,45.526570,0.000000,30.000000,-1,39.940630,39.940630,-1,19,0,1666,19,0,685,1460,0,244,5.221938,3.494936,3.494936,1.000000,0.853385,-1,-1,-1,-1,-1,0.076767
1800,395,0,17896,45.306329,0.000000,30.000000,-1,39.908918,39.908918,-1,23,0,1409,19,0,697,1539,0,286,4.981636,3.317340,3.317340,1.000000,0.837007,-1,-1,-1,-1,-1,0.073220
1810,399,0,17795,44.598997,0.000000,30.000000,-1,39.927901,39.927901,-1,26,0,1622,19,0,684,1577,0,331,5.203662,3.355593,3.355593,1.000000,0.829506,-1,-1,-1,-1,-1,0.075239
1820,397,0,18363,46.254408,0.000000,30.000000,-1,39.976965,39.976965,-1,14,0,1466,13,0,697,1640,0,163,5.139965,3.406455,3.406455,1.000000,0.853972,-1,-1,-1,-1,-1,0.073646
1830,397,0,18446,46.463476,0.000000,30.000000,-1,40.002927,40.002927,-1,10,0,1771,16,0,714,1429,0,130,5.461655,3.448265,3.448265,1.000000,0.866603,-1,-1,-1,-1,-1,0.074215
1840,397,0,17643,44.440806,0.000000,30.000000,-1,40.001360,40.001360,-1,23,0,1805,15,0,736,1406,0,307,5.538874,3.392276,3.392276,1.000000,0.833715,-1,-1,-1,-1,-1,0.076332
1850,396,0,17933,45.285354,0.000000,30.000000,-1,39.946412,39.946412,-1,14,0,1783,28,0,656,1243,0,170,5.131047,3.121478,3.121478,1.000000,0.856214,-1,-1,-1,-1,-1,0.068929
1860,414,0,18772,45.342995,0.000000,30.000000,-1,39.956105,39.956105,-1,23,0,1756,21,0,682,1658,0,299,5.168346,3.305544,3.305544,1.000000,0.835835,-1,-1,-1,-1,-1,0.072901
1870,393,0,18472,47.002545,0.000000,30.000000,-1,39.989660,39.989660,-1,12,0,1434,26,0,667,1525,0,144,5.221986,3.515321,3.515321,1.000000,0.861201,-1,-1,-1,-1,-1,0.074790
1880,412,0,18650,45.266990,0.000000,30.000000,-1,40.023164,40.023164,-1,18,0,1552,16,0,728,1879,0,233,5.123369,3.304278,3.304278,1.000000,0.845718,-1,-1,-1,-1,-1,0.072995
1890,409,0,18122,44.308068,0.000000,30.000000,-1,40.055899,40.055899,-1,22,0,1839,29,0,716,1494,0,275,5.146393,3.152594,3.152594,1.000000,0.833694,-1,-1,-1,-1,-1,0.071152
1900,404,0,18443,45.650990,0.000000,30.000000,-1,40.020116,40.020116,-1,20,0,1688,25,0,702,1222,0,269,5.079278,3.269261,3.269261,1.000000,0.836513,-1,-1,-1,-1,-1,0.071614
1910,424,0,19015,44.846698,0.000000,30.000000,-1,40.024139,40.024139,-1,19,0,1861,22,0,772,1747,0,238,5.359970,3.419792,3.419792,1.000000,0.842490,-1,-1,-1,-1,-1,0.076255
1920,384,0,17366,45.223958,0.000000,30.000000,-1,40.003858,40.003858,-1,22,0,1501,13,0,676,1698,0,278,5.309843,3.493977,3.493977,1.000000,0.833473,-1,-1,-1,-1,-1,0.077259
1930,416,0,18609,44.733173,0.000000,30.000000,-1,40.035735,40.035735,-1,23,0,1693,21,0,671,1490,0,237,5.121930,3.325071,3.325071,1.000000,0.836379,-1,-1,-1,-1,-1,0.074331
1940,414,0,18853,45.538647,0.000000,30.000000,-1,40.021429,40.021429,-1,21,0,1485,17,0,760,1280,0,281,5.122164,3.384277,3.384277,1.000000,0.838474,-1,-1,-1,-1,-1,0.074317
1950,407,0,18759,46.090909,0.000000,30.000000,-1,40.044139,40.044139,-1,17,0,1550,16,0,753,1447,0,214,4.962839,3.248464,3.248464,1.000000,0.849137,-1,-1,-1,-1,-1,0.070479
1960,393,0,18203,46.318066,0.000000,30.000000,-1,40.084327,40.084327,-1,10,0,1991,20,0,751,1212,0,139,5.493422,3.419215,3.419215,1.000000,0.862399,-1,-1,-1,-1,-1,0.073820
1970,399,0,18452,46.245614,0.000000,30.000000,-1,40.069478,40.069478,-1,11,0,1618,13,0,711,1525,0,145,5.161309,3.324549,3.324549,1.000000,0.861001,-1,-1,-1,-1,-1,0.071889
1980,393,0,17678,44.982188,0.000000,30.000000,-1,40.091696,40.091696,-1,24,0,1656,17,0,635,1404,0,315,5.747540,3.664673,3.664673,1.000000,0.832888,-1,-1,-1,-1,-1,0.081469
1990,397,0,17997,45.332494,0.000000,30.000000,-1,40.061010,40.061010,-1,23,0,1622,21,0,725,1808,0,290,5.275720,3.451040,3.451040,1.000000,0.832167,-1,-1,-1,-1,-1,0.076127
2000,398,0,18029,45.298995,0.000000,30.000000,-1,40.122802,40.122802,-1,19,0,1472,18,0,708,1253,0,224,5.110951,3.322884,3.322884,1.000000,0.839770,-1,-1,-1,-1,-1,0.073354
2010,407,0,18352,45.090909,0.000000,30.000000,-1,40.102605,40.102605,-1,23,0,1611,25,0,715,1316,0,294,5.012502,3.256130,3.256130,1.000000,0.831731,-1,-1,-1,-1,-1,0.072213
2020,409,0,18582,45.432763,0.000000,30.000000,-1,40.039447,40.039447,-1,15,0,1787,15,0,687,1528,0,177,5.519776,3.514221,3.514221,1.000000,0.848865,-1,-1,-1,-1,-1,0.077350
2030,414,0,18922,45.705314,0.000000,30.000000,-1,39.980023,39.980023,-1,20,0,1593,21,0,689,1590,0,246,4.937671,3.216229,3.216229,1.000000,0.839682,-1,-1,-1,-1,-1,0.070369
2040,414,0,18914,45.685990,0.000000,30.000000,-1,40.019668,40.019668,-1,15,0,1510,22,0,747,1477,0,164,5.167509,3.413064,3.413064,1.000000,0.853142,-1,-1,-1,-1,-1,0.074707
2050,410,0,18804,45.863415,0.000000,30.000000,-1,39.993991,39.993991,-1,15,0,1691,10,0,727,1399,0,174,5.391047,3.439732,3.439732,1.000000,0.848360,-1,-1,-1,-1,-1,0.074999
2060,410,0,18950,46.219512,0.000000,30.000000,-1,39.971240,39.971240,-1,17,0,1609,19,0,705,1423,0,209,5.051779,3.328941,3.328941,1.000000,0.844271,-1,-1,-1,-1,-1,0.072025
2070,419,0,18946,45.217184,0.000000,30.000000,-1,40.005014,40.005014,-1,23,0,1726,18,0,739,1756,0,302,5.189314,3.346769,3.346769,1.000000,0.833887,-1,-1,-1,-1,-1,0.074015
2080,397,0,18184,45.803526,0.000000,30.000000,-1,40.030741,40.030741,-1,17,0,1487,28,0,672,1691,0,213,5.457253,3.565657,3.565657,1.000000,0.843461,-1,-1,-1,-1,-1,0.077847
2090,410,0,18737,45.700000,0.000000,30.000000,-1,40.038747,40.038747,-1,17,0,1654,18,0,666,1318,0,231,5.290338,3.448919,3.448919,1.000000,0.849709,-1,-1,-1,-1,-1,0.075469
2100,428,0,19062,44.537383,0.000000,30.000000,-1,40.047005,40.047005,-1,26,0,1709,17,0,736,1325,0,330,5.234382,3.358631,3.358631,1.000000,0.825333,-1,-1,-1,-1,-1,0.075411
2110,425,0,19228,45.242353,0.000000,30.000000,-1,40.049979,40.049979,-1,26,0,1592,15,0,751,1686,0,319,4.981273,3.304161,3.304161,1.000000,0.827208,-1,-1,-1,-1,-1,0.073032
2120,411,0,18485,44.975669,0.000000,30.000000,-1,40.052908,40.052908,-1,26,0,1700,16,0,684,1464,0,332,5.157029,3.326461,3.326461,1.000000,0.825736,-1,-1,-1,-1,-1,0.073961
2130,413,0,18879,45.711864,0.000000,30.000000,-1,40.086286,40.086286,-1,14,0,1751,18,0,693,1711,0,172,5.253911,3.288404,3.288404,1.000000,0.851001,-1,-1,-1,-1,-1,0.071938
2140,419,0,18938,45.198091,0.000000,30.000000,-1,40.115693,40.115693,-1,18,0,1809,22,0,738,1541,0,246,5.074176,3.227336,3.227336,1.000000,0.839860,-1,-1,-1,-1,-1,0.071404
2150,397,0,18108,45.612091,0.000000,30.000000,-1,40.150596,40.150596,-1,15,0,1735,23,0,689,1682,0,184,5.307988,3.340626,3.340626,1.000000,0.843238,-1,-1,-1,-1,-1,0.073240
2160,408,0,18866,46.240196,0.000000,30.000000,-1,40.123768,40.123768,-1,13,0,1612,18,0,687,1462,0,163,5.342544,3.463128,3.463128,1.000000,0.857436,-1,-1,-1,-1,-1,0.074894
2170,390,0,17935,45.987179,0.000000,30.000000,-1,40.149763,40.149763,-1,14,0,1613,20,0,702,1161,0,149,5.155425,3.367042,3.367042,1.000000,0.852800,-1,-1,-1,-1,-1,0.073217
2180,403,0,18859,46.796526,0.000000,30.000000,-1,40.174399,40.174399,-1,10,0,1644,18,0,672,1745,0,133,5.174251,3.392333,3.392333,1.000000,0.859164,-1,-1,-1,-1,-1,0.072491
2190,415,0,18707,45.077108,0.000000,30.000000,-1,40.172983,40.172983,-1,21,0,1726,24,0,737,1799,0,256,4.937232,3.122493,3.122493,1.000000,0.835581,-1,-1,-1,-1,-1,0.069270
2200,419,0,19128,45.651551,0.000000,30.000000,-1,40.206608,40.206608,-1,20,0,1812,15,0,716,1650,0,263,4.975463,3.213763,3.213763,1.000000,0.838650,-1,-1,-1,-1,-1,0.070398
2210,413,0,18921,45.813559,0.000000,30.000000,-1,40.188045,40.188045,-1,20,0,1510,11,0,735,1719,0,273,5.073413,3.390498,3.390498,1.000000,0.839109,-1,-1,-1,-1,-1,0.074006
2220,422,0,19590,46.421801,0.000000,30.000000,-1,40.169168,40.169168,-1,15,0,1735,24,0,730,1339,0,177,5.057482,3.335545,3.335545,1.000000,0.856142,-1,-1,-1,-1,-1,0.071853
2230,407,0,18293,44.945946,0.000000,30.000000,-1,40.174930,40.174930,-1,22,0,1569,31,0,675,1563,0,277,5.066303,3.252172,3.252172,1.000000,0.836029,-1,-1,-1,-1,-1,0.072357
2240,415,0,18435,44.421687,0.000000,30.000000,-1,40.139029,40.139029,-1,24,0,1867,12,0,706,1834,0,312,5.059335,3.149099,3.149099,1.000000,0.827726,-1,-1,-1,-1,-1,0.070891
2250,414,0,18921,45.702899,0.000000,30.000000,-1,40.137202,40.137202,-1,18,0,1647,20,0,728,1826,0,212,5.145341,3.322549,3.322549,1.000000,0.843701,-1,-1,-1,-1,-1,0.072699
2260,390,0,17307,44.376923,0.000000,30.000000,-1,40.125614,40.125614,-1,24,0,1447,18,0,671,1454,0,310,5.146277,3.397923,3.397923,1.000000,0.828697,-1,-1,-1,-1,-1,0.076570
2270,389,0,17754,45.640103,0.000000,30.000000,-1,40.159119,40.159119,-1,16,0,1455,19,0,675,1743,0,204,5.545062,3.575761,3.575761,1.000000,0.850905,-1,-1,-1,-1,-1,0.078347
2280,402,0,18229,45.345771,0.000000,30.000000,-1,40.180207,40.180207,-1,23,0,1582,16,0,673,1677,0,292,5.227273,3.430924,3.430924,1.000000,0.837466,-1,-1,-1,-1,-1,0.075661
2290,416,0,18560,44.615385,0.000000,30.000000,-1,40.181950,40.181950,-1,22,0,1825,36,0,706,1355,0,282,5.150440,3.285381,3.285381,1.000000,0.833670,-1,-1,-1,-1,-1,0.073638
2300,418,0,18936,45.301435,0.000000,30.000000,-1,40.214935,40.214935,-1,20,0,1603,17,0,728,1627,0,261,5.246447,3.403929,3.403929,1.000000,0.839585,-1,-1,-1,-1,-1,0.075140
2310,408,0,18311,44.879902,0.000000,30.000000,-1,40.265414,40.265414,-1,21,0,1647,19,0,708,1536,0,273,5.361612,3.402277,3.402277,1.000000,0.835739,-1,-1,-1,-1,-1,0.075808
2320,398,0,18230,45.804020,0.000000,30.000000,-1,40.302962,40.302962,-1,15,0,1717,16,0,682,1568,0,182,5.366588,3.495002,3.495002,1.000000,0.843235,-1,-1,-1,-1,-1,0.076303
2330,411,0,18526,45.075426,0.000000,30.000000,-1,40.326190,40.326190,-1,23,0,1641,19,0,754,1478,0,287,5.183457,3.330562,3.330562,1.000000,0.834575,-1,-1,-1,-1,-1,0.073889
2340,412,0,18973,46.050971,0.000000,30.000000,-1,40.295473,40.295473,-1,14,0,1891,12,0,712,1685,0,171,5.244900,3.367791,3.367791,1.000000,0.848830,-1,-1,-1,-1,-1,0.073132
2350,405,0,18490,45.654321,0.000000,30.000000,-1,40.321741,40.321741,-1,16,0,1864,20,0,707,1364,0,218,5.331351,3.356950,3.356950,1.000000,0.847126,-1,-1,-1,-1,-1,0.073530
2360,403,0,18410,45.682382,0.000000,30.000000,-1,40.348452,40.348452,-1,20,0,1578,15,0,716,1469,0,248,5.196794,3.381370,3.381370,1.000000,0.838818,-1,-1,-1,-1,-1,0.074019
2370,390,0,17927,45.966667,0.000000,30.000000,-1,40.405701,40.405701,-1,13,0,1571,21,0,677,1624,0,160,5.553936,3.632633,3.632633,1.000000,0.855448,-1,-1,-1,-1,-1,0.079028
2380,400,0,17873,44.682500,0.000000,30.000000,-1,40.415487,40.415487,-1,25,0,1433,18,0,652,1231,0,314,5.209573,3.474355,3.474355,1.000000,0.831708,-1,-1,-1,-1,-1,0.077757
2390,397,0,18155,45.730479,0.000000,30.000000,-1,40.410631,40.410631,-1,16,0,1620,17,0,722,1433,0,183,5.552795,3.529128,3.529128,1.000000,0.849800,-1,-1,-1,-1,-1,0.077172
2400,417,0,18663,44.755396,0.000000,30.000000,-1,40.415207,40.415207,-1,24,0,1656,18,0,689,1743,0,318,5.087367,3.274858,3.274858,1.000000,0.828911,-1,-1,-1,-1,-1,0.073172
2410,419,0,19089,45.558473,0.000000,30.000000,-1,40.456703,40.456703,-1,22,0,1829,21,0,744,1691,0,255,5.246711,3.388418,3.388418,1.000000,0.837213,-1,-1,-1,-1,-1,0.074375
2420,417,0,18994,45.549161,0.000000,30.000000,-1,40.453090,40.453090,-1,14,0,1744,19,0,758,1416,0,191,5.254072,3.277331,3.277331,1.000000,0.852930,-1,-1,-1,-1,-1,0.071952
2430,409,0,19049,46.574572,0.000000,30.000000,-1,40.479815,40.479815,-1,14,0,1738,22,0,713,1820,0,169,5.472377,3.542759,3.542759,1.000000,0.852299,-1,-1,-1,-1,-1,0.076066
2440,376,0,17575,46.742021,0.000000,30.000000,-1,40.489616,40.489616,-1,13,0,1487,29,0,707,1700,0,153,5.292595,3.409026,3.409026,1.000000,0.843899,-1,-1,-1,-1,-1,0.072933
2450,392,0,17728,45.224490,0.000000,30.000000,-1,40.465478,40.465478,-1,21,0,1589,16,0,669,1604,0,269,5.316638,3.453122,3.453122,1.000000,0.835015,-1,-1,-1,-1,-1,0.076355
2460,435,0,19666,45.209195,0.000000,30.000000,-1,40.501119,40.501119,-1,22,0,1731,12,0,766,1824,0,271,5.015203,3.220721,3.220721,1.000000,0.838928,-1,-1,-1,-1,-1,0.071240
2470,420,0,18987,45.207143,0.000000,30.000000,-1,40.541528,40.541528,-1,22,0,1586,19,0,732,1427,0,273,5.175804,3.448005,3.448005,1.000000,0.834785,-1,-1,-1,-1,-1,0.076271
2480,444,0,20217,45.533784,0.000000,30.000000,-1,40.583370,40.583370,-1,19,0,1867,20,0,818,1843,0,233,4.982122,3.210499,3.210499,1.000000,0.844456,-1,-1,-1,-1,-1,0.070508
2490,418,0,19191,45.911483,0.000000,30.000000,-1,40.597624,40.597624,-1,19,0,1665,26,0,784,1634,0,245,4.896692,3.194464,3.194464,1.000000,0.840941,-1,-1,-1,-1,-1,0.069579
2500,414,0,18436,44.531401,0.000000,30.000000,-1,40.581363,40.581363,-1,20,0,1852,25,0,687,1630,0,249,5.369666,3.291250,3.291250,1.000000,0.840885,-1,-1,-1,-1,-1,0.073909
2510,393,0,17304,44.030534,0.000000,30.000000,-1,40.575185,40.575185,-1,31,0,1606,29,0,660,1372,0,390,5.103747,3.289847,3.289847,1.000000,0.814782,-1,-1,-1,-1,-1,0.074717
2520,404,0,18552,45.920792,0.000000,30.000000,-1,40.583711,40.583711,-1,17,0,1867,17,0,650,1702,0,221,5.627502,3.543762,3.543762,1.000000,0.843031,-1,-1,-1,-1,-1,0.077171
2530,400,0,18226,45.565000,0.000000,30.000000,-1,40.603040,40.603040,-1,17,0,1532,24,0,698,1431,0,221,5.231026,3.377427,3.377427,1.000000,0.845182,-1,-1,-1,-1,-1,0.074123
2540,395,0,18006,45.584810,0.000000,30.000000,-1,40.646618,40.646618,-1,22,0,1524,17,0,663,1511,0,242,5.257744,3.518085,3.518085,1.000000,0.836786,-1,-1,-1,-1,-1,0.077177
2550,390,0,17871,45.823077,0.000000,30.000000,-1,40.676851,40.676851,-1,18,0,1786,21,0,684,1540,0,217,5.397836,3.467121,3.467121,1.000000,0.844290,-1,-1,-1,-1,-1,0.075663
2560,389,0,17845,45.874036,0.000000,30.000000,-1,40.724068,40.724068,-1,18,0,1282,18,0,665,1099,0,225,5.277329,3.569837,3.569837,1.000000,0.846345,-1,-1,-1,-1,-1,0.077818
2570,375,0,16867,44.978667,0.000000,30.000000,-1,40.683643,40.683643,-1,20,0,1624,17,0,671,1420,0,238,5.547921,3.518746,3.518746,1.000000,0.838437,-1,-1,-1,-1,-1,0.078231
2580,387,0,17453,45.098191,0.000000,30.000000,-1,40.630723,40.630723,-1,24,0,1535,16,0,633,1306,0,286,5.487780,3.571651,3.571651,1.000000,0.829235,-1,-1,-1,-1,-1,0.079197
2590,373,0,16924,45.372654,0.000000,30.000000,-1,40.670232,40.670232,-1,18,0,1468,21,0,628,1638,0,224,5.494291,3.533412,3.533412,1.000000,0.839904,-1,-1,-1,-1,-1,0.077875
2600,391,0,17662,45.171355,0.000000,30.000000,-1,40.689446,40.689446,-1,19,0,1434,24,0,664,1545,0,230,5.471243,3.549461,3.549461,1.000000,0.839701,-1,-1,-1,-1,-1,0.078578
2610,389,0,17923,46.074550,0.000000,30.000000,-1,40.698600,40.698600,-1,9,0,1599,26,0,637,1219,0,114,5.550482,3.509500,3.509500,1.000000,0.862662,-1,-1,-1,-1,-1,0.076170
2620,397,0,17892,45.068010,0.000000,30.000000,-1,40.718869,40.718869,-1,27,0,1592,22,0,648,1766,0,343,5.402474,3.611799,3.611799,1.000000,0.820933,-1,-1,-1,-1,-1,0.080141
2630,390,0,17697,45.376923,0.000000,30.000000,-1,40.732045,40.732045,-1,16,0,1615,21,0,677,1635,0,207,5.412378,3.459051,3.459051,1.000000,0.843732,-1,-1,-1,-1,-1,0.076229
2640,386,0,17694,45.839378,0.000000,30.000000,-1,40.730530,40.730530,-1,14,0,1578,18,0,623,1374,0,188,5.513353,3.536240,3.536240,1.000000,0.851801,-1,-1,-1,-1,-1,0.077144
2650,413,0,18569,44.961259,0.000000,30.000000,-1,40.766439,40.766439,-1,24,0,1837,16,0,691,1440,0,310,5.359987,3.373438,3.373438,1.000000,0.826988,-1,-1,-1,-1,-1,0.075030
2660,431,0,19365,44.930394,0.000000,30.000000,-1,40.801291,40.801291,-1,24,0,1818,17,0,745,1874,0,300,5.090925,3.226940,3.226940,1.000000,0.830324,-1,-1,-1,-1,-1,0.071821
2670,406,0,18463,45.475369,0.000000,30.000000,-1,40.789850,40.789850,-1,21,0,1630,19,0,746,1406,0,275,5.228576,3.397509,3.397509,1.000000,0.835199,-1,-1,-1,-1,-1,0.074711
2680,404,0,18205,45.061881,0.000000,30.000000,-1,40.772041,40.772041,-1,22,0,1532,18,0,701,1480,0,301,5.176818,3.338426,3.338426,1.000000,0.831048,-1,-1,-1,-1,-1,0.074085
2690,407,0,18756,46.083538,0.000000,30.000000,-1,40.748827,40.748827,-1,13,0,1823,19,0,738,1467,0,149,5.374169,3.377323,3.377323,1.000000,0.850051,-1,-1,-1,-1,-1,0.073287
2700,409,0,18819,46.012225,0.000000,30.000000,-1,40.753334,40.753334,-1,17,0,1401,25,0,721,1743,0,224,5.166984,3.435647,3.435647,1.000000,0.849281,-1,-1,-1,-1,-1,0.074668
2710,429,0,19333,45.065268,0.000000,30.000000,-1,40.782962,40.782962,-1,21,0,1820,16,0,707,1657,0,274,5.286134,3.354670,3.354670,1.000000,0.838565,-1,-1,-1,-1,-1,0.074440
2720,410,0,18550,45.243902,0.000000,30.000000,-1,40.802911,40.802911,-1,26,0,1525,17,0,667,1578,0,328,5.408115,3.549125,3.549125,1.000000,0.825434,-1,-1,-1,-1,-1,0.078444
2730,413,0,19176,46.430993,0.000000,30.000000,-1,40.781289,40.781289,-1,14,0,1664,21,0,762,1425,0,190,5.082342,3.324092,3.324092,1.000000,0.849475,-1,-1,-1,-1,-1,0.071592
2740,413,0,18784,45.481840,0.000000,30.000000,-1,40.753247,40.753247,-1,17,0,1534,20,0,695,1661,0,211,5.109043,3.278366,3.278366,1.000000,0.844350,-1,-1,-1,-1,-1,0.072081
2750,407,0,18610,45.724816,0.000000,30.000000,-1,40.790489,40.790489,-1,19,0,1555,20,0,709,1955,0,240,5.227024,3.410978,3.410978,1.000000,0.837040,-1,-1,-1,-1,-1,0.074598
2760,398,0,17836,44.814070,0.000000,30.000000,-1,40.789022,40.789022,-1,18,0,1834,25,0,678,1368,0,210,5.319741,3.243193,3.243193,1.000000,0.835166,-1,-1,-1,-1,-1,0.072370
2770,400,0,17928,44.820000,0.000000,30.000000,-1,40.770638,40.770638,-1,26,0,1442,12,0,657,1475,0,364,5.288191,3.426690,3.426690,1.000000,0.822256,-1,-1,-1,-1,-1,0.076454
2780,399,0,18105,45.375940,0.000000,30.000000,-1,40.783540,40.783540,-1,23,0,1586,21,0,625,1474,0,292,5.537338,3.560506,3.560506,1.000000,0.821560,-1,-1,-1,-1,-1,0.078467
2790,399,0,18084,45.323308,0.000000,30.000000,-1,40.734019,40.734019,-1,15,0,1802,21,0,658,1098,0,190,5.230232,3.166832,3.166832,1.000000,0.837960,-1,-1,-1,-1,-1,0.069872
2800,405,0,18277,45.128395,0.000000,30.000000,-1,40.711276,40.711276,-1,21,0,1925,18,0,693,1296,0,240,5.399113,3.333868,3.333868,1.000000,0.826633,-1,-1,-1,-1,-1,0.073875
2810,413,0,18480,44.745763,0.000000,30.000000,-1,40.744913,40.744913,-1,20,0,1688,19,0,697,1593,0,246,5.125012,3.239106,3.239106,1.000000,0.829951,-1,-1,-1,-1,-1,0.072389
2820,400,0,17933,44.832500,0.000000,30.000000,-1,40.725701,40.725701,-1,24,0,1745,15,0,680,1125,0,308,5.354576,3.299769,3.299769,1.000000,0.820812,-1,-1,-1,-1,-1,0.073602
2830,390,0,17972,46.082051,0.000000,30.000000,-1,40.713888,40.713888,-1,17,0,1655,21,0,672,1562,0,216,5.201168,3.300481,3.300481,1.000000,0.830585,-1,-1,-1,-1,-1,0.071622
2840,400,0,18387,45.967500,0.000000,30.000000,-1,40.707239,40.707239,-1,14,0,1983,17,0,696,1540,0,174,5.310408,3.220544,3.220544,1.000000,0.839926,-1,-1,-1,-1,-1,0.070061
2850,419,0,18745,44.737470,0.000000,30.000000,-1,40.671752,40.671752,-1,24,0,1694,15,0,684,1367,0,305,5.199871,3.307687,3.307687,1.000000,0.816261,-1,-1,-1,-1,-1,0.073935
2860,425,0,19048,44.818824,0.000000,30.000000,-1,40.682434,40.682434,-1,26,0,1808,21,0,733,1787,0,329,5.086830,3.107960,3.107960,1.000000,0.809322,-1,-1,-1,-1,-1,0.069345
2870,410,0,18647,45.480488,0.000000,30.000000,-1,40.732397,40.732397,-1,22,0,1536,15,0,703,1669,0,267,5.198251,3.373642,3.373642,1.000000,0.821179,-1,-1,-1,-1,-1,0.074178
2880,397,0,18260,45.994962,0.000000,30.000000,-1,40.721522,40.721522,-1,19,0,1454,21,0,622,1801,0,234,5.568099,3.573559,3.573559,1.000000,0.826186,-1,-1,-1,-1,-1,0.077695
2890,401,0,18027,44.955112,0.000000,30.000000,-1,40.714706,40.714706,-1,19,0,1787,20,0,686,1416,0,218,5.470493,3.314806,3.314806,1.000000,0.825135,-1,-1,-1,-1,-1,0.073736
2900,406,0,18556,45.704433,0.000000,30.000000,-1,40.733132,40.733132,-1,15,0,1932,23,0,752,1640,0,181,5.172608,3.137444,3.137444,1.000000,0.839130,-1,-1,-1,-1,-1,0.068646
2910,392,0,17896,45.653061,0.000000,30.000000,-1,40.772072,40.772072,-1,17,0,1658,14,0,692,1610,0,207,5.534795,3.497640,3.497640,1.000000,0.836853,-1,-1,-1,-1,-1,0.076613
2920,383,0,17573,45.882507,0.000000,30.000000,-1,40.788141,40.788141,-1,18,0,1312,22,0,645,1300,0,238,5.433209,3.592901,3.592901,1.000000,0.832070,-1,-1,-1,-1,-1,0.078307
2930,410,0,18429,44.948780,0.000000,30.000000,-1,40.840360,40.840360,-1,23,0,1372,27,0,728,1586,0,313,5.157781,3.416435,3.416435,1.000000,0.829487,-1,-1,-1,-1,-1,0.076007
2940,408,0,18517,45.384804,0.000000,30.000000,-1,40.833612,40.833612,-1,20,0,1520,22,0,660,1185,0,235,5.116793,3.258674,3.258674,1.000000,0.822379,-1,-1,-1,-1,-1,0.071801
2950,417,0,18782,45.040767,0.000000,30.000000,-1,40.859813,40.859813,-1,24,0,1443,15,0,731,1469,0,314,5.198880,3.410233,3.410233,1.000000,0.821908,-1,-1,-1,-1,-1,0.075714
2960,396,0,18270,46.136364,0.000000,30.000000,-1,40.851177,40.851177,-1,17,0,1376,23,0,642,1471,0,182,5.367895,3.470970,3.470970,1.000000,0.827589,-1,-1,-1,-1,-1,0.075233
2970,388,0,17807,45.894330,0.000000,30.000000,-1,40.849273,40.849273,-1,11,0,1589,31,0,749,1478,0,162,5.355267,3.288204,3.288204,1.000000,0.839041,-1,-1,-1,-1,-1,0.071647
2980,400,0,17891,44.727500,0.000000,30.000000,-1,40.873121,40.873121,-1,20,0,1890,20,0,704,1251,0,249,5.245643,3.133523,3.133523,1.000000,0.823002,-1,-1,-1,-1,-1,0.070058
2990,384,0,17747,46.216146,0.000000,30.000000,-1,40.875303,40.875303,-1,16,0,1562,20,0,700,1482,0,207,5.317984,3.306148,3.306148,1.000000,0.828551,-1,-1,-1,-1,-1,0.071537
3000,404,0,18845,46.646040,0.000000,30.000000,-1,40.875988,40.875988,-1,14,0,1558,16,0,704,1250,0,171,5.175301,3.340022,3.340022,1.000000,0.839820,-1,-1,-1,-1,-1,0.071604
3010,414,0,18253,44.089372,0.000000,30.000000,-1,40.822714,40.822714,-1,31,0,1554,14,0,681,1599,0,407,5.133493,3.189374,3.189374,1.000000,0.802193,-1,-1,-1,-1,-1,0.072339
3020,398,0,18161,45.630653,0.000000,30.000000,-1,40.819889,40.819889,-1,20,0,1732,16,0,687,1622,0,239,5.451038,3.364827,3.364827,1.000000,0.822570,-1,-1,-1,-1,-1,0.073741
3030,410,0,18905,46.109756,0.000000,30.000000,-1,40.827506,40.827506,-1,19,0,1625,24,0,746,1569,0,235,5.393341,3.440573,3.440573,1.000000,0.828694,-1,-1,-1,-1,-1,0.074617
3040,409,0,18784,45.926650,0.000000,30.000000,-1,40.834274,40.834274,-1,13,0,1630,22,0,705,1678,0,161,5.404681,3.442914,3.442914,1.000000,0.843877,-1,-1,-1,-1,-1,0.074966
3050,399,0,18400,46.115288,0.000000,30.000000,-1,40.863152,40.863152,-1,18,0,1573,15,0,687,1288,0,209,5.375144,3.566436,3.566436,1.000000,0.835202,-1,-1,-1,-1,-1,0.077337
3060,400,0,17985,44.962500,0.000000,30.000000,-1,40.829080,40.829080,-1,23,0,1488,19,0,704,1357,0,266,5.300459,3.332517,3.332517,1.000000,0.820454,-1,-1,-1,-1,-1,0.074118
3070,397,0,17953,45.221662,0.000000,30.000000,-1,40.806216,40.806216,-1,17,0,1566,20,0,639,1721,0,216,5.475218,3.414431,3.414431,1.000000,0.836309,-1,-1,-1,-1,-1,0.075504
3080,415,0,18444,44.443373,0.000000,30.000000,-1,40.808773,40.808773,-1,24,0,1638,16,0,660,1719,0,274,5.090633,3.119120,3.119120,1.000000,0.820021,-1,-1,-1,-1,-1,0.070182
3090,406,0,18067,44.500000,0.000000,30.000000,-1,40.871478,40.871478,-1,22,0,1597,21,0,719,1737,0,268,5.251961,3.276442,3.276442,1.000000,0.818290,-1,-1,-1,-1,-1,0.073628
3100,395,0,17882,45.270886,0.000000,30.000000,-1,40.872050,40.872050,-1,19,0,1445,17,0,611,1364,0,213,5.455884,3.535999,3.535999,1.000000,0.826317,-1,-1,-1,-1,-1,0.078108
3110,384,0,17608,45.854167,0.000000,30.000000,-1,40.870854,40.870854,-1,15,0,1292,17,0,702,1497,0,195,5.465194,3.461889,3.461889,1.000000,0.832263,-1,-1,-1,-1,-1,0.075498
3120,389,0,17524,45.048843,0.000000,30.000000,-1,40.833257,40.833257,-1,19,0,1561,18,0,636,1232,0,232,5.457105,3.334669,3.334669,1.000000,0.823158,-1,-1,-1,-1,-1,0.074023
3130,386,0,17608,45.616580,0.000000,30.000000,-1,40.847342,40.847342,-1,21,0,1399,16,0,646,1353,0,259,5.260729,3.461822,3.461822,1.000000,0.826913,-1,-1,-1,-1,-1,0.075890
3140,378,0,17236,45.597884,0.000000,30.000000,-1,40.860350,40.860350,-1,17,0,1351,16,0,686,1718,0,202,5.472707,3.579321,3.579321,1.000000,0.835058,-1,-1,-1,-1,-1,0.078498
3150,401,0,18148,45.256858,0.000000,30.000000,-1,40.838109,40.838109,-1,24,0,1664,13,0,676,1522,0,294,5.274901,3.371697,3.371697,1.000000,0.819744,-1,-1,-1,-1,-1,0.074501
3160,407,0,18077,44.415233,0.000000,30.000000,-1,40.869060,40.869060,-1,27,0,1774,22,0,711,1717,0,320,5.150645,3.202520,3.202520,1.000000,0.811644,-1,-1,-1,-1,-1,0.072104
3170,410,0,18522,45.175610,0.000000,30.000000,-1,40.854173,40.854173,-1,18,0,1739,25,0,703,1503,0,226,5.359800,3.384334,3.384334,1.000000,0.834658,-1,-1,-1,-1,-1,0.074915
3180,404,0,18523,45.849010,0.000000,30.000000,-1,40.871403,40.871403,-1,21,0,1522,23,0,712,1402,0,261,5.270647,3.499626,3.499626,1.000000,0.828854,-1,-1,-1,-1,-1,0.076329
3190,412,0,19032,46.194175,0.000000,30.000000,-1,40.827764,40.827764,-1,13,0,1815,18,0,770,1402,0,153,5.219291,3.253837,3.253837,1.000000,0.845680,-1,-1,-1,-1,-1,0.070438
3200,407,0,18559,45.599509,0.000000,30.000000,-1,40.823967,40.823967,-1,16,0,1578,16,0,762,1513,0,198,5.145845,3.218669,3.218669,1.000000,0.834609,-1,-1,-1,-1,-1,0.070586
3210,409,0,18510,45.256724,0.000000,30.000000,-1,40.843868,40.843868,-1,18,0,1735,15,0,715,1464,0,205,5.438194,3.390192,3.390192,1.000000,0.834107,-1,-1,-1,-1,-1,0.074910
3220,388,0,17907,46.152062,0.000000,30.000000,-1,40.849612,40.849612,-1,13,0,1574,20,0,643,1700,0,149,5.306971,3.368041,3.368041,1.000000,0.839935,-1,-1,-1,-1,-1,0.072977
3230,417,0,18887,45.292566,0.000000,30.000000,-1,40.889024,40.889024,-1,19,0,1790,17,0,755,1596,0,227,5.184903,3.288661,3.288661,1.000000,0.836382,-1,-1,-1,-1,-1,0.072609
3240,394,0,17793,45.159898,0.000000,30.000000,-1,40.891306,40.891306,-1,22,0,1497,21,0,723,1480,0,274,5.403301,3.446469,3.446469,1.000000,0.819950,-1,-1,-1,-1,-1,0.076317
3250,414,0,18606,44.942029,0.000000,30.000000,-1,40.895410,40.895410,-1,19,0,1823,15,0,686,1485,0,230,5.442019,3.366354,3.366354,1.000000,0.831168,-1,-1,-1,-1,-1,0.074904
3260,418,0,18654,44.626794,0.000000,30.000000,-1,40.888603,40.888603,-1,23,0,1823,23,0,725,1813,0,290,5.126334,3.082369,3.082369,1.000000,0.819896,-1,-1,-1,-1,-1,0.069070
3270,413,0,18183,44.026634,0.000000,30.000000,-1,40.902656,40.902656,-1,31,0,1628,15,0,637,1277,0,389,5.224082,3.243922,3.243922,1.000000,0.801949,-1,-1,-1,-1,-1,0.073681
3280,403,0,18710,46.426799,0.000000,30.000000,-1,40.916088,40.916088,-1,13,0,1521,26,0,711,1497,0,145,5.315059,3.418310,3.418310,1.000000,0.845681,-1,-1,-1,-1,-1,0.073628
3290,399,0,18421,46.167920,0.000000,30.000000,-1,40.909180,40.909180,-1,17,0,1736,28,0,714,1606,0,221,5.075938,3.227678,3.227678,1.000000,0.834460,-1,-1,-1,-1,-1,0.069912
3300,408,0,18487,45.311275,0.000000,30.000000,-1,40.906313,40.906313,-1,16,0,1785,12,0,693,1860,0,181,5.228970,3.230648,3.230648,1.000000,0.835449,-1,-1,-1,-1,-1,0.071299
3310,416,0,18611,44.737981,0.000000,30.000000,-1,40.903176,40.903176,-1,28,0,1759,23,0,712,1449,0,369,5.171887,3.271795,3.271795,1.000000,0.811821,-1,-1,-1,-1,-1,0.073132
3320,419,0,18867,45.028640,0.000000,30.000000,-1,40.930673,40.930673,-1,24,0,1821,13,0,736,1605,0,323,5.243206,3.284373,3.284373,1.000000,0.821710,-1,-1,-1,-1,-1,0.072940
3330,409,0,18984,46.415648,0.000000,30.000000,-1,40.934893,40.934893,-1,19,0,1663,15,0,727,2042,0,231,5.322812,3.395782,3.395782,1.000000,0.829322,-1,-1,-1,-1,-1,0.073160
3340,447,0,19802,44.299776,0.000000,30.000000,-1,40.910565,40.910565,-1,25,0,1709,16,0,761,1805,0,321,4.893848,3.070518,3.070518,1.000000,0.827734,-1,-1,-1,-1,-1,0.069312
3350,393,0,17849,45.417303,0.000000,30.000000,-1,40.904981,40.904981,-1,19,0,1604,17,0,673,1465,0,237,5.473040,3.455834,3.455834,1.000000,0.828941,-1,-1,-1,-1,-1,0.076091
3360,403,0,18516,45.945409,0.000000,30.000000,-1,40.876053,40.876053,-1,19,0,1696,25,0,707,1407,0,235,5.169411,3.286515,3.286515,1.000000,0.831353,-1,-1,-1,-1,-1,0.071531
3370,401,0,17939,44.735661,0.000000,30.000000,-1,40.865600,40.865600,-1,26,0,1516,19,0,721,1197,0,323,5.272981,3.407282,3.407282,1.000000,0.818852,-1,-1,-1,-1,-1,0.076165
3380,406,0,18484,45.527094,0.000000,30.000000,-1,40.855388,40.855388,-1,19,0,1735,20,0,672,1543,0,225,5.343570,3.438156,3.438156,1.000000,0.836174,-1,-1,-1,-1,-1,0.075519
3390,406,0,18583,45.770936,0.000000,30.000000,-1,40.872679,40.872679,-1,19,0,1702,25,0,714,1811,0,241,5.178391,3.294828,3.294828,1.000000,0.831981,-1,-1,-1,-1,-1,0.071985
3400,396,0,18271,46.138889,0.000000,30.000000,-1,40.869794,40.869794,-1,11,0,1593,19,0,687,1559,0,125,5.417258,3.456961,3.456961,1.000000,0.856982,-1,-1,-1,-1,-1,0.074925
3410,412,0,18460,44.805825,0.000000,30.000000,-1,40.875677,40.875677,-1,23,0,1918,20,0,726,1345,0,267,5.334987,3.360806,3.360806,1.000000,0.828830,-1,-1,-1,-1,-1,0.075008
3420,413,0,18375,44.491525,0.000000,30.000000,-1,40.869224,40.869224,-1,30,0,1748,17,0,731,1444,0,391,5.309924,3.391217,3.391217,1.000000,0.806562,-1,-1,-1,-1,-1,0.076222
3430,400,0,18270,45.675000,0.000000,30.000000,-1,40.862178,40.862178,-1,19,0,1549,16,0,680,1683,0,233,5.216943,3.428831,3.428831,1.000000,0.835990,-1,-1,-1,-1,-1,0.075070
3440,404,0,18611,46.066832,0.000000,30.000000,-1,40.888829,40.888829,-1,14,0,1521,15,0,684,1508,0,159,5.422338,3.483603,3.483603,1.000000,0.848563,-1,-1,-1,-1,-1,0.075621
3450,440,0,19889,45.202273,0.000000,30.000000,-1,40.935039,40.935039,-1,17,0,1995,26,0,800,1825,0,196,5.292664,3.161232,3.161232,1.000000,0.836714,-1,-1,-1,-1,-1,0.069935
3460,410,0,18731,45.685366,0.000000,30.000000,-1,40.970317,40.970317,-1,19,0,1700,17,0,693,1583,0,249,5.377787,3.398248,3.398248,1.000000,0.831439,-1,-1,-1,-1,-1,0.074384
3470,398,0,18468,46.402010,0.000000,30.000000,-1,40.974713,40.974713,-1,14,0,1645,14,0,681,1438,0,183,5.375331,3.428091,3.428091,1.000000,0.840541,-1,-1,-1,-1,-1,0.073878
3480,407,0,18170,44.643735,0.000000,30.000000,-1,40.964887,40.964887,-1,21,0,1615,22,0,702,1619,0,265,5.367950,3.400273,3.400273,1.000000,0.833236,-1,-1,-1,-1,-1,0.076165
3490,384,0,17523,45.632812,0.000000,30.000000,-1,40.963134,40.963134,-1,20,0,1532,20,0,678,1357,0,244,5.516009,3.531734,3.531734,1.000000,0.835193,-1,-1,-1,-1,-1,0.077395
3500,409,0,18734,45.804401,0.000000,30.000000,-1,40.934344,40.934344,-1,16,0,1709,13,0,674,1659,0,200,5.446978,3.445908,3.445908,1.000000,0.838110,-1,-1,-1,-1,-1,0.075231
3510,391,0,17937,45.874680,0.000000,30.000000,-1,40.929085,40.929085,-1,20,0,1632,15,0,645,1075,0,247,5.355244,3.424868,3.424868,1.000000,0.823450,-1,-1,-1,-1,-1,0.074657
3520,386,0,17458,45.227979,0.000000,30.000000,-1,40.904342,40.904342,-1,20,0,1465,19,0,658,1639,0,259,5.304516,3.386269,3.386269,1.000000,0.825826,-1,-1,-1,-1,-1,0.074871
3530,405,0,17900,44.197531,0.000000,30.000000,-1,40.908156,40.908156,-1,20,0,1904,21,0,701,1415,0,291,5.334906,3.210891,3.210891,1.000000,0.824980,-1,-1,-1,-1,-1,0.072649
3540,392,0,17821,45.461735,0.000000,30.000000,-1,40.911004,40.911004,-1,23,0,1488,14,0,656,1631,0,293,5.514286,3.591156,3.591156,1.000000,0.820558,-1,-1,-1,-1,-1,0.078993
3550,407,0,18806,46.206388,0.000000,30.000000,-1,40.949591,40.949591,-1,16,0,1600,19,0,696,1636,0,187,5.045164,3.258919,3.258919,1.000000,0.835759,-1,-1,-1,-1,-1,0.070530
3560,384,0,17564,45.739583,0.000000,30.000000,-1,40.971703,40.971703,-1,20,0,1525,25,0,689,1366,0,245,5.514707,3.574826,3.574826,1.000000,0.827774,-1,-1,-1,-1,-1,0.078156
3570,391,0,17445,44.616368,0.000000,30.000000,-1,40.998166,40.998166,-1,25,0,1822,20,0,658,1369,0,320,5.538068,3.360483,3.360483,1.000000,0.815129,-1,-1,-1,-1,-1,0.075319
3580,391,0,17912,45.810742,0.000000,30.000000,-1,41.020042,41.020042,-1,17,0,1507,24,0,662,1436,0,219,5.127656,3.304813,3.304813,1.000000,0.830615,-1,-1,-1,-1,-1,0.072141
3590,397,0,18374,46.282116,0.000000,30.000000,-1,41.011103,41.011103,-1,14,0,1487,21,0,682,1502,0,156,5.397945,3.395746,3.395746,1.000000,0.838084,-1,-1,-1,-1,-1,0.073371
3600,403,0,18334,45.493797,0.000000,30.000000,-1,41.051707,41.051707,-1,20,0,1616,20,0,657,1513,0,255,5.422309,3.481508,3.481508,1.000000,0.832929,-1,-1,-1,-1,-1,0.076527
3610,413,0,19188,46.460048,0.000000,30.000000,-1,41.112101,41.112101,-1,18,0,1459,11,0,707,1515,0,211,5.345452,3.531292,3.531292,1.000000,0.830302,-1,-1,-1,-1,-1,0.076007
3620,409,0,18659,45.621027,0.000000,30.000000,-1,41.149954,41.149954,-1,17,0,1756,26,0,718,1531,0,202,5.414921,3.333245,3.333245,1.000000,0.829535,-1,-1,-1,-1,-1,0.073064
3630,395,0,17739,44.908861,0.000000,30.000000,-1,41.154349,41.154349,-1,13,0,1735,18,0,737,1072,0,159,5.648549,3.295876,3.295876,1.000000,0.829808,-1,-1,-1,-1,-1,0.073390
3640,387,0,17641,45.583979,0.000000,30.000000,-1,41.114052,41.114052,-1,20,0,1487,22,0,648,1366,0,230,5.425241,3.452451,3.452451,1.000000,0.822252,-1,-1,-1,-1,-1,0.075738
3650,400,0,18544,46.360000,0.000000,30.000000,-1,41.098900,41.098900,-1,13,0,1638,15,0,650,1525,0,154,5.483080,3.373587,3.373587,1.000000,0.838588,-1,-1,-1,-1,-1,0.072769
3660,413,0,18449,44.670702,0.000000,30.000000,-1,41.102499,41.102499,-1,19,0,1643,23,0,703,1502,0,254,5.255409,3.279412,3.279412,1.000000,0.824647,-1,-1,-1,-1,-1,0.073413
3670,408,0,18860,46.225490,0.000000,30.000000,-1,41.143425,41.143425,-1,14,0,1815,23,0,693,1786,0,174,5.343361,3.278604,3.278604,1.000000,0.833748,-1,-1,-1,-1,-1,0.070926
3680,415,0,18745,45.168675,0.000000,30.000000,-1,41.155882,41.155882,-1,23,0,1855,21,0,710,1713,0,304,5.227145,3.263963,3.263963,1.000000,0.822301,-1,-1,-1,-1,-1,0.072262
3690,400,0,18154,45.385000,0.000000,30.000000,-1,41.164206,41.164206,-1,22,0,1536,23,0,701,1493,0,255,5.301777,3.334057,3.334057,1.000000,0.818689,-1,-1,-1,-1,-1,0.073462
3700,414,0,18381,44.398551,0.000000,30.000000,-1,41.150590,41.150590,-1,26,0,1608,18,0,702,1770,0,328,5.315981,3.373345,3.373345,1.000000,0.812015,-1,-1,-1,-1,-1,0.075979
3710,404,0,18574,45.975248,0.000000,30.000000,-1,41.140896,41.140896,-1,16,0,1644,24,0,709,1610,0,193,5.448341,3.427897,3.427897,1.000000,0.834247,-1,-1,-1,-1,-1,0.074560
3720,414,0,19166,46.294686,0.000000,30.000000,-1,41.165397,41.165397,-1,13,0,1660,19,0,719,1549,0,173,5.003616,3.146603,3.146603,1.000000,0.830507,-1,-1,-1,-1,-1,0.067969
3730,402,0,17977,44.718905,0.000000,30.000000,-1,41.151416,41.151416,-1,23,0,1622,15,0,712,1346,0,289,5.503226,3.501394,3.501394,1.000000,0.817468,-1,-1,-1,-1,-1,0.078298
3740,411,0,18722,45.552311,0.000000,30.000000,-1,41.193943,41.193943,-1,19,0,1486,11,0,622,1878,0,228,5.488396,3.433049,3.433049,1.000000,0.821719,-1,-1,-1,-1,-1,0.075365
3750,414,0,18750,45.289855,0.000000,30.000000,-1,41.135733,41.135733,-1,22,0,1570,19,0,752,1544,0,296,5.080884,3.170784,3.170784,1.000000,0.817847,-1,-1,-1,-1,-1,0.070011
3760,396,0,18112,45.737374,0.000000,30.000000,-1,41.151060,41.151060,-1,19,0,1405,28,0,657,1714,0,246,5.172559,3.284632,3.284632,1.000000,0.822914,-1,-1,-1,-1,-1,0.071815
3770,396,0,17631,44.522727,0.000000,30.000000,-1,41.153820,41.153820,-1,23,0,1604,32,0,672,1587,0,267,5.248948,3.231331,3.231331,1.000000,0.814068,-1,-1,-1,-1,-1,0.072577
3780,399,0,17849,44.734336,0.000000,30.000000,-1,41.158104,41.158104,-1,25,0,1535,17,0,646,1353,0,297,5.439687,3.454692,3.454692,1.000000,0.808685,-1,-1,-1,-1,-1,0.077227
3790,418,0,19370,46.339713,0.000000,30.000000,-1,41.159164,41.159164,-1,15,0,1761,17,0,743,1423,0,225,5.230076,3.256026,3.256026,1.000000,0.827846,-1,-1,-1,-1,-1,0.070264
3800,417,0,19022,45.616307,0.000000,30.000000,-1,41.208022,41.208022,-1,18,0,1761,23,0,789,1434,0,239,5.388674,3.273311,3.273311,1.000000,0.819998,-1,-1,-1,-1,-1,0.071757
3810,406,0,18638,45.906404,0.000000,30.000000,-1,41.202329,41.202329,-1,19,0,1793,13,0,743,1502,0,239,5.122837,3.221639,3.221639,1.000000,0.823861,-1,-1,-1,-1,-1,0.070178
3820,386,0,17959,46.525907,0.000000,30.000000,-1,41.162815,41.162815,-1,15,0,1628,16,0,703,1557,0,201,5.340624,3.339243,3.339243,1.000000,0.828956,-1,-1,-1,-1,-1,0.071772
3830,367,0,16379,44.629428,0.000000,30.000000,-1,41.182795,41.182795,-1,27,0,1519,22,0,627,1270,0,343,5.608483,3.464178,3.464178,1.000000,0.798456,-1,-1,-1,-1,-1,0.077621
3840,388,0,17630,45.438144,0.000000,30.000000,-1,41.202326,41.202326,-1,21,0,1702,19,0,666,1347,0,249,5.557529,3.526357,3.526357,1.000000,0.820577,-1,-1,-1,-1,-1,0.077608
3850,394,0,17949,45.555838,0.000000,30.000000,-1,41.212602,41.212602,-1,12,0,1828,30,0,677,1262,0,146,5.351700,3.187942,3.187942,1.000000,0.839002,-1,-1,-1,-1,-1,0.069979
3860,385,0,17387,45.161039,0.000000,30.000000,-1,41.196239,41.196239,-1,18,0,1685,16,0,698,1618,0,220,5.290707,3.323145,3.323145,1.000000,0.821467,-1,-1,-1,-1,-1,0.073584
3870,396,0,18098,45.702020,0.000000,30.000000,-1,41.229031,41.229031,-1,17,0,1754,20,0,659,1475,0,199,5.424299,3.434287,3.434287,1.000000,0.825860,-1,-1,-1,-1,-1,0.075145
3880,385,0,17849,46.361039,0.000000,30.000000,-1,41.280184,41.280184,-1,15,0,1391,15,0,709,1219,0,200,5.418652,3.503550,3.503550,1.000000,0.828171,-1,-1,-1,-1,-1,0.075571
3890,396,0,18078,45.651515,0.000000,30.000000,-1,41.335269,41.335269,-1,14,0,1718,18,0,681,1653,0,165,5.247843,3.254442,3.254442,1.000000,0.832796,-1,-1,-1,-1,-1,0.071289
3900,414,0,18806,45.425121,0.000000,30.000000,-1,41.350845,41.350845,-1,20,0,1654,15,0,713,1535,0,257,5.209812,3.274085,3.274085,1.000000,0.821210,-1,-1,-1,-1,-1,0.072077
3910,403,0,18233,45.243176,0.000000,30.000000,-1,41.394669,41.394669,-1,21,0,1568,19,0,697,1487,0,253,5.390744,3.361944,3.361944,1.000000,0.817648,-1,-1,-1,-1,-1,0.074308
3920,404,0,18536,45.881188,0.000000,30.000000,-1,41.370630,41.370630,-1,19,0,1405,24,0,686,1158,0,224,5.243371,3.457301,3.457301,1.000000,0.827646,-1,-1,-1,-1,-1,0.075353
3930,415,0,18721,45.110843,0.000000,30.000000,-1,41.380802,41.380802,-1,22,0,1781,24,0,744,1660,0,258,5.046238,3.058983,3.058983,1.000000,0.823457,-1,-1,-1,-1,-1,0.067810
3940,397,0,17870,45.012594,0.000000,30.000000,-1,41.352546,41.352546,-1,21,0,1649,14,0,677,1756,0,272,5.253375,3.211661,3.211661,1.000000,0.815147,-1,-1,-1,-1,-1,0.071350
3950,389,0,17505,45.000000,0.000000,30.000000,-1,41.351557,41.351557,-1,17,0,1546,19,0,651,1253,0,215,5.513552,3.393780,3.393780,1.000000,0.829003,-1,-1,-1,-1,-1,0.075417
3960,392,0,17849,45.533163,0.000000,30.000000,-1,41.387361,41.387361,-1,17,0,1698,23,0,733,1081,0,220,5.316697,3.359445,3.359445,1.000000,0.830365,-1,-1,-1,-1,-1,0.073780
3970,376,0,17255,45.890957,0.000000,30.000000,-1,41.397972,41.397972,-1,18,0,1532,24,0,677,1198,0,233,5.472502,3.464175,3.464175,1.000000,0.829143,-1,-1,-1,-1,-1,0.075487
3980,410,0,18877,46.041463,0.000000,30.000000,-1,41.431689,41.431689,-1,20,0,1668,18,0,748,1618,0,244,4.990343,3.203037,3.203037,1.000000,0.821040,-1,-1,-1,-1,-1,0.069569
3990,420,0,18898,44.995238,0.000000,30.000000,-1,41.422214,41.422214,-1,23,0,1580,17,0,704,1488,0,286,5.391785,3.472501,3.472501,1.000000,0.818164,-1,-1,-1,-1,-1,0.077175
4000,406,0,18381,45.273399,0.000000,30.000000,-1,41.414994,41.414994,-1,20,0,1622,15,0,670,1301,0,232,5.278102,3.382701,3.382701,1.000000,0.824920,-1,-1,-1,-1,-1,0.074717
4010,390,0,17884,45.856410,0.000000,30.000000,-1,41.420823,41.420823,-1,19,0,1570,19,0,672,1317,0,226,5.436756,3.469226,3.469226,1.000000,0.820889,-1,-1,-1,-1,-1,0.075654
4020,391,0,17591,44.989770,0.000000,30.000000,-1,41.399750,41.399750,-1,13,0,1884,14,0,618,1336,0,173,5.509480,3.258331,3.258331,1.000000,0.837931,-1,-1,-1,-1,-1,0.072424
4030,395,0,17829,45.136709,0.000000,30.000000,-1,41.415222,41.415222,-1,16,0,1458,18,0,684,1573,0,200,5.425670,3.388194,3.388194,1.000000,0.837144,-1,-1,-1,-1,-1,0.075065
4040,416,0,18583,44.670673,0.000000,30.000000,-1,41.379325,41.379325,-1,24,0,1665,14,0,720,1615,0,322,5.255703,3.246434,3.246434,1.000000,0.817341,-1,-1,-1,-1,-1,0.072675
4050,402,0,17948,44.646766,0.000000,30.000000,-1,41.355806,41.355806,-1,22,0,1878,15,0,714,1657,0,268,5.459750,3.285690,3.285690,1.000000,0.818277,-1,-1,-1,-1,-1,0.073593
4060,392,0,17542,44.750000,0.000000,30.000000,-1,41.369741,41.369741,-1,19,0,1906,21,0,653,1231,0,204,5.511379,3.263888,3.263888,1.000000,0.823073,-1,-1,-1,-1,-1,0.072936
4070,386,0,17356,44.963731,0.000000,30.000000,-1,41.366386,41.366386,-1,21,0,1314,22,0,649,1316,0,293,5.368624,3.474702,3.474702,1.000000,0.820301,-1,-1,-1,-1,-1,0.077278
4080,400,0,18220,45.550000,0.000000,30.000000,-1,41.369704,41.369704,-1,20,0,1487,14,0,660,1555,0,252,5.100175,3.325857,3.325857,1.000000,0.826943,-1,-1,-1,-1,-1,0.073016
4090,402,0,18531,46.097015,0.000000,30.000000,-1,41.390481,41.390481,-1,12,0,1485,20,0,694,1541,0,152,5.494945,3.525666,3.525666,1.000000,0.846063,-1,-1,-1,-1,-1,0.076484
4100,419,0,18963,45.257757,0.000000,30.000000,-1,41.421136,41.421136,-1,24,0,1462,19,0,726,1631,0,287,5.138262,3.343839,3.343839,1.000000,0.821667,-1,-1,-1,-1,-1,0.073884
4110,418,0,18833,45.055024,0.000000,30.000000,-1,41.406786,41.406786,-1,19,0,1934,26,0,735,1216,0,232,5.236592,3.176030,3.176030,1.000000,0.829214,-1,-1,-1,-1,-1,0.070492
4120,408,0,18359,44.997549,0.000000,30.000000,-1,41.418705,41.418705,-1,20,0,1774,17,0,682,1285,0,254,5.055560,3.156878,3.156878,1.000000,0.824239,-1,-1,-1,-1,-1,0.070157
4130,406,0,18489,45.539409,0.000000,30.000000,-1,41.454541,41.454541,-1,19,0,1679,15,0,696,1780,0,237,5.307556,3.348906,3.348906,1.000000,0.829488,-1,-1,-1,-1,-1,0.073539
4140,403,0,18215,45.198511,0.000000,30.000000,-1,41.442712,41.442712,-1,18,0,1807,26,0,719,1472,0,246,5.290477,3.189494,3.189494,1.000000,0.832134,-1,-1,-1,-1,-1,0.070566
4150,419,0,19379,46.250597,0.000000,30.000000,-1,41.419733,41.419733,-1,12,0,1730,20,0,768,1414,0,171,5.192215,3.275736,3.275736,1.000000,0.847275,-1,-1,-1,-1,-1,0.070826
4160,408,0,18219,44.654412,0.000000,30.000000,-1,41.431857,41.431857,-1,24,0,1739,26,0,747,1534,0,308,5.443152,3.359428,3.359428,1.000000,0.822034,-1,-1,-1,-1,-1,0.075232
4170,397,0,17872,45.017632,0.000000,30.000000,-1,41.488474,41.488474,-1,21,0,1341,21,0,684,1263,0,250,5.061762,3.293401,3.293401,1.000000,0.828473,-1,-1,-1,-1,-1,0.073158
4180,422,0,19193,45.481043,0.000000,30.000000,-1,41.461627,41.461627,-1,19,0,1755,17,0,717,1489,0,241,5.419438,3.454744,3.454744,1.000000,0.835194,-1,-1,-1,-1,-1,0.075960
4190,436,0,19518,44.766055,0.000000,30.000000,-1,41.464904,41.464904,-1,24,0,1972,19,0,767,2047,0,286,4.937582,3.000928,3.000928,1.000000,0.816314,-1,-1,-1,-1,-1,0.067036
4200,427,0,19346,45.306792,0.000000,30.000000,-1,41.458544,41.458544,-1,16,0,1903,15,0,765,1622,0,192,5.227075,3.189563,3.189563,1.000000,0.837405,-1,-1,-1,-1,-1,0.070399
4210,392,0,17805,45.420918,0.000000,30.000000,-1,41.417916,41.417916,-1,22,0,1607,23,0,709,1146,0,257,5.464634,3.550065,3.550065,1.000000,0.825496,-1,-1,-1,-1,-1,0.078159
4220,393,0,18089,46.027990,0.000000,30.000000,-1,41.437338,41.437338,-1,17,0,1483,21,0,709,1748,0,201,5.607828,3.648321,3.648321,1.000000,0.835959,-1,-1,-1,-1,-1,0.079263
4230,403,0,18335,45.496278,0.000000,30.000000,-1,41.435397,41.435397,-1,20,0,1391,17,0,724,1224,0,259,5.263400,3.355411,3.355411,1.000000,0.827813,-1,-1,-1,-1,-1,0.073751
4240,417,0,18955,45.455635,0.000000,30.000000,-1,41.493063,41.493063,-1,14,0,1773,16,0,712,1670,0,184,5.277312,3.324492,3.324492,1.000000,0.844043,-1,-1,-1,-1,-1,0.073137
4250,425,0,18619,43.809412,0.000000,30.000000,-1,41.557764,41.557764,-1,30,0,1578,21,0,682,1378,0,391,5.092102,3.179999,3.179999,1.000000,0.805592,-1,-1,-1,-1,-1,0.072587
4260,410,0,18238,44.482927,0.000000,30.000000,-1,41.556037,41.556037,-1,28,0,1727,20,0,700,1321,0,367,5.216308,3.312128,3.312128,1.000000,0.811051,-1,-1,-1,-1,-1,0.074458
4270,405,0,18741,46.274074,0.000000,30.000000,-1,41.528680,41.528680,-1,16,0,1624,25,0,653,1771,0,190,5.149618,3.381716,3.381716,1.000000,0.840396,-1,-1,-1,-1,-1,0.073080
4280,393,0,17488,44.498728,0.000000,30.000000,-1,41.576224,41.576224,-1,20,0,1702,21,0,712,1536,0,246,5.337553,3.274830,3.274830,1.000000,0.828300,-1,-1,-1,-1,-1,0.073594
4290,376,0,17150,45.611702,0.000000,30.000000,-1,41.586297,41.586297,-1,14,0,1486,16,0,600,1360,0,171,5.269618,3.348670,3.348670,1.000000,0.839324,-1,-1,-1,-1,-1,0.073417
4300,394,0,17998,45.680203,0.000000,30.000000,-1,41.561507,41.561507,-1,17,0,1445,15,0,678,1644,0,218,5.293509,3.392798,3.392798,1.000000,0.835449,-1,-1,-1,-1,-1,0.074273
4310,391,0,17755,45.409207,0.000000,30.000000,-1,41.567896,41.567896,-1,22,0,1616,16,0,689,1616,0,286,5.637285,3.624803,3.624803,1.000000,0.825805,-1,-1,-1,-1,-1,0.079825
4320,390,0,17728,45.456410,0.000000,30.000000,-1,41.533619,41.533619,-1,17,0,1701,16,0,664,1301,0,222,5.598978,3.491376,3.491376,1.000000,0.834582,-1,-1,-1,-1,-1,0.076807
4330,405,0,18420,45.481481,0.000000,30.000000,-1,41.521227,41.521227,-1,17,0,1679,18,0,692,1667,0,218,5.472990,3.435534,3.435534,1.000000,0.835521,-1,-1,-1,-1,-1,0.075537
4340,390,0,17745,45.500000,0.000000,30.000000,-1,41.481319,41.481319,-1,18,0,1612,14,0,644,1428,0,238,5.344705,3.436797,3.436797,1.000000,0.831674,-1,-1,-1,-1,-1,0.075534
4350,424,0,18791,44.318396,0.000000,30.000000,-1,41.493428,41.493428,-1,30,0,1635,18,0,720,1572,0,379,5.120254,3.216467,3.216467,1.000000,0.808249,-1,-1,-1,-1,-1,0.072576
4360,400,0,18140,45.350000,0.000000,30.000000,-1,41.529217,41.529217,-1,23,0,1476,20,0,711,1426,0,302,5.079179,3.309512,3.309512,1.000000,0.823923,-1,-1,-1,-1,-1,0.072977
4370,389,0,18146,46.647815,0.000000,30.000000,-1,41.521823,41.521823,-1,14,0,1322,23,0,649,1420,0,189,5.445815,3.641466,3.641466,1.000000,0.845726,-1,-1,-1,-1,-1,0.078063
4380,404,0,18158,44.945545,0.000000,30.000000,-1,41.542240,41.542240,-1,22,0,1707,18,0,723,1431,0,286,5.071464,3.246193,3.246193,1.000000,0.818875,-1,-1,-1,-1,-1,0.072225
4390,393,0,18195,46.297710,0.000000,30.000000,-1,41.537565,41.537565,-1,12,0,1643,18,0,694,1409,0,138,5.667182,3.628347,3.628347,1.000000,0.842012,-1,-1,-1,-1,-1,0.078370
4400,386,0,17864,46.279793,0.000000,30.000000,-1,41.544839,41.544839,-1,11,0,1582,19,0,648,1491,0,130,5.403370,3.406647,3.406647,1.000000,0.854720,-1,-1,-1,-1,-1,0.073610
4410,393,0,17727,45.106870,0.000000,30.000000,-1,41.551983,41.551983,-1,17,0,1481,18,0,666,1678,0,231,5.163880,3.293772,3.293772,1.000000,0.835087,-1,-1,-1,-1,-1,0.073022
4420,404,0,18410,45.569307,0.000000,30.000000,-1,41.520098,41.520098,-1,20,0,1598,18,0,706,1451,0,256,5.365422,3.510344,3.510344,1.000000,0.833311,-1,-1,-1,-1,-1,0.077033
4430,425,0,19351,45.531765,0.000000,30.000000,-1,41.519353,41.519353,-1,17,0,2060,25,0,754,1506,0,203,5.233912,3.238021,3.238021,1.000000,0.841524,-1,-1,-1,-1,-1,0.071116
4440,405,0,18656,46.064198,0.000000,30.000000,-1,41.531893,41.531893,-1,14,0,1619,21,0,657,1526,0,177,5.141183,3.294796,3.294796,1.000000,0.849204,-1,-1,-1,-1,-1,0.071526
4450,417,0,19395,46.510791,0.000000,30.000000,-1,41.564063,41.564063,-1,12,0,1637,18,0,741,1722,0,141,5.071885,3.255853,3.255853,1.000000,0.849514,-1,-1,-1,-1,-1,0.070002
4460,400,0,18259,45.647500,0.000000,30.000000,-1,41.590777,41.590777,-1,15,0,1558,23,0,720,1747,0,211,5.502432,3.528402,3.528402,1.000000,0.839325,-1,-1,-1,-1,-1,0.077297
4470,414,0,19080,46.086957,0.000000,30.000000,-1,41.591562,41.591562,-1,19,0,1568,19,0,664,1663,0,236,5.110121,3.376076,3.376076,1.000000,0.837445,-1,-1,-1,-1,-1,0.073254
4480,400,0,18042,45.105000,0.000000,30.000000,-1,41.593449,41.593449,-1,25,0,1512,15,0,712,1472,0,307,5.293495,3.505790,3.505790,1.000000,0.825044,-1,-1,-1,-1,-1,0.077725
4490,398,0,17797,44.716080,0.000000,30.000000,-1,41.534416,41.534416,-1,25,0,1566,17,0,684,1488,0,297,5.224545,3.340183,3.340183,1.000000,0.824131,-1,-1,-1,-1,-1,0.074698
4500,391,0,17991,46.012788,0.000000,30.000000,-1,41.526597,41.526597,-1,15,0,1445,18,0,706,1409,0,198,5.261292,3.417919,3.417919,1.000000,0.841984,-1,-1,-1,-1,-1,0.074282
4510,400,0,18413,46.032500,0.000000,30.000000,-1,41.521045,41.521045,-1,12,0,1787,15,0,685,1467,0,155,5.391658,3.438997,3.438997,1.000000,0.842195,-1,-1,-1,-1,-1,0.074708
4520,396,0,17720,44.747475,0.000000,30.000000,-1,41.551806,41.551806,-1,21,0,1771,19,0,661,1132,0,236,5.232666,3.313630,3.313630,1.000000,0.832997,-1,-1,-1,-1,-1,0.074052
4530,379,0,17722,46.759894,0.000000,30.000000,-1,41.537806,41.537806,-1,13,0,1383,16,0,637,1409,0,178,5.375052,3.513376,3.513376,1.000000,0.852645,-1,-1,-1,-1,-1,0.075137
4540,392,0,17840,45.510204,0.000000,30.000000,-1,41.548318,41.548318,-1,15,0,1731,23,0,721,1339,0,201,5.584635,3.496633,3.496633,1.000000,0.848029,-1,-1,-1,-1,-1,0.076832
4550,388,0,17835,45.966495,0.000000,30.000000,-1,41.553406,41.553406,-1,15,0,1447,18,0,644,1529,0,168,5.482716,3.626391,3.626391,1.000000,0.850814,-1,-1,-1,-1,-1,0.078892
4560,391,0,17953,45.915601,0.000000,30.000000,-1,41.582744,41.582744,-1,16,0,1654,22,0,698,1541,0,209,5.214748,3.319718,3.319718,1.000000,0.843601,-1,-1,-1,-1,-1,0.072300
4570,405,0,18208,44.958025,0.000000,30.000000,-1,41.640872,41.640872,-1,19,0,1585,25,0,694,1447,0,247,5.356753,3.401742,3.401742,1.000000,0.840223,-1,-1,-1,-1,-1,0.075665
4580,417,0,18762,44.992806,0.000000,30.000000,-1,41.644014,41.644014,-1,24,0,1724,9,0,746,1486,0,279,5.447035,3.395015,3.395015,1.000000,0.825460,-1,-1,-1,-1,-1,0.075457
4590,423,0,19237,45.477541,0.000000,30.000000,-1,41.665748,41.665748,-1,21,0,1652,21,0,748,1584,0,266,5.139548,3.275740,3.275740,1.000000,0.831719,-1,-1,-1,-1,-1,0.072030
4600,386,0,17610,45.621762,0.000000,30.000000,-1,41.650880,41.650880,-1,19,0,1703,18,0,695,1312,0,248,5.353067,3.387865,3.387865,1.000000,0.835272,-1,-1,-1,-1,-1,0.074260
4610,386,0,17790,46.088083,0.000000,30.000000,-1,41.647442,41.647442,-1,19,0,1580,18,0,676,1210,0,254,5.425516,3.612481,3.612481,1.000000,0.843133,-1,-1,-1,-1,-1,0.078382
4620,404,0,18214,45.084158,0.000000,30.000000,-1,41.677995,41.677995,-1,18,0,1887,19,0,699,1649,0,212,5.189449,3.213309,3.213309,1.000000,0.841271,-1,-1,-1,-1,-1,0.071274
4630,386,0,17551,45.468912,0.000000,30.000000,-1,41.675916,41.675916,-1,14,0,1495,22,0,727,1658,0,186,5.188371,3.340434,3.340434,1.000000,0.849600,-1,-1,-1,-1,-1,0.073466
4640,390,0,17880,45.846154,0.000000,30.000000,-1,41.667226,41.667226,-1,14,0,1628,22,0,718,1598,0,167,5.311100,3.406116,3.406116,1.000000,0.854488,-1,-1,-1,-1,-1,0.074294
4650,380,0,17617,46.360526,0.000000,30.000000,-1,41.654425,41.654425,-1,11,0,1710,18,0,632,1413,0,145,5.540813,3.513259,3.513259,1.000000,0.852853,-1,-1,-1,-1,-1,0.075781
4660,409,0,18439,45.083130,0.000000,30.000000,-1,41.631867,41.631867,-1,17,0,1900,15,0,724,1376,0,214,5.521358,3.450816,3.450816,1.000000,0.847145,-1,-1,-1,-1,-1,0.076543
4670,398,0,17726,44.537688,0.000000,30.000000,-1,41.649272,41.649272,-1,28,0,1699,21,0,681,1598,0,325,5.336640,3.414856,3.414856,1.000000,0.810965,-1,-1,-1,-1,-1,0.076673
4680,388,0,17940,46.237113,0.000000,30.000000,-1,41.672297,41.672297,-1,16,0,1570,18,0,661,1303,0,205,5.356879,3.540028,3.540028,1.000000,0.843206,-1,-1,-1,-1,-1,0.076562
4690,418,0,18711,44.763158,0.000000,30.000000,-1,41.691198,41.691198,-1,19,0,1909,18,0,740,1582,0,247,5.190203,3.257280,3.257280,1.000000,0.843272,-1,-1,-1,-1,-1,0.072767
4700,392,0,17558,44.790816,0.000000,30.000000,-1,41.738524,41.738524,-1,24,0,1411,27,0,684,1508,0,302,5.237400,3.405093,3.405093,1.000000,0.830030,-1,-1,-1,-1,-1,0.076022
4710,398,0,18439,46.329146,0.000000,30.000000,-1,41.753186,41.753186,-1,14,0,1573,18,0,717,1632,0,184,5.125372,3.365834,3.365834,1.000000,0.851695,-1,-1,-1,-1,-1,0.072650
4720,407,0,18616,45.739558,0.000000,30.000000,-1,41.739525,41.739525,-1,17,0,1615,17,0,743,1441,0,246,5.104211,3.341677,3.341677,1.000000,0.841317,-1,-1,-1,-1,-1,0.073059
4730,384,0,17468,45.489583,0.000000,30.000000,-1,41.709698,41.709698,-1,16,0,1601,21,0,617,1452,0,224,5.246751,3.360144,3.360144,1.000000,0.848206,-1,-1,-1,-1,-1,0.073866
4740,374,0,17224,46.053476,0.000000,30.000000,-1,41.667847,41.667847,-1,16,0,1512,18,0,632,1269,0,183,5.579443,3.601102,3.601102,1.000000,0.840858,-1,-1,-1,-1,-1,0.078194
4750,377,0,17118,45.405836,0.000000,30.000000,-1,41.665089,41.665089,-1,22,0,1454,15,0,644,1519,0,287,5.355350,3.533371,3.533371,1.000000,0.832340,-1,-1,-1,-1,-1,0.077818
4760,413,0,18762,45.428571,0.000000,30.000000,-1,41.679245,41.679245,-1,19,0,1577,14,0,712,1566,0,242,5.166046,3.323154,3.323154,1.000000,0.835985,-1,-1,-1,-1,-1,0.073151
4770,407,0,18627,45.766585,0.000000,30.000000,-1,41.704891,41.704891,-1,16,0,1830,20,0,692,1699,0,196,5.259275,3.302540,3.302540,1.000000,0.841024,-1,-1,-1,-1,-1,0.072161
4780,401,0,18713,46.665835,0.000000,30.000000,-1,41.720301,41.720301,-1,14,0,1490,25,0,686,1459,0,178,5.109230,3.390473,3.390473,1.000000,0.848202,-1,-1,-1,-1,-1,0.072654
4790,414,0,18937,45.741546,0.000000,30.000000,-1,41.666895,41.666895,-1,17,0,1674,22,0,737,1423,0,229,5.181547,3.309596,3.309596,1.000000,0.840181,-1,-1,-1,-1,-1,0.072354
4800,402,0,18250,45.398010,0.000000,30.000000,-1,41.678082,41.678082,-1,19,0,1457,11,0,722,1529,0,227,5.276933,3.390207,3.390207,1.000000,0.833301,-1,-1,-1,-1,-1,0.074677
4810,404,0,18212,45.079208,0.000000,30.000000,-1,41.698386,41.698386,-1,17,0,1775,20,0,665,1573,0,224,5.217953,3.196298,3.196298,1.000000,0.836559,-1,-1,-1,-1,-1,0.070904
4820,411,0,18314,44.559611,0.000000,30.000000,-1,41.735230,41.735230,-1,25,0,1621,29,0,729,1323,0,361,5.387553,3.408705,3.408705,1.000000,0.817722,-1,-1,-1,-1,-1,0.076498
4830,411,0,18343,44.630170,0.000000,30.000000,-1,41.716131,41.716131,-1,18,0,1879,20,0,705,1577,0,243,5.264795,3.186717,3.186717,1.000000,0.833895,-1,-1,-1,-1,-1,0.071403
4840,407,0,18280,44.914005,0.000000,30.000000,-1,41.708260,41.708260,-1,20,0,1761,17,0,685,1592,0,257,5.015554,3.160317,3.160317,1.000000,0.832103,-1,-1,-1,-1,-1,0.070364
4850,390,0,17620,45.179487,0.000000,30.000000,-1,41.732293,41.732293,-1,23,0,1616,22,0,675,1855,0,293,5.135679,3.234529,3.234529,1.000000,0.822688,-1,-1,-1,-1,-1,0.071593
4860,398,0,18017,45.268844,0.000000,30.000000,-1,41.723705,41.723705,-1,20,0,1618,25,0,656,1376,0,253,5.210383,3.256954,3.256954,1.000000,0.826119,-1,-1,-1,-1,-1,0.071947
4870,393,0,17804,45.302799,0.000000,30.000000,-1,41.694619,41.694619,-1,20,0,1876,19,0,673,1615,0,225,5.670112,3.478501,3.478501,1.000000,0.826665,-1,-1,-1,-1,-1,0.076783
4880,399,0,18443,46.223058,0.000000,30.000000,-1,41.704061,41.704061,-1,17,0,1602,13,0,731,1308,0,217,5.261179,3.376010,3.376010,1.000000,0.836351,-1,-1,-1,-1,-1,0.073037
4890,414,0,18609,44.949275,0.000000,30.000000,-1,41.718308,41.718308,-1,18,0,1674,16,0,685,1560,0,214,5.206792,3.298614,3.298614,1.000000,0.840834,-1,-1,-1,-1,-1,0.073385
4900,410,0,18251,44.514634,0.000000,30.000000,-1,41.763958,41.763958,-1,24,0,1585,17,0,683,1603,0,313,4.981203,3.162816,3.162816,1.000000,0.824919,-1,-1,-1,-1,-1,0.071051
4910,415,0,18863,45.453012,0.000000,30.000000,-1,41.733022,41.733022,-1,20,0,1728,18,0,732,1389,0,247,4.974324,3.174385,3.174385,1.000000,0.833909,-1,-1,-1,-1,-1,0.069839
4920,380,0,16944,44.589474,0.000000,30.000000,-1,41.719665,41.719665,-1,25,0,1486,24,0,656,1130,0,306,5.214836,3.374199,3.374199,1.000000,0.821065,-1,-1,-1,-1,-1,0.075673
4930,411,0,18891,45.963504,0.000000,30.000000,-1,41.762003,41.762003,-1,13,0,1504,20,0,682,1723,0,157,5.181437,3.324530,3.324530,1.000000,0.848194,-1,-1,-1,-1,-1,0.072330
4940,396,0,18203,45.967172,0.000000,30.000000,-1,41.755040,41.755040,-1,18,0,1782,23,0,699,1367,0,201,5.518465,3.519534,3.519534,1.000000,0.835876,-1,-1,-1,-1,-1,0.076566
4950,403,0,18437,45.749380,0.000000,30.000000,-1,41.779682,41.779682,-1,18,0,1760,24,0,679,1737,0,236,5.327921,3.341227,3.341227,1.000000,0.831024,-1,-1,-1,-1,-1,0.073033
4960,405,0,18409,45.454321,0.000000,30.000000,-1,41.775273,41.775273,-1,17,0,1838,17,0,709,1034,0,242,5.426361,3.390100,3.390100,1.000000,0.834683,-1,-1,-1,-1,-1,0.074583
4970,409,0,18561,45.381418,0.000000,30.000000,-1,41.758310,41.758310,-1,23,0,1666,16,0,664,1190,0,269,5.188045,3.302757,3.302757,1.000000,0.828871,-1,-1,-1,-1,-1,0.072778
4980,401,0,18501,46.137157,0.000000,30.000000,-1,41.761797,41.761797,-1,13,0,1834,22,0,678,1530,0,185,5.418947,3.383392,3.383392,1.000000,0.847673,-1,-1,-1,-1,-1,0.073333
4990,395,0,17766,44.977215,0.000000,30.000000,-1,41.737138,41.737138,-1,23,0,1443,23,0,674,1209,0,309,5.254873,3.408056,3.408056,1.000000,0.825801,-1,-1,-1,-1,-1,0.075773
5000,405,0,18277,45.128395,0.000000,30.000000,-1,41.733873,41.733873,-1,21,0,1619,17,0,727,1788,0,261,5.386194,3.434676,3.434676,1.000000,0.832866,-1,-1,-1,-1,-1,0.076109
5010,420,0,19481,46.383333,0.000000,30.000000,-1,41.701709,41.701709,-1,20,0,1646,20,0,688,2266,0,236,5.361990,3.514428,3.514428,1.000000,0.827193,-1,-1,-1,-1,-1,0.075769
5020,421,0,19319,45.888361,0.000000,30.000000,-1,41.725659,41.725659,-1,16,0,1868,26,0,785,2199,0,192,5.067163,3.051942,3.051942,1.000000,0.833945,-1,-1,-1,-1,-1,0.066508
5030,421,0,19309,45.864608,0.000000,30.000000,-1,41.766844,41.766844,-1,21,0,1917,27,0,745,2014,0,260,5.113340,3.211397,3.211397,1.000000,0.818815,-1,-1,-1,-1,-1,0.070019
5040,396,0,18281,46.164141,0.000000,30.000000,-1,41.799956,41.799956,-1,18,0,1670,30,0,755,1946,0,250,5.411633,3.422662,3.422662,1.000000,0.822323,-1,-1,-1,-1,-1,0.074141
5050,410,0,18955,46.231707,0.000000,30.000000,-1,41.843208,41.843208,-1,17,0,1734,14,0,696,2184,0,227,4.974835,3.184979,3.184979,1.000000,0.832995,-1,-1,-1,-1,-1,0.068892
5060,391,0,17654,45.150895,0.000000,30.000000,-1,41.837091,41.837091,-1,20,0,1802,22,0,675,1841,0,250,5.225418,3.178552,3.178552,1.000000,0.820268,-1,-1,-1,-1,-1,0.070398
5070,412,0,18836,45.718447,0.000000,30.000000,-1,41.816415,41.816415,-1,19,0,1792,17,0,722,1798,0,236,5.272353,3.267869,3.267869,1.000000,0.826357,-1,-1,-1,-1,-1,0.071478
5080,419,0,18944,45.212411,0.000000,30.000000,-1,41.803579,41.803579,-1,17,0,1797,22,0,730,2677,0,192,4.978223,2.999274,2.999274,1.000000,0.829919,-1,-1,-1,-1,-1,0.066337
5090,422,0,19314,45.767773,0.000000,30.000000,-1,41.803873,41.803873,-1,20,0,1718,19,0,782,2549,0,245,5.356961,3.342882,3.342882,1.000000,0.824920,-1,-1,-1,-1,-1,0.073040
5100,397,0,17898,45.083123,0.000000,30.000000,-1,41.793552,41.793552,-1,24,0,1529,15,0,697,1797,0,296,5.562809,3.602599,3.602599,1.000000,0.818329,-1,-1,-1,-1,-1,0.079910
5110,401,0,18498,46.129676,0.000000,30.000000,-1,41.793816,41.793816,-1,18,0,1470,17,0,711,1765,0,224,5.338888,3.422304,3.422304,1.000000,0.827273,-1,-1,-1,-1,-1,0.074189
5120,399,0,18401,46.117794,0.000000,30.000000,-1,41.775067,41.775067,-1,16,0,1596,12,0,703,1796,0,185,5.597492,3.533570,3.533570,1.000000,0.829651,-1,-1,-1,-1,-1,0.076621
5130,407,0,18322,45.017199,0.000000,30.000000,-1,41.798712,41.798712,-1,24,0,1792,16,0,740,1754,0,293,5.380892,3.289285,3.289285,1.000000,0.814867,-1,-1,-1,-1,-1,0.073067
5140,406,0,18653,45.943350,0.000000,30.000000,-1,41.796279,41.796279,-1,19,0,1565,19,0,652,1723,0,235,5.303147,3.428263,3.428263,1.000000,0.830671,-1,-1,-1,-1,-1,0.074619
5150,426,0,19472,45.708920,0.000000,30.000000,-1,41.776140,41.776140,-1,21,0,1568,9,0,694,2119,0,261,5.311088,3.433938,3.433938,1.000000,0.826162,-1,-1,-1,-1,-1,0.075126
5160,403,0,18483,45.863524,0.000000,30.000000,-1,41.763458,41.763458,-1,19,0,1751,20,0,722,2175,0,221,5.049613,3.203488,3.203488,1.000000,0.826707,-1,-1,-1,-1,-1,0.069848
5170,401,0,18612,46.413965,0.000000,30.000000,-1,41.797765,41.797765,-1,16,0,1623,18,0,714,1750,0,206,5.128689,3.262950,3.262950,1.000000,0.827858,-1,-1,-1,-1,-1,0.070301
5180,413,0,18831,45.595642,0.000000,30.000000,-1,41.733100,41.733100,-1,19,0,1778,19,0,755,2160,0,221,5.309749,3.310452,3.310452,1.000000,0.820095,-1,-1,-1,-1,-1,0.072605
5190,416,0,18602,44.716346,0.000000,30.000000,-1,41.735028,41.735028,-1,27,0,1676,17,0,722,2248,0,356,5.221063,3.237271,3.237271,1.000000,0.806940,-1,-1,-1,-1,-1,0.072396
5200,394,0,18004,45.695431,0.000000,30.000000,-1,41.778882,41.778882,-1,23,0,1548,16,0,691,1745,0,302,5.308252,3.393102,3.393102,1.000000,0.810666,-1,-1,-1,-1,-1,0.074255
5210,369,0,16831,45.612466,0.000000,30.000000,-1,41.736439,41.736439,-1,17,0,1404,18,0,624,1742,0,215,5.569636,3.531345,3.531345,1.000000,0.826221,-1,-1,-1,-1,-1,0.077421
5220,387,0,17926,46.320413,0.000000,30.000000,-1,41.715051,41.715051,-1,14,0,1524,29,0,692,1875,0,182,5.489197,3.522861,3.522861,1.000000,0.842701,-1,-1,-1,-1,-1,0.076054
5230,392,0,17485,44.604592,0.000000,30.000000,-1,41.682814,41.682814,-1,25,0,1596,32,0,673,1830,0,283,5.157440,3.269329,3.269329,1.000000,0.807465,-1,-1,-1,-1,-1,0.073296
5240,397,0,17923,45.146096,0.000000,30.000000,-1,41.679016,41.679016,-1,23,0,1527,12,0,663,1758,0,283,5.116158,3.242184,3.242184,1.000000,0.815950,-1,-1,-1,-1,-1,0.071815
5250,377,0,17457,46.305040,0.000000,30.000000,-1,41.672338,41.672338,-1,14,0,1528,19,0,624,1967,0,172,5.210722,3.374222,3.374222,1.000000,0.832861,-1,-1,-1,-1,-1,0.072869
5260,393,0,17995,45.788804,0.000000,30.000000,-1,41.684357,41.684357,-1,22,0,1638,15,0,714,2116,0,274,5.476557,3.493636,3.493636,1.000000,0.813674,-1,-1,-1,-1,-1,0.076299
5270,411,0,18785,45.705596,0.000000,30.000000,-1,41.702848,41.702848,-1,16,0,1573,21,0,705,1804,0,191,5.101288,3.162992,3.162992,1.000000,0.829366,-1,-1,-1,-1,-1,0.069204
5280,412,0,18620,45.194175,0.000000,30.000000,-1,41.745542,41.745542,-1,19,0,1742,22,0,685,1907,0,226,5.458319,3.338028,3.338028,1.000000,0.822359,-1,-1,-1,-1,-1,0.073860
5290,411,0,19012,46.257908,0.000000,30.000000,-1,41.757101,41.757101,-1,14,0,1670,14,0,707,1901,0,180,5.293253,3.317742,3.317742,1.000000,0.830182,-1,-1,-1,-1,-1,0.071723
5300,424,0,19661,46.370283,0.000000,30.000000,-1,41.726006,41.726006,-1,16,0,1775,19,0,763,2041,0,183,5.090943,3.120198,3.120198,1.000000,0.823268,-1,-1,-1,-1,-1,0.067289
5310,423,0,19035,45.000000,0.000000,30.000000,-1,41.717941,41.717941,-1,26,0,1617,22,0,756,1606,0,327,5.074616,3.236990,3.236990,1.000000,0.808066,-1,-1,-1,-1,-1,0.071933
5320,408,0,18480,45.294118,0.000000,30.000000,-1,41.680519,41.680519,-1,25,0,1643,26,0,695,2171,0,335,5.158397,3.204874,3.204874,1.000000,0.805641,-1,-1,-1,-1,-1,0.070757
5330,401,0,17871,44.566085,0.000000,30.000000,-1,41.686028,41.686028,-1,30,0,1480,9,0,682,1980,0,377,5.355577,3.345171,3.345171,1.000000,0.792487,-1,-1,-1,-1,-1,0.075061
5340,389,0,17773,45.688946,0.000000,30.000000,-1,41.692736,41.692736,-1,18,0,1574,15,0,692,1937,0,240,5.510269,3.491078,3.491078,1.000000,0.815453,-1,-1,-1,-1,-1,0.076410
5350,388,0,17690,45.592784,0.000000,30.000000,-1,41.663595,41.663595,-1,19,0,1451,22,0,696,2159,0,247,5.411651,3.447067,3.447067,1.000000,0.814151,-1,-1,-1,-1,-1,0.075606
5360,406,0,18489,45.539409,0.000000,30.000000,-1,41.678457,41.678457,-1,23,0,1392,16,0,671,1701,0,301,5.263624,3.388733,3.388733,1.000000,0.806138,-1,-1,-1,-1,-1,0.074413
5370,401,0,18544,46.244389,0.000000,30.000000,-1,41.692947,41.692947,-1,14,0,1717,20,0,713,2154,0,179,5.200000,3.169197,3.169197,1.000000,0.828675,-1,-1,-1,-1,-1,0.068531
5380,411,0,19021,46.279805,0.000000,30.000000,-1,41.723253,41.723253,-1,16,0,1650,21,0,725,1912,0,227,5.346062,3.303573,3.303573,1.000000,0.820671,-1,-1,-1,-1,-1,0.071383
5390,442,0,19834,44.873303,0.000000,30.000000,-1,41.742967,41.742967,-1,30,0,1686,15,0,773,2126,0,373,5.100322,3.199505,3.199505,1.000000,0.795553,-1,-1,-1,-1,-1,0.071301
5400,424,0,19496,45.981132,0.000000,30.000000,-1,41.780622,41.780622,-1,15,0,1711,26,0,796,1872,0,197,5.021937,3.073582,3.073582,1.000000,0.821755,-1,-1,-1,-1,-1,0.066844
5410,422,0,19522,46.260664,0.000000,30.000000,-1,41.799611,41.799611,-1,15,0,1700,26,0,772,2198,0,212,4.996846,3.148625,3.148625,1.000000,0.822901,-1,-1,-1,-1,-1,0.068063
5420,396,0,17682,44.651515,0.000000,30.000000,-1,41.790861,41.790861,-1,25,0,1713,16,0,718,1872,0,312,5.451300,3.291125,3.291125,1.000000,0.794777,-1,-1,-1,-1,-1,0.073707
5430,396,0,18094,45.691919,0.000000,30.000000,-1,41.779595,41.779595,-1,21,0,1670,16,0,650,1831,0,272,5.586987,3.390887,3.390887,1.000000,0.801812,-1,-1,-1,-1,-1,0.074212
5440,377,0,17112,45.389920,0.000000,30.000000,-1,41.738137,41.738137,-1,21,0,1401,24,0,699,1483,0,284,5.524826,3.473153,3.473153,1.000000,0.804949,-1,-1,-1,-1,-1,0.076518
5450,395,0,18467,46.751899,0.000000,30.000000,-1,41.748470,41.748470,-1,10,0,1779,8,0,729,2051,0,114,5.557107,3.340783,3.340783,1.000000,0.829683,-1,-1,-1,-1,-1,0.071458
5460,403,0,18312,45.439206,0.000000,30.000000,-1,41.717835,41.717835,-1,19,0,1547,18,0,720,1891,0,230,5.456275,3.345213,3.345213,1.000000,0.813431,-1,-1,-1,-1,-1,0.073620
5470,404,0,18204,45.059406,0.000000,30.000000,-1,41.752637,41.752637,-1,22,0,1793,16,0,721,1842,0,276,5.449275,3.209494,3.209494,1.000000,0.803853,-1,-1,-1,-1,-1,0.071228
5480,407,0,18882,46.393120,0.000000,30.000000,-1,41.798326,41.798326,-1,15,0,1798,28,0,683,2009,0,176,5.494122,3.292119,3.292119,1.000000,0.819106,-1,-1,-1,-1,-1,0.070961
5490,429,0,19455,45.349650,0.000000,30.000000,-1,41.851041,41.851041,-1,20,0,1709,20,0,682,1944,0,270,5.197697,3.155505,3.155505,1.000000,0.810493,-1,-1,-1,-1,-1,0.069582
5500,411,0,18223,44.338200,0.000000,30.000000,-1,41.847336,41.847336,-1,32,0,1570,28,0,727,2212,0,378,5.329342,3.276150,3.276150,1.000000,0.783403,-1,-1,-1,-1,-1,0.073890
5510,404,0,18591,46.017327,0.000000,30.000000,-1,41.824700,41.824700,-1,20,0,1490,16,0,667,1580,0,255,5.175379,3.325446,3.325446,1.000000,0.816062,-1,-1,-1,-1,-1,0.072265
5520,393,0,18301,46.567430,0.000000,30.000000,-1,41.824873,41.824873,-1,11,0,1590,21,0,691,1950,0,131,5.387410,3.361408,3.361408,1.000000,0.827762,-1,-1,-1,-1,-1,0.072184
5530,412,0,19136,46.446602,0.000000,30.000000,-1,41.799801,41.799801,-1,15,0,1784,20,0,730,2013,0,168,5.261019,3.285329,3.285329,1.000000,0.820478,-1,-1,-1,-1,-1,0.070733
5540,397,0,18035,45.428212,0.000000,30.000000,-1,41.755365,41.755365,-1,21,0,1444,25,0,649,1896,0,244,5.149833,3.208090,3.208090,1.000000,0.807901,-1,-1,-1,-1,-1,0.070619
5550,403,0,18331,45.486352,0.000000,30.000000,-1,41.732857,41.732857,-1,18,0,1676,12,0,706,2127,0,208,5.217351,3.180912,3.180912,1.000000,0.813895,-1,-1,-1,-1,-1,0.069931
5560,391,0,17891,45.757033,0.000000,30.000000,-1,41.769381,41.769381,-1,18,0,1621,12,0,731,1755,0,227,5.405404,3.298408,3.298408,1.000000,0.813749,-1,-1,-1,-1,-1,0.072085
5570,402,0,18496,46.009950,0.000000,30.000000,-1,41.777844,41.777844,-1,17,0,1807,18,0,736,1746,0,229,5.102784,3.087337,3.087337,1.000000,0.811902,-1,-1,-1,-1,-1,0.067101
5580,390,0,17949,46.023077,0.000000,30.000000,-1,41.785392,41.785392,-1,18,0,1449,17,0,676,1831,0,240,5.646513,3.586821,3.586821,1.000000,0.814408,-1,-1,-1,-1,-1,0.077935
5590,397,0,17933,45.171285,0.000000,30.000000,-1,41.839402,41.839402,-1,17,0,1556,17,0,735,1864,0,199,5.187912,3.099361,3.099361,1.000000,0.809537,-1,-1,-1,-1,-1,0.068614
5600,375,0,16736,44.629333,0.000000,30.000000,-1,41.866336,41.866336,-1,25,0,1414,20,0,648,1695,0,326,5.546935,3.416748,3.416748,1.000000,0.795020,-1,-1,-1,-1,-1,0.076558
5610,392,0,18361,46.839286,0.000000,30.000000,-1,41.828386,41.828386,-1,16,0,1194,9,0,665,2067,0,192,5.369622,3.514853,3.514853,1.000000,0.820987,-1,-1,-1,-1,-1,0.075041
5620,403,0,18510,45.930521,0.000000,30.000000,-1,41.865316,41.865316,-1,15,0,1593,18,0,769,1544,0,203,5.387883,3.367287,3.367287,1.000000,0.825251,-1,-1,-1,-1,-1,0.073313
5630,401,0,18423,45.942643,0.000000,30.000000,-1,41.889486,41.889486,-1,15,0,1951,15,0,702,2116,0,174,5.420721,3.223561,3.223561,1.000000,0.816383,-1,-1,-1,-1,-1,0.070165
5640,413,0,18615,45.072639,0.000000,30.000000,-1,41.878646,41.878646,-1,25,0,1486,18,0,701,2320,0,326,5.338461,3.375709,3.375709,1.000000,0.806192,-1,-1,-1,-1,-1,0.074895
5650,410,0,18440,44.975610,0.000000,30.000000,-1,41.885738,41.885738,-1,27,0,1470,18,0,732,1988,0,355,5.022088,3.255148,3.255148,1.000000,0.805022,-1,-1,-1,-1,-1,0.072376
5660,401,0,18427,45.952618,0.000000,30.000000,-1,41.943127,41.943127,-1,20,0,1570,17,0,736,1803,0,258,5.345991,3.436695,3.436695,1.000000,0.821619,-1,-1,-1,-1,-1,0.074788
5670,419,0,19270,45.990453,0.000000,30.000000,-1,41.932226,41.932226,-1,16,0,1537,19,0,738,2181,0,194,5.329857,3.391702,3.391702,1.000000,0.832007,-1,-1,-1,-1,-1,0.073748
5680,410,0,18136,44.234146,0.000000,30.000000,-1,41.929091,41.929091,-1,28,0,1517,26,0,731,1732,0,356,5.386646,3.317999,3.317999,1.000000,0.796218,-1,-1,-1,-1,-1,0.075010
5690,436,0,19912,45.669725,0.000000,30.000000,-1,41.929038,41.929038,-1,20,0,1921,19,0,777,2327,0,245,5.180961,3.203159,3.203159,1.000000,0.823799,-1,-1,-1,-1,-1,0.070137
5700,402,0,18728,46.587065,0.000000,30.000000,-1,41.914513,41.914513,-1,13,0,1589,19,0,713,2330,0,144,5.390632,3.461476,3.461476,1.000000,0.828947,-1,-1,-1,-1,-1,0.074301
5710,399,0,18312,45.894737,0.000000,30.000000,-1,41.888488,41.888488,-1,18,0,1642,15,0,736,1805,0,227,5.612777,3.575193,3.575193,1.000000,0.827329,-1,-1,-1,-1,-1,0.077900
5720,414,0,18910,45.676329,0.000000,30.000000,-1,41.888419,41.888419,-1,18,0,1751,12,0,700,2069,0,230,5.471882,3.239068,3.239068,1.000000,0.817866,-1,-1,-1,-1,-1,0.070914
5730,411,0,18478,44.958637,0.000000,30.000000,-1,41.836995,41.836995,-1,21,0,1877,22,0,749,1772,0,272,5.119030,2.972732,2.972732,1.000000,0.803997,-1,-1,-1,-1,-1,0.066121
5740,395,0,18053,45.703797,0.000000,30.000000,-1,41.798261,41.798261,-1,20,0,1459,17,0,654,1768,0,257,5.496430,3.438230,3.438230,1.000000,0.809171,-1,-1,-1,-1,-1,0.075229
5750,372,0,17143,46.083333,0.000000,30.000000,-1,41.758269,41.758269,-1,19,0,1271,23,0,647,1630,0,247,5.377794,3.550778,3.550778,1.000000,0.814650,-1,-1,-1,-1,-1,0.077051
5760,383,0,17708,46.234987,0.000000,30.000000,-1,41.714649,41.714649,-1,18,0,1423,21,0,642,1860,0,232,5.571867,3.543886,3.543886,1.000000,0.818708,-1,-1,-1,-1,-1,0.076649
5770,398,0,18339,46.077889,0.000000,30.000000,-1,41.659632,41.659632,-1,11,0,1533,28,0,702,1971,0,138,5.418759,3.305876,3.305876,1.000000,0.835093,-1,-1,-1,-1,-1,0.071745
5780,401,0,18394,45.870324,0.000000,30.000000,-1,41.687507,41.687507,-1,17,0,1960,16,0,715,1672,0,215,5.451172,3.289120,3.289120,1.000000,0.816592,-1,-1,-1,-1,-1,0.071705
5790,410,0,18962,46.248780,0.000000,30.000000,-1,41.744964,41.744964,-1,18,0,1470,19,0,675,1814,0,243,5.000337,3.207445,3.207445,1.000000,0.821554,-1,-1,-1,-1,-1,0.069352
5800,392,0,17928,45.734694,0.000000,30.000000,-1,41.806894,41.806894,-1,19,0,1784,20,0,698,2177,0,232,5.225249,3.144771,3.144771,1.000000,0.816297,-1,-1,-1,-1,-1,0.068761
5810,403,0,17744,44.029777,0.000000,30.000000,-1,41.819545,41.819545,-1,32,0,1784,20,0,678,1997,0,428,5.506319,3.338299,3.338299,1.000000,0.786548,-1,-1,-1,-1,-1,0.075819
5820,412,0,18631,45.220874,0.000000,30.000000,-1,41.811336,41.811336,-1,17,0,1740,20,0,695,2012,0,204,5.385759,3.289807,3.289807,1.000000,0.820132,-1,-1,-1,-1,-1,0.072750
5830,400,0,18422,46.055000,0.000000,30.000000,-1,41.774726,41.774726,-1,18,0,1750,21,0,734,1724,0,212,5.582158,3.448616,3.448616,1.000000,0.821881,-1,-1,-1,-1,-1,0.074880
5840,399,0,18375,46.052632,0.000000,30.000000,-1,41.734422,41.734422,-1,16,0,1595,23,0,689,2217,0,197,5.254281,3.321882,3.321882,1.000000,0.830485,-1,-1,-1,-1,-1,0.072132
5850,407,0,18255,44.852580,0.000000,30.000000,-1,41.707751,41.707751,-1,21,0,1863,16,0,717,2103,0,260,5.155130,3.068574,3.068574,1.000000,0.814915,-1,-1,-1,-1,-1,0.068415
5860,396,0,17945,45.315657,0.000000,30.000000,-1,41.664531,41.664531,-1,22,0,1673,23,0,696,1518,0,285,5.354635,3.317984,3.317984,1.000000,0.814028,-1,-1,-1,-1,-1,0.073219
5870,400,0,18562,46.405000,0.000000,30.000000,-1,41.701164,41.701164,-1,19,0,1374,17,0,632,2080,0,223,5.087563,3.340770,3.340770,1.000000,0.822156,-1,-1,-1,-1,-1,0.071992
5880,382,0,17320,45.340314,0.000000,30.000000,-1,41.703002,41.703002,-1,19,0,1841,21,0,661,1883,0,238,5.530546,3.279289,3.279289,1.000000,0.817909,-1,-1,-1,-1,-1,0.072326
5890,415,0,18922,45.595181,0.000000,30.000000,-1,41.714565,41.714565,-1,16,0,2013,17,0,734,2207,0,219,5.341506,3.165895,3.165895,1.000000,0.821888,-1,-1,-1,-1,-1,0.069435
5900,400,0,18647,46.617500,0.000000,30.000000,-1,41.726176,41.726176,-1,18,0,1774,21,0,722,2326,0,219,5.381848,3.382318,3.382318,1.000000,0.820965,-1,-1,-1,-1,-1,0.072555
5910,407,0,18667,45.864865,0.000000,30.000000,-1,41.759201,41.759201,-1,19,0,1859,20,0,760,1840,0,261,5.402202,3.232523,3.232523,1.000000,0.817052,-1,-1,-1,-1,-1,0.070479
5920,414,0,19395,46.847826,0.000000,30.000000,-1,41.740603,41.740603,-1,13,0,1786,11,0,729,1954,0,157,5.311607,3.321473,3.321473,1.000000,0.835900,-1,-1,-1,-1,-1,0.070899
5930,401,0,18292,45.615960,0.000000,30.000000,-1,41.766838,41.766838,-1,21,0,1828,23,0,714,1519,0,288,5.571591,3.515691,3.515691,1.000000,0.820457,-1,-1,-1,-1,-1,0.077072
5940,392,0,17927,45.732143,0.000000,30.000000,-1,41.807999,41.807999,-1,16,0,1674,26,0,645,1921,0,198,5.339821,3.257482,3.257482,1.000000,0.828849,-1,-1,-1,-1,-1,0.071230
5950,408,0,18813,46.110294,0.000000,30.000000,-1,41.797959,41.797959,-1,14,0,1874,19,0,704,1990,0,173,5.648600,3.453641,3.453641,1.000000,0.836489,-1,-1,-1,-1,-1,0.074900
5960,413,0,18608,45.055690,0.000000,30.000000,-1,41.752472,41.752472,-1,21,0,1768,21,0,736,1842,0,267,5.128663,3.187952,3.187952,1.000000,0.819046,-1,-1,-1,-1,-1,0.070756
5970,410,0,18714,45.643902,0.000000,30.000000,-1,41.720049,41.720049,-1,22,0,1748,15,0,672,1685,0,262,5.228296,3.316826,3.316826,1.000000,0.819611,-1,-1,-1,-1,-1,0.072667
5980,406,0,18489,45.539409,0.000000,30.000000,-1,41.752069,41.752069,-1,16,0,1967,19,0,716,1557,0,213,5.588499,3.329868,3.329868,1.000000,0.830512,-1,-1,-1,-1,-1,0.073121
5990,404,0,18490,45.767327,0.000000,30.000000,-1,41.794646,41.794646,-1,18,0,1632,23,0,726,1979,0,223,5.418310,3.416438,3.416438,1.000000,0.823976,-1,-1,-1,-1,-1,0.074648
6000,391,0,18112,46.322251,0.000000,30.000000,-1,41.795771,41.795771,-1,15,0,1589,22,0,699,1696,0,210,5.605640,3.633916,3.633916,1.000000,0.834374,-1,-1,-1,-1,-1,0.078449
6010,388,0,17690,45.592784,0.000000,30.000000,-1,41.817185,41.817185,-1,17,0,1596,17,0,733,1566,0,221,5.628995,3.529162,3.529162,1.000000,0.830109,-1,-1,-1,-1,-1,0.077406
6020,396,0,18004,45.464646,0.000000,30.000000,-1,41.781215,41.781215,-1,19,0,1532,20,0,663,1921,0,272,5.269840,3.268159,3.268159,1.000000,0.821024,-1,-1,-1,-1,-1,0.071884
6030,396,0,18061,45.608586,0.000000,30.000000,-1,41.794253,41.794253,-1,20,0,1474,19,0,677,1712,0,242,5.288527,3.404835,3.404835,1.000000,0.819894,-1,-1,-1,-1,-1,0.074653
6040,392,0,18019,45.966837,0.000000,30.000000,-1,41.794828,41.794828,-1,20,0,1689,19,0,656,1723,0,241,5.304737,3.383614,3.383614,1.000000,0.819214,-1,-1,-1,-1,-1,0.073610
6050,406,0,18609,45.834975,0.000000,30.000000,-1,41.847601,41.847601,-1,23,0,1547,22,0,725,2280,0,324,5.041285,3.244429,3.244429,1.000000,0.813688,-1,-1,-1,-1,-1,0.070785
6060,392,0,18058,46.066327,0.000000,30.000000,-1,41.858124,41.858124,-1,16,0,1600,18,0,705,1597,0,187,5.425226,3.383933,3.383933,1.000000,0.828523,-1,-1,-1,-1,-1,0.073458
6070,375,0,17028,45.408000,0.000000,30.000000,-1,41.901985,41.901985,-1,18,0,1580,8,0,684,1879,0,220,5.612785,3.528485,3.528485,1.000000,0.828077,-1,-1,-1,-1,-1,0.077706
6080,398,0,18407,46.248744,0.000000,30.000000,-1,41.892269,41.892269,-1,16,0,1464,17,0,670,1831,0,187,5.355980,3.438588,3.438588,1.000000,0.831897,-1,-1,-1,-1,-1,0.074350
6090,433,0,19032,43.953811,0.000000,30.000000,-1,41.915984,41.915984,-1,34,0,1873,18,0,723,2314,0,424,5.312670,3.303958,3.303958,1.000000,0.794763,-1,-1,-1,-1,-1,0.075169
6100,416,0,19245,46.262019,0.000000,30.000000,-1,41.960457,41.960457,-1,20,0,1509,20,0,757,1939,0,273,5.115315,3.309784,3.309784,1.000000,0.825249,-1,-1,-1,-1,-1,0.071544
6110,417,0,18972,45.496403,0.000000,30.000000,-1,41.900643,41.900643,-1,23,0,1609,28,0,739,1990,0,265,5.292321,3.323187,3.323187,1.000000,0.810998,-1,-1,-1,-1,-1,0.073043
6120,411,0,18808,45.761557,0.000000,30.000000,-1,41.918492,41.918492,-1,19,0,1751,22,0,767,1733,0,242,5.357938,3.354301,3.354301,1.000000,0.822526,-1,-1,-1,-1,-1,0.073300
6130,412,0,18706,45.402913,0.000000,30.000000,-1,41.984283,41.984283,-1,15,0,1917,28,0,737,1956,0,175,5.099559,3.044974,3.044974,1.000000,0.827988,-1,-1,-1,-1,-1,0.067066
6140,391,0,17905,45.792839,0.000000,30.000000,-1,41.980452,41.980452,-1,17,0,1337,25,0,675,1814,0,221,5.353734,3.467604,3.467604,1.000000,0.827008,-1,-1,-1,-1,-1,0.075724
6150,384,0,17554,45.713542,0.000000,30.000000,-1,41.955907,41.955907,-1,18,0,1549,24,0,672,2094,0,235,5.599680,3.519244,3.519244,1.000000,0.822073,-1,-1,-1,-1,-1,0.076985
6160,412,0,18302,44.422330,0.000000,30.000000,-1,41.973282,41.973282,-1,24,0,1505,15,0,682,1916,0,315,5.480749,3.415692,3.415692,1.000000,0.813185,-1,-1,-1,-1,-1,0.076891
6170,408,0,18440,45.196078,0.000000,30.000000,-1,41.993059,41.993059,-1,21,0,1799,9,0,710,1754,0,254,5.354990,3.273745,3.273745,1.000000,0.815148,-1,-1,-1,-1,-1,0.072434
6180,407,0,18841,46.292383,0.000000,30.000000,-1,42.038639,42.038639,-1,20,0,1602,16,0,700,1918,0,237,5.210469,3.344404,3.344404,1.000000,0.818103,-1,-1,-1,-1,-1,0.072245
6190,402,0,18266,45.437811,0.000000,30.000000,-1,42.057155,42.057155,-1,18,0,1787,23,0,741,1936,0,215,5.310631,3.254164,3.254164,1.000000,0.820741,-1,-1,-1,-1,-1,0.071618
6200,405,0,18798,46.414815,0.000000,30.000000,-1,42.061070,42.061070,-1,13,0,1451,20,0,723,2165,0,148,5.200324,3.295855,3.295855,1.000000,0.829884,-1,-1,-1,-1,-1,0.071009
6210,404,0,18668,46.207921,0.000000,30.000000,-1,42.074673,42.074673,-1,17,0,1581,25,0,734,1986,0,215,5.091493,3.291935,3.291935,1.000000,0.827606,-1,-1,-1,-1,-1,0.071242
6220,383,0,17635,46.044386,0.000000,30.000000,-1,42.091636,42.091636,-1,12,0,1509,24,0,681,1777,0,148,5.383595,3.387884,3.387884,1.000000,0.833563,-1,-1,-1,-1,-1,0.073579
6230,385,0,17647,45.836364,0.000000,30.000000,-1,42.045163,42.045163,-1,19,0,1632,24,0,687,1347,0,242,5.537488,3.459544,3.459544,1.000000,0.817529,-1,-1,-1,-1,-1,0.075476
6240,406,0,18232,44.906404,0.000000,30.000000,-1,42.024353,42.024353,-1,17,0,1730,21,0,692,1762,0,225,5.121099,3.144441,3.144441,1.000000,0.828354,-1,-1,-1,-1,-1,0.070022
6250,410,0,18633,45.446341,0.000000,30.000000,-1,42.108785,42.108785,-1,18,0,1758,23,0,714,1967,0,229,5.322605,3.308870,3.308870,1.000000,0.823133,-1,-1,-1,-1,-1,0.072808
6260,409,0,18497,45.224939,0.000000,30.000000,-1,42.104882,42.104882,-1,24,0,1503,15,0,693,1849,0,292,5.196510,3.340630,3.340630,1.000000,0.812516,-1,-1,-1,-1,-1,0.073867
6270,406,0,18437,45.411330,0.000000,30.000000,-1,42.115637,42.115637,-1,24,0,1551,23,0,702,1919,0,325,5.236475,3.323224,3.323224,1.000000,0.808063,-1,-1,-1,-1,-1,0.073181
6280,395,0,17872,45.245570,0.000000,30.000000,-1,42.119908,42.119908,-1,25,0,1598,20,0,661,1752,0,313,5.413640,3.331990,3.331990,1.000000,0.802109,-1,-1,-1,-1,-1,0.073642
6290,381,0,17296,45.396325,0.000000,30.000000,-1,42.100023,42.100023,-1,18,0,1639,23,0,661,1703,0,218,5.623360,3.460629,3.460629,1.000000,0.818674,-1,-1,-1,-1,-1,0.076231
6300,399,0,18637,46.709273,0.000000,30.000000,-1,42.133605,42.133605,-1,17,0,1532,31,0,666,2459,0,211,5.416776,3.514620,3.514620,1.000000,0.829632,-1,-1,-1,-1,-1,0.075245
6310,400,0,18602,46.505000,0.000000,30.000000,-1,42.144769,42.144769,-1,20,0,1589,19,0,705,1780,0,258,5.452625,3.518685,3.518685,1.000000,0.820935,-1,-1,-1,-1,-1,0.075663
6320,420,0,19333,46.030952,0.000000,30.000000,-1,42.235349,42.235349,-1,13,0,1776,25,0,768,1845,0,154,5.010848,3.069311,3.069311,1.000000,0.829270,-1,-1,-1,-1,-1,0.066679
6330,401,0,18163,45.294264,0.000000,30.000000,-1,42.236580,42.236580,-1,16,0,2003,21,0,738,1885,0,203,5.390959,3.122460,3.122460,1.000000,0.821804,-1,-1,-1,-1,-1,0.068937
6340,408,0,18506,45.357843,0.000000,30.000000,-1,42.246298,42.246298,-1,22,0,1628,20,0,660,1929,0,275,5.320834,3.326750,3.326750,1.000000,0.811696,-1,-1,-1,-1,-1,0.073345
6350,409,0,18463,45.141809,0.000000,30.000000,-1,42.245464,42.245464,-1,25,0,1597,15,0,642,1802,0,315,5.257181,3.283627,3.283627,1.000000,0.804160,-1,-1,-1,-1,-1,0.072740
6360,424,0,19385,45.719340,0.000000,30.000000,-1,42.247305,42.247305,-1,20,0,1791,16,0,738,2197,0,253,5.361456,3.292969,3.292969,1.000000,0.817516,-1,-1,-1,-1,-1,0.072026
6370,412,0,18943,45.978155,0.000000,30.000000,-1,42.252019,42.252019,-1,17,0,1810,18,0,768,2077,0,224,5.467885,3.382901,3.382901,1.000000,0.825319,-1,-1,-1,-1,-1,0.073576
6380,413,0,18883,45.721550,0.000000,30.000000,-1,42.261664,42.261664,-1,25,0,1565,12,0,681,2174,0,291,5.188415,3.339085,3.339085,1.000000,0.810017,-1,-1,-1,-1,-1,0.073031
6390,396,0,18320,46.262626,0.000000,30.000000,-1,42.292467,42.292467,-1,18,0,1530,19,0,713,1959,0,208,5.498294,3.541269,3.541269,1.000000,0.826142,-1,-1,-1,-1,-1,0.076547
6400,410,0,19046,46.453659,0.000000,30.000000,-1,42.290927,42.290927,-1,13,0,1513,25,0,705,1701,0,176,5.226488,3.414046,3.414046,1.000000,0.837308,-1,-1,-1,-1,-1,0.073494
6410,385,0,17635,45.805195,0.000000,30.000000,-1,42.254040,42.254040,-1,23,0,1504,23,0,680,1685,0,300,5.336681,3.403578,3.403578,1.000000,0.812894,-1,-1,-1,-1,-1,0.074306
6420,391,0,17940,45.882353,0.000000,30.000000,-1,42.252397,42.252397,-1,17,0,1528,22,0,693,1922,0,245,5.182401,3.297748,3.297748,1.000000,0.825755,-1,-1,-1,-1,-1,0.071874
6430,388,0,17888,46.103093,0.000000,30.000000,-1,42.268895,42.268895,-1,17,0,1377,26,0,691,1808,0,215,5.302427,3.415909,3.415909,1.000000,0.825650,-1,-1,-1,-1,-1,0.074093
6440,402,0,18433,45.853234,0.000000,30.000000,-1,42.246352,42.246352,-1,18,0,1557,17,0,701,1979,0,246,5.302756,3.307229,3.307229,1.000000,0.822010,-1,-1,-1,-1,-1,0.072126
6450,401,0,18102,45.142145,0.000000,30.000000,-1,42.264335,42.264335,-1,25,0,1684,12,0,713,1844,0,320,5.321495,3.354910,3.354910,1.000000,0.806582,-1,-1,-1,-1,-1,0.074319
6460,412,0,19071,46.288835,0.000000,30.000000,-1,42.266845,42.266845,-1,18,0,1515,22,0,671,1732,0,242,5.031893,3.181699,3.181699,1.000000,0.825650,-1,-1,-1,-1,-1,0.068736
6470,408,0,18381,45.051471,0.000000,30.000000,-1,42.301072,42.301072,-1,22,0,1697,25,0,717,2475,0,252,5.446219,3.340546,3.340546,1.000000,0.817531,-1,-1,-1,-1,-1,0.074150
6480,384,0,17736,46.187500,0.000000,30.000000,-1,42.305086,42.305086,-1,12,0,1646,19,0,683,1624,0,150,5.584848,3.457934,3.457934,1.000000,0.834790,-1,-1,-1,-1,-1,0.074867
6490,404,0,18448,45.663366,0.000000,30.000000,-1,42.297268,42.297268,-1,21,0,1595,17,0,737,2024,0,279,5.358654,3.376494,3.376494,1.000000,0.819881,-1,-1,-1,-1,-1,0.073943
6500,412,0,19052,46.242718,0.000000,30.000000,-1,42.318182,42.318182,-1,18,0,1637,21,0,722,2005,0,234,5.158672,3.270650,3.270650,1.000000,0.822693,-1,-1,-1,-1,-1,0.070728
6510,405,0,18716,46.212346,0.000000,30.000000,-1,42.287508,42.287508,-1,16,0,1676,22,0,727,2330,0,205,5.110459,3.252739,3.252739,1.000000,0.823987,-1,-1,-1,-1,-1,0.070387
6520,419,0,18981,45.300716,0.000000,30.000000,-1,42.268742,42.268742,-1,22,0,1624,15,0,732,1838,0,298,5.133132,3.229523,3.229523,1.000000,0.816100,-1,-1,-1,-1,-1,0.071291
6530,412,0,19096,46.349515,0.000000,30.000000,-1,42.287128,42.287128,-1,17,0,1860,15,0,765,2178,0,215,5.401004,3.334779,3.334779,1.000000,0.820742,-1,-1,-1,-1,-1,0.071949
6540,404,0,18295,45.284653,0.000000,30.000000,-1,42.277453,42.277453,-1,23,0,1375,15,0,652,2006,0,283,5.130752,3.376673,3.376673,1.000000,0.813799,-1,-1,-1,-1,-1,0.074566
6550,403,0,18112,44.942928,0.000000,30.000000,-1,42.295660,42.295660,-1,27,0,1635,20,0,702,1983,0,324,5.412108,3.410887,3.410887,1.000000,0.805088,-1,-1,-1,-1,-1,0.075894
6560,407,0,18659,45.845209,0.000000,30.000000,-1,42.303553,42.303553,-1,18,0,1631,16,0,636,1919,0,246,5.383710,3.375387,3.375387,1.000000,0.822866,-1,-1,-1,-1,-1,0.073626
6570,423,0,19131,45.226950,0.000000,30.000000,-1,42.306205,42.306205,-1,18,0,1813,15,0,709,1712,0,223,5.489346,3.307569,3.307569,1.000000,0.822583,-1,-1,-1,-1,-1,0.073133
6580,426,0,19362,45.450704,0.000000,30.000000,-1,42.286644,42.286644,-1,19,0,1808,18,0,680,2227,0,221,5.119024,3.127455,3.127455,1.000000,0.816883,-1,-1,-1,-1,-1,0.068810
6590,409,0,18853,46.095355,0.000000,30.000000,-1,42.298308,42.298308,-1,21,0,1466,21,0,764,2078,0,260,5.272259,3.354123,3.354123,1.000000,0.815852,-1,-1,-1,-1,-1,0.072765
6600,402,0,18485,45.982587,0.000000,30.000000,-1,42.255342,42.255342,-1,16,0,1659,19,0,708,1758,0,195,5.461622,3.417435,3.417435,1.000000,0.831660,-1,-1,-1,-1,-1,0.074320
6610,415,0,19575,47.168675,0.000000,30.000000,-1,42.207050,42.207050,-1,14,0,1769,17,0,774,2216,0,189,5.094829,3.244930,3.244930,1.000000,0.830872,-1,-1,-1,-1,-1,0.068794
6620,433,0,20078,46.369515,0.000000,30.000000,-1,42.176063,42.176063,-1,16,0,1899,26,0,810,2401,0,215,5.077042,3.144007,3.144007,1.000000,0.822956,-1,-1,-1,-1,-1,0.067803
6630,407,0,18481,45.407862,0.000000,30.000000,-1,42.127320,42.127320,-1,20,0,1864,17,0,736,1840,0,230,5.524925,3.343215,3.343215,1.000000,0.818581,-1,-1,-1,-1,-1,0.073626
6640,406,0,18679,46.007389,0.000000,30.000000,-1,42.097168,42.097168,-1,14,0,1983,17,0,707,2456,0,175,5.090819,3.055323,3.055323,1.000000,0.824544,-1,-1,-1,-1,-1,0.066409
6650,394,0,17996,45.675127,0.000000,30.000000,-1,42.065014,42.065014,-1,15,0,1571,20,0,664,1755,0,196,5.446164,3.326255,3.326255,1.000000,0.824727,-1,-1,-1,-1,-1,0.072824
6660,424,0,19284,45.481132,0.000000,30.000000,-1,42.082815,42.082815,-1,21,0,1584,24,0,745,1976,0,284,5.267957,3.283143,3.283143,1.000000,0.815190,-1,-1,-1,-1,-1,0.072187
6670,421,0,19687,46.762470,0.000000,30.000000,-1,42.085691,42.085691,-1,12,0,1735,19,0,760,2385,0,140,5.515071,3.384431,3.384431,1.000000,0.825864,-1,-1,-1,-1,-1,0.072375
6680,415,0,18665,44.975904,0.000000,30.000000,-1,42.081650,42.081650,-1,21,0,1751,17,0,729,1666,0,268,5.390512,3.248845,3.248845,1.000000,0.812511,-1,-1,-1,-1,-1,0.072235
6690,393,0,18047,45.921120,0.000000,30.000000,-1,42.104339,42.104339,-1,18,0,1380,20,0,637,1809,0,220,5.184518,3.235572,3.235572,1.000000,0.817521,-1,-1,-1,-1,-1,0.070459
6700,395,0,18431,46.660759,0.000000,30.000000,-1,42.138083,42.138083,-1,13,0,1744,20,0,733,1850,0,165,5.347779,3.319250,3.319250,1.000000,0.827475,-1,-1,-1,-1,-1,0.071136
6710,393,0,17735,45.127226,0.000000,30.000000,-1,42.176205,42.176205,-1,20,0,1680,10,0,677,1714,0,239,5.565547,3.381866,3.381866,1.000000,0.809889,-1,-1,-1,-1,-1,0.074941
6720,402,0,18243,45.380597,0.000000,30.000000,-1,42.189114,42.189114,-1,19,0,1726,20,0,689,1855,0,217,5.473684,3.319276,3.319276,1.000000,0.808993,-1,-1,-1,-1,-1,0.073143
6730,385,0,17507,45.472727,0.000000,30.000000,-1,42.216656,42.216656,-1,22,0,1540,24,0,668,1807,0,278,5.424150,3.248949,3.248949,1.000000,0.798992,-1,-1,-1,-1,-1,0.071448
6740,401,0,18358,45.780549,0.000000,30.000000,-1,42.164724,42.164724,-1,20,0,1460,20,0,690,2269,0,260,5.446583,3.469223,3.469223,1.000000,0.810189,-1,-1,-1,-1,-1,0.075779
6750,393,0,17814,45.328244,0.000000,30.000000,-1,42.155608,42.155608,-1,15,0,1709,17,0,694,1833,0,188,5.451872,3.203162,3.203162,1.000000,0.815379,-1,-1,-1,-1,-1,0.070666
6760,388,0,17928,46.206186,0.000000,30.000000,-1,42.143128,42.143128,-1,19,0,1481,21,0,644,1451,0,263,5.362509,3.314590,3.314590,1.000000,0.805187,-1,-1,-1,-1,-1,0.071735
6770,399,0,18111,45.390977,0.000000,30.000000,-1,42.136823,42.136823,-1,22,0,1646,14,0,720,2160,0,273,5.485947,3.313552,3.313552,1.000000,0.807097,-1,-1,-1,-1,-1,0.073000
6780,414,0,18984,45.855072,0.000000,30.000000,-1,42.191108,42.191108,-1,21,0,1728,18,0,705,1981,0,256,5.361717,3.298739,3.298739,1.000000,0.804756,-1,-1,-1,-1,-1,0.071938
6790,422,0,18960,44.928910,0.000000,30.000000,-1,42.199473,42.199473,-1,21,0,1678,21,0,764,1959,0,264,5.148055,3.062206,3.062206,1.000000,0.806231,-1,-1,-1,-1,-1,0.068157
6800,415,0,18776,45.243373,0.000000,30.000000,-1,42.203984,42.203984,-1,23,0,1670,25,0,762,2121,0,259,5.115129,3.141383,3.141383,1.000000,0.806157,-1,-1,-1,-1,-1,0.069433
6810,403,0,18843,46.756824,0.000000,30.000000,-1,42.215624,42.215624,-1,15,0,1653,9,0,680,1904,0,201,5.490224,3.390315,3.390315,1.000000,0.816060,-1,-1,-1,-1,-1,0.072510
6820,402,0,18237,45.365672,0.000000,30.000000,-1,42.210232,42.210232,-1,22,0,1571,16,0,716,1876,0,279,5.323051,3.334258,3.334258,1.000000,0.803401,-1,-1,-1,-1,-1,0.073497
6830,400,0,18275,45.687500,0.000000,30.000000,-1,42.141122,42.141122,-1,25,0,1686,15,0,714,1882,0,325,5.340032,3.290742,3.290742,1.000000,0.798420,-1,-1,-1,-1,-1,0.072027
6840,396,0,18456,46.606061,0.000000,30.000000,-1,42.150791,42.150791,-1,15,0,1485,14,0,641,2038,0,197,5.646563,3.455048,3.455048,1.000000,0.817790,-1,-1,-1,-1,-1,0.074133
6850,403,0,18252,45.290323,0.000000,30.000000,-1,42.115659,42.115659,-1,18,0,1673,26,0,736,1962,0,204,5.290810,3.148337,3.148337,1.000000,0.804474,-1,-1,-1,-1,-1,0.069515
6860,412,0,18761,45.536408,0.000000,30.000000,-1,42.104898,42.104898,-1,19,0,1907,15,0,733,2165,0,236,5.315944,3.141176,3.141176,1.000000,0.805322,-1,-1,-1,-1,-1,0.068982
6870,399,0,18173,45.546366,0.000000,30.000000,-1,42.084301,42.084301,-1,14,0,1683,21,0,709,2024,0,195,5.250688,3.088612,3.088612,1.000000,0.814748,-1,-1,-1,-1,-1,0.067812
6880,382,0,17559,45.965969,0.000000,30.000000,-1,42.070904,42.070904,-1,13,0,1727,22,0,659,1602,0,175,5.519577,3.244759,3.244759,1.000000,0.808634,-1,-1,-1,-1,-1,0.070590
6890,392,0,17933,45.747449,0.000000,30.000000,-1,42.057826,42.057826,-1,17,0,1615,23,0,686,1718,0,231,5.237836,3.153806,3.153806,1.000000,0.806618,-1,-1,-1,-1,-1,0.068939
6900,400,0,18044,45.110000,0.000000,30.000000,-1,42.092385,42.092385,-1,21,0,1772,18,0,687,1913,0,273,5.370076,3.249983,3.249983,1.000000,0.809196,-1,-1,-1,-1,-1,0.072046
6910,418,0,18663,44.648325,0.000000,30.000000,-1,42.121256,42.121256,-1,30,0,1647,15,0,707,1823,0,364,5.274916,3.223489,3.223489,1.000000,0.787812,-1,-1,-1,-1,-1,0.072197
6920,422,0,19332,45.810427,0.000000,30.000000,-1,42.145200,42.145200,-1,23,0,1616,22,0,707,2116,0,310,5.184907,3.242987,3.242987,1.000000,0.801208,-1,-1,-1,-1,-1,0.070791
6930,429,0,19395,45.209790,0.000000,30.000000,-1,42.107244,42.107244,-1,20,0,1909,22,0,780,2014,0,284,5.251690,3.163673,3.163673,1.000000,0.814533,-1,-1,-1,-1,-1,0.069978
6940,399,0,18411,46.142857,0.000000,30.000000,-1,42.132312,42.132312,-1,17,0,1747,17,0,645,1909,0,193,5.366277,3.276879,3.276879,1.000000,0.816091,-1,-1,-1,-1,-1,0.071016
6950,406,0,18367,45.238916,0.000000,30.000000,-1,42.185006,42.185006,-1,17,0,1806,25,0,734,1649,0,230,5.386275,3.200987,3.200987,1.000000,0.816899,-1,-1,-1,-1,-1,0.070757
6960,391,0,17825,45.588235,0.000000,30.000000,-1,42.200056,42.200056,-1,20,0,1615,16,0,703,1887,0,234,5.382312,3.386352,3.386352,1.000000,0.810555,-1,-1,-1,-1,-1,0.074281
6970,409,0,18475,45.171149,0.000000,30.000000,-1,42.217375,42.217375,-1,23,0,1654,15,0,691,2295,0,280,5.243544,3.298273,3.298273,1.000000,0.806726,-1,-1,-1,-1,-1,0.073017
6980,378,0,17629,46.637566,0.000000,30.000000,-1,42.173407,42.173407,-1,13,0,1534,19,0,678,1862,0,177,5.650769,3.448248,3.448248,1.000000,0.811976,-1,-1,-1,-1,-1,0.073937
6990,416,0,18879,45.382212,0.000000,30.000000,-1,42.202977,42.202977,-1,19,0,1790,26,0,756,1979,0,229,5.258841,3.193540,3.193540,1.000000,0.810887,-1,-1,-1,-1,-1,0.070370
7000,420,0,18945,45.107143,0.000000,30.000000,-1,42.190024,42.190024,-1,24,0,2064,17,0,736,2210,0,312,5.418299,3.146667,3.146667,1.000000,0.794713,-1,-1,-1,-1,-1,0.069760
7010,407,0,18588,45.670762,0.000000,30.000000,-1,42.176135,42.176135,-1,19,0,1686,23,0,707,1873,0,250,5.086601,3.028001,3.028001,1.000000,0.801065,-1,-1,-1,-1,-1,0.066301
7020,407,0,18450,45.331695,0.000000,30.000000,-1,42.166938,42.166938,-1,21,0,1565,27,0,693,2122,0,279,5.184955,3.150777,3.150777,1.000000,0.802332,-1,-1,-1,-1,-1,0.069505
7030,398,0,18579,46.680905,0.000000,30.000000,-1,42.147855,42.147855,-1,15,0,1515,17,0,728,1915,0,193,5.330661,3.344740,3.344740,1.000000,0.822899,-1,-1,-1,-1,-1,0.071651
7040,398,0,18571,46.660804,0.000000,30.000000,-1,42.126218,42.126218,-1,14,0,1600,18,0,719,2001,0,173,5.220171,3.206845,3.206845,1.000000,0.814474,-1,-1,-1,-1,-1,0.068727
7050,419,0,19449,46.417661,0.000000,30.000000,-1,42.158260,42.158260,-1,15,0,1668,10,0,728,2186,0,204,5.230718,3.169896,3.169896,1.000000,0.816504,-1,-1,-1,-1,-1,0.068291
7060,404,0,18553,45.923267,0.000000,30.000000,-1,42.132809,42.132809,-1,14,0,1780,13,0,718,1912,0,179,5.482542,3.222078,3.222078,1.000000,0.811953,-1,-1,-1,-1,-1,0.070162
7070,415,0,18710,45.084337,0.000000,30.000000,-1,42.146873,42.146873,-1,23,0,1767,20,0,752,1875,0,258,5.475505,3.279515,3.279515,1.000000,0.800090,-1,-1,-1,-1,-1,0.072742
7080,389,0,17649,45.370180,0.000000,30.000000,-1,42.194345,42.194345,-1,21,0,1583,30,0,641,1905,0,255,5.292220,3.185704,3.185704,1.000000,0.794522,-1,-1,-1,-1,-1,0.070216
7090,400,0,18210,45.525000,0.000000,30.000000,-1,42.180231,42.180231,-1,19,0,1687,22,0,737,2138,0,226,5.283464,3.120702,3.120702,1.000000,0.801797,-1,-1,-1,-1,-1,0.068549
7100,389,0,18149,46.655527,0.000000,30.000000,-1,42.155821,42.155821,-1,10,0,1840,21,0,715,2160,0,136,5.496101,3.263111,3.263111,1.000000,0.823057,-1,-1,-1,-1,-1,0.069941
7110,396,0,18194,45.944444,0.000000,30.000000,-1,42.177806,42.177806,-1,19,0,1531,22,0,735,1798,0,234,5.311259,3.284340,3.284340,1.000000,0.801175,-1,-1,-1,-1,-1,0.071485
7120,399,0,17903,44.869674,0.000000,30.000000,-1,42.184606,42.184606,-1,24,0,1854,25,0,719,2116,0,307,5.722020,3.335266,3.335266,1.000000,0.790885,-1,-1,-1,-1,-1,0.074332
7130,397,0,17933,45.171285,0.000000,30.000000,-1,42.191658,42.191658,-1,22,0,1462,13,0,655,1837,0,258,5.349865,3.224982,3.224982,1.000000,0.786767,-1,-1,-1,-1,-1,0.071395
7140,403,0,18757,46.543424,0.000000,30.000000,-1,42.267207,42.267207,-1,15,0,1713,13,0,684,1612,0,187,5.656722,3.426109,3.426109,1.000000,0.813728,-1,-1,-1,-1,-1,0.073611
7150,395,0,18099,45.820253,0.000000,30.000000,-1,42.243273,42.243273,-1,15,0,1721,17,0,718,2158,0,178,5.218298,3.059822,3.059822,1.000000,0.808224,-1,-1,-1,-1,-1,0.066779
7160,401,0,18523,46.192020,0.000000,30.000000,-1,42.240566,42.240566,-1,15,0,1671,22,0,708,1989,0,191,5.337581,3.212354,3.212354,1.000000,0.807579,-1,-1,-1,-1,-1,0.069543
7170,416,0,19221,46.204327,0.000000,30.000000,-1,42.266635,42.266635,-1,15,0,1495,17,0,759,1770,0,197,5.177825,3.175025,3.175025,1.000000,0.814654,-1,-1,-1,-1,-1,0.068717
7180,387,0,17515,45.258398,0.000000,30.000000,-1,42.296489,42.296489,-1,19,0,1421,22,0,683,1529,0,264,5.365216,3.290746,3.290746,1.000000,0.804219,-1,-1,-1,-1,-1,0.072710
7190,406,0,18722,46.113300,0.000000,30.000000,-1,42.283570,42.283570,-1,16,0,1564,21,0,657,1916,0,214,5.186052,3.243516,3.243516,1.000000,0.815464,-1,-1,-1,-1,-1,0.070338
7200,421,0,19141,45.465558,0.000000,30.000000,-1,42.266653,42.266653,-1,16,0,2038,16,0,775,1820,0,208,5.515404,3.249102,3.249102,1.000000,0.814900,-1,-1,-1,-1,-1,0.071463
7210,406,0,18770,46.231527,0.000000,30.000000,-1,42.218114,42.218114,-1,16,0,1697,16,0,669,2089,0,186,5.418415,3.301617,3.301617,1.000000,0.808048,-1,-1,-1,-1,-1,0.071415
7220,396,0,17985,45.416667,0.000000,30.000000,-1,42.220684,42.220684,-1,20,0,1629,20,0,699,1770,0,246,5.319567,3.259317,3.259317,1.000000,0.800754,-1,-1,-1,-1,-1,0.071765
7230,391,0,18086,46.255754,0.000000,30.000000,-1,42.209554,42.209554,-1,14,0,1675,24,0,707,1613,0,146,5.539701,3.377605,3.377605,1.000000,0.818111,-1,-1,-1,-1,-1,0.073020
7240,397,0,18027,45.408060,0.000000,30.000000,-1,42.190381,42.190381,-1,20,0,1692,12,0,669,1747,0,220,5.378202,3.286665,3.286665,1.000000,0.804467,-1,-1,-1,-1,-1,0.072381
7250,398,0,18192,45.708543,0.000000,30.000000,-1,42.191348,42.191348,-1,22,0,1436,15,0,685,1923,0,261,5.478821,3.429231,3.429231,1.000000,0.801865,-1,-1,-1,-1,-1,0.075024
7260,398,0,18031,45.304020,0.000000,30.000000,-1,42.217736,42.217736,-1,22,0,1600,26,0,647,1839,0,306,5.511316,3.336494,3.336494,1.000000,0.801162,-1,-1,-1,-1,-1,0.073647
7270,403,0,18259,45.307692,0.000000,30.000000,-1,42.176351,42.176351,-1,18,0,1622,19,0,707,1732,0,206,5.644005,3.316175,3.316175,1.000000,0.803685,-1,-1,-1,-1,-1,0.073192
7280,408,0,18988,46.539216,0.000000,30.000000,-1,42.214767,42.214767,-1,16,0,1494,23,0,691,2198,0,183,5.204104,3.237073,3.237073,1.000000,0.814727,-1,-1,-1,-1,-1,0.069556
7290,384,0,17825,46.419271,0.000000,30.000000,-1,42.257223,42.257223,-1,14,0,1690,22,0,687,2168,0,179,5.583614,3.400699,3.400699,1.000000,0.813098,-1,-1,-1,-1,-1,0.073260
7300,406,0,18015,44.371921,0.000000,30.000000,-1,42.209714,42.209714,-1,25,0,1981,23,0,641,2017,0,305,5.368914,3.063880,3.063880,1.000000,0.792065,-1,-1,-1,-1,-1,0.069050
7310,402,0,17655,43.917910,0.000000,30.000000,-1,42.211895,42.211895,-1,32,0,1707,18,0,701,1781,0,432,5.526331,3.303093,3.303093,1.000000,0.772610,-1,-1,-1,-1,-1,0.075211
7320,411,0,18936,46.072993,0.000000,30.000000,-1,42.232467,42.232467,-1,17,0,1594,16,0,727,1702,0,204,5.261206,3.122063,3.122063,1.000000,0.808900,-1,-1,-1,-1,-1,0.067763
7330,423,0,18929,44.749409,0.000000,30.000000,-1,42.283058,42.283058,-1,24,0,1809,19,0,773,1991,0,307,5.281843,3.128116,3.128116,1.000000,0.800307,-1,-1,-1,-1,-1,0.069903
7340,408,0,18811,46.105392,0.000000,30.000000,-1,42.320504,42.320504,-1,17,0,1553,22,0,720,1954,0,212,5.244605,3.293210,3.293210,1.000000,0.811100,-1,-1,-1,-1,-1,0.071428
7350,401,0,18414,45.920200,0.000000,30.000000,-1,42.291572,42.291572,-1,10,0,1791,13,0,728,1691,0,123,5.642131,3.289706,3.289706,1.000000,0.821789,-1,-1,-1,-1,-1,0.071640
7360,420,0,19479,46.378571,0.000000,30.000000,-1,42.319986,42.319986,-1,12,0,1616,18,0,753,2308,0,173,5.413830,3.342519,3.342519,1.000000,0.818215,-1,-1,-1,-1,-1,0.072070
7370,421,0,18773,44.591449,0.000000,30.000000,-1,42.311511,42.311511,-1,22,0,1933,22,0,747,1644,0,271,5.307669,3.043083,3.043083,1.000000,0.796364,-1,-1,-1,-1,-1,0.068244
7380,409,0,18718,45.765281,0.000000,30.000000,-1,42.257773,42.257773,-1,19,0,1756,22,0,686,1817,0,227,5.566464,3.315769,3.315769,1.000000,0.797926,-1,-1,-1,-1,-1,0.072452
7390,399,0,18079,45.310777,0.000000,30.000000,-1,42.228940,42.228940,-1,19,0,1608,24,0,674,1991,0,222,5.044577,3.049109,3.049109,1.000000,0.796264,-1,-1,-1,-1,-1,0.067293
7400,389,0,18175,46.722365,0.000000,30.000000,-1,42.165392,42.165392,-1,11,0,1624,16,0,729,1643,0,148,5.606636,3.390181,3.390181,1.000000,0.818370,-1,-1,-1,-1,-1,0.072560
7410,394,0,18350,46.573604,0.000000,30.000000,-1,42.137984,42.137984,-1,15,0,1393,13,0,698,1925,0,185,5.492340,3.409038,3.409038,1.000000,0.810914,-1,-1,-1,-1,-1,0.073197
7420,399,0,18461,46.268170,0.000000,30.000000,-1,42.152754,42.152754,-1,11,0,1732,23,0,737,1648,0,141,5.289621,3.146409,3.146409,1.000000,0.818269,-1,-1,-1,-1,-1,0.068004
7430,402,0,18395,45.758706,0.000000,30.000000,-1,42.128133,42.128133,-1,15,0,1508,19,0,666,2045,0,207,5.224325,3.169953,3.169953,1.000000,0.809080,-1,-1,-1,-1,-1,0.069275
7440,380,0,17399,45.786842,0.000000,30.000000,-1,42.154549,42.154549,-1,23,0,1241,16,0,668,1888,0,271,5.296832,3.412817,3.412817,1.000000,0.795297,-1,-1,-1,-1,-1,0.074537
7450,419,0,19151,45.706444,0.000000,30.000000,-1,42.125111,42.125111,-1,20,0,1543,15,0,740,2290,0,249,5.220745,3.225328,3.225328,1.000000,0.802583,-1,-1,-1,-1,-1,0.070566
7460,392,0,17879,45.609694,0.000000,30.000000,-1,42.118855,42.118855,-1,16,0,1493,35,0,667,2171,0,224,5.394556,3.276848,3.276848,1.000000,0.804526,-1,-1,-1,-1,-1,0.071845
7470,410,0,18830,45.926829,0.000000,30.000000,-1,42.123048,42.123048,-1,18,0,1494,18,0,721,2137,0,253,5.303706,3.214529,3.214529,1.000000,0.805300,-1,-1,-1,-1,-1,0.069992
7480,421,0,19578,46.503563,0.000000,30.000000,-1,42.168046,42.168046,-1,17,0,1634,16,0,733,1942,0,190,5.357796,3.359544,3.359544,1.000000,0.808367,-1,-1,-1,-1,-1,0.072243
7490,398,0,18396,46.221106,0.000000,30.000000,-1,42.168515,42.168515,-1,21,0,1730,18,0,769,2035,0,274,5.352448,3.272463,3.272463,1.000000,0.798084,-1,-1,-1,-1,-1,0.070800
7500,385,0,17592,45.693506,0.000000,30.000000,-1,42.125625,42.125625,-1,21,0,1312,17,0,684,1805,0,269,5.437948,3.407692,3.407692,1.000000,0.789181,-1,-1,-1,-1,-1,0.074577
7510,421,0,19074,45.306413,0.000000,30.000000,-1,42.096729,42.096729,-1,23,0,1732,26,0,738,1810,0,278,5.269713,3.149244,3.149244,1.000000,0.794405,-1,-1,-1,-1,-1,0.069510
7520,406,0,18566,45.729064,0.000000,30.000000,-1,42.098136,42.098136,-1,17,0,1537,27,0,691,2125,0,207,5.289080,3.145180,3.145180,1.000000,0.798489,-1,-1,-1,-1,-1,0.068779
7530,426,0,19352,45.427230,0.000000,30.000000,-1,42.127119,42.127119,-1,20,0,1896,23,0,731,1965,0,250,5.252080,3.038330,3.038330,1.000000,0.793661,-1,-1,-1,-1,-1,0.066883
7540,405,0,18459,45.577778,0.000000,30.000000,-1,42.140961,42.140961,-1,17,0,1538,17,0,709,1983,0,188,5.444528,3.272109,3.272109,1.000000,0.799820,-1,-1,-1,-1,-1,0.071792
7550,416,0,18906,45.447115,0.000000,30.000000,-1,42.128478,42.128478,-1,22,0,1596,20,0,736,2200,0,277,5.316066,3.254447,3.254447,1.000000,0.791219,-1,-1,-1,-1,-1,0.071610
7560,401,0,18540,46.234414,0.000000,30.000000,-1,42.164833,42.164833,-1,18,0,1685,19,0,666,1934,0,223,5.535471,3.317753,3.317753,1.000000,0.796579,-1,-1,-1,-1,-1,0.071759
7570,413,0,18891,45.740920,0.000000,30.000000,-1,42.190091,42.190091,-1,21,0,1815,16,0,677,2062,0,283,5.131747,3.009958,3.009958,1.000000,0.784897,-1,-1,-1,-1,-1,0.065804
7580,408,0,18689,45.806373,0.000000,30.000000,-1,42.182353,42.182353,-1,16,0,1726,20,0,759,1872,0,218,5.407274,3.128090,3.128090,1.000000,0.798890,-1,-1,-1,-1,-1,0.068289
7590,431,0,19540,45.336427,0.000000,30.000000,-1,42.162487,42.162487,-1,21,0,1970,28,0,715,2095,0,283,5.102343,2.942735,2.942735,1.000000,0.786053,-1,-1,-1,-1,-1,0.064909
7600,413,0,18493,44.777240,0.000000,30.000000,-1,42.199643,42.199643,-1,21,0,1706,23,0,718,1823,0,249,5.407857,3.120968,3.120968,1.000000,0.788446,-1,-1,-1,-1,-1,0.069700
7610,407,0,18695,45.933661,0.000000,30.000000,-1,42.164055,42.164055,-1,19,0,1539,16,0,710,1868,0,218,5.305368,3.219026,3.219026,1.000000,0.793507,-1,-1,-1,-1,-1,0.070080
7620,404,0,18720,46.336634,0.000000,30.000000,-1,42.126603,42.126603,-1,17,0,1513,17,0,746,1755,0,218,5.530653,3.357725,3.357725,1.000000,0.792060,-1,-1,-1,-1,-1,0.072464
7630,395,0,17890,45.291139,0.000000,30.000000,-1,42.127054,42.127054,-1,18,0,1517,16,0,686,1546,0,260,5.573248,3.324281,3.324281,1.000000,0.800100,-1,-1,-1,-1,-1,0.073398
7640,401,0,18527,46.201995,0.000000,30.000000,-1,42.182490,42.182490,-1,17,0,1639,16,0,672,1873,0,198,5.658407,3.365382,3.365382,1.000000,0.794073,-1,-1,-1,-1,-1,0.072841
7650,412,0,18600,45.145631,0.000000,30.000000,-1,42.258387,42.258387,-1,21,0,1509,26,0,731,2213,0,263,5.268775,3.126837,3.126837,1.000000,0.785792,-1,-1,-1,-1,-1,0.069261
7660,404,0,18360,45.445545,0.000000,30.000000,-1,42.271187,42.271187,-1,23,0,1527,21,0,732,2039,0,313,5.507483,3.307816,3.307816,1.000000,0.780388,-1,-1,-1,-1,-1,0.072786
7670,427,0,19604,45.911007,0.000000,30.000000,-1,42.253622,42.253622,-1,19,0,1698,17,0,705,1923,0,218,5.307369,3.098731,3.098731,1.000000,0.791810,-1,-1,-1,-1,-1,0.067494
7680,410,0,18927,46.163415,0.000000,30.000000,-1,42.229302,42.229302,-1,15,0,1708,23,0,691,2335,0,176,5.313899,3.091560,3.091560,1.000000,0.795035,-1,-1,-1,-1,-1,0.066970
7690,399,0,18162,45.518797,0.000000,30.000000,-1,42.227893,42.227893,-1,14,0,1601,21,0,736,1758,0,164,5.544712,3.202991,3.202991,1.000000,0.794979,-1,-1,-1,-1,-1,0.070366
7700,401,0,18155,45.274314,0.000000,30.000000,-1,42.229358,42.229358,-1,21,0,1816,17,0,692,2182,0,253,5.266190,3.050756,3.050756,1.000000,0.778767,-1,-1,-1,-1,-1,0.067384
7710,414,0,19387,46.828502,0.000000,30.000000,-1,42.152112,42.152112,-1,10,0,1731,13,0,736,2075,0,118,5.390967,3.113864,3.113864,1.000000,0.809953,-1,-1,-1,-1,-1,0.066495
7720,413,0,18667,45.198547,0.000000,30.000000,-1,42.165533,42.165533,-1,22,0,1947,20,0,750,2043,0,279,5.353643,3.053136,3.053136,1.000000,0.780548,-1,-1,-1,-1,-1,0.067549
7730,393,0,18170,46.234097,0.000000,30.000000,-1,42.171602,42.171602,-1,14,0,1595,14,0,713,1663,0,177,5.346968,3.160484,3.160484,1.000000,0.793285,-1,-1,-1,-1,-1,0.068358
7740,400,0,18253,45.632500,0.000000,30.000000,-1,42.119816,42.119816,-1,21,0,1586,25,0,691,1903,0,263,5.621238,3.321123,3.321123,1.000000,0.784016,-1,-1,-1,-1,-1,0.072780
7750,407,0,18571,45.628993,0.000000,30.000000,-1,42.132518,42.132518,-1,15,0,1644,16,0,716,1891,0,209,5.436626,3.157852,3.157852,1.000000,0.795025,-1,-1,-1,-1,-1,0.069207
7760,410,0,18748,45.726829,0.000000,30.000000,-1,42.099584,42.099584,-1,22,0,1738,20,0,712,1958,0,288,5.290315,3.140463,3.140463,1.000000,0.774369,-1,-1,-1,-1,-1,0.068679
7770,411,0,18666,45.416058,0.000000,30.000000,-1,42.104039,42.104039,-1,19,0,1663,20,0,741,2361,0,240,5.564079,3.188441,3.188441,1.000000,0.791519,-1,-1,-1,-1,-1,0.070205
7780,405,0,18333,45.266667,0.000000,30.000000,-1,42.108220,42.108220,-1,19,0,1576,21,0,717,2200,0,255,5.562163,3.162587,3.162587,1.000000,0.779569,-1,-1,-1,-1,-1,0.069866
7790,401,0,18204,45.396509,0.000000,30.000000,-1,42.072127,42.072127,-1,16,0,1646,26,0,722,2214,0,177,5.513772,3.160297,3.160297,1.000000,0.792982,-1,-1,-1,-1,-1,0.069615
7800,411,0,18871,45.914842,0.000000,30.000000,-1,42.076096,42.076096,-1,17,0,1676,21,0,741,2065,0,202,5.408949,3.151472,3.151472,1.000000,0.784861,-1,-1,-1,-1,-1,0.068637
7810,394,0,17597,44.662437,0.000000,30.000000,-1,42.073308,42.073308,-1,22,0,1589,18,0,706,2171,0,279,5.447152,3.100709,3.100709,1.000000,0.776466,-1,-1,-1,-1,-1,0.069425
7820,414,0,18687,45.137681,0.000000,30.000000,-1,42.120833,42.120833,-1,24,0,1538,15,0,666,2074,0,305,5.426027,3.124813,3.124813,1.000000,0.769770,-1,-1,-1,-1,-1,0.069228
7830,412,0,18853,45.759709,0.000000,30.000000,-1,42.095051,42.095051,-1,23,0,1365,25,0,751,2353,0,295,5.178407,3.108116,3.108116,1.000000,0.773224,-1,-1,-1,-1,-1,0.067923
7840,395,0,18044,45.681013,0.000000,30.000000,-1,42.054810,42.054810,-1,15,0,1734,21,0,728,2109,0,203,5.387427,3.089486,3.089486,1.000000,0.789780,-1,-1,-1,-1,-1,0.067632
7850,389,0,17880,45.964010,0.000000,30.000000,-1,42.015828,42.015828,-1,18,0,1730,21,0,685,1820,0,230,5.502872,3.170773,3.170773,1.000000,0.780552,-1,-1,-1,-1,-1,0.068984
7860,394,0,17922,45.487310,0.000000,30.000000,-1,42.047484,42.047484,-1,15,0,1727,17,0,661,1666,0,197,5.662731,3.179063,3.179063,1.000000,0.785100,-1,-1,-1,-1,-1,0.069889
7870,377,0,17264,45.793103,0.000000,30.000000,-1,42.053174,42.053174,-1,22,0,1633,17,0,657,1664,0,296,5.551895,3.258197,3.258197,1.000000,0.774338,-1,-1,-1,-1,-1,0.071150
7880,403,0,17946,44.531017,0.000000,30.000000,-1,42.058397,42.058397,-1,26,0,1639,22,0,662,1947,0,338,5.391456,3.072209,3.072209,1.000000,0.767638,-1,-1,-1,-1,-1,0.068990
7890,391,0,17846,45.641944,0.000000,30.000000,-1,42.045220,42.045220,-1,21,0,1805,18,0,667,1757,0,272,5.688750,3.295539,3.295539,1.000000,0.774819,-1,-1,-1,-1,-1,0.072204
7900,385,0,17647,45.836364,0.000000,30.000000,-1,42.050150,42.050150,-1,21,0,1444,25,0,620,1619,0,262,5.683801,3.378228,3.378228,1.000000,0.774002,-1,-1,-1,-1,-1,0.073702
7910,408,0,18863,46.232843,0.000000,30.000000,-1,42.088109,42.088109,-1,15,0,1472,14,0,715,1948,0,184,5.268388,3.235581,3.235581,1.000000,0.802855,-1,-1,-1,-1,-1,0.069984
7920,405,0,18426,45.496296,0.000000,30.000000,-1,42.063226,42.063226,-1,20,0,1673,20,0,720,2296,0,256,5.488427,3.197640,3.197640,1.000000,0.782263,-1,-1,-1,-1,-1,0.070284
7930,401,0,18420,45.935162,0.000000,30.000000,-1,42.034799,42.034799,-1,18,0,1672,23,0,683,2345,0,209,5.369522,3.072706,3.072706,1.000000,0.778334,-1,-1,-1,-1,-1,0.066892
7940,411,0,18487,44.980535,0.000000,30.000000,-1,42.040353,42.040353,-1,28,0,1779,17,0,734,1623,0,336,5.294650,3.061740,3.061740,1.000000,0.759907,-1,-1,-1,-1,-1,0.068068
7950,390,0,17687,45.351282,0.000000,30.000000,-1,42.064058,42.064058,-1,19,0,1402,26,0,684,1807,0,230,5.720516,3.357262,3.357262,1.000000,0.781218,-1,-1,-1,-1,-1,0.074028
7960,401,0,18488,46.104738,0.000000,30.000000,-1,42.046949,42.046949,-1,15,0,1843,20,0,708,1707,0,205,5.640280,3.280988,3.280988,1.000000,0.791659,-1,-1,-1,-1,-1,0.071164
7970,404,0,18094,44.787129,0.000000,30.000000,-1,42.057588,42.057588,-1,23,0,1578,23,0,702,1785,0,298,5.394223,3.053914,3.053914,1.000000,0.769679,-1,-1,-1,-1,-1,0.068187
7980,400,0,17916,44.790000,0.000000,30.000000,-1,42.063016,42.063016,-1,26,0,1628,19,0,710,2051,0,326,5.518099,3.169401,3.169401,1.000000,0.765088,-1,-1,-1,-1,-1,0.070761
7990,392,0,18063,46.079082,0.000000,30.000000,-1,42.093506,42.093506,-1,15,0,1488,12,0,662,1834,0,200,5.431098,3.150048,3.150048,1.000000,0.789915,-1,-1,-1,-1,-1,0.068362
8000,393,0,17763,45.198473,0.000000,30.000000,-1,42.011203,42.011203,-1,20,0,1651,17,0,747,2080,0,265,5.404341,3.108927,3.108927,1.000000,0.775506,-1,-1,-1,-1,-1,0.068784
8010,398,0,18014,45.261307,0.000000,30.000000,-1,42.043855,42.043855,-1,18,0,1645,27,0,700,1515,0,233,5.528470,3.212616,3.212616,1.000000,0.786304,-1,-1,-1,-1,-1,0.070979
8020,412,0,18801,45.633495,0.000000,30.000000,-1,42.037604,42.037604,-1,16,0,1508,21,0,691,2120,0,197,5.545863,3.227484,3.227484,1.000000,0.786971,-1,-1,-1,-1,-1,0.070726
8030,413,0,18791,45.498789,0.000000,30.000000,-1,42.029802,42.029802,-1,24,0,1795,18,0,769,2247,0,290,5.615509,3.270805,3.270805,1.000000,0.773852,-1,-1,-1,-1,-1,0.071888
8040,403,0,18317,45.451613,0.000000,30.000000,-1,42.042420,42.042420,-1,22,0,1706,14,0,678,1725,0,278,5.378557,3.082036,3.082036,1.000000,0.774964,-1,-1,-1,-1,-1,0.067809
8050,408,0,18343,44.958333,0.000000,30.000000,-1,42.102055,42.102055,-1,24,0,1826,17,0,633,1778,0,314,5.786715,3.284364,3.284364,1.000000,0.771226,-1,-1,-1,-1,-1,0.073053
8060,417,0,19192,46.023981,0.000000,30.000000,-1,42.088943,42.088943,-1,16,0,1642,17,0,720,2258,0,178,5.154191,3.003512,3.003512,1.000000,0.794736,-1,-1,-1,-1,-1,0.065260
8070,410,0,18273,44.568293,0.000000,30.000000,-1,42.063317,42.063317,-1,29,0,1878,15,0,730,2120,0,349,5.720343,3.234361,3.234361,1.000000,0.752628,-1,-1,-1,-1,-1,0.072571
8080,410,0,19404,47.326829,0.000000,30.000000,-1,42.041641,42.041641,-1,11,0,1641,15,0,691,1841,0,137,5.443996,3.226736,3.226736,1.000000,0.799769,-1,-1,-1,-1,-1,0.068180
8090,404,0,18276,45.237624,0.000000,30.000000,-1,42.001915,42.001915,-1,23,0,1450,22,0,735,1972,0,301,5.400607,3.200230,3.200230,1.000000,0.773624,-1,-1,-1,-1,-1,0.070743
8100,440,0,20021,45.502273,0.000000,30.000000,-1,42.008291,42.008291,-1,21,0,1938,22,0,784,2121,0,279,5.297586,3.008582,3.008582,1.000000,0.773313,-1,-1,-1,-1,-1,0.066119
8110,421,0,19015,45.166271,0.000000,30.000000,-1,42.042125,42.042125,-1,28,0,1588,10,0,755,2258,0,374,5.524833,3.229323,3.229323,1.000000,0.760522,-1,-1,-1,-1,-1,0.071499
8120,396,0,18216,46.000000,0.000000,30.000000,-1,42.093050,42.093050,-1,17,0,1710,26,0,681,1867,0,189,5.478997,3.109386,3.109386,1.000000,0.775382,-1,-1,-1,-1,-1,0.067595
8130,409,0,18851,46.090465,0.000000,30.000000,-1,42.046417,42.046417,-1,18,0,1574,18,0,740,2247,0,197,5.605823,3.331461,3.331461,1.000000,0.786449,-1,-1,-1,-1,-1,0.072281
8140,391,0,18099,46.289003,0.000000,30.000000,-1,42.028399,42.028399,-1,15,0,1684,22,0,728,2087,0,184,5.400910,3.128136,3.128136,1.000000,0.786798,-1,-1,-1,-1,-1,0.067578
8150,401,0,18330,45.710723,0.000000,30.000000,-1,41.993235,41.993235,-1,19,0,1590,16,0,669,2264,0,244,5.385317,3.089924,3.089924,1.000000,0.783762,-1,-1,-1,-1,-1,0.067597
8160,398,0,18134,45.562814,0.000000,30.000000,-1,41.962226,41.962226,-1,21,0,1770,18,0,696,1837,0,215,5.563207,3.132534,3.132534,1.000000,0.774341,-1,-1,-1,-1,-1,0.068752
8170,402,0,18328,45.592040,0.000000,30.000000,-1,41.922032,41.922032,-1,18,0,1593,17,0,705,1820,0,233,5.737443,3.377952,3.377952,1.000000,0.789808,-1,-1,-1,-1,-1,0.074091
8180,416,0,19279,46.343750,0.000000,30.000000,-1,41.932050,41.932050,-1,14,0,1748,15,0,692,2211,0,180,5.614371,3.321813,3.321813,1.000000,0.793560,-1,-1,-1,-1,-1,0.071678
8190,420,0,19492,46.409524,0.000000,30.000000,-1,41.961933,41.961933,-1,12,0,1829,21,0,736,2210,0,138,5.129380,2.956731,2.956731,1.000000,0.792093,-1,-1,-1,-1,-1,0.063710
8200,404,0,18569,45.962871,0.000000,30.000000,-1,41.888847,41.888847,-1,12,0,2101,24,0,722,1530,0,159,5.568120,3.042795,3.042795,1.000000,0.791008,-1,-1,-1,-1,-1,0.066201
8210,386,0,17290,44.792746,0.000000,30.000000,-1,41.945171,41.945171,-1,19,0,1604,19,0,634,1878,0,249,5.548092,3.117958,3.117958,1.000000,0.772543,-1,-1,-1,-1,-1,0.069609
8220,387,0,18045,46.627907,0.000000,30.000000,-1,41.937434,41.937434,-1,11,0,1653,18,0,657,1804,0,124,5.826759,3.379467,3.379467,1.000000,0.797775,-1,-1,-1,-1,-1,0.072477
8230,408,0,19118,46.857843,0.000000,30.000000,-1,41.981065,41.981065,-1,14,0,1561,11,0,665,1740,0,194,5.253984,3.232361,3.232361,1.000000,0.798988,-1,-1,-1,-1,-1,0.068982
8240,423,0,19057,45.052009,0.000000,30.000000,-1,42.006927,42.006927,-1,21,0,1758,24,0,761,2322,0,256,5.196650,2.972099,2.972099,1.000000,0.778642,-1,-1,-1,-1,-1,0.065970
8250,411,0,18665,45.413625,0.000000,30.000000,-1,41.998339,41.998339,-1,21,0,1561,21,0,722,1904,0,281,5.383462,3.108138,3.108138,1.000000,0.774897,-1,-1,-1,-1,-1,0.068441
8260,391,0,18009,46.058824,0.000000,30.000000,-1,41.998834,41.998834,-1,17,0,1405,18,0,693,1698,0,220,5.539896,3.359751,3.359751,1.000000,0.789999,-1,-1,-1,-1,-1,0.072945
8270,411,0,18398,44.763990,0.000000,30.000000,-1,41.994293,41.994293,-1,22,0,1748,24,0,735,2210,0,249,5.454876,3.079592,3.079592,1.000000,0.775090,-1,-1,-1,-1,-1,0.068796
8280,404,0,18352,45.425743,0.000000,30.000000,-1,42.007356,42.007356,-1,21,0,1602,14,0,667,1854,0,256,5.618891,3.320760,3.320760,1.000000,0.777837,-1,-1,-1,-1,-1,0.073103
8290,406,0,18515,45.603448,0.000000,30.000000,-1,41.939022,41.939022,-1,18,0,1706,19,0,760,1892,0,213,5.358588,3.096920,3.096920,1.000000,0.778466,-1,-1,-1,-1,-1,0.067910
8300,382,0,17671,46.259162,0.000000,30.000000,-1,41.959821,41.959821,-1,18,0,1451,18,0,621,2104,0,235,5.693491,3.398756,3.398756,1.000000,0.776038,-1,-1,-1,-1,-1,0.073472
8310,400,0,18334,45.835000,0.000000,30.000000,-1,41.985819,41.985819,-1,23,0,1567,22,0,725,1943,0,282,5.356009,3.174011,3.174011,1.000000,0.770621,-1,-1,-1,-1,-1,0.069249
8320,405,0,18806,46.434568,0.000000,30.000000,-1,41.978411,41.978411,-1,14,0,1665,16,0,718,2029,0,150,5.445109,3.124909,3.124909,1.000000,0.792669,-1,-1,-1,-1,-1,0.067297
8330,395,0,17530,44.379747,0.000000,30.000000,-1,41.941415,41.941415,-1,22,0,1646,24,0,638,1584,0,270,5.788920,3.222533,3.222533,1.000000,0.773006,-1,-1,-1,-1,-1,0.072613
8340,390,0,18212,46.697436,0.000000,30.000000,-1,41.936690,41.936690,-1,12,0,1552,24,0,697,1814,0,176,5.555055,3.261062,3.261062,1.000000,0.790568,-1,-1,-1,-1,-1,0.069834
8350,395,0,18221,46.129114,0.000000,30.000000,-1,41.942758,41.942758,-1,13,0,1576,17,0,663,1914,0,150,5.744635,3.411845,3.411845,1.000000,0.798195,-1,-1,-1,-1,-1,0.073963
8360,400,0,18351,45.877500,0.000000,30.000000,-1,41.938859,41.938859,-1,16,0,1948,17,0,692,2132,0,198,5.643009,3.253657,3.253658,1.000000,0.791445,-1,-1,-1,-1,-1,0.070921
8370,397,0,18214,45.879093,0.000000,30.000000,-1,41.965960,41.965960,-1,16,0,1783,23,0,696,1837,0,215,5.629447,3.215821,3.215821,1.000000,0.784412,-1,-1,-1,-1,-1,0.070093
8380,415,0,19246,46.375904,0.000000,30.000000,-1,41.969916,41.969916,-1,20,0,1475,9,0,720,2116,0,248,5.457517,3.307372,3.307372,1.000000,0.779552,-1,-1,-1,-1,-1,0.071317
8390,407,0,18761,46.095823,0.000000,30.000000,-1,41.945952,41.945952,-1,16,0,1544,20,0,724,1934,0,216,5.450987,3.244208,3.244208,1.000000,0.789051,-1,-1,-1,-1,-1,0.070380
8400,405,0,18244,45.046914,0.000000,30.000000,-1,41.882263,41.882263,-1,20,0,1810,22,0,650,1771,0,229,5.538334,3.135387,3.135387,1.000000,0.780760,-1,-1,-1,-1,-1,0.069603
8410,390,0,17908,45.917949,0.000000,30.000000,-1,41.878937,41.878937,-1,13,0,1452,18,0,682,1825,0,166,5.481684,3.109402,3.109402,1.000000,0.785448,-1,-1,-1,-1,-1,0.067716
8420,403,0,18458,45.801489,0.000000,30.000000,-1,41.877018,41.877018,-1,20,0,1514,16,0,697,2101,0,227,5.473505,3.286391,3.286391,1.000000,0.784734,-1,-1,-1,-1,-1,0.071753
8430,396,0,18298,46.207071,0.000000,30.000000,-1,41.884086,41.884086,-1,16,0,1693,25,0,710,1712,0,220,5.595178,3.212241,3.212241,1.000000,0.787869,-1,-1,-1,-1,-1,0.069518
8440,421,0,19038,45.220903,0.000000,30.000000,-1,41.893056,41.893056,-1,21,0,1875,14,0,718,1844,0,264,5.559786,3.215919,3.215919,1.000000,0.781205,-1,-1,-1,-1,-1,0.071116
8450,404,0,18041,44.655941,0.000000,30.000000,-1,41.955158,41.955158,-1,23,0,1620,23,0,726,1935,0,283,5.535236,3.142982,3.142982,1.000000,0.767195,-1,-1,-1,-1,-1,0.070382
8460,391,0,18339,46.902813,0.000000,30.000000,-1,41.944926,41.944926,-1,14,0,1589,17,0,684,1895,0,178,5.595766,3.340844,3.340844,1.000000,0.793019,-1,-1,-1,-1,-1,0.071229
8470,396,0,18474,46.651515,0.000000,30.000000,-1,41.959294,41.959294,-1,15,0,1679,22,0,691,2091,0,192,5.525616,3.203701,3.203701,1.000000,0.790296,-1,-1,-1,-1,-1,0.068673
8480,407,0,18378,45.154791,0.000000,30.000000,-1,42.017412,42.017412,-1,19,0,1903,15,0,688,1683,0,235,5.583728,3.033682,3.033682,1.000000,0.769754,-1,-1,-1,-1,-1,0.067184
8490,391,0,18111,46.319693,0.000000,30.000000,-1,42.008393,42.008393,-1,18,0,1527,24,0,649,1871,0,240,5.716033,3.370558,3.370558,1.000000,0.783332,-1,-1,-1,-1,-1,0.072767
8500,404,0,18206,45.064356,0.000000,30.000000,-1,42.031638,42.031638,-1,20,0,1597,22,0,695,1767,0,267,5.492962,3.208122,3.208122,1.000000,0.778715,-1,-1,-1,-1,-1,0.071190
8510,396,0,18197,45.952020,0.000000,30.000000,-1,42.045007,42.045007,-1,18,0,1444,21,0,695,1988,0,209,5.701284,3.298355,3.298355,1.000000,0.779225,-1,-1,-1,-1,-1,0.071778
8520,382,0,17665,46.243455,0.000000,30.000000,-1,42.085480,42.085480,-1,17,0,1464,22,0,622,1665,0,216,5.646954,3.345816,3.345816,1.000000,0.777521,-1,-1,-1,-1,-1,0.072352
8530,399,0,17982,45.067669,0.000000,30.000000,-1,42.079802,42.079802,-1,20,0,1666,17,0,678,1878,0,224,5.495340,3.188155,3.188155,1.000000,0.779886,-1,-1,-1,-1,-1,0.070742
8540,388,0,17673,45.548969,0.000000,30.000000,-1,42.072314,42.072314,-1,17,0,1318,22,0,675,1936,0,239,5.259483,3.137302,3.137302,1.000000,0.790976,-1,-1,-1,-1,-1,0.068878
8550,398,0,17930,45.050251,0.000000,30.000000,-1,42.067875,42.067875,-1,25,0,1761,23,0,696,1737,0,321,5.592880,3.195227,3.195227,1.000000,0.765514,-1,-1,-1,-1,-1,0.070926
8560,410,0,18501,45.124390,0.000000,30.000000,-1,42.117940,42.117940,-1,27,0,1707,16,0,693,2393,0,345,5.442499,3.118476,3.118476,1.000000,0.763603,-1,-1,-1,-1,-1,0.069108
8570,416,0,19234,46.235577,0.000000,30.000000,-1,42.185661,42.185661,-1,15,0,1549,20,0,738,1959,0,194,5.374098,3.136605,3.136605,1.000000,0.785392,-1,-1,-1,-1,-1,0.067840
8580,418,0,18730,44.808612,0.000000,30.000000,-1,42.182274,42.182274,-1,20,0,1939,20,0,722,1983,0,271,5.480203,2.949279,2.949279,1.000000,0.766068,-1,-1,-1,-1,-1,0.065819
8590,413,0,18346,44.421308,0.000000,30.000000,-1,42.178240,42.178240,-1,26,0,1731,23,0,691,2036,0,318,5.402752,3.052454,3.052454,1.000000,0.763608,-1,-1,-1,-1,-1,0.068716
8600,413,0,18707,45.295400,0.000000,30.000000,-1,42.140001,42.140001,-1,22,0,1731,16,0,679,1975,0,274,5.391957,3.142922,3.142922,1.000000,0.775895,-1,-1,-1,-1,-1,0.069387
8610,390,0,17912,45.928205,0.000000,30.000000,-1,42.172231,42.172231,-1,21,0,1696,19,0,727,1581,0,278,5.745024,3.423352,3.423352,1.000000,0.782119,-1,-1,-1,-1,-1,0.074537
8620,387,0,17647,45.599483,0.000000,30.000000,-1,42.175384,42.175384,-1,21,0,1321,22,0,684,1796,0,267,5.494410,3.343661,3.343661,1.000000,0.777046,-1,-1,-1,-1,-1,0.073327
8630,400,0,18321,45.802500,0.000000,30.000000,-1,42.129251,42.129251,-1,17,0,1665,22,0,709,1782,0,216,5.685409,3.312091,3.312091,1.000000,0.788708,-1,-1,-1,-1,-1,0.072312
8640,418,0,18734,44.818182,0.000000,30.000000,-1,42.153838,42.153838,-1,25,0,1546,21,0,703,1765,0,303,5.286384,3.087562,3.087562,1.000000,0.767547,-1,-1,-1,-1,-1,0.068891
8650,400,0,18409,46.022500,0.000000,30.000000,-1,42.195448,42.195448,-1,16,0,1690,16,0,681,2193,0,209,5.661528,3.294445,3.294445,1.000000,0.789675,-1,-1,-1,-1,-1,0.071583
8660,413,0,19040,46.101695,0.000000,30.000000,-1,42.244275,42.244275,-1,15,0,1661,19,0,658,2219,0,198,5.355497,3.145483,3.145483,1.000000,0.793621,-1,-1,-1,-1,-1,0.068229
8670,411,0,18463,44.922141,0.000000,30.000000,-1,42.254184,42.254184,-1,26,0,1562,21,0,738,1560,0,331,5.359893,3.150593,3.150593,1.000000,0.772704,-1,-1,-1,-1,-1,0.070135
8680,405,0,18738,46.266667,0.000000,30.000000,-1,42.295015,42.295015,-1,15,0,1627,17,0,703,2331,0,202,5.276453,3.146592,3.146592,1.000000,0.800282,-1,-1,-1,-1,-1,0.068010
8690,415,0,18941,45.640964,0.000000,30.000000,-1,42.340690,42.340690,-1,18,0,1897,15,0,721,1938,0,192,5.455065,3.091579,3.091579,1.000000,0.783790,-1,-1,-1,-1,-1,0.067737
8700,408,0,18442,45.200980,0.000000,30.000000,-1,42.359072,42.359072,-1,19,0,1732,20,0,663,1952,0,239,5.388536,3.148773,3.148773,1.000000,0.787252,-1,-1,-1,-1,-1,0.069662
8710,399,0,18576,46.556391,0.000000,30.000000,-1,42.413006,42.413006,-1,15,0,1580,19,0,699,1820,0,184,5.568537,3.330238,3.330238,1.000000,0.798600,-1,-1,-1,-1,-1,0.071531
8720,399,0,18509,46.388471,0.000000,30.000000,-1,42.422281,42.422281,-1,16,0,1369,25,0,722,2082,0,207,5.377397,3.285869,3.285869,1.000000,0.792411,-1,-1,-1,-1,-1,0.070834
8730,393,0,18061,45.956743,0.000000,30.000000,-1,42.378993,42.378993,-1,18,0,1735,22,0,746,1637,0,277,5.697767,3.385960,3.385960,1.000000,0.792118,-1,-1,-1,-1,-1,0.073677
8740,409,0,18602,45.481663,0.000000,30.000000,-1,42.393560,42.393560,-1,24,0,1605,19,0,740,2234,0,286,5.263856,3.141546,3.141546,1.000000,0.776505,-1,-1,-1,-1,-1,0.069073
8750,396,0,18225,46.022727,0.000000,30.000000,-1,42.395940,42.395940,-1,18,0,1603,15,0,662,1873,0,240,5.479352,3.326745,3.326745,1.000000,0.790761,-1,-1,-1,-1,-1,0.072285
8760,399,0,18205,45.626566,0.000000,30.000000,-1,42.383960,42.383960,-1,17,0,1679,15,0,743,2050,0,219,5.478324,3.166622,3.166622,1.000000,0.793015,-1,-1,-1,-1,-1,0.069403
8770,372,0,17333,46.594086,0.000000,30.000000,-1,42.320775,42.320775,-1,15,0,1367,20,0,678,1681,0,189,5.682394,3.514354,3.514354,1.000000,0.797331,-1,-1,-1,-1,-1,0.075425
8780,401,0,18559,46.281796,0.000000,30.000000,-1,42.356215,42.356215,-1,14,0,1751,17,0,744,1558,0,179,5.338749,3.059977,3.059977,1.000000,0.799738,-1,-1,-1,-1,-1,0.066116
8790,411,0,18414,44.802920,0.000000,30.000000,-1,42.354947,42.354947,-1,23,0,1748,19,0,739,2205,0,292,5.402352,3.055996,3.055996,1.000000,0.774358,-1,-1,-1,-1,-1,0.068210
8800,396,0,17853,45.083333,0.000000,30.000000,-1,42.284098,42.284098,-1,20,0,1658,23,0,748,1855,0,225,5.310806,3.092813,3.092813,1.000000,0.784444,-1,-1,-1,-1,-1,0.068602
8810,392,0,18085,46.135204,0.000000,30.000000,-1,42.264750,42.264750,-1,15,0,1580,14,0,708,1894,0,197,5.513030,3.323826,3.323826,1.000000,0.798425,-1,-1,-1,-1,-1,0.072045
8820,397,0,18511,46.627204,0.000000,30.000000,-1,42.232726,42.232726,-1,12,0,1852,11,0,710,1914,0,138,5.854338,3.394433,3.394433,1.000000,0.802465,-1,-1,-1,-1,-1,0.072799
8830,406,0,18407,45.337438,0.000000,30.000000,-1,42.239909,42.239909,-1,18,0,1617,25,0,676,1769,0,220,5.363145,3.154037,3.154037,1.000000,0.791851,-1,-1,-1,-1,-1,0.069568
8840,411,0,18775,45.681265,0.000000,30.000000,-1,42.187004,42.187004,-1,18,0,1608,15,0,758,1999,0,238,5.371737,3.142572,3.142572,1.000000,0.790558,-1,-1,-1,-1,-1,0.068793
8850,394,0,18137,46.032995,0.000000,30.000000,-1,42.114407,42.114407,-1,12,0,1655,23,0,617,1678,0,152,5.715859,3.309462,3.309462,1.000000,0.801405,-1,-1,-1,-1,-1,0.071893
8860,405,0,18074,44.627160,0.000000,30.000000,-1,42.158017,42.158017,-1,32,0,1419,23,0,665,1667,0,384,5.586712,3.407762,3.407762,1.000000,0.768640,-1,-1,-1,-1,-1,0.076361
8870,398,0,18164,45.638191,0.000000,30.000000,-1,42.124367,42.124367,-1,18,0,1786,19,0,664,1758,0,224,5.773280,3.318249,3.318249,1.000000,0.787978,-1,-1,-1,-1,-1,0.072708
8880,418,0,18846,45.086124,0.000000,30.000000,-1,42.168683,42.168683,-1,26,0,1629,15,0,718,2259,0,341,5.397320,3.129451,3.129451,1.000000,0.767538,-1,-1,-1,-1,-1,0.069411
8890,419,0,19638,46.868735,0.000000,30.000000,-1,42.178531,42.178531,-1,11,0,1883,20,0,742,2204,0,141,5.277716,3.023114,3.023114,1.000000,0.802851,-1,-1,-1,-1,-1,0.064502
8900,395,0,17747,44.929114,0.000000,30.000000,-1,42.233561,42.233561,-1,22,0,1562,21,0,711,2183,0,277,5.383428,3.164854,3.164854,1.000000,0.779145,-1,-1,-1,-1,-1,0.070441
8910,390,0,17562,45.030769,0.000000,30.000000,-1,42.251338,42.251338,-1,23,0,1577,26,0,640,1745,0,319,5.577870,3.305524,3.305524,1.000000,0.776914,-1,-1,-1,-1,-1,0.073406
8920,415,0,19047,45.896386,0.000000,30.000000,-1,42.218670,42.218670,-1,17,0,1708,10,0,742,2120,0,214,5.425814,3.182218,3.182218,1.000000,0.790394,-1,-1,-1,-1,-1,0.069335
8930,402,0,18272,45.452736,0.000000,30.000000,-1,42.178141,42.178141,-1,20,0,1766,13,0,742,2052,0,260,5.213612,3.031649,3.031649,1.000000,0.789870,-1,-1,-1,-1,-1,0.066699
8940,407,0,18611,45.727273,0.000000,30.000000,-1,42.121487,42.121487,-1,17,0,1889,24,0,681,2374,0,227,5.496721,3.206450,3.206450,1.000000,0.792694,-1,-1,-1,-1,-1,0.070121
8950,414,0,18659,45.070048,0.000000,30.000000,-1,42.128410,42.128410,-1,22,0,1595,26,0,734,1964,0,309,5.303177,3.161281,3.161281,1.000000,0.784231,-1,-1,-1,-1,-1,0.070141
8960,400,0,18749,46.872500,0.000000,30.000000,-1,42.148008,42.148008,-1,13,0,1629,24,0,708,2221,0,145,5.306534,3.087752,3.087752,1.000000,0.792310,-1,-1,-1,-1,-1,0.065876
8970,414,0,18686,45.135266,0.000000,30.000000,-1,42.157444,42.157444,-1,25,0,1651,19,0,753,1598,0,312,5.396203,3.292203,3.292203,1.000000,0.786920,-1,-1,-1,-1,-1,0.072941
8980,393,0,18364,46.727735,0.000000,30.000000,-1,42.140656,42.140656,-1,14,0,1584,19,0,685,1627,0,173,5.620872,3.327025,3.327025,1.000000,0.796694,-1,-1,-1,-1,-1,0.071200
8990,411,0,19102,46.476886,0.000000,30.000000,-1,42.139671,42.139671,-1,15,0,1972,18,0,781,2280,0,169,5.384770,3.138923,3.138923,1.000000,0.797632,-1,-1,-1,-1,-1,0.067537
9000,391,0,17735,45.358056,0.000000,30.000000,-1,42.117677,42.117677,-1,19,0,1534,20,0,661,1868,0,222,5.604997,3.296842,3.296842,1.000000,0.787274,-1,-1,-1,-1,-1,0.072685
9010,403,0,17925,44.478908,0.000000,30.000000,-1,42.094170,42.094170,-1,23,0,1674,15,0,692,2008,0,280,5.651878,3.254834,3.254834,1.000000,0.784056,-1,-1,-1,-1,-1,0.073177
9020,401,0,18147,45.254364,0.000000,30.000000,-1,42.068221,42.068221,-1,25,0,1597,24,0,663,1724,0,306,5.490182,3.271248,3.271248,1.000000,0.782223,-1,-1,-1,-1,-1,0.072286
9030,396,0,18169,45.881313,0.000000,30.000000,-1,42.065496,42.065496,-1,18,0,1773,16,0,716,1904,0,198,5.593302,3.282239,3.282239,1.000000,0.792053,-1,-1,-1,-1,-1,0.071538
9040,405,0,18890,46.641975,0.000000,30.000000,-1,42.026681,42.026681,-1,14,0,1747,11,0,760,1949,0,161,5.549065,3.286326,3.286326,1.000000,0.802892,-1,-1,-1,-1,-1,0.070459
9050,417,0,19808,47.501199,0.000000,30.000000,-1,42.051848,42.051848,-1,8,0,1720,13,0,766,2394,0,101,5.646485,3.380693,3.380693,1.000000,0.815694,-1,-1,-1,-1,-1,0.071171
9060,420,0,19614,46.700000,0.000000,30.000000,-1,42.078209,42.078209,-1,14,0,1729,17,0,713,1869,0,166,5.144128,3.061484,3.061484,1.000000,0.803005,-1,-1,-1,-1,-1,0.065556
9070,406,0,18496,45.556650,0.000000,30.000000,-1,42.060932,42.060932,-1,23,0,1688,24,0,732,2062,0,310,5.225924,3.228686,3.228686,1.000000,0.790957,-1,-1,-1,-1,-1,0.070872
9080,386,0,17576,45.533679,0.000000,30.000000,-1,42.051604,42.051604,-1,22,0,1556,22,0,694,1713,0,297,5.326542,3.199056,3.199056,1.000000,0.783826,-1,-1,-1,-1,-1,0.070257
9090,400,0,17912,44.780000,0.000000,30.000000,-1,42.039694,42.039694,-1,21,0,1477,29,0,682,1747,0,279,5.547492,3.370008,3.370008,1.000000,0.792138,-1,-1,-1,-1,-1,0.075257
9100,396,0,17996,45.444444,0.000000,30.000000,-1,41.982441,41.982441,-1,21,0,1496,25,0,648,1953,0,282,5.464008,3.314190,3.314190,1.000000,0.789264,-1,-1,-1,-1,-1,0.072928
9110,400,0,17714,44.285000,0.000000,30.000000,-1,41.944677,41.944677,-1,27,0,1614,18,0,651,2165,0,330,5.375383,3.215450,3.215450,1.000000,0.774446,-1,-1,-1,-1,-1,0.072608
9120,405,0,18636,46.014815,0.000000,30.000000,-1,41.945911,41.945911,-1,13,0,1860,23,0,692,1821,0,149,5.498624,3.203316,3.203316,1.000000,0.810058,-1,-1,-1,-1,-1,0.069615
9130,433,0,19710,45.519630,0.000000,30.000000,-1,41.950989,41.950989,-1,17,0,2135,10,0,713,2205,0,214,5.361692,2.954595,2.954595,1.000000,0.796907,-1,-1,-1,-1,-1,0.064908
9140,396,0,17580,44.393939,0.000000,30.000000,-1,42.027304,42.027304,-1,27,0,1589,24,0,663,1561,0,313,5.250178,3.100772,3.100772,1.000000,0.770942,-1,-1,-1,-1,-1,0.069847
9150,398,0,17809,44.746231,0.000000,30.000000,-1,41.988994,41.988994,-1,23,0,1598,17,0,672,1893,0,288,5.420336,3.165929,3.165929,1.000000,0.786034,-1,-1,-1,-1,-1,0.070753
9160,402,0,18470,45.945274,0.000000,30.000000,-1,41.982891,41.982891,-1,18,0,1676,16,0,693,2110,0,249,5.556899,3.257600,3.257600,1.000000,0.797956,-1,-1,-1,-1,-1,0.070902
9170,400,0,17958,44.895000,0.000000,30.000000,-1,41.961299,41.961299,-1,24,0,1730,19,0,712,1866,0,323,5.579169,3.241426,3.241426,1.000000,0.782646,-1,-1,-1,-1,-1,0.072200
9180,399,0,17939,44.959900,0.000000,30.000000,-1,41.921512,41.921512,-1,24,0,1768,17,0,732,2196,0,318,5.725242,3.328941,3.328941,1.000000,0.779376,-1,-1,-1,-1,-1,0.074042
9190,391,0,18067,46.207161,0.000000,30.000000,-1,41.930481,41.930481,-1,13,0,1727,12,0,680,1847,0,182,5.595484,3.257152,3.257152,1.000000,0.805636,-1,-1,-1,-1,-1,0.070490
9200,399,0,18466,46.280702,0.000000,30.000000,-1,41.883732,41.883732,-1,13,0,1653,14,0,719,1800,0,156,5.437242,3.310222,3.310222,1.000000,0.818265,-1,-1,-1,-1,-1,0.071525
9210,402,0,18179,45.221393,0.000000,30.000000,-1,41.837505,41.837505,-1,24,0,1641,20,0,736,1600,0,316,5.552884,3.284714,3.284714,1.000000,0.781250,-1,-1,-1,-1,-1,0.072636
9220,392,0,18424,47.000000,0.000000,30.000000,-1,41.830004,41.830004,-1,14,0,1511,20,0,676,2159,0,170,5.493110,3.414324,3.414324,1.000000,0.806198,-1,-1,-1,-1,-1,0.072645
9230,398,0,18250,45.854271,0.000000,30.000000,-1,41.811616,41.811616,-1,18,0,1570,17,0,762,2164,0,212,5.555024,3.309417,3.309417,1.000000,0.798441,-1,-1,-1,-1,-1,0.072172
9240,410,0,18416,44.917073,0.000000,30.000000,-1,41.847632,41.847632,-1,26,0,1747,15,0,732,1749,0,344,5.397123,3.206477,3.206477,1.000000,0.778887,-1,-1,-1,-1,-1,0.071387
9250,409,0,18643,45.581907,0.000000,30.000000,-1,41.828890,41.828890,-1,19,0,1732,16,0,691,1860,0,243,5.420807,3.215938,3.215938,1.000000,0.794713,-1,-1,-1,-1,-1,0.070553
9260,408,0,18376,45.039216,0.000000,30.000000,-1,41.792556,41.792556,-1,22,0,1747,16,0,699,2014,0,263,5.630287,3.299452,3.299452,1.000000,0.789375,-1,-1,-1,-1,-1,0.073257
9270,394,0,18465,46.865482,0.000000,30.000000,-1,41.751747,41.751747,-1,12,0,1619,24,0,649,1963,0,162,5.611723,3.420426,3.420426,1.000000,0.813154,-1,-1,-1,-1,-1,0.072984
9280,403,0,18214,45.196030,0.000000,30.000000,-1,41.752059,41.752059,-1,23,0,1846,22,0,716,1682,0,304,5.359021,3.177117,3.177117,1.000000,0.793088,-1,-1,-1,-1,-1,0.070296
9290,393,0,17824,45.353690,0.000000,30.000000,-1,41.805487,41.805487,-1,17,0,1671,33,0,639,2027,0,223,5.289076,3.101206,3.101206,1.000000,0.797762,-1,-1,-1,-1,-1,0.068378
9300,395,0,17866,45.230380,0.000000,30.000000,-1,41.821449,41.821449,-1,25,0,1351,29,0,678,1625,0,298,5.244638,3.265911,3.265911,1.000000,0.784732,-1,-1,-1,-1,-1,0.072206
9310,397,0,18332,46.176322,0.000000,30.000000,-1,41.817969,41.817969,-1,15,0,1658,16,0,680,1533,0,181,5.639846,3.476023,3.476023,1.000000,0.809856,-1,-1,-1,-1,-1,0.075277
9320,390,0,17722,45.441026,0.000000,30.000000,-1,41.781853,41.781853,-1,18,0,1368,26,0,646,1844,0,233,5.469404,3.299175,3.299175,1.000000,0.799193,-1,-1,-1,-1,-1,0.072603
9330,408,0,18357,44.992647,0.000000,30.000000,-1,41.810372,41.810372,-1,26,0,1616,10,0,706,2162,0,319,5.718651,3.504855,3.504855,1.000000,0.788800,-1,-1,-1,-1,-1,0.077898
9340,420,0,18928,45.066667,0.000000,30.000000,-1,41.823225,41.823225,-1,22,0,1644,11,0,711,2443,0,278,5.453592,3.219538,3.219538,1.000000,0.787822,-1,-1,-1,-1,-1,0.071439
9350,422,0,19282,45.691943,0.000000,30.000000,-1,41.854735,41.854735,-1,22,0,1586,18,0,730,1737,0,270,5.172994,3.147701,3.147701,1.000000,0.792940,-1,-1,-1,-1,-1,0.068890
9360,417,0,18721,44.894484,0.000000,30.000000,-1,41.866193,41.866193,-1,22,0,1668,18,0,735,2094,0,247,5.538181,3.356075,3.356075,1.000000,0.792256,-1,-1,-1,-1,-1,0.074755
9370,417,0,18980,45.515588,0.000000,30.000000,-1,41.880242,41.880242,-1,20,0,1869,21,0,754,2339,0,245,5.350419,3.103275,3.103275,1.000000,0.791317,-1,-1,-1,-1,-1,0.068180
9380,399,0,18557,46.508772,0.000000,30.000000,-1,41.911031,41.911031,-1,17,0,1650,22,0,723,2032,0,221,5.612002,3.469034,3.469034,1.000000,0.804931,-1,-1,-1,-1,-1,0.074589
9390,415,0,18844,45.407229,0.000000,30.000000,-1,41.919762,41.919762,-1,19,0,1680,15,0,760,1948,0,237,5.251444,3.129279,3.129279,1.000000,0.793654,-1,-1,-1,-1,-1,0.068916
9400,397,0,18491,46.576826,0.000000,30.000000,-1,41.929155,41.929155,-1,16,0,1449,19,0,687,2163,0,197,5.554507,3.385640,3.385640,1.000000,0.799452,-1,-1,-1,-1,-1,0.072689
9410,391,0,18069,46.212276,0.000000,30.000000,-1,41.854613,41.854613,-1,14,0,1652,16,0,670,1765,0,180,5.506025,3.333702,3.333702,1.000000,0.808998,-1,-1,-1,-1,-1,0.072139
9420,400,0,18368,45.920000,0.000000,30.000000,-1,41.786204,41.786204,-1,16,0,1701,24,0,697,2272,0,206,5.570463,3.338485,3.338485,1.000000,0.799293,-1,-1,-1,-1,-1,0.072702
9430,415,0,18668,44.983133,0.000000,30.000000,-1,41.761838,41.761838,-1,27,0,1424,17,0,757,1796,0,327,5.039612,3.139218,3.139218,1.000000,0.782703,-1,-1,-1,-1,-1,0.069787
9440,407,0,18992,46.663391,0.000000,30.000000,-1,41.787700,41.787700,-1,18,0,1541,19,0,736,2204,0,249,5.375299,3.273467,3.273467,1.000000,0.796452,-1,-1,-1,-1,-1,0.070151
9450,414,0,19091,46.113527,0.000000,30.000000,-1,41.769211,41.769211,-1,14,0,1747,24,0,767,1970,0,175,5.360396,3.146160,3.146160,1.000000,0.804735,-1,-1,-1,-1,-1,0.068226
9460,408,0,18266,44.769608,0.000000,30.000000,-1,41.758075,41.758075,-1,22,0,1636,14,0,743,1899,0,275,5.425100,3.143177,3.143177,1.000000,0.792300,-1,-1,-1,-1,-1,0.070208
9470,401,0,18307,45.653367,0.000000,30.000000,-1,41.770088,41.770088,-1,14,0,1520,19,0,675,1715,0,174,5.614276,3.311030,3.311030,1.000000,0.804818,-1,-1,-1,-1,-1,0.072525
9480,401,0,18455,46.022444,0.000000,30.000000,-1,41.779030,41.779030,-1,17,0,1634,15,0,705,2077,0,211,5.457195,3.314210,3.314210,1.000000,0.803733,-1,-1,-1,-1,-1,0.072013
9490,391,0,18012,46.066496,0.000000,30.000000,-1,41.815567,41.815567,-1,18,0,1638,22,0,682,1817,0,209,5.522850,3.318095,3.318095,1.000000,0.797139,-1,-1,-1,-1,-1,0.072028
9500,383,0,17953,46.874674,0.000000,30.000000,-1,41.811731,41.811731,-1,13,0,1486,24,0,695,1792,0,159,5.544765,3.464933,3.464933,1.000000,0.809404,-1,-1,-1,-1,-1,0.073919
9510,402,0,18232,45.353234,0.000000,30.000000,-1,41.865840,41.865840,-1,23,0,1591,15,0,680,1714,0,322,5.466949,3.298035,3.298035,1.000000,0.790822,-1,-1,-1,-1,-1,0.072719
9520,422,0,19050,45.142180,0.000000,30.000000,-1,41.873176,41.873176,-1,23,0,1677,14,0,720,1812,0,300,5.377538,3.302669,3.302669,1.000000,0.793545,-1,-1,-1,-1,-1,0.073161
9530,406,0,18851,46.431034,0.000000,30.000000,-1,41.879370,41.879370,-1,15,0,1719,15,0,724,1713,0,191,5.601499,3.410875,3.410875,1.000000,0.799914,-1,-1,-1,-1,-1,0.073461
9540,417,0,18824,45.141487,0.000000,30.000000,-1,41.895134,41.895134,-1,21,0,1733,20,0,743,1842,0,269,5.376546,3.171815,3.171815,1.000000,0.794184,-1,-1,-1,-1,-1,0.070264
9550,420,0,19342,46.052381,0.000000,30.000000,-1,41.884552,41.884552,-1,21,0,1660,18,0,702,2221,0,257,5.420470,3.304814,3.304814,1.000000,0.792222,-1,-1,-1,-1,-1,0.071762
9560,422,0,19368,45.895735,0.000000,30.000000,-1,41.868649,41.868649,-1,17,0,1722,13,0,727,2025,0,216,5.199407,3.117339,3.117339,1.000000,0.801658,-1,-1,-1,-1,-1,0.067922
9570,418,0,19386,46.377990,0.000000,30.000000,-1,41.900495,41.900495,-1,15,0,1649,20,0,747,1684,0,187,5.174561,3.105609,3.105609,1.000000,0.805079,-1,-1,-1,-1,-1,0.066963
9580,374,0,17307,46.275401,0.000000,30.000000,-1,41.927313,41.927313,-1,15,0,1416,26,0,676,2199,0,188,5.421625,3.295398,3.295398,1.000000,0.802590,-1,-1,-1,-1,-1,0.071213
9590,404,0,18344,45.405941,0.000000,30.000000,-1,41.901167,41.901167,-1,18,0,1655,13,0,650,1703,0,236,5.487757,3.220812,3.220812,1.000000,0.797753,-1,-1,-1,-1,-1,0.070934
9600,407,0,18141,44.572482,0.000000,30.000000,-1,41.958437,41.958437,-1,21,0,1863,22,0,684,2148,0,278,5.578229,3.217723,3.217723,1.000000,0.788430,-1,-1,-1,-1,-1,0.072191
9610,404,0,18402,45.549505,0.000000,30.000000,-1,41.936529,41.936529,-1,21,0,1706,19,0,684,1739,0,260,5.310629,3.064548,3.064548,1.000000,0.778678,-1,-1,-1,-1,-1,0.067280
9620,384,0,17590,45.807292,0.000000,30.000000,-1,41.925753,41.925753,-1,15,0,1492,17,0,742,1739,0,184,5.461089,3.232363,3.232363,1.000000,0.797480,-1,-1,-1,-1,-1,0.070564
9630,397,0,18324,46.156171,0.000000,30.000000,-1,41.958470,41.958470,-1,18,0,1578,16,0,653,2246,0,246,5.400327,3.274616,3.274616,1.000000,0.797971,-1,-1,-1,-1,-1,0.070946
9640,394,0,18337,46.540609,0.000000,30.000000,-1,41.935595,41.935595,-1,15,0,1715,23,0,691,2062,0,196,5.695658,3.305671,3.305671,1.000000,0.793436,-1,-1,-1,-1,-1,0.071028
9650,409,0,18631,45.552567,0.000000,30.000000,-1,41.957168,41.957168,-1,23,0,1594,21,0,706,1955,0,291,5.495259,3.230204,3.230204,1.000000,0.781385,-1,-1,-1,-1,-1,0.070912
9660,407,0,18565,45.614251,0.000000,30.000000,-1,41.970320,41.970320,-1,21,0,1727,21,0,783,2166,0,272,5.254459,3.084841,3.084841,1.000000,0.781617,-1,-1,-1,-1,-1,0.067629
9670,403,0,18359,45.555831,0.000000,30.000000,-1,42.004575,42.004575,-1,20,0,1536,16,0,688,1836,0,226,5.474311,3.213624,3.213624,1.000000,0.787820,-1,-1,-1,-1,-1,0.070543
9680,397,0,18058,45.486146,0.000000,30.000000,-1,41.978791,41.978791,-1,20,0,1617,27,0,674,2057,0,239,5.524828,3.303648,3.303648,1.000000,0.785662,-1,-1,-1,-1,-1,0.072630
9690,441,0,19630,44.512472,0.000000,30.000000,-1,41.943963,41.943963,-1,30,0,1951,16,0,769,2337,0,382,5.095715,2.912167,2.912167,1.000000,0.770803,-1,-1,-1,-1,-1,0.065424
9700,435,0,19613,45.087356,0.000000,30.000000,-1,41.979707,41.979707,-1,27,0,1626,24,0,789,1917,0,341,4.997847,2.961595,2.961595,1.000000,0.777827,-1,-1,-1,-1,-1,0.065686
9710,401,0,18243,45.493766,0.000000,30.000000,-1,41.963767,41.963767,-1,18,0,1603,25,0,707,1724,0,206,5.550810,3.182357,3.182357,1.000000,0.780682,-1,-1,-1,-1,-1,0.069951
9720,409,0,18924,46.268949,0.000000,30.000000,-1,41.947738,41.947738,-1,16,0,1744,20,0,711,1696,0,187,5.219732,3.101842,3.101842,1.000000,0.805001,-1,-1,-1,-1,-1,0.067039
9730,382,0,17269,45.206806,0.000000,30.000000,-1,41.909896,41.909896,-1,18,0,1687,15,0,643,2057,0,217,5.728484,3.282735,3.282735,1.000000,0.790167,-1,-1,-1,-1,-1,0.072616
9740,382,0,17500,45.811518,0.000000,30.000000,-1,41.948000,41.948000,-1,19,0,1448,23,0,633,1707,0,245,5.641884,3.467046,3.467046,1.000000,0.793440,-1,-1,-1,-1,-1,0.075681
9750,407,0,18613,45.732187,0.000000,30.000000,-1,41.957073,41.957073,-1,20,0,1626,19,0,695,2007,0,255,5.172720,3.198990,3.198990,1.000000,0.795969,-1,-1,-1,-1,-1,0.069951
9760,412,0,18872,45.805825,0.000000,30.000000,-1,42.003550,42.003550,-1,21,0,1394,14,0,737,1814,0,262,5.435140,3.337630,3.337630,1.000000,0.792947,-1,-1,-1,-1,-1,0.072865
9770,416,0,19170,46.081731,0.000000,30.000000,-1,42.014345,42.014345,-1,18,0,1796,20,0,764,1651,0,224,5.251555,3.196819,3.196819,1.000000,0.799788,-1,-1,-1,-1,-1,0.069373
9780,414,0,18945,45.760870,0.000000,30.000000,-1,42.037741,42.037741,-1,17,0,1985,25,0,694,2153,0,224,5.428698,3.153428,3.153428,1.000000,0.798044,-1,-1,-1,-1,-1,0.068911
9790,417,0,19261,46.189448,0.000000,30.000000,-1,42.024609,42.024609,-1,13,0,1768,15,0,709,2050,0,181,5.592616,3.345948,3.345948,1.000000,0.807366,-1,-1,-1,-1,-1,0.072440
9800,413,0,18399,44.549637,0.000000,30.000000,-1,42.039893,42.039893,-1,20,0,1882,24,0,716,2071,0,243,5.438077,3.032868,3.032868,1.000000,0.786548,-1,-1,-1,-1,-1,0.068078
9810,403,0,18560,46.054591,0.000000,30.000000,-1,42.038254,42.038254,-1,19,0,1634,20,0,717,1476,0,232,5.376304,3.209304,3.209304,1.000000,0.796776,-1,-1,-1,-1,-1,0.069685
9820,413,0,19184,46.450363,0.000000,30.000000,-1,42.055567,42.055567,-1,12,0,1396,18,0,743,1608,0,147,5.357091,3.283748,3.283748,1.000000,0.814794,-1,-1,-1,-1,-1,0.070694
9830,402,0,18720,46.567164,0.000000,30.000000,-1,41.974893,41.974893,-1,16,0,1328,24,0,674,1963,0,197,5.388369,3.392488,3.392488,1.000000,0.806775,-1,-1,-1,-1,-1,0.072852
9840,419,0,19375,46.241050,0.000000,30.000000,-1,41.926194,41.926194,-1,13,0,1896,15,0,761,1956,0,159,5.341181,3.067616,3.067616,1.000000,0.807460,-1,-1,-1,-1,-1,0.066340
9850,416,0,18804,45.201923,0.000000,30.000000,-1,41.913476,41.913476,-1,27,0,1455,18,0,741,2300,0,309,5.220571,3.200903,3.200903,1.000000,0.778410,-1,-1,-1,-1,-1,0.070813
9860,411,0,18518,45.055961,0.000000,30.000000,-1,41.884167,41.884167,-1,28,0,1440,21,0,708,1936,0,362,5.351203,3.356886,3.356886,1.000000,0.779644,-1,-1,-1,-1,-1,0.074505
9870,393,0,18263,46.470738,0.000000,30.000000,-1,41.905163,41.905163,-1,15,0,1469,20,0,717,1949,0,185,5.599029,3.410846,3.410846,1.000000,0.799844,-1,-1,-1,-1,-1,0.073398
9880,397,0,18564,46.760705,0.000000,30.000000,-1,41.870394,41.870394,-1,12,0,1496,17,0,735,2093,0,153,5.389737,3.289284,3.289284,1.000000,0.813439,-1,-1,-1,-1,-1,0.070343
9890,402,0,18454,45.905473,0.000000,30.000000,-1,41.881110,41.881110,-1,12,0,1601,16,0,740,1998,0,151,5.628520,3.372427,3.372427,1.000000,0.813081,-1,-1,-1,-1,-1,0.073465
9900,388,0,17558,45.252577,0.000000,30.000000,-1,41.804420,41.804420,-1,18,0,1610,24,0,649,1733,0,250,5.620446,3.298920,3.298920,1.000000,0.794701,-1,-1,-1,-1,-1,0.072900
9910,401,0,18235,45.473815,0.000000,30.000000,-1,41.769948,41.769948,-1,18,0,1767,15,0,647,1975,0,207,5.497550,3.223979,3.223979,1.000000,0.793496,-1,-1,-1,-1,-1,0.070897
9920,398,0,17916,45.015075,0.000000,30.000000,-1,41.768419,41.768419,-1,20,0,1618,17,0,666,1797,0,254,5.350097,3.218938,3.218938,1.000000,0.794720,-1,-1,-1,-1,-1,0.071508
9930,396,0,18220,46.010101,0.000000,30.000000,-1,41.747805,41.747805,-1,13,0,1635,18,0,688,1725,0,152,5.153106,3.051620,3.051620,1.000000,0.808570,-1,-1,-1,-1,-1,0.066325
9940,388,0,17704,45.628866,0.000000,30.000000,-1,41.749266,41.749266,-1,17,0,1618,19,0,654,1794,0,211,5.193773,3.096973,3.096973,1.000000,0.798122,-1,-1,-1,-1,-1,0.067873
9950,406,0,18535,45.652709,0.000000,30.000000,-1,41.715403,41.715403,-1,21,0,1882,16,0,696,2219,0,262,5.329889,3.096864,3.096864,1.000000,0.792920,-1,-1,-1,-1,-1,0.067835
9960,393,0,18155,46.195929,0.000000,30.000000,-1,41.644340,41.644340,-1,15,0,1343,19,0,676,1936,0,164,5.135596,3.238935,3.238935,1.000000,0.810312,-1,-1,-1,-1,-1,0.070113
9970,396,0,18114,45.742424,0.000000,30.000000,-1,41.631224,41.631224,-1,19,0,1541,18,0,721,1762,0,227,5.593303,3.320117,3.320117,1.000000,0.802455,-1,-1,-1,-1,-1,0.072583
9980,419,0,18482,44.109785,0.000000,30.000000,-1,41.614273,41.614273,-1,28,0,1632,13,0,676,2151,0,337,5.309991,3.113238,3.113238,1.000000,0.784577,-1,-1,-1,-1,-1,0.070579
9990,388,0,17429,44.920103,0.000000,30.000000,-1,41.659017,41.659017,-1,26,0,1622,15,0,662,1876,0,309,5.309314,3.141165,3.141165,1.000000,0.788371,-1,-1,-1,-1,-1,0.069928
10000,384,0,17373,45.242188,0.000000,30.000000,-1,41.600702,41.600702,-1,19,0,1707,10,0,627,1993,0,239,5.442909,3.230082,3.230082,1.000000,0.802411,-1,-1,-1,-1,-1,0.071395
10010,387,0,17533,45.304910,0.000000,30.000000,-1,41.563851,41.563851,-1,23,0,1633,21,0,637,1697,0,299,5.503732,3.371498,3.371498,1.000000,0.785620,-1,-1,-1,-1,-1,0.074418
10020,410,0,18656,45.502439,0.000000,30.000000,-1,41.617657,41.617657,-1,16,0,1956,16,0,682,1599,0,212,5.573536,3.298763,3.298763,1.000000,0.801372,-1,-1,-1,-1,-1,0.072496
10030,418,0,19262,46.081340,0.000000,30.000000,-1,41.663067,41.663067,-1,22,0,1860,22,0,736,2048,0,281,5.189579,3.082009,3.082009,1.000000,0.791746,-1,-1,-1,-1,-1,0.066882
10040,427,0,19294,45.185012,0.000000,30.000000,-1,41.604644,41.604644,-1,21,0,1718,21,0,704,1850,0,270,5.169773,3.022767,3.022767,1.000000,0.797116,-1,-1,-1,-1,-1,0.066898
10050,406,0,18437,45.411330,0.000000,30.000000,-1,41.649021,41.649021,-1,22,0,1541,18,0,726,1707,0,275,5.488869,3.280425,3.280425,1.000000,0.788358,-1,-1,-1,-1,-1,0.072238
10060,394,0,17974,45.619289,0.000000,30.000000,-1,41.653666,41.653666,-1,19,0,1651,15,0,664,1879,0,243,5.720860,3.497716,3.497716,1.000000,0.797822,-1,-1,-1,-1,-1,0.076672
10070,390,0,17613,45.161538,0.000000,30.000000,-1,41.606143,41.606143,-1,23,0,1449,20,0,686,2038,0,321,5.394617,3.340426,3.340426,1.000000,0.787958,-1,-1,-1,-1,-1,0.073966
10080,392,0,18192,46.408163,0.000000,30.000000,-1,41.523087,41.523087,-1,16,0,1354,16,0,638,1698,0,192,5.533126,3.410873,3.410873,1.000000,0.806976,-1,-1,-1,-1,-1,0.073497
10090,419,0,19026,45.408115,0.000000,30.000000,-1,41.519500,41.519500,-1,26,0,1590,15,0,723,2408,0,289,5.149848,3.170529,3.170529,1.000000,0.786290,-1,-1,-1,-1,-1,0.069823
10100,402,0,18161,45.176617,0.000000,30.000000,-1,41.501845,41.501845,-1,22,0,1560,13,0,735,1776,0,233,5.691255,3.458828,3.458828,1.000000,0.796597,-1,-1,-1,-1,-1,0.076562
10110,387,0,18359,47.439276,0.000000,30.000000,-1,41.475571,41.475571,-1,8,0,1519,26,0,654,2073,0,107,5.216379,3.153130,3.153130,1.000000,0.817026,-1,-1,-1,-1,-1,0.066467
10120,390,0,17847,45.761538,0.000000,30.000000,-1,41.453129,41.453129,-1,17,0,1456,22,0,681,1779,0,229,5.521646,3.354057,3.354057,1.000000,0.802136,-1,-1,-1,-1,-1,0.073294
10130,419,0,18838,44.959427,0.000000,30.000000,-1,41.444899,41.444899,-1,24,0,1765,23,0,693,1913,0,294,5.530464,3.242351,3.242351,1.000000,0.783011,-1,-1,-1,-1,-1,0.072117
10140,436,0,19436,44.577982,0.000000,30.000000,-1,41.452254,41.452254,-1,31,0,1716,22,0,755,1878,0,394,5.141508,3.085155,3.085155,1.000000,0.775131,-1,-1,-1,-1,-1,0.069208
10150,421,0,19693,46.776722,0.000000,30.000000,-1,41.464023,41.464023,-1,17,0,1711,30,0,753,1480,0,219,5.208945,3.182187,3.182187,1.000000,0.799106,-1,-1,-1,-1,-1,0.068029
10160,404,0,18345,45.408416,0.000000,30.000000,-1,41.458327,41.458327,-1,18,0,1537,25,0,730,1552,0,196,5.595156,3.305834,3.305834,1.000000,0.798095,-1,-1,-1,-1,-1,0.072802
10170,413,0,19060,46.150121,0.000000,30.000000,-1,41.524974,41.524974,-1,17,0,1502,20,0,689,2181,0,228,5.321997,3.237728,3.237728,1.000000,0.796288,-1,-1,-1,-1,-1,0.070156
10180,406,0,18509,45.588670,0.000000,30.000000,-1,41.511805,41.511805,-1,15,0,1720,17,0,721,2319,0,181,5.390280,3.214048,3.214048,1.000000,0.808992,-1,-1,-1,-1,-1,0.070501
10190,392,0,18144,46.285714,0.000000,30.000000,-1,41.500827,41.500827,-1,16,0,1623,20,0,689,1764,0,202,5.379858,3.220240,3.220240,1.000000,0.798681,-1,-1,-1,-1,-1,0.069573
10200,408,0,18655,45.723039,0.000000,30.000000,-1,41.505548,41.505548,-1,18,0,1821,20,0,714,2020,0,218,5.512736,3.214855,3.214855,1.000000,0.792586,-1,-1,-1,-1,-1,0.070311
10210,391,0,17713,45.301790,0.000000,30.000000,-1,41.465929,41.465929,-1,20,0,1690,19,0,675,2045,0,275,5.598909,3.243132,3.243132,1.000000,0.789071,-1,-1,-1,-1,-1,0.071589
10220,402,0,18480,45.970149,0.000000,30.000000,-1,41.505465,41.505465,-1,20,0,1406,18,0,694,2433,0,244,5.205540,3.189153,3.189153,1.000000,0.793904,-1,-1,-1,-1,-1,0.069374
10230,410,0,18586,45.331707,0.000000,30.000000,-1,41.552566,41.552566,-1,18,0,1755,24,0,723,2169,0,232,5.401279,3.119743,3.119743,1.000000,0.800655,-1,-1,-1,-1,-1,0.068820
10240,415,0,18829,45.371084,0.000000,30.000000,-1,41.597217,41.597217,-1,25,0,1603,25,0,698,2208,0,311,5.369808,3.197834,3.197834,1.000000,0.783645,-1,-1,-1,-1,-1,0.070482
10250,405,0,18590,45.901235,0.000000,30.000000,-1,41.614094,41.614094,-1,17,0,1529,18,0,682,1807,0,216,5.353439,3.244562,3.244562,1.000000,0.798509,-1,-1,-1,-1,-1,0.070686
10260,404,0,18963,46.938119,0.000000,30.000000,-1,41.565311,41.565311,-1,15,0,1705,26,0,768,2042,0,202,5.322208,3.213330,3.213330,1.000000,0.803612,-1,-1,-1,-1,-1,0.068459
10270,436,0,19987,45.841743,0.000000,30.000000,-1,41.613749,41.613749,-1,19,0,1855,19,0,783,1847,0,234,5.238135,3.122721,3.122721,1.000000,0.801284,-1,-1,-1,-1,-1,0.068120
10280,413,0,18560,44.939467,0.000000,30.000000,-1,41.570959,41.570959,-1,22,0,1951,21,0,749,2318,0,267,5.439573,3.033389,3.033389,1.000000,0.786567,-1,-1,-1,-1,-1,0.067499
10290,384,0,17850,46.484375,0.000000,30.000000,-1,41.569636,41.569636,-1,15,0,1349,25,0,623,1834,0,194,5.362436,3.326800,3.326800,1.000000,0.805748,-1,-1,-1,-1,-1,0.071568
10300,381,0,17774,46.650919,0.000000,30.000000,-1,41.656239,41.656239,-1,10,0,1562,22,0,721,1867,0,143,5.581888,3.362119,3.362119,1.000000,0.816698,-1,-1,-1,-1,-1,0.072070
10310,397,0,18243,45.952141,0.000000,30.000000,-1,41.720934,41.720934,-1,17,0,1814,20,0,632,1929,0,215,5.354742,3.103216,3.103216,1.000000,0.795037,-1,-1,-1,-1,-1,0.067531
10320,411,0,18744,45.605839,0.000000,30.000000,-1,41.791347,41.791347,-1,17,0,1652,14,0,714,1878,0,193,5.803063,3.426458,3.426458,1.000000,0.799341,-1,-1,-1,-1,-1,0.075132
10330,405,0,18639,46.022222,0.000000,30.000000,-1,41.769945,41.769945,-1,14,0,1666,24,0,745,1991,0,167,5.205679,3.033827,3.033827,1.000000,0.800708,-1,-1,-1,-1,-1,0.065921
10340,422,0,19413,46.002370,0.000000,30.000000,-1,41.800391,41.800391,-1,19,0,1906,16,0,722,2256,0,269,5.234197,3.089093,3.089093,1.000000,0.794448,-1,-1,-1,-1,-1,0.067151
10350,416,0,19273,46.329327,0.000000,30.000000,-1,41.789083,41.789083,-1,14,0,1682,12,0,737,1722,0,149,5.545993,3.310578,3.310578,1.000000,0.809423,-1,-1,-1,-1,-1,0.071457
10360,406,0,17979,44.283251,0.000000,30.000000,-1,41.721008,41.721008,-1,28,0,1667,15,0,691,2023,0,365,5.394460,3.145536,3.145536,1.000000,0.782991,-1,-1,-1,-1,-1,0.071032
10370,385,0,17754,46.114286,0.000000,30.000000,-1,41.728962,41.728962,-1,14,0,1233,20,0,651,1597,0,172,5.765210,3.623164,3.623164,1.000000,0.808765,-1,-1,-1,-1,-1,0.078569
10380,395,0,18075,45.759494,0.000000,30.000000,-1,41.676183,41.676183,-1,14,0,1758,14,0,672,1908,0,203,5.814627,3.374403,3.374403,1.000000,0.813582,-1,-1,-1,-1,-1,0.073742
10390,402,0,18733,46.599502,0.000000,30.000000,-1,41.634389,41.634389,-1,13,0,1674,19,0,692,2320,0,145,5.558372,3.370318,3.370318,1.000000,0.808213,-1,-1,-1,-1,-1,0.072325
10400,393,0,18014,45.837150,0.000000,30.000000,-1,41.617908,41.617908,-1,20,0,1407,20,0,715,2102,0,257,5.607172,3.495094,3.495094,1.000000,0.798763,-1,-1,-1,-1,-1,0.076250
10410,391,0,18042,46.143223,0.000000,30.000000,-1,41.581587,41.581587,-1,12,0,1676,19,0,717,1817,0,157,5.563763,3.202648,3.202648,1.000000,0.807356,-1,-1,-1,-1,-1,0.069407
10420,374,0,17227,46.061497,0.000000,30.000000,-1,41.613281,41.613281,-1,13,0,1418,23,0,644,1777,0,164,5.456050,3.294396,3.294396,1.000000,0.811968,-1,-1,-1,-1,-1,0.071522
10430,402,0,18528,46.089552,0.000000,30.000000,-1,41.633312,41.633312,-1,13,0,1639,12,0,730,2087,0,162,5.231747,3.228314,3.228314,1.000000,0.816481,-1,-1,-1,-1,-1,0.070044
10440,392,0,17790,45.382653,0.000000,30.000000,-1,41.599325,41.599325,-1,25,0,1446,17,0,677,1685,0,308,5.497257,3.427852,3.427852,1.000000,0.792038,-1,-1,-1,-1,-1,0.075532
10450,418,0,18861,45.122010,0.000000,30.000000,-1,41.574678,41.574678,-1,25,0,1557,20,0,685,1747,0,331,5.126018,3.172114,3.172114,1.000000,0.799665,-1,-1,-1,-1,-1,0.070301
10460,410,0,18876,46.039024,0.000000,30.000000,-1,41.644893,41.644893,-1,18,0,1668,18,0,681,2106,0,225,5.685610,3.420836,3.420836,1.000000,0.808928,-1,-1,-1,-1,-1,0.074303
10470,406,0,17965,44.248768,0.000000,30.000000,-1,41.647426,41.647426,-1,27,0,1728,16,0,722,1834,0,376,5.389304,3.222941,3.222941,1.000000,0.788248,-1,-1,-1,-1,-1,0.072837
10480,411,0,18712,45.527981,0.000000,30.000000,-1,41.691535,41.691535,-1,16,0,1734,22,0,733,1935,0,213,5.211354,3.171453,3.171453,1.000000,0.817422,-1,-1,-1,-1,-1,0.069659
10490,406,0,18721,46.110837,0.000000,30.000000,-1,41.798836,41.798836,-1,20,0,1620,18,0,708,1783,0,262,5.384105,3.321970,3.321970,1.000000,0.809782,-1,-1,-1,-1,-1,0.072043
10500,410,0,18747,45.724390,0.000000,30.000000,-1,41.750147,41.750147,-1,21,0,1608,23,0,720,2217,0,266,5.572771,3.445115,3.445115,1.000000,0.806832,-1,-1,-1,-1,-1,0.075345
10510,415,0,18893,45.525301,0.000000,30.000000,-1,41.807918,41.807918,-1,22,0,1532,22,0,745,1692,0,277,5.644351,3.577910,3.577910,1.000000,0.804786,-1,-1,-1,-1,-1,0.078592
10520,407,0,18606,45.714988,0.000000,30.000000,-1,41.839890,41.839890,-1,18,0,1781,17,0,712,1541,0,237,5.405787,3.208464,3.208464,1.000000,0.806682,-1,-1,-1,-1,-1,0.070184
10530,412,0,18485,44.866505,0.000000,30.000000,-1,41.824615,41.824615,-1,27,0,1567,25,0,731,2013,0,350,5.260682,3.323114,3.323114,1.000000,0.792778,-1,-1,-1,-1,-1,0.074067
10540,388,0,18089,46.621134,0.000000,30.000000,-1,41.865775,41.865775,-1,15,0,1649,22,0,673,1545,0,195,5.607133,3.385994,3.385994,1.000000,0.809967,-1,-1,-1,-1,-1,0.072628
10550,415,0,19240,46.361446,0.000000,30.000000,-1,41.931445,41.931445,-1,12,0,1936,14,0,736,2035,0,141,5.212930,3.107896,3.107896,1.000000,0.823651,-1,-1,-1,-1,-1,0.067036
10560,407,0,18295,44.950860,0.000000,30.000000,-1,41.971249,41.971249,-1,22,0,1596,23,0,733,2176,0,276,5.279150,3.211314,3.211314,1.000000,0.799670,-1,-1,-1,-1,-1,0.071441
10570,407,0,18884,46.398034,0.000000,30.000000,-1,41.889748,41.889748,-1,15,0,1502,13,0,729,1888,0,176,5.264608,3.305182,3.305182,1.000000,0.813848,-1,-1,-1,-1,-1,0.071235
10580,422,0,18935,44.869668,0.000000,30.000000,-1,41.914497,41.914497,-1,21,0,1914,20,0,760,1710,0,270,5.378667,3.151913,3.151913,1.000000,0.801328,-1,-1,-1,-1,-1,0.070246
10590,416,0,19182,46.110577,0.000000,30.000000,-1,41.848400,41.848400,-1,18,0,1706,16,0,727,2246,0,218,5.283299,3.216052,3.216052,1.000000,0.809950,-1,-1,-1,-1,-1,0.069747
10600,407,0,18835,46.277641,0.000000,30.000000,-1,41.816777,41.816777,-1,17,0,1609,20,0,672,2287,0,224,5.311715,3.317044,3.317044,1.000000,0.816957,-1,-1,-1,-1,-1,0.071677
10610,416,0,18844,45.298077,0.000000,30.000000,-1,41.765920,41.765920,-1,21,0,1831,19,0,737,1972,0,274,5.528537,3.256948,3.256948,1.000000,0.804906,-1,-1,-1,-1,-1,0.071900
10620,402,0,18276,45.462687,0.000000,30.000000,-1,41.819216,41.819216,-1,18,0,1759,20,0,705,1712,0,221,5.434813,3.270529,3.270529,1.000000,0.802013,-1,-1,-1,-1,-1,0.071939
10630,396,0,17688,44.666667,0.000000,30.000000,-1,41.813885,41.813885,-1,29,0,1369,22,0,644,1898,0,338,5.247054,3.248737,3.248737,1.000000,0.784322,-1,-1,-1,-1,-1,0.072733
10640,384,0,17556,45.718750,0.000000,30.000000,-1,41.804226,41.804226,-1,22,0,1563,16,0,668,1241,0,248,5.684805,3.568709,3.568709,1.000000,0.798094,-1,-1,-1,-1,-1,0.078058
10650,390,0,18141,46.515385,0.000000,30.000000,-1,41.849347,41.849347,-1,18,0,1423,11,0,670,1916,0,236,5.358859,3.398406,3.398406,1.000000,0.807785,-1,-1,-1,-1,-1,0.073060
10660,412,0,18529,44.973301,0.000000,30.000000,-1,41.869718,41.869718,-1,20,0,1808,17,0,714,1392,0,252,5.465567,3.236351,3.236351,1.000000,0.806110,-1,-1,-1,-1,-1,0.071962
10670,402,0,18439,45.868159,0.000000,30.000000,-1,41.903791,41.903791,-1,21,0,1486,12,0,704,1510,0,265,5.248811,3.255335,3.255335,1.000000,0.800248,-1,-1,-1,-1,-1,0.070972
10680,396,0,18219,46.007576,0.000000,30.000000,-1,41.961249,41.961249,-1,14,0,1754,25,0,737,1843,0,183,5.345547,3.159022,3.159022,1.000000,0.815606,-1,-1,-1,-1,-1,0.068663
10690,397,0,18465,46.511335,0.000000,30.000000,-1,42.003141,42.003141,-1,15,0,1552,14,0,721,1894,0,178,5.383268,3.400287,3.400287,1.000000,0.820775,-1,-1,-1,-1,-1,0.073107
10700,396,0,18283,46.169192,0.000000,30.000000,-1,41.995953,41.995953,-1,19,0,1349,22,0,717,2180,0,232,5.378785,3.421960,3.421960,1.000000,0.806855,-1,-1,-1,-1,-1,0.074118
10710,404,0,18633,46.121287,0.000000,30.000000,-1,41.986905,41.986905,-1,15,0,1748,19,0,737,1962,0,185,5.484730,3.311062,3.311062,1.000000,0.807841,-1,-1,-1,-1,-1,0.071790
10720,401,0,18359,45.783042,0.000000,30.000000,-1,41.994444,41.994444,-1,14,0,1507,28,0,732,2129,0,166,5.427871,3.286236,3.286236,1.000000,0.815989,-1,-1,-1,-1,-1,0.071778
10730,423,0,19464,46.014184,0.000000,30.000000,-1,42.058878,42.058878,-1,13,0,1790,19,0,817,2332,0,135,5.183255,3.043676,3.043676,1.000000,0.822085,-1,-1,-1,-1,-1,0.066146
10740,407,0,18504,45.464373,0.000000,30.000000,-1,42.057015,42.057015,-1,18,0,1732,26,0,716,2113,0,249,5.395133,3.246963,3.246963,1.000000,0.811552,-1,-1,-1,-1,-1,0.071418
10750,408,0,18679,45.781863,0.000000,30.000000,-1,42.031640,42.031640,-1,21,0,1688,17,0,733,2206,0,238,5.346384,3.311879,3.311879,1.000000,0.806702,-1,-1,-1,-1,-1,0.072340
10760,403,0,18678,46.347395,0.000000,30.000000,-1,41.993789,41.993789,-1,16,0,1821,16,0,750,1964,0,200,5.538377,3.285917,3.285917,1.000000,0.809876,-1,-1,-1,-1,-1,0.070898
10770,402,0,18463,45.927861,0.000000,30.000000,-1,41.998808,41.998808,-1,16,0,1689,15,0,669,2188,0,204,5.157645,3.136006,3.136006,1.000000,0.818748,-1,-1,-1,-1,-1,0.068281
10780,410,0,18927,46.163415,0.000000,30.000000,-1,42.027263,42.027263,-1,12,0,1774,16,0,727,2298,0,147,5.367716,3.279438,3.279438,1.000000,0.828976,-1,-1,-1,-1,-1,0.071040
10790,399,0,18229,45.686717,0.000000,30.000000,-1,42.019968,42.019968,-1,17,0,1614,22,0,651,1961,0,202,5.502516,3.364652,3.364652,1.000000,0.825782,-1,-1,-1,-1,-1,0.073646
10800,381,0,17468,45.847769,0.000000,30.000000,-1,42.035665,42.035665,-1,10,0,1597,24,0,659,1847,0,130,5.611086,3.380290,3.380290,1.000000,0.833037,-1,-1,-1,-1,-1,0.073729
10810,399,0,18077,45.305764,0.000000,30.000000,-1,42.074127,42.074127,-1,21,0,1503,24,0,654,1727,0,267,5.493529,3.404191,3.404191,1.000000,0.804125,-1,-1,-1,-1,-1,0.075138
10820,424,0,19198,45.278302,0.000000,30.000000,-1,42.136316,42.136316,-1,26,0,1648,17,0,722,1900,0,346,5.325422,3.303733,3.303733,1.000000,0.799842,-1,-1,-1,-1,-1,0.072965
10830,421,0,19700,46.793349,0.000000,30.000000,-1,42.130914,42.130914,-1,13,0,1681,19,0,727,2003,0,149,5.220168,3.223899,3.223899,1.000000,0.820295,-1,-1,-1,-1,-1,0.068897
10840,431,0,19838,46.027842,0.000000,30.000000,-1,42.175824,42.175824,-1,21,0,1632,19,0,736,1944,0,265,5.357969,3.385429,3.385429,1.000000,0.807178,-1,-1,-1,-1,-1,0.073552
10850,418,0,18936,45.301435,0.000000,30.000000,-1,42.141477,42.141477,-1,20,0,1807,16,0,717,1985,0,236,5.500961,3.289538,3.289538,1.000000,0.797582,-1,-1,-1,-1,-1,0.072614
10860,429,0,19920,46.433566,0.000000,30.000000,-1,42.160291,42.160291,-1,16,0,1736,22,0,700,2162,0,189,5.105047,3.091923,3.091923,1.000000,0.809288,-1,-1,-1,-1,-1,0.066588
10870,421,0,19065,45.285036,0.000000,30.000000,-1,42.182166,42.182166,-1,20,0,1572,10,0,773,2026,0,244,5.164009,3.169777,3.169777,1.000000,0.812426,-1,-1,-1,-1,-1,0.069996
10880,414,0,18605,44.939614,0.000000,30.000000,-1,42.188444,42.188444,-1,26,0,1719,18,0,691,1656,0,325,5.527841,3.284559,3.284559,1.000000,0.796174,-1,-1,-1,-1,-1,0.073088
10890,431,0,19736,45.791183,0.000000,30.000000,-1,42.194518,42.194518,-1,23,0,1789,9,0,739,2204,0,273,5.169912,3.189275,3.189275,1.000000,0.805658,-1,-1,-1,-1,-1,0.069648
10900,420,0,19273,45.888095,0.000000,30.000000,-1,42.199087,42.199087,-1,20,0,1410,23,0,754,1874,0,258,5.185062,3.358589,3.358589,1.000000,0.813356,-1,-1,-1,-1,-1,0.073191
10910,420,0,19301,45.954762,0.000000,30.000000,-1,42.209419,42.209419,-1,18,0,1835,15,0,784,2002,0,214,5.341648,3.255177,3.255177,1.000000,0.815694,-1,-1,-1,-1,-1,0.070834
10920,424,0,19223,45.337264,0.000000,30.000000,-1,42.221610,42.221610,-1,18,0,1698,25,0,728,2255,0,214,5.245518,3.223035,3.223035,1.000000,0.819572,-1,-1,-1,-1,-1,0.071090
10930,413,0,18504,44.803874,0.000000,30.000000,-1,42.237949,42.237949,-1,28,0,1714,23,0,692,2326,0,354,5.572167,3.389784,3.389784,1.000000,0.793594,-1,-1,-1,-1,-1,0.075658
10940,424,0,19643,46.327830,0.000000,30.000000,-1,42.230515,42.230515,-1,17,0,1812,17,0,711,2186,0,205,5.081776,3.097526,3.097526,1.000000,0.814472,-1,-1,-1,-1,-1,0.066861
10950,412,0,19288,46.815534,0.000000,30.000000,-1,42.283700,42.283700,-1,10,0,1827,25,0,786,2004,0,133,5.319283,3.225909,3.225909,1.000000,0.831032,-1,-1,-1,-1,-1,0.068907
10960,411,0,18207,44.299270,0.000000,30.000000,-1,42.286373,42.286373,-1,33,0,1529,18,0,722,1918,0,447,5.300649,3.325698,3.325698,1.000000,0.787031,-1,-1,-1,-1,-1,0.075073
10970,412,0,18700,45.388350,0.000000,30.000000,-1,42.299786,42.299786,-1,20,0,1686,14,0,722,1829,0,234,5.186203,3.173251,3.173251,1.000000,0.814942,-1,-1,-1,-1,-1,0.069913
10980,405,0,18406,45.446914,0.000000,30.000000,-1,42.314680,42.314680,-1,23,0,1735,18,0,606,1855,0,273,5.346180,3.260404,3.260404,1.000000,0.808117,-1,-1,-1,-1,-1,0.071741
10990,398,0,18187,45.695980,0.000000,30.000000,-1,42.285589,42.285589,-1,22,0,1584,20,0,657,1848,0,266,5.169898,3.268126,3.268126,1.000000,0.811578,-1,-1,-1,-1,-1,0.071519
11000,397,0,18037,45.433249,0.000000,30.000000,-1,42.270832,42.270832,-1,25,0,1379,27,0,755,1681,0,323,5.356104,3.442505,3.442505,1.000000,0.800921,-1,-1,-1,-1,-1,0.075771
11010,386,0,17772,46.041451,0.000000,30.000000,-1,42.271945,42.271945,-1,13,0,1648,25,0,717,1854,0,173,5.657433,3.444425,3.444425,1.000000,0.833022,-1,-1,-1,-1,-1,0.074811
11020,400,0,18391,45.977500,0.000000,30.000000,-1,42.271709,42.271709,-1,16,0,1863,17,0,684,1768,0,203,5.617565,3.398327,3.398327,1.000000,0.820108,-1,-1,-1,-1,-1,0.073913
11030,412,0,18473,44.837379,0.000000,30.000000,-1,42.288529,42.288529,-1,26,0,1888,19,0,781,1642,0,322,5.365452,3.298209,3.298209,1.000000,0.804252,-1,-1,-1,-1,-1,0.073559
11040,415,0,19480,46.939759,0.000000,30.000000,-1,42.284600,42.284600,-1,13,0,1468,15,0,754,1957,0,148,5.268286,3.430452,3.430452,1.000000,0.832392,-1,-1,-1,-1,-1,0.073082
11050,417,0,18574,44.541966,0.000000,30.000000,-1,42.232260,42.232260,-1,26,0,1617,23,0,719,1961,0,330,5.113300,3.159738,3.159738,1.000000,0.802388,-1,-1,-1,-1,-1,0.070938
11060,414,0,18716,45.207729,0.000000,30.000000,-1,42.225262,42.225262,-1,23,0,1813,11,0,752,2381,0,277,5.177725,3.139506,3.139506,1.000000,0.809043,-1,-1,-1,-1,-1,0.069446
11070,390,0,17752,45.517949,0.000000,30.000000,-1,42.215750,42.215750,-1,22,0,1448,17,0,658,1771,0,299,5.524279,3.538480,3.538480,1.000000,0.809046,-1,-1,-1,-1,-1,0.077738
11080,409,0,18819,46.012225,0.000000,30.000000,-1,42.208566,42.208566,-1,15,0,1858,18,0,726,1860,0,191,5.504294,3.292772,3.292772,1.000000,0.829113,-1,-1,-1,-1,-1,0.071563
11090,416,0,18911,45.459135,0.000000,30.000000,-1,42.255724,42.255724,-1,20,0,1837,19,0,728,2045,0,260,5.424024,3.233943,3.233943,1.000000,0.813827,-1,-1,-1,-1,-1,0.071140
11100,432,0,19832,45.907407,0.000000,30.000000,-1,42.276170,42.276170,-1,17,0,1928,24,0,727,2009,0,229,5.314164,3.241832,3.241832,1.000000,0.817474,-1,-1,-1,-1,-1,0.070617
11110,430,0,19787,46.016279,0.000000,30.000000,-1,42.308435,42.308435,-1,18,0,1824,30,0,786,2162,0,231,5.169206,3.137217,3.137217,1.000000,0.816731,-1,-1,-1,-1,-1,0.068176
11120,412,0,18595,45.133495,0.000000,30.000000,-1,42.328583,42.328583,-1,25,0,1737,21,0,710,1967,0,309,5.448553,3.328666,3.328666,1.000000,0.802354,-1,-1,-1,-1,-1,0.073752
11130,398,0,18425,46.293970,0.000000,30.000000,-1,42.326893,42.326893,-1,13,0,1585,18,0,716,1678,0,156,5.554242,3.343401,3.343401,1.000000,0.823661,-1,-1,-1,-1,-1,0.072221
11140,438,0,19963,45.577626,0.000000,30.000000,-1,42.385163,42.385163,-1,19,0,1896,18,0,787,2237,0,251,5.078762,3.104230,3.104230,1.000000,0.814815,-1,-1,-1,-1,-1,0.068109
11150,410,0,19096,46.575610,0.000000,30.000000,-1,42.340385,42.340385,-1,18,0,1613,20,0,705,1935,0,213,5.271342,3.363385,3.363385,1.000000,0.818418,-1,-1,-1,-1,-1,0.072213
11160,414,0,18716,45.207729,0.000000,30.000000,-1,42.326566,42.326566,-1,22,0,1670,22,0,698,1987,0,248,5.027246,3.106007,3.106007,1.000000,0.812922,-1,-1,-1,-1,-1,0.068705
11170,396,0,18318,46.257576,0.000000,30.000000,-1,42.383503,42.383503,-1,18,0,1544,18,0,756,2306,0,237,5.280940,3.323197,3.323197,1.000000,0.813456,-1,-1,-1,-1,-1,0.071841
11180,394,0,17874,45.365482,0.000000,30.000000,-1,42.359125,42.359125,-1,27,0,1557,15,0,700,1905,0,342,5.407095,3.351788,3.351788,1.000000,0.799229,-1,-1,-1,-1,-1,0.073884
11190,420,0,18618,44.328571,0.000000,30.000000,-1,42.336610,42.336610,-1,31,0,1677,19,0,709,2084,0,406,5.484880,3.405767,3.405767,1.000000,0.792814,-1,-1,-1,-1,-1,0.076830
11200,407,0,18469,45.378378,0.000000,30.000000,-1,42.313931,42.313931,-1,21,0,1686,19,0,719,1864,0,268,5.199364,3.225815,3.225815,1.000000,0.810985,-1,-1,-1,-1,-1,0.071087
11210,406,0,18835,46.391626,0.000000,30.000000,-1,42.380409,42.380409,-1,18,0,1423,18,0,737,1641,0,208,5.298158,3.407096,3.407096,1.000000,0.816450,-1,-1,-1,-1,-1,0.073442
11220,392,0,18288,46.653061,0.000000,30.000000,-1,42.408957,42.408957,-1,13,0,1441,22,0,635,2070,0,154,5.328065,3.419141,3.419141,1.000000,0.828199,-1,-1,-1,-1,-1,0.073289
11230,413,0,19232,46.566586,0.000000,30.000000,-1,42.411554,42.411554,-1,13,0,1876,19,0,674,2243,0,162,5.224888,3.171053,3.171053,1.000000,0.827961,-1,-1,-1,-1,-1,0.068097
11240,403,0,18263,45.317618,0.000000,30.000000,-1,42.448064,42.448064,-1,18,0,1612,27,0,732,2245,0,229,5.263142,3.219941,3.219941,1.000000,0.811847,-1,-1,-1,-1,-1,0.071053
11250,412,0,19032,46.194175,0.000000,30.000000,-1,42.453289,42.453289,-1,18,0,1507,21,0,783,2120,0,214,5.086454,3.218794,3.218794,1.000000,0.818166,-1,-1,-1,-1,-1,0.069680
11260,414,0,19104,46.144928,0.000000,30.000000,-1,42.480999,42.480999,-1,17,0,1605,23,0,684,2010,0,222,5.264867,3.314268,3.314268,1.000000,0.819446,-1,-1,-1,-1,-1,0.071823
11270,412,0,18863,45.783981,0.000000,30.000000,-1,42.484069,42.484069,-1,20,0,1644,22,0,769,1954,0,241,5.426414,3.384265,3.384265,1.000000,0.812537,-1,-1,-1,-1,-1,0.073918
11280,413,0,18915,45.799031,0.000000,30.000000,-1,42.474544,42.474544,-1,16,0,1761,25,0,704,2161,0,191,5.209763,3.128413,3.128413,1.000000,0.818294,-1,-1,-1,-1,-1,0.068307
11290,403,0,18066,44.828784,0.000000,30.000000,-1,42.481069,42.481069,-1,27,0,1555,26,0,712,1649,0,346,5.307905,3.285679,3.285679,1.000000,0.798127,-1,-1,-1,-1,-1,0.073294
11300,402,0,18157,45.166667,0.000000,30.000000,-1,42.491766,42.491766,-1,23,0,1822,14,0,703,1899,0,323,5.692450,3.456448,3.456448,1.000000,0.801240,-1,-1,-1,-1,-1,0.076527
11310,403,0,18628,46.223325,0.000000,30.000000,-1,42.458342,42.458342,-1,19,0,1630,13,0,713,2173,0,234,5.391035,3.338140,3.338140,1.000000,0.812199,-1,-1,-1,-1,-1,0.072218
11320,412,0,18555,45.036408,0.000000,30.000000,-1,42.469739,42.469739,-1,24,0,1883,17,0,750,1804,0,298,5.282645,3.172048,3.172048,1.000000,0.797766,-1,-1,-1,-1,-1,0.070433
11330,386,0,17056,44.186528,0.000000,30.000000,-1,42.489505,42.489505,-1,30,0,1432,25,0,630,1824,0,350,5.302652,3.258414,3.258414,1.000000,0.782083,-1,-1,-1,-1,-1,0.073742
11340,409,0,18427,45.053790,0.000000,30.000000,-1,42.514897,42.514897,-1,23,0,1684,16,0,709,2143,0,285,5.388192,3.267705,3.267705,1.000000,0.801522,-1,-1,-1,-1,-1,0.072529
11350,412,0,18575,45.084951,0.000000,30.000000,-1,42.591548,42.591548,-1,19,0,2038,25,0,778,2085,0,240,5.417962,3.137517,3.137517,1.000000,0.803846,-1,-1,-1,-1,-1,0.069591
11360,409,0,18570,45.403423,0.000000,30.000000,-1,42.597523,42.597523,-1,17,0,1781,19,0,699,1943,0,205,5.315230,3.108801,3.108801,1.000000,0.810400,-1,-1,-1,-1,-1,0.068471
11370,413,0,18985,45.968523,0.000000,30.000000,-1,42.625546,42.625546,-1,22,0,1759,21,0,711,1989,0,269,5.287142,3.165758,3.165758,1.000000,0.799988,-1,-1,-1,-1,-1,0.068868
11380,395,0,18257,46.220253,0.000000,30.000000,-1,42.622994,42.622994,-1,14,0,1754,27,0,786,1475,0,169,5.378953,3.230812,3.230812,1.000000,0.813357,-1,-1,-1,-1,-1,0.069900
11390,411,0,18644,45.362530,0.000000,30.000000,-1,42.661768,42.661768,-1,18,0,1831,17,0,689,1733,0,214,5.390645,3.177307,3.177307,1.000000,0.813274,-1,-1,-1,-1,-1,0.070043
11400,403,0,18349,45.531017,0.000000,30.000000,-1,42.713445,42.713445,-1,20,0,1675,22,0,766,1968,0,260,5.205547,3.136767,3.136767,1.000000,0.801621,-1,-1,-1,-1,-1,0.068893
11410,400,0,17749,44.372500,0.000000,30.000000,-1,42.703645,42.703645,-1,27,0,1521,31,0,626,1759,0,351,5.165310,3.179332,3.179332,1.000000,0.786585,-1,-1,-1,-1,-1,0.071651
11420,391,0,18079,46.237852,0.000000,30.000000,-1,42.721777,42.721777,-1,16,0,1608,16,0,679,1952,0,222,5.490131,3.378217,3.378217,1.000000,0.811793,-1,-1,-1,-1,-1,0.073062
11430,390,0,17600,45.128205,0.000000,30.000000,-1,42.733068,42.733068,-1,20,0,1553,18,0,666,1684,0,247,5.366911,3.227594,3.227594,1.000000,0.803493,-1,-1,-1,-1,-1,0.071521
11440,393,0,18161,46.211196,0.000000,30.000000,-1,42.750399,42.750399,-1,18,0,1517,17,0,687,1529,0,238,5.489256,3.421685,3.421685,1.000000,0.809677,-1,-1,-1,-1,-1,0.074045
11450,378,0,17448,46.158730,0.000000,30.000000,-1,42.716644,42.716644,-1,18,0,1557,21,0,682,2042,0,191,5.519330,3.470088,3.470088,1.000000,0.811603,-1,-1,-1,-1,-1,0.075177
11460,396,0,18176,45.898990,0.000000,30.000000,-1,42.704280,42.704280,-1,19,0,1514,17,0,675,1871,0,224,5.330952,3.283647,3.283647,1.000000,0.807924,-1,-1,-1,-1,-1,0.071541
11470,405,0,18354,45.318519,0.000000,30.000000,-1,42.730522,42.730522,-1,27,0,1680,15,0,727,1740,0,340,5.211145,3.229066,3.229066,1.000000,0.786365,-1,-1,-1,-1,-1,0.071253
11480,405,0,18480,45.629630,0.000000,30.000000,-1,42.741396,42.741396,-1,17,0,1785,20,0,702,1853,0,213,5.366746,3.179227,3.179227,1.000000,0.808758,-1,-1,-1,-1,-1,0.069675
11490,405,0,18617,45.967901,0.000000,30.000000,-1,42.745770,42.745770,-1,15,0,1915,20,0,703,1682,0,192,5.232527,3.107508,3.107508,1.000000,0.809747,-1,-1,-1,-1,-1,0.067602
11500,387,0,17681,45.687339,0.000000,30.000000,-1,42.793677,42.793677,-1,18,0,1802,23,0,721,1884,0,225,5.497477,3.203233,3.203233,1.000000,0.802536,-1,-1,-1,-1,-1,0.070112
11510,385,0,17728,46.046753,0.000000,30.000000,-1,42.868287,42.868287,-1,15,0,1837,14,0,659,1815,0,204,5.479583,3.290732,3.290732,1.000000,0.814127,-1,-1,-1,-1,-1,0.071465
11520,387,0,17447,45.082687,0.000000,30.000000,-1,42.824841,42.824841,-1,24,0,1524,13,0,688,2280,0,311,5.429072,3.363594,3.363594,1.000000,0.790678,-1,-1,-1,-1,-1,0.074609
11530,402,0,18454,45.905473,0.000000,30.000000,-1,42.838246,42.838246,-1,14,0,1782,17,0,730,2143,0,175,5.457124,3.233056,3.233056,1.000000,0.817808,-1,-1,-1,-1,-1,0.070429
11540,397,0,17761,44.738035,0.000000,30.000000,-1,42.843477,42.843477,-1,28,0,1675,12,0,677,1966,0,345,5.549520,3.319018,3.319018,1.000000,0.782820,-1,-1,-1,-1,-1,0.074188
11550,395,0,18152,45.954430,0.000000,30.000000,-1,42.896210,42.896210,-1,19,0,1404,19,0,657,1851,0,238,5.387029,3.428643,3.428643,1.000000,0.806248,-1,-1,-1,-1,-1,0.074610
11560,405,0,18915,46.703704,0.000000,30.000000,-1,42.914354,42.914354,-1,17,0,1502,17,0,757,2059,0,221,5.460765,3.454697,3.454697,1.000000,0.808685,-1,-1,-1,-1,-1,0.073971
11570,436,0,19788,45.385321,0.000000,30.000000,-1,42.908480,42.908480,-1,26,0,2041,14,0,782,1879,0,327,5.224767,3.105508,3.105508,1.000000,0.788968,-1,-1,-1,-1,-1,0.068425
11580,433,0,19599,45.263279,0.000000,30.000000,-1,42.921425,42.921425,-1,26,0,1669,24,0,779,1595,0,349,5.269415,3.270341,3.270341,1.000000,0.787772,-1,-1,-1,-1,-1,0.072252
11590,410,0,18380,44.829268,0.000000,30.000000,-1,42.928074,42.928074,-1,28,0,1499,14,0,714,1925,0,357,5.232418,3.205793,3.205793,1.000000,0.785656,-1,-1,-1,-1,-1,0.071511
11600,402,0,18717,46.559701,0.000000,30.000000,-1,42.912593,42.912593,-1,14,0,1654,14,0,740,2041,0,189,5.329183,3.311187,3.311187,1.000000,0.820864,-1,-1,-1,-1,-1,0.071117
11610,418,0,18939,45.308612,0.000000,30.000000,-1,42.867205,42.867205,-1,24,0,1619,15,0,735,2027,0,325,5.471030,3.377455,3.377455,1.000000,0.801728,-1,-1,-1,-1,-1,0.074543
11620,411,0,18414,44.802920,0.000000,30.000000,-1,42.845281,42.845281,-1,27,0,1806,19,0,700,1455,0,374,5.456127,3.239852,3.239852,1.000000,0.790146,-1,-1,-1,-1,-1,0.072313
11630,405,0,18683,46.130864,0.000000,30.000000,-1,42.857464,42.857464,-1,17,0,1691,16,0,675,1416,0,208,5.583855,3.432253,3.432253,1.000000,0.810753,-1,-1,-1,-1,-1,0.074403
11640,408,0,18323,44.909314,0.000000,30.000000,-1,42.835398,42.835398,-1,24,0,1775,19,0,727,2168,0,288,5.478483,3.255528,3.255528,1.000000,0.792952,-1,-1,-1,-1,-1,0.072491
11650,407,0,18500,45.454545,0.000000,30.000000,-1,42.888216,42.888216,-1,18,0,1812,26,0,699,1988,0,200,5.241303,3.170538,3.170538,1.000000,0.809013,-1,-1,-1,-1,-1,0.069752
11660,408,0,18853,46.208333,0.000000,30.000000,-1,42.919748,42.919748,-1,13,0,1732,17,0,737,2119,0,174,5.486041,3.262442,3.262442,1.000000,0.822685,-1,-1,-1,-1,-1,0.070603
11670,397,0,17972,45.269521,0.000000,30.000000,-1,42.917427,42.917427,-1,24,0,1602,17,0,707,1641,0,296,5.264919,3.232982,3.232982,1.000000,0.790834,-1,-1,-1,-1,-1,0.071416
11680,403,0,18713,46.434243,0.000000,30.000000,-1,42.934003,42.934003,-1,15,0,1595,18,0,706,2048,0,186,5.233475,3.223573,3.223573,1.000000,0.818885,-1,-1,-1,-1,-1,0.069422
11690,398,0,18102,45.482412,0.000000,30.000000,-1,42.979726,42.979726,-1,18,0,1714,20,0,736,2122,0,218,5.576016,3.238892,3.238892,1.000000,0.803176,-1,-1,-1,-1,-1,0.071212
11700,413,0,18415,44.588378,0.000000,30.000000,-1,42.979582,42.979582,-1,22,0,1804,18,0,740,1696,0,272,5.538649,3.261997,3.261997,1.000000,0.797656,-1,-1,-1,-1,-1,0.073158
11710,400,0,17835,44.587500,0.000000,30.000000,-1,42.987609,42.987609,-1,29,0,1397,11,0,661,1535,0,369,5.474523,3.375477,3.375477,1.000000,0.785056,-1,-1,-1,-1,-1,0.075705
11720,401,0,18545,46.246883,0.000000,30.000000,-1,42.995524,42.995524,-1,20,0,1427,12,0,677,2254,0,225,5.535806,3.465500,3.465500,1.000000,0.808512,-1,-1,-1,-1,-1,0.074935
11730,405,0,18063,44.600000,0.000000,30.000000,-1,43.032221,43.032221,-1,18,0,1782,15,0,696,1561,0,213,5.348212,3.094645,3.094645,1.000000,0.805726,-1,-1,-1,-1,-1,0.069387
11740,387,0,17970,46.434109,0.000000,30.000000,-1,42.963439,42.963439,-1,15,0,1503,24,0,629,1638,0,185,5.586081,3.452679,3.452679,1.000000,0.806268,-1,-1,-1,-1,-1,0.074357
11750,402,0,18517,46.062189,0.000000,30.000000,-1,43.001674,43.001674,-1,22,0,1487,12,0,733,1771,0,257,5.345837,3.350325,3.350325,1.000000,0.797683,-1,-1,-1,-1,-1,0.072735
11760,402,0,18183,45.231343,0.000000,30.000000,-1,43.046362,43.046362,-1,28,0,1388,20,0,695,1705,0,354,5.216217,3.269805,3.269805,1.000000,0.783856,-1,-1,-1,-1,-1,0.072291
11770,403,0,18227,45.228288,0.000000,30.000000,-1,43.039941,43.039941,-1,21,0,1831,21,0,691,1713,0,247,5.319575,3.211088,3.211088,1.000000,0.801822,-1,-1,-1,-1,-1,0.070997
11780,417,0,18817,45.124700,0.000000,30.000000,-1,43.057926,43.057926,-1,25,0,1632,17,0,707,2094,0,326,5.351105,3.276507,3.276507,1.000000,0.793490,-1,-1,-1,-1,-1,0.072610
11790,429,0,19681,45.876457,0.000000,30.000000,-1,43.054875,43.054875,-1,21,0,1834,15,0,721,2386,0,279,5.141149,3.116981,3.116981,1.000000,0.804936,-1,-1,-1,-1,-1,0.067943
11800,409,0,18797,45.958435,0.000000,30.000000,-1,43.071288,43.071288,-1,23,0,1481,20,0,711,1974,0,285,5.400765,3.376489,3.376489,1.000000,0.797694,-1,-1,-1,-1,-1,0.073468
11810,436,0,19770,45.344037,0.000000,30.000000,-1,43.088720,43.088720,-1,28,0,1724,13,0,786,2075,0,346,5.082047,3.199299,3.199299,1.000000,0.795193,-1,-1,-1,-1,-1,0.070556
11820,390,0,17846,45.758974,0.000000,30.000000,-1,43.048246,43.048246,-1,23,0,1494,16,0,700,2017,0,294,5.594933,3.495543,3.495543,1.000000,0.798143,-1,-1,-1,-1,-1,0.076390
11830,392,0,18244,46.540816,0.000000,30.000000,-1,43.040068,43.040068,-1,14,0,1601,20,0,702,1884,0,179,5.426500,3.349375,3.349375,1.000000,0.814914,-1,-1,-1,-1,-1,0.071966
11840,406,0,18555,45.701970,0.000000,30.000000,-1,43.093290,43.093290,-1,21,0,1840,16,0,719,1689,0,273,5.702407,3.376998,3.376998,1.000000,0.800080,-1,-1,-1,-1,-1,0.073892
11850,421,0,19030,45.201900,0.000000,30.000000,-1,43.110142,43.110142,-1,25,0,1513,19,0,739,1802,0,278,5.096415,3.112272,3.112272,1.000000,0.793438,-1,-1,-1,-1,-1,0.068853
11860,417,0,19403,46.529976,0.000000,30.000000,-1,43.168273,43.168273,-1,14,0,1596,16,0,717,1999,0,184,5.355422,3.311702,3.311702,1.000000,0.813192,-1,-1,-1,-1,-1,0.071174
11870,425,0,19484,45.844706,0.000000,30.000000,-1,43.144272,43.144272,-1,17,0,1532,21,0,741,2472,0,227,5.113422,3.150668,3.150668,1.000000,0.812477,-1,-1,-1,-1,-1,0.068725
11880,432,0,19543,45.238426,0.000000,30.000000,-1,43.139027,43.139027,-1,20,0,1743,18,0,789,2265,0,264,5.180955,3.115617,3.115617,1.000000,0.803726,-1,-1,-1,-1,-1,0.068871
11890,416,0,19445,46.742788,0.000000,30.000000,-1,43.150167,43.150167,-1,15,0,1486,22,0,741,1802,0,182,5.166626,3.231134,3.231134,1.000000,0.804235,-1,-1,-1,-1,-1,0.069126
11900,414,0,18692,45.149758,0.000000,30.000000,-1,43.125401,43.125401,-1,23,0,1672,11,0,729,1952,0,274,5.077273,3.084793,3.084793,1.000000,0.800296,-1,-1,-1,-1,-1,0.068324
11910,396,0,18266,46.126263,0.000000,30.000000,-1,43.111026,43.111026,-1,22,0,1649,13,0,703,1971,0,270,5.235910,3.280925,3.280925,1.000000,0.795205,-1,-1,-1,-1,-1,0.071129
11920,407,0,18208,44.737101,0.000000,30.000000,-1,43.143344,43.143344,-1,25,0,1725,16,0,717,2006,0,309,5.469600,3.326235,3.326235,1.000000,0.797326,-1,-1,-1,-1,-1,0.074351
11930,424,0,19622,46.278302,0.000000,30.000000,-1,43.175925,43.175925,-1,10,0,1837,20,0,717,1811,0,123,5.074955,3.020451,3.020451,1.000000,0.820072,-1,-1,-1,-1,-1,0.065267
11940,397,0,18282,46.050378,0.000000,30.000000,-1,43.172902,43.172902,-1,18,0,1313,14,0,662,1595,0,248,5.258778,3.300176,3.300176,1.000000,0.811694,-1,-1,-1,-1,-1,0.071664
11950,406,0,18589,45.785714,0.000000,30.000000,-1,43.174781,43.174781,-1,16,0,1623,19,0,707,2088,0,201,5.203071,3.194771,3.194771,1.000000,0.810944,-1,-1,-1,-1,-1,0.069777
11960,405,0,18529,45.750617,0.000000,30.000000,-1,43.153543,43.153543,-1,20,0,1606,19,0,688,2059,0,236,5.260119,3.179975,3.179975,1.000000,0.803433,-1,-1,-1,-1,-1,0.069507
11970,395,0,18162,45.979747,0.000000,30.000000,-1,43.113093,43.113093,-1,17,0,1691,25,0,679,1938,0,209,5.614027,3.341006,3.341006,1.000000,0.807054,-1,-1,-1,-1,-1,0.072663
11980,408,0,18502,45.348039,0.000000,30.000000,-1,43.148254,43.148254,-1,23,0,1763,20,0,662,1812,0,286,5.317963,3.177369,3.177369,1.000000,0.795681,-1,-1,-1,-1,-1,0.070066
11990,408,0,18597,45.580882,0.000000,30.000000,-1,43.154003,43.154003,-1,23,0,1551,14,0,720,2072,0,294,5.518458,3.422952,3.422952,1.000000,0.798325,-1,-1,-1,-1,-1,0.075096
12000,417,0,19329,46.352518,0.000000,30.000000,-1,43.244244,43.244244,-1,17,0,1603,12,0,700,2355,0,208,5.302357,3.244862,3.244862,1.000000,0.810294,-1,-1,-1,-1,-1,0.070004
12010,395,0,18102,45.827848,0.000000,30.000000,-1,43.270688,43.270688,-1,17,0,1697,20,0,684,2193,0,197,5.449350,3.324188,3.324188,1.000000,0.809777,-1,-1,-1,-1,-1,0.072536
12020,399,0,18087,45.330827,0.000000,30.000000,-1,43.287499,43.287499,-1,19,0,1617,20,0,673,1519,0,221,5.635949,3.363216,3.363216,1.000000,0.802574,-1,-1,-1,-1,-1,0.074193
12030,402,0,18766,46.681592,0.000000,30.000000,-1,43.276298,43.276298,-1,14,0,1882,16,0,697,1974,0,153,5.665449,3.299488,3.299488,1.000000,0.806626,-1,-1,-1,-1,-1,0.070681
12040,432,0,19432,44.981481,0.000000,30.000000,-1,43.288545,43.288545,-1,22,0,1801,22,0,771,1749,0,289,4.949081,2.895110,2.895110,1.000000,0.791843,-1,-1,-1,-1,-1,0.064362
12050,409,0,18547,45.347188,0.000000,30.000000,-1,43.339192,43.339192,-1,22,0,1658,21,0,722,1786,0,277,5.429685,3.253281,3.253281,1.000000,0.794445,-1,-1,-1,-1,-1,0.071742
12060,405,0,18513,45.711111,0.000000,30.000000,-1,43.348512,43.348512,-1,20,0,1644,15,0,742,2065,0,253,5.336979,3.246208,3.246208,1.000000,0.798435,-1,-1,-1,-1,-1,0.071016
12070,406,0,18671,45.987685,0.000000,30.000000,-1,43.383054,43.383054,-1,14,0,1753,21,0,710,1629,0,164,5.340970,3.177913,3.177913,1.000000,0.810322,-1,-1,-1,-1,-1,0.069104
12080,405,0,18480,45.629630,0.000000,30.000000,-1,43.368777,43.368777,-1,20,0,1719,18,0,733,2179,0,280,5.378000,3.284199,3.284199,1.000000,0.799048,-1,-1,-1,-1,-1,0.071975
12090,408,0,19095,46.801471,0.000000,30.000000,-1,43.382194,43.382194,-1,14,0,1857,13,0,710,2017,0,174,5.258947,3.166123,3.166123,1.000000,0.809511,-1,-1,-1,-1,-1,0.067650
12100,408,0,18797,46.071078,0.000000,30.000000,-1,43.381763,43.381763,-1,14,0,1777,15,0,751,1969,0,174,5.364563,3.184107,3.184107,1.000000,0.808033,-1,-1,-1,-1,-1,0.069113
12110,390,0,17748,45.507692,0.000000,30.000000,-1,43.404440,43.404440,-1,23,0,1694,16,0,676,1984,0,284,5.445567,3.278731,3.278731,1.000000,0.792465,-1,-1,-1,-1,-1,0.072048
12120,417,0,18699,44.841727,0.000000,30.000000,-1,43.440986,43.440986,-1,22,0,1635,15,0,736,1946,0,273,5.285660,3.194185,3.194185,1.000000,0.802332,-1,-1,-1,-1,-1,0.071232
12130,399,0,18007,45.130326,0.000000,30.000000,-1,43.348531,43.348531,-1,18,0,1781,19,0,663,1674,0,217,5.659733,3.332987,3.332987,1.000000,0.801782,-1,-1,-1,-1,-1,0.073852
12140,393,0,17831,45.371501,0.000000,30.000000,-1,43.409904,43.409904,-1,18,0,1508,16,0,666,1464,0,226,5.499898,3.288300,3.288300,1.000000,0.807423,-1,-1,-1,-1,-1,0.072475
12150,406,0,18194,44.812808,0.000000,30.000000,-1,43.454600,43.454600,-1,28,0,1468,26,0,690,1641,0,372,5.283133,3.352452,3.352452,1.000000,0.785810,-1,-1,-1,-1,-1,0.074810
12160,387,0,17745,45.852713,0.000000,30.000000,-1,43.512990,43.512990,-1,19,0,1588,12,0,639,1548,0,222,5.437047,3.331626,3.331626,1.000000,0.800428,-1,-1,-1,-1,-1,0.072659
12170,403,0,18624,46.213400,0.000000,30.000000,-1,43.593750,43.593750,-1,19,0,1649,15,0,718,1783,0,235,5.257956,3.217290,3.217290,1.000000,0.806097,-1,-1,-1,-1,-1,0.069618
12180,400,0,18361,45.902500,0.000000,30.000000,-1,43.658243,43.658243,-1,15,0,1816,17,0,690,1799,0,201,5.617710,3.343005,3.343005,1.000000,0.810078,-1,-1,-1,-1,-1,0.072828
12190,417,0,18789,45.057554,0.000000,30.000000,-1,43.666294,43.666294,-1,23,0,1598,19,0,719,1704,0,267,5.215124,3.157492,3.157492,1.000000,0.800730,-1,-1,-1,-1,-1,0.070077
12200,412,0,18955,46.007282,0.000000,30.000000,-1,43.713743,43.713743,-1,20,0,1890,16,0,700,1958,0,255,5.254404,3.073728,3.073728,1.000000,0.798675,-1,-1,-1,-1,-1,0.066810
12210,405,0,18581,45.879012,0.000000,30.000000,-1,43.693343,43.693343,-1,15,0,1662,24,0,723,2014,0,177,5.112987,3.056991,3.056991,1.000000,0.806276,-1,-1,-1,-1,-1,0.066632
12220,377,0,17700,46.949602,0.000000,30.000000,-1,43.701073,43.701073,-1,14,0,1590,17,0,751,2080,0,184,5.514223,3.389402,3.389402,1.000000,0.811712,-1,-1,-1,-1,-1,0.072192
12230,388,0,17569,45.280928,0.000000,30.000000,-1,43.691388,43.691388,-1,21,0,1485,14,0,663,1786,0,267,5.595394,3.436454,3.436454,1.000000,0.792627,-1,-1,-1,-1,-1,0.075892
12240,392,0,18287,46.650510,0.000000,30.000000,-1,43.664625,43.664625,-1,14,0,1537,19,0,678,2018,0,173,5.646450,3.410219,3.410219,1.000000,0.808584,-1,-1,-1,-1,-1,0.073101
12250,426,0,19729,46.312207,0.000000,30.000000,-1,43.654265,43.654265,-1,16,0,1827,17,0,745,2054,0,180,5.432625,3.176977,3.176977,1.000000,0.802085,-1,-1,-1,-1,-1,0.068599
12260,434,0,19585,45.126728,0.000000,30.000000,-1,43.668318,43.668318,-1,23,0,1702,14,0,801,2197,0,267,5.020644,2.977930,2.977930,1.000000,0.793306,-1,-1,-1,-1,-1,0.065990
12270,401,0,18420,45.935162,0.000000,30.000000,-1,43.633062,43.633062,-1,22,0,1506,25,0,673,1434,0,270,5.390751,3.306910,3.306910,1.000000,0.787947,-1,-1,-1,-1,-1,0.071991
12280,388,0,17719,45.667526,0.000000,30.000000,-1,43.658220,43.658220,-1,20,0,1635,18,0,671,1921,0,240,5.333944,3.154028,3.154028,1.000000,0.789531,-1,-1,-1,-1,-1,0.069065
12290,386,0,18016,46.673575,0.000000,30.000000,-1,43.619838,43.619838,-1,18,0,1491,15,0,735,2107,0,222,5.326913,3.259011,3.259011,1.000000,0.794850,-1,-1,-1,-1,-1,0.069826
12300,384,0,17805,46.367188,0.000000,30.000000,-1,43.616456,43.616456,-1,16,0,1646,14,0,659,1905,0,199,5.517251,3.363081,3.363081,1.000000,0.792548,-1,-1,-1,-1,-1,0.072531
12310,405,0,18240,45.037037,0.000000,30.000000,-1,43.644079,43.644079,-1,22,0,1481,10,0,682,1989,0,303,5.139521,3.175470,3.175470,1.000000,0.790561,-1,-1,-1,-1,-1,0.070508
12320,385,0,17461,45.353247,0.000000,30.000000,-1,43.661016,43.661016,-1,21,0,1679,26,0,673,1831,0,267,5.609098,3.324111,3.324111,1.000000,0.781821,-1,-1,-1,-1,-1,0.073294
12330,389,0,17933,46.100257,0.000000,30.000000,-1,43.607985,43.607985,-1,17,0,1497,13,0,632,1747,0,216,5.624148,3.444036,3.444036,1.000000,0.798412,-1,-1,-1,-1,-1,0.074708
12340,416,0,19173,46.088942,0.000000,30.000000,-1,43.634590,43.634590,-1,17,0,1672,10,0,703,2433,0,222,5.517460,3.296643,3.296643,1.000000,0.801257,-1,-1,-1,-1,-1,0.071528
12350,413,0,18777,45.464891,0.000000,30.000000,-1,43.647228,43.647228,-1,23,0,1798,21,0,755,1919,0,271,5.320147,3.057808,3.057808,1.000000,0.786702,-1,-1,-1,-1,-1,0.067256
12360,389,0,17932,46.097686,0.000000,30.000000,-1,43.620957,43.620957,-1,15,0,1607,19,0,675,1731,0,207,5.538188,3.215883,3.215883,1.000000,0.791364,-1,-1,-1,-1,-1,0.069762
12370,405,0,18518,45.723457,0.000000,30.000000,-1,43.658548,43.658548,-1,21,0,1711,19,0,702,1753,0,280,5.410635,3.241216,3.241216,1.000000,0.792270,-1,-1,-1,-1,-1,0.070887
12380,395,0,18251,46.205063,0.000000,30.000000,-1,43.658649,43.658649,-1,17,0,1735,17,0,685,2272,0,250,5.658494,3.281591,3.281591,1.000000,0.794316,-1,-1,-1,-1,-1,0.071022
12390,404,0,18410,45.569307,0.000000,30.000000,-1,43.674253,43.674253,-1,17,0,1784,18,0,770,2024,0,217,5.324048,3.136937,3.136937,1.000000,0.797926,-1,-1,-1,-1,-1,0.068839
12400,401,0,18590,46.359102,0.000000,30.000000,-1,43.670414,43.670414,-1,17,0,1568,22,0,697,2204,0,193,5.438606,3.201461,3.201461,1.000000,0.796968,-1,-1,-1,-1,-1,0.069058
12410,427,0,19610,45.925059,0.000000,30.000000,-1,43.662570,43.662570,-1,16,0,1736,17,0,806,2175,0,208,5.667791,3.319161,3.319161,1.000000,0.795432,-1,-1,-1,-1,-1,0.072273
12420,407,0,18631,45.776413,0.000000,30.000000,-1,43.695507,43.695507,-1,16,0,1785,17,0,737,2161,0,212,5.657041,3.206771,3.206771,1.000000,0.791944,-1,-1,-1,-1,-1,0.070053
12430,413,0,18754,45.409201,0.000000,30.000000,-1,43.722619,43.722619,-1,26,0,1521,16,0,738,2360,0,345,5.264109,3.257279,3.257279,1.000000,0.780099,-1,-1,-1,-1,-1,0.071732
12440,399,0,18343,45.972431,0.000000,30.000000,-1,43.742463,43.742463,-1,15,0,1675,22,0,688,2313,0,191,5.442850,3.155312,3.155312,1.000000,0.794355,-1,-1,-1,-1,-1,0.068635
12450,407,0,18864,46.348894,0.000000,30.000000,-1,43.756626,43.756626,-1,17,0,1657,19,0,736,2130,0,211,5.469905,3.312475,3.312475,1.000000,0.799220,-1,-1,-1,-1,-1,0.071468
12460,411,0,19517,47.486618,0.000000,30.000000,-1,43.772147,43.772147,-1,11,0,1592,19,0,759,1962,0,132,5.182600,3.188273,3.188273,1.000000,0.813523,-1,-1,-1,-1,-1,0.067140
12470,407,0,18490,45.429975,0.000000,30.000000,-1,43.815360,43.815360,-1,21,0,1751,27,0,748,1853,0,243,5.441870,3.213214,3.213214,1.000000,0.790160,-1,-1,-1,-1,-1,0.070729
12480,413,0,19029,46.075061,0.000000,30.000000,-1,43.823112,43.823112,-1,18,0,1522,12,0,708,2095,0,227,5.318556,3.241689,3.241689,1.000000,0.803747,-1,-1,-1,-1,-1,0.070357
12490,427,0,18844,44.131148,0.000000,30.000000,-1,43.831777,43.831777,-1,28,0,1882,16,0,780,2293,0,351,5.154239,2.963972,2.963972,1.000000,0.776853,-1,-1,-1,-1,-1,0.067163
12500,403,0,18538,46.000000,0.000000,30.000000,-1,43.805265,43.805265,-1,20,0,1468,16,0,707,1981,0,245,5.565199,3.416191,3.416191,1.000000,0.788311,-1,-1,-1,-1,-1,0.074265
12510,423,0,19196,45.380615,0.000000,30.000000,-1,43.834497,43.834497,-1,26,0,1552,16,0,734,1806,0,335,5.267334,3.257601,3.257601,1.000000,0.786336,-1,-1,-1,-1,-1,0.071784
12520,393,0,18071,45.982188,0.000000,30.000000,-1,43.813237,43.813237,-1,18,0,1524,19,0,753,2054,0,234,5.436605,3.263262,3.263262,1.000000,0.796412,-1,-1,-1,-1,-1,0.070968
12530,384,0,17917,46.658854,0.000000,30.000000,-1,43.851817,43.851817,-1,12,0,1541,21,0,719,1809,0,146,5.555843,3.357599,3.357599,1.000000,0.808884,-1,-1,-1,-1,-1,0.071961
12540,405,0,18578,45.871605,0.000000,30.000000,-1,43.826515,43.826515,-1,17,0,1785,17,0,715,2163,0,232,5.556045,3.276642,3.276642,1.000000,0.799583,-1,-1,-1,-1,-1,0.071431
12550,419,0,18960,45.250597,0.000000,30.000000,-1,43.798523,43.798523,-1,20,0,1883,19,0,693,1806,0,252,5.381823,3.122439,3.122439,1.000000,0.793006,-1,-1,-1,-1,-1,0.069003
12560,418,0,18922,45.267943,0.000000,30.000000,-1,43.802294,43.802294,-1,24,0,1646,22,0,701,1670,0,304,5.338009,3.235014,3.235014,1.000000,0.789277,-1,-1,-1,-1,-1,0.071464
12570,406,0,18622,45.866995,0.000000,30.000000,-1,43.777843,43.777843,-1,20,0,1393,14,0,722,2110,0,254,5.373830,3.367315,3.367315,1.000000,0.797378,-1,-1,-1,-1,-1,0.073415
12580,419,0,18713,44.661098,0.000000,30.000000,-1,43.794261,43.794261,-1,26,0,1940,18,0,700,2102,0,294,5.285337,3.011969,3.011969,1.000000,0.781483,-1,-1,-1,-1,-1,0.067441
12590,381,0,17325,45.472441,0.000000,30.000000,-1,43.769408,43.769408,-1,18,0,1586,30,0,668,1653,0,208,5.520007,3.239898,3.239898,1.000000,0.794774,-1,-1,-1,-1,-1,0.071250
12600,389,0,17656,45.388175,0.000000,30.000000,-1,43.726382,43.726382,-1,18,0,1714,16,0,650,1936,0,211,5.598899,3.315411,3.315411,1.000000,0.798003,-1,-1,-1,-1,-1,0.073046
12610,394,0,17899,45.428934,0.000000,30.000000,-1,43.777083,43.777083,-1,24,0,1609,21,0,684,2037,0,305,5.394634,3.231061,3.231061,1.000000,0.783284,-1,-1,-1,-1,-1,0.071123
12620,411,0,18771,45.671533,0.000000,30.000000,-1,43.775878,43.775878,-1,19,0,1733,17,0,715,2344,0,222,5.235461,3.073773,3.073773,1.000000,0.801512,-1,-1,-1,-1,-1,0.067302
12630,396,0,17983,45.411616,0.000000,30.000000,-1,43.806595,43.806595,-1,14,0,1701,20,0,724,1540,0,155,5.582117,3.131688,3.131688,1.000000,0.798837,-1,-1,-1,-1,-1,0.068962
12640,402,0,18553,46.151741,0.000000,30.000000,-1,43.826605,43.826605,-1,15,0,1545,21,0,723,1998,0,165,5.375914,3.174449,3.174449,1.000000,0.797144,-1,-1,-1,-1,-1,0.068783
12650,397,0,18158,45.738035,0.000000,30.000000,-1,43.822062,43.822062,-1,21,0,1481,15,0,761,1489,0,286,5.442469,3.304442,3.304442,1.000000,0.792120,-1,-1,-1,-1,-1,0.072247
12660,408,0,18441,45.198529,0.000000,30.000000,-1,43.802180,43.802180,-1,24,0,1600,16,0,698,1924,0,313,5.083006,3.068955,3.068955,1.000000,0.777519,-1,-1,-1,-1,-1,0.067899
12670,379,0,17269,45.564644,0.000000,30.000000,-1,43.768255,43.768255,-1,19,0,1625,22,0,667,1776,0,246,5.879182,3.477018,3.477018,1.000000,0.790235,-1,-1,-1,-1,-1,0.076310
12680,404,0,18754,46.420792,0.000000,30.000000,-1,43.781060,43.781060,-1,14,0,1609,16,0,693,2214,0,181,5.485083,3.278865,3.278865,1.000000,0.804606,-1,-1,-1,-1,-1,0.070634
12690,368,0,17054,46.342391,0.000000,30.000000,-1,43.789140,43.789140,-1,14,0,1298,30,0,685,1696,0,183,5.334425,3.249425,3.249425,1.000000,0.804498,-1,-1,-1,-1,-1,0.070118
12700,390,0,17735,45.474359,0.000000,30.000000,-1,43.796279,43.796279,-1,18,0,1592,19,0,643,1710,0,196,5.691682,3.430540,3.430540,1.000000,0.802591,-1,-1,-1,-1,-1,0.075439
12710,390,0,17868,45.815385,0.000000,30.000000,-1,43.819790,43.819790,-1,20,0,1637,16,0,742,2096,0,245,5.509101,3.284062,3.284062,1.000000,0.788769,-1,-1,-1,-1,-1,0.071680
12720,401,0,18395,45.872818,0.000000,30.000000,-1,43.810383,43.810383,-1,22,0,1663,20,0,670,1776,0,275,5.433182,3.291672,3.291672,1.000000,0.788545,-1,-1,-1,-1,-1,0.071756
12730,410,0,18799,45.851220,0.000000,30.000000,-1,43.830470,43.830470,-1,21,0,1354,14,0,687,2169,0,273,5.320128,3.261812,3.261812,1.000000,0.790075,-1,-1,-1,-1,-1,0.071139
12740,415,0,18949,45.660241,0.000000,30.000000,-1,43.760937,43.760937,-1,21,0,1728,22,0,678,1748,0,286,5.359673,3.219730,3.219730,1.000000,0.788297,-1,-1,-1,-1,-1,0.070515
12750,421,0,19157,45.503563,0.000000,30.000000,-1,43.740721,43.740721,-1,22,0,1883,9,0,797,1870,0,281,5.449095,3.234878,3.234878,1.000000,0.788243,-1,-1,-1,-1,-1,0.071091
12760,427,0,19528,45.733021,0.000000,30.000000,-1,43.779803,43.779803,-1,21,0,1630,17,0,733,2220,0,241,5.340486,3.244381,3.244381,1.000000,0.792742,-1,-1,-1,-1,-1,0.070942
12770,433,0,19644,45.367206,0.000000,30.000000,-1,43.809662,43.809662,-1,24,0,1648,23,0,849,2143,0,305,5.277823,3.138101,3.138101,1.000000,0.783896,-1,-1,-1,-1,-1,0.069171
12780,414,0,18935,45.736715,0.000000,30.000000,-1,43.843042,43.843042,-1,23,0,1751,15,0,739,2250,0,287,5.358302,3.247921,3.247921,1.000000,0.783755,-1,-1,-1,-1,-1,0.071013
12790,418,0,19533,46.729665,0.000000,30.000000,-1,43.854554,43.854554,-1,15,0,1588,17,0,754,2073,0,193,5.378571,3.285647,3.285647,1.000000,0.797808,-1,-1,-1,-1,-1,0.070312
12800,407,0,18414,45.243243,0.000000,30.000000,-1,43.855708,43.855708,-1,23,0,1756,19,0,782,2049,0,283,5.404341,3.113034,3.113034,1.000000,0.783763,-1,-1,-1,-1,-1,0.068807
12810,416,0,19376,46.576923,0.000000,30.000000,-1,43.913398,43.913398,-1,12,0,1744,18,0,699,2348,0,133,5.297440,3.145708,3.145708,1.000000,0.800025,-1,-1,-1,-1,-1,0.067538
12820,397,0,18413,46.380353,0.000000,30.000000,-1,43.914191,43.914191,-1,18,0,1627,16,0,786,1722,0,228,5.301805,3.156754,3.156754,1.000000,0.789080,-1,-1,-1,-1,-1,0.068062
12830,384,0,17204,44.802083,0.000000,30.000000,-1,43.977912,43.977912,-1,22,0,1494,18,0,657,1756,0,297,5.730827,3.407317,3.407317,1.000000,0.786577,-1,-1,-1,-1,-1,0.076053
12840,395,0,17723,44.868354,0.000000,30.000000,-1,43.975568,43.975568,-1,26,0,1440,21,0,677,1998,0,322,5.380768,3.266489,3.266489,1.000000,0.780181,-1,-1,-1,-1,-1,0.072802
12850,391,0,17835,45.613811,0.000000,30.000000,-1,44.032464,44.032464,-1,23,0,1378,17,0,689,2036,0,280,5.463607,3.316444,3.316444,1.000000,0.778171,-1,-1,-1,-1,-1,0.072707
12860,388,0,18010,46.417526,0.000000,30.000000,-1,43.999334,43.999334,-1,19,0,1417,14,0,714,1917,0,231,5.699513,3.482618,3.482618,1.000000,0.789725,-1,-1,-1,-1,-1,0.075028
12870,393,0,17991,45.778626,0.000000,30.000000,-1,44.055194,44.055194,-1,16,0,1942,16,0,711,1867,0,195,5.798410,3.389037,3.389037,1.000000,0.796700,-1,-1,-1,-1,-1,0.074031
12880,414,0,18814,45.444444,0.000000,30.000000,-1,44.095195,44.095195,-1,23,0,1500,16,0,678,1704,0,284,5.244176,3.162887,3.162887,1.000000,0.788548,-1,-1,-1,-1,-1,0.069599
12890,406,0,18453,45.450739,0.000000,30.000000,-1,44.088170,44.088170,-1,17,0,1756,20,0,788,1787,0,222,5.303120,3.084401,3.084401,1.000000,0.797597,-1,-1,-1,-1,-1,0.067862
12900,406,0,18420,45.369458,0.000000,30.000000,-1,44.045277,44.045277,-1,23,0,1565,15,0,651,2074,0,276,5.504631,3.279090,3.279090,1.000000,0.785558,-1,-1,-1,-1,-1,0.072275
12910,395,0,17760,44.962025,0.000000,30.000000,-1,44.064921,44.064921,-1,23,0,1488,17,0,644,1967,0,279,5.139620,3.091423,3.091423,1.000000,0.792848,-1,-1,-1,-1,-1,0.068756
12920,429,0,19593,45.671329,0.000000,30.000000,-1,44.066605,44.066605,-1,20,0,1856,14,0,776,2036,0,276,5.185459,3.086935,3.086935,1.000000,0.797687,-1,-1,-1,-1,-1,0.067590
12930,407,0,18627,45.766585,0.000000,30.000000,-1,44.061470,44.061470,-1,20,0,1544,22,0,702,1953,0,259,5.382939,3.294024,3.294024,1.000000,0.794598,-1,-1,-1,-1,-1,0.071974
12940,425,0,19595,46.105882,0.000000,30.000000,-1,44.085073,44.085073,-1,15,0,1640,18,0,710,1754,0,187,5.296413,3.162074,3.162074,1.000000,0.802784,-1,-1,-1,-1,-1,0.068583
12950,390,0,17847,45.761538,0.000000,30.000000,-1,44.066062,44.066062,-1,17,0,1767,25,0,651,1857,0,192,5.760064,3.327848,3.327848,1.000000,0.798890,-1,-1,-1,-1,-1,0.072722
12960,414,0,18711,45.195652,0.000000,30.000000,-1,44.068623,44.068623,-1,19,0,1954,14,0,688,2146,0,238,5.461599,3.110404,3.110404,1.000000,0.793001,-1,-1,-1,-1,-1,0.068821
12970,406,0,18824,46.364532,0.000000,30.000000,-1,44.113950,44.113950,-1,19,0,1715,12,0,724,1923,0,242,5.548334,3.339069,3.339069,1.000000,0.791840,-1,-1,-1,-1,-1,0.072018
12980,383,0,17643,46.065274,0.000000,30.000000,-1,44.138639,44.138639,-1,16,0,1510,19,0,670,2039,0,184,5.698632,3.475556,3.475556,1.000000,0.803841,-1,-1,-1,-1,-1,0.075449
12990,388,0,17886,46.097938,0.000000,30.000000,-1,44.177737,44.177737,-1,15,0,1704,21,0,689,1581,0,173,5.758431,3.403203,3.403203,1.000000,0.799475,-1,-1,-1,-1,-1,0.073826
13000,385,0,17126,44.483117,0.000000,30.000000,-1,44.213126,44.213126,-1,22,0,1661,24,0,627,1984,0,263,5.621343,3.292943,3.292943,1.000000,0.786450,-1,-1,-1,-1,-1,0.074027
13010,408,0,18323,44.909314,0.000000,30.000000,-1,44.215685,44.215685,-1,22,0,1976,12,0,679,1783,0,282,5.362922,3.049309,3.049309,1.000000,0.782054,-1,-1,-1,-1,-1,0.067899
13020,396,0,18472,46.646465,0.000000,30.000000,-1,44.217681,44.217681,-1,14,0,1649,19,0,719,1712,0,167,5.474908,3.259098,3.259098,1.000000,0.795913,-1,-1,-1,-1,-1,0.069868
13030,405,0,18587,45.893827,0.000000,30.000000,-1,44.219239,44.219239,-1,21,0,1594,13,0,728,1735,0,251,5.611179,3.404458,3.404458,1.000000,0.791486,-1,-1,-1,-1,-1,0.074181
13040,384,0,16955,44.153646,0.000000,30.000000,-1,44.263167,44.263167,-1,29,0,1373,22,0,695,1505,0,339,5.476016,3.287253,3.287253,1.000000,0.771028,-1,-1,-1,-1,-1,0.074450
13050,387,0,17824,46.056848,0.000000,30.000000,-1,44.269861,44.269861,-1,17,0,1551,14,0,656,1674,0,196,5.449895,3.351138,3.351138,1.000000,0.791089,-1,-1,-1,-1,-1,0.072761
13060,417,0,19185,46.007194,0.000000,30.000000,-1,44.227991,44.227991,-1,16,0,1838,16,0,701,2090,0,193,5.353038,3.164947,3.164947,1.000000,0.799144,-1,-1,-1,-1,-1,0.068792
13070,426,0,19417,45.579812,0.000000,30.000000,-1,44.218417,44.218417,-1,23,0,1716,28,0,719,2089,0,286,5.337252,3.157830,3.157830,1.000000,0.781886,-1,-1,-1,-1,-1,0.069281
13080,400,0,17924,44.810000,0.000000,30.000000,-1,44.197445,44.197445,-1,23,0,1528,20,0,672,1956,0,283,5.564775,3.224927,3.224927,1.000000,0.782607,-1,-1,-1,-1,-1,0.071969
13090,387,0,17859,46.147287,0.000000,30.000000,-1,44.207122,44.207122,-1,17,0,1482,17,0,690,1670,0,228,5.621833,3.378290,3.378290,1.000000,0.790498,-1,-1,-1,-1,-1,0.073207
13100,411,0,19110,46.496350,0.000000,30.000000,-1,44.228676,44.228676,-1,15,0,1762,23,0,782,2172,0,176,5.304646,3.187417,3.187417,1.000000,0.800469,-1,-1,-1,-1,-1,0.068552
13110,414,0,19184,46.338164,0.000000,30.000000,-1,44.238011,44.238011,-1,15,0,1757,16,0,707,1829,0,208,5.619624,3.388370,3.388370,1.000000,0.798464,-1,-1,-1,-1,-1,0.073123
13120,415,0,18735,45.144578,0.000000,30.000000,-1,44.272752,44.272752,-1,22,0,1822,20,0,743,1727,0,286,5.224659,3.065588,3.065588,1.000000,0.789798,-1,-1,-1,-1,-1,0.067906
13130,411,0,18639,45.350365,0.000000,30.000000,-1,44.243736,44.243736,-1,23,0,1667,21,0,745,1846,0,302,5.226817,3.077377,3.077377,1.000000,0.784843,-1,-1,-1,-1,-1,0.067858
13140,387,0,18074,46.702842,0.000000,30.000000,-1,44.286766,44.286766,-1,13,0,1647,21,0,661,1996,0,174,5.439075,3.173821,3.173821,1.000000,0.799573,-1,-1,-1,-1,-1,0.067958
13150,415,0,18944,45.648193,0.000000,30.000000,-1,44.255595,44.255595,-1,15,0,1874,20,0,738,1999,0,166,5.585728,3.179619,3.179619,1.000000,0.799431,-1,-1,-1,-1,-1,0.069655
13160,424,0,18967,44.733491,0.000000,30.000000,-1,44.253229,44.253229,-1,30,0,1809,13,0,771,1938,0,371,5.215943,3.037988,3.037988,1.000000,0.772918,-1,-1,-1,-1,-1,0.067913
13170,419,0,19166,45.742243,0.000000,30.000000,-1,44.235208,44.235208,-1,22,0,1636,21,0,766,1864,0,283,5.099483,3.053546,3.053546,1.000000,0.784226,-1,-1,-1,-1,-1,0.066755
13180,422,0,19333,45.812796,0.000000,30.000000,-1,44.248125,44.248125,-1,20,0,1677,14,0,764,2264,0,265,5.103182,3.073133,3.073133,1.000000,0.791789,-1,-1,-1,-1,-1,0.067080
13190,417,0,19203,46.050360,0.000000,30.000000,-1,44.231735,44.231735,-1,17,0,1797,31,0,804,2026,0,245,5.549913,3.197717,3.197717,1.000000,0.790176,-1,-1,-1,-1,-1,0.069440
13200,417,0,18657,44.741007,0.000000,30.000000,-1,44.229458,44.229458,-1,26,0,1652,24,0,727,1633,0,331,5.297341,3.121296,3.121296,1.000000,0.778930,-1,-1,-1,-1,-1,0.069764
13210,422,0,19117,45.300948,0.000000,30.000000,-1,44.236805,44.236805,-1,16,0,1882,14,0,750,1897,0,213,5.343865,3.031220,3.031220,1.000000,0.797877,-1,-1,-1,-1,-1,0.066913
13220,400,0,18244,45.610000,0.000000,30.000000,-1,44.262388,44.262388,-1,22,0,1563,11,0,693,1999,0,270,5.420247,3.254217,3.254217,1.000000,0.782161,-1,-1,-1,-1,-1,0.071349
13230,391,0,18227,46.616368,0.000000,30.000000,-1,44.265595,44.265595,-1,12,0,1478,16,0,685,1884,0,159,5.573388,3.358898,3.358898,1.000000,0.807098,-1,-1,-1,-1,-1,0.072054
13240,413,0,18540,44.891041,0.000000,30.000000,-1,44.258414,44.258414,-1,23,0,1861,16,0,695,1933,0,292,5.580998,3.163612,3.163612,1.000000,0.780282,-1,-1,-1,-1,-1,0.070473
13250,397,0,18198,45.838791,0.000000,30.000000,-1,44.294428,44.294428,-1,18,0,1543,23,0,733,1910,0,219,5.195264,3.056925,3.056925,1.000000,0.784933,-1,-1,-1,-1,-1,0.066689
13260,395,0,18313,46.362025,0.000000,30.000000,-1,44.301261,44.301261,-1,18,0,1586,21,0,671,1480,0,214,5.638411,3.383832,3.383832,1.000000,0.792611,-1,-1,-1,-1,-1,0.072987
13270,408,0,18156,44.500000,0.000000,30.000000,-1,44.261566,44.261566,-1,25,0,1781,11,0,720,1605,0,309,5.602223,3.183608,3.183608,1.000000,0.779993,-1,-1,-1,-1,-1,0.071542
13280,394,0,18310,46.472081,0.000000,30.000000,-1,44.253195,44.253195,-1,12,0,1690,15,0,662,1820,0,156,5.608525,3.279921,3.279921,1.000000,0.802613,-1,-1,-1,-1,-1,0.070578
13290,396,0,17898,45.196970,0.000000,30.000000,-1,44.205386,44.205386,-1,24,0,1508,20,0,659,1857,0,300,5.553078,3.272439,3.272439,1.000000,0.780447,-1,-1,-1,-1,-1,0.072404
13300,404,0,18442,45.648515,0.000000,30.000000,-1,44.220258,44.220258,-1,19,0,1657,27,0,716,2066,0,241,5.244385,3.065728,3.065728,1.000000,0.788162,-1,-1,-1,-1,-1,0.067159
13310,417,0,19051,45.685851,0.000000,30.000000,-1,44.171277,44.171277,-1,20,0,1583,11,0,737,1790,0,235,5.569224,3.344559,3.344559,1.000000,0.791984,-1,-1,-1,-1,-1,0.073208
13320,423,0,19287,45.595745,0.000000,30.000000,-1,44.204283,44.204283,-1,21,0,1686,17,0,746,2208,0,259,5.412526,3.273616,3.273616,1.000000,0.797329,-1,-1,-1,-1,-1,0.071797
13330,400,0,18063,45.157500,0.000000,30.000000,-1,44.196590,44.196590,-1,23,0,1430,22,0,719,1789,0,295,5.352287,3.288427,3.288427,1.000000,0.789896,-1,-1,-1,-1,-1,0.072821
13340,416,0,19111,45.939904,0.000000,30.000000,-1,44.184920,44.184920,-1,20,0,1606,15,0,705,1931,0,239,5.379027,3.188052,3.188052,1.000000,0.791428,-1,-1,-1,-1,-1,0.069396
13350,402,0,17954,44.661692,0.000000,30.000000,-1,44.189150,44.189150,-1,20,0,1786,28,0,672,1799,0,252,5.477268,3.155224,3.155224,1.000000,0.787148,-1,-1,-1,-1,-1,0.070647
13360,405,0,18089,44.664198,0.000000,30.000000,-1,44.144508,44.144508,-1,29,0,1532,15,0,621,1930,0,380,5.365612,3.233447,3.233447,1.000000,0.769780,-1,-1,-1,-1,-1,0.072395
13370,406,0,18526,45.630542,0.000000,30.000000,-1,44.167818,44.167818,-1,17,0,1448,21,0,689,2178,0,206,5.208520,3.106751,3.106751,1.000000,0.797322,-1,-1,-1,-1,-1,0.068085
13380,403,0,18585,46.116625,0.000000,30.000000,-1,44.206403,44.206403,-1,15,0,1468,32,0,759,1740,0,176,5.342455,3.201205,3.201205,1.000000,0.804041,-1,-1,-1,-1,-1,0.069415
13390,423,0,19030,44.988180,0.000000,30.000000,-1,44.249448,44.249448,-1,22,0,1601,27,0,778,2075,0,279,5.392001,3.182411,3.182411,1.000000,0.782589,-1,-1,-1,-1,-1,0.070739
13400,404,0,18344,45.405941,0.000000,30.000000,-1,44.244821,44.244821,-1,21,0,1578,27,0,679,2210,0,260,5.316364,3.182811,3.182811,1.000000,0.786752,-1,-1,-1,-1,-1,0.070097
13410,387,0,17654,45.617571,0.000000,30.000000,-1,44.282372,44.282372,-1,17,0,1687,28,0,731,1965,0,227,5.736621,3.309768,3.309768,1.000000,0.793289,-1,-1,-1,-1,-1,0.072555
13420,423,0,18977,44.862884,0.000000,30.000000,-1,44.336407,44.336407,-1,27,0,1631,21,0,712,2255,0,362,5.362927,3.111575,3.111575,1.000000,0.770564,-1,-1,-1,-1,-1,0.069357
13430,408,0,18594,45.573529,0.000000,30.000000,-1,44.377649,44.377649,-1,15,0,1893,22,0,751,1968,0,206,5.406496,3.029779,3.029779,1.000000,0.790798,-1,-1,-1,-1,-1,0.066481
13440,422,0,19264,45.649289,0.000000,30.000000,-1,44.378063,44.378063,-1,23,0,1564,17,0,726,2389,0,287,5.404307,3.187658,3.187658,1.000000,0.779606,-1,-1,-1,-1,-1,0.069829
13450,419,0,19034,45.427208,0.000000,30.000000,-1,44.340969,44.340969,-1,24,0,1778,18,0,708,2141,0,311,5.653567,3.323589,3.323589,1.000000,0.777398,-1,-1,-1,-1,-1,0.073163
13460,412,0,19002,46.121359,0.000000,30.000000,-1,44.374382,44.374382,-1,18,0,1618,12,0,794,2109,0,215,5.338355,3.102006,3.102006,1.000000,0.778592,-1,-1,-1,-1,-1,0.067257
13470,409,0,18572,45.408313,0.000000,30.000000,-1,44.367112,44.367112,-1,20,0,1633,14,0,691,1839,0,232,5.479011,3.226019,3.226019,1.000000,0.784899,-1,-1,-1,-1,-1,0.071045
13480,421,0,18919,44.938242,0.000000,30.000000,-1,44.369893,44.369893,-1,22,0,1714,19,0,734,1780,0,265,5.047383,2.868350,2.868350,1.000000,0.781078,-1,-1,-1,-1,-1,0.063829
13490,402,0,18024,44.835821,0.000000,30.000000,-1,44.439913,44.439913,-1,24,0,1736,21,0,691,2064,0,280,5.406095,3.115937,3.115937,1.000000,0.775581,-1,-1,-1,-1,-1,0.069497
13500,413,0,19172,46.421308,0.000000,30.000000,-1,44.458585,44.458585,-1,14,0,1726,11,0,671,2130,0,178,5.258998,3.072375,3.072375,1.000000,0.788328,-1,-1,-1,-1,-1,0.066185
13510,400,0,18203,45.507500,0.000000,30.000000,-1,44.470856,44.470856,-1,14,0,1720,15,0,748,1425,0,154,5.562336,3.127069,3.127069,1.000000,0.791154,-1,-1,-1,-1,-1,0.068715
13520,396,0,17966,45.368687,0.000000,30.000000,-1,44.517032,44.517032,-1,20,0,1953,26,0,621,1896,0,248,5.810133,3.246985,3.246985,1.000000,0.773126,-1,-1,-1,-1,-1,0.071569
13530,399,0,18318,45.909774,0.000000,30.000000,-1,44.534556,44.534556,-1,23,0,1572,18,0,766,1862,0,283,5.521770,3.367716,3.367716,1.000000,0.778060,-1,-1,-1,-1,-1,0.073355
13540,396,0,17742,44.803030,0.000000,30.000000,-1,44.556363,44.556363,-1,25,0,1705,17,0,668,2003,0,347,5.513081,3.129175,3.129175,1.000000,0.773125,-1,-1,-1,-1,-1,0.069843
13550,385,0,17531,45.535065,0.000000,30.000000,-1,44.557184,44.557184,-1,21,0,1377,16,0,673,1841,0,289,5.636859,3.378726,3.378726,1.000000,0.780232,-1,-1,-1,-1,-1,0.074201
13560,394,0,17942,45.538071,0.000000,30.000000,-1,44.583324,44.583324,-1,22,0,1397,11,0,671,1926,0,278,5.636634,3.402565,3.402565,1.000000,0.778761,-1,-1,-1,-1,-1,0.074719
13570,392,0,18006,45.933673,0.000000,30.000000,-1,44.593969,44.593969,-1,18,0,1460,19,0,706,2220,0,235,5.336659,3.174335,3.174335,1.000000,0.779908,-1,-1,-1,-1,-1,0.069107
13580,399,0,17927,44.929825,0.000000,30.000000,-1,44.583979,44.583979,-1,20,0,1592,19,0,733,1945,0,246,5.516958,3.187660,3.187660,1.000000,0.775562,-1,-1,-1,-1,-1,0.070948
13590,403,0,18074,44.848635,0.000000,30.000000,-1,44.585869,44.585869,-1,25,0,1631,15,0,751,2063,0,338,5.314696,3.059935,3.059935,1.000000,0.766591,-1,-1,-1,-1,-1,0.068228
13600,388,0,17843,45.987113,0.000000,30.000000,-1,44.578154,44.578154,-1,17,0,1609,13,0,707,1723,0,205,5.734927,3.407316,3.407316,1.000000,0.783248,-1,-1,-1,-1,-1,0.074093
13610,394,0,17864,45.340102,0.000000,30.000000,-1,44.592365,44.592365,-1,23,0,1565,14,0,675,1814,0,277,5.659719,3.347291,3.347291,1.000000,0.775884,-1,-1,-1,-1,-1,0.073826
13620,402,0,18453,45.902985,0.000000,30.000000,-1,44.617461,44.617461,-1,19,0,1527,16,0,691,1939,0,255,5.332123,3.083300,3.083300,1.000000,0.778800,-1,-1,-1,-1,-1,0.067170
13630,389,0,17602,45.249357,0.000000,30.000000,-1,44.649131,44.649131,-1,19,0,1560,19,0,672,1831,0,237,5.556797,3.217839,3.217839,1.000000,0.772367,-1,-1,-1,-1,-1,0.071113
13640,400,0,18314,45.785000,0.000000,30.000000,-1,44.663536,44.663536,-1,20,0,1505,22,0,700,1995,0,244,5.512480,3.238472,3.238472,1.000000,0.775785,-1,-1,-1,-1,-1,0.070732
13650,421,0,19361,45.988124,0.000000,30.000000,-1,44.649502,44.649502,-1,21,0,1613,21,0,746,1829,0,281,5.568561,3.266865,3.266865,1.000000,0.775428,-1,-1,-1,-1,-1,0.071037
13660,418,0,19271,46.102871,0.000000,30.000000,-1,44.626382,44.626382,-1,15,0,1733,13,0,740,2066,0,191,5.435863,3.112212,3.112212,1.000000,0.785600,-1,-1,-1,-1,-1,0.067506
13670,430,0,19727,45.876744,0.000000,30.000000,-1,44.596239,44.596239,-1,15,0,1801,22,0,734,2149,0,198,5.463754,3.036467,3.036467,1.000000,0.784697,-1,-1,-1,-1,-1,0.066188
13680,410,0,18801,45.856098,0.000000,30.000000,-1,44.616669,44.616669,-1,16,0,1574,22,0,767,2359,0,202,5.269813,3.131213,3.131213,1.000000,0.790466,-1,-1,-1,-1,-1,0.068283
13690,403,0,18613,46.186104,0.000000,30.000000,-1,44.587708,44.587708,-1,17,0,1762,23,0,750,1852,0,235,5.402980,3.053359,3.053359,1.000000,0.778248,-1,-1,-1,-1,-1,0.066110
13700,418,0,18729,44.806220,0.000000,30.000000,-1,44.611298,44.611298,-1,28,0,1792,17,0,726,1772,0,365,5.507240,3.159883,3.159883,1.000000,0.763337,-1,-1,-1,-1,-1,0.070523
13710,401,0,18437,45.977556,0.000000,30.000000,-1,44.613657,44.613657,-1,13,0,1600,19,0,694,1934,0,161,5.609700,3.233311,3.233311,1.000000,0.789660,-1,-1,-1,-1,-1,0.070324
13720,388,0,17705,45.631443,0.000000,30.000000,-1,44.606778,44.606778,-1,16,0,1643,20,0,719,1880,0,204,5.668409,3.276608,3.276608,1.000000,0.786100,-1,-1,-1,-1,-1,0.071806
13730,394,0,18052,45.817259,0.000000,30.000000,-1,44.669787,44.669787,-1,17,0,1693,15,0,670,1564,0,210,5.673924,3.254406,3.254406,1.000000,0.782621,-1,-1,-1,-1,-1,0.071030
13740,426,0,19452,45.661972,0.000000,30.000000,-1,44.692782,44.692782,-1,21,0,1712,16,0,739,1957,0,261,5.415738,3.144960,3.144960,1.000000,0.777593,-1,-1,-1,-1,-1,0.068875
13750,435,0,19592,45.039080,0.000000,30.000000,-1,44.747652,44.747652,-1,26,0,1674,21,0,769,2541,0,321,4.990431,2.918382,2.918382,1.000000,0.774740,-1,-1,-1,-1,-1,0.064797
13760,419,0,19039,45.439141,0.000000,30.000000,-1,44.742581,44.742581,-1,21,0,1535,16,0,681,1850,0,287,5.331257,3.115953,3.115953,1.000000,0.777200,-1,-1,-1,-1,-1,0.068574
13770,403,0,18518,45.950372,0.000000,30.000000,-1,44.734745,44.734745,-1,20,0,1290,13,0,645,2007,0,244,5.516143,3.415914,3.415914,1.000000,0.788379,-1,-1,-1,-1,-1,0.074339
13780,421,0,19156,45.501188,0.000000,30.000000,-1,44.814679,44.814679,-1,20,0,1751,19,0,733,1932,0,258,5.554281,3.261916,3.261916,1.000000,0.782340,-1,-1,-1,-1,-1,0.071689
13790,426,0,19286,45.272300,0.000000,30.000000,-1,44.825417,44.825417,-1,24,0,1937,21,0,711,2176,0,301,5.459571,3.133991,3.133991,1.000000,0.772429,-1,-1,-1,-1,-1,0.069225
13800,414,0,18730,45.241546,0.000000,30.000000,-1,44.850240,44.850240,-1,24,0,1655,13,0,669,1564,0,303,5.369568,3.206116,3.206116,1.000000,0.778386,-1,-1,-1,-1,-1,0.070867
13810,414,0,19174,46.314010,0.000000,30.000000,-1,44.868676,44.868676,-1,19,0,1683,14,0,724,2103,0,234,5.214590,3.113510,3.113510,1.000000,0.784614,-1,-1,-1,-1,-1,0.067226
13820,424,0,19113,45.077830,0.000000,30.000000,-1,44.902056,44.902056,-1,22,0,1715,18,0,817,2067,0,258,5.311502,3.096854,3.096854,1.000000,0.782755,-1,-1,-1,-1,-1,0.068700
13830,421,0,19170,45.534442,0.000000,30.000000,-1,44.894210,44.894210,-1,22,0,1618,12,0,685,2123,0,300,5.326180,3.113533,3.113533,1.000000,0.781610,-1,-1,-1,-1,-1,0.068378
13840,430,0,19202,44.655814,0.000000,30.000000,-1,44.855119,44.855119,-1,27,0,1614,13,0,802,2098,0,342,5.357956,3.160870,3.160870,1.000000,0.778048,-1,-1,-1,-1,-1,0.070783
13850,414,0,19040,45.990338,0.000000,30.000000,-1,44.852889,44.852889,-1,21,0,1634,25,0,745,2107,0,287,5.236984,3.124127,3.124127,1.000000,0.778843,-1,-1,-1,-1,-1,0.067930
13860,404,0,18493,45.774752,0.000000,30.000000,-1,44.835505,44.835505,-1,17,0,1711,24,0,756,1800,0,219,5.472380,3.237485,3.237485,1.000000,0.793794,-1,-1,-1,-1,-1,0.070726
13870,402,0,17852,44.407960,0.000000,30.000000,-1,44.828927,44.828927,-1,26,0,1590,18,0,751,1897,0,351,5.310434,3.100013,3.100013,1.000000,0.775490,-1,-1,-1,-1,-1,0.069808
13880,393,0,17729,45.111959,0.000000,30.000000,-1,44.818038,44.818038,-1,22,0,1691,20,0,673,1832,0,260,5.401106,3.061756,3.061756,1.000000,0.774949,-1,-1,-1,-1,-1,0.067870
13890,401,0,18562,46.289277,0.000000,30.000000,-1,44.843928,44.843928,-1,16,0,1690,13,0,633,1868,0,194,5.698940,3.331104,3.331104,1.000000,0.793590,-1,-1,-1,-1,-1,0.071963
13900,390,0,17958,46.046154,0.000000,30.000000,-1,44.794688,44.794688,-1,16,0,1730,14,0,727,1633,0,194,5.436073,3.145734,3.145734,1.000000,0.785390,-1,-1,-1,-1,-1,0.068317
13910,403,0,18273,45.342432,0.000000,30.000000,-1,44.747989,44.747989,-1,25,0,1642,16,0,745,1774,0,333,5.543305,3.204185,3.204185,1.000000,0.770076,-1,-1,-1,-1,-1,0.070666
13920,388,0,17405,44.858247,0.000000,30.000000,-1,44.799023,44.799023,-1,21,0,1776,24,0,643,1994,0,269,5.509660,3.062505,3.062505,1.000000,0.772341,-1,-1,-1,-1,-1,0.068271
13930,399,0,17947,44.979950,0.000000,30.000000,-1,44.824093,44.824093,-1,23,0,1701,20,0,678,1719,0,295,5.412631,3.133377,3.133377,1.000000,0.777315,-1,-1,-1,-1,-1,0.069662
13940,371,0,17193,46.342318,0.000000,30.000000,-1,44.814808,44.814808,-1,12,0,1482,23,0,598,1725,0,160,5.670655,3.416241,3.416241,1.000000,0.799664,-1,-1,-1,-1,-1,0.073718
13950,389,0,17843,45.868895,0.000000,30.000000,-1,44.832539,44.832539,-1,24,0,1543,21,0,700,2003,0,333,5.595282,3.349264,3.349264,1.000000,0.777975,-1,-1,-1,-1,-1,0.073018
13960,373,0,17071,45.766756,0.000000,30.000000,-1,44.784723,44.784723,-1,13,0,1635,26,0,670,1935,0,158,5.807766,3.249045,3.249045,1.000000,0.786293,-1,-1,-1,-1,-1,0.070991
13970,390,0,17714,45.420513,0.000000,30.000000,-1,44.814102,44.814102,-1,18,0,1586,15,0,641,1984,0,216,5.548797,3.204683,3.204683,1.000000,0.789339,-1,-1,-1,-1,-1,0.070556
13980,389,0,17536,45.079692,0.000000,30.000000,-1,44.785983,44.785983,-1,24,0,1568,12,0,673,1619,0,295,5.462828,3.239583,3.239583,1.000000,0.772523,-1,-1,-1,-1,-1,0.071863
13990,373,0,17158,46.000000,0.000000,30.000000,-1,44.802599,44.802599,-1,13,0,1685,16,0,651,2156,0,177,5.735584,3.276033,3.276033,1.000000,0.793897,-1,-1,-1,-1,-1,0.071218
14000,391,0,17485,44.718670,0.000000,30.000000,-1,44.801029,44.801029,-1,24,0,1644,19,0,723,1671,0,312,5.532537,3.109042,3.109042,1.000000,0.765310,-1,-1,-1,-1,-1,0.069524
14010,403,0,17867,44.334988,0.000000,30.000000,-1,44.773549,44.773549,-1,31,0,1518,15,0,737,1920,0,399,5.363378,3.100642,3.100642,1.000000,0.754333,-1,-1,-1,-1,-1,0.069937
14020,398,0,18186,45.693467,0.000000,30.000000,-1,44.769493,44.769493,-1,21,0,1516,16,0,676,1431,0,272,5.463686,3.138492,3.138492,1.000000,0.770413,-1,-1,-1,-1,-1,0.068686
14030,413,0,18510,44.818402,0.000000,30.000000,-1,44.728633,44.728633,-1,21,0,1891,24,0,698,2011,0,253,5.641272,3.128935,3.128935,1.000000,0.768157,-1,-1,-1,-1,-1,0.069814
14040,402,0,18650,46.393035,0.000000,30.000000,-1,44.758660,44.758660,-1,17,0,1506,17,0,699,2247,0,237,5.314861,3.101450,3.101450,1.000000,0.776268,-1,-1,-1,-1,-1,0.066852
14050,419,0,19048,45.460621,0.000000,30.000000,-1,44.788954,44.788954,-1,23,0,1780,26,0,769,2182,0,294,5.406448,3.059400,3.059400,1.000000,0.766400,-1,-1,-1,-1,-1,0.067298
14060,411,0,18989,46.201946,0.000000,30.000000,-1,44.803465,44.803465,-1,19,0,1534,9,0,753,2145,0,234,5.588882,3.264901,3.264901,1.000000,0.779144,-1,-1,-1,-1,-1,0.070666
14070,415,0,19144,46.130120,0.000000,30.000000,-1,44.840942,44.840942,-1,15,0,1467,23,0,735,2053,0,195,5.371511,3.155970,3.155970,1.000000,0.788593,-1,-1,-1,-1,-1,0.068415
14080,407,0,19017,46.724816,0.000000,30.000000,-1,44.758059,44.758059,-1,13,0,1744,20,0,764,2309,0,161,5.633883,3.207816,3.207816,1.000000,0.784187,-1,-1,-1,-1,-1,0.068653
14090,395,0,18043,45.678481,0.000000,30.000000,-1,44.806462,44.806462,-1,19,0,1520,21,0,683,1718,0,250,5.142513,3.045673,3.045673,1.000000,0.782756,-1,-1,-1,-1,-1,0.066676
14100,401,0,17965,44.800499,0.000000,30.000000,-1,44.821542,44.821542,-1,19,0,1681,24,0,709,1566,0,265,5.436277,2.995976,2.995976,1.000000,0.769015,-1,-1,-1,-1,-1,0.066874
14110,389,0,17660,45.398458,0.000000,30.000000,-1,44.843035,44.843035,-1,23,0,1715,25,0,659,1970,0,267,5.476839,3.130518,3.130518,1.000000,0.765168,-1,-1,-1,-1,-1,0.068956
14120,388,0,17823,45.935567,0.000000,30.000000,-1,44.839533,44.839533,-1,21,0,1352,23,0,667,1990,0,250,5.582723,3.334803,3.334803,1.000000,0.768606,-1,-1,-1,-1,-1,0.072597
14130,388,0,17623,45.420103,0.000000,30.000000,-1,44.880043,44.880043,-1,23,0,1374,24,0,666,2298,0,281,5.572013,3.307466,3.307466,1.000000,0.768352,-1,-1,-1,-1,-1,0.072819
14140,411,0,18748,45.615572,0.000000,30.000000,-1,44.829582,44.829582,-1,20,0,1690,16,0,719,1820,0,255,5.558631,3.148935,3.148935,1.000000,0.771868,-1,-1,-1,-1,-1,0.069032
14150,409,0,18449,45.107579,0.000000,30.000000,-1,44.801669,44.801669,-1,22,0,1756,25,0,716,1893,0,272,5.405434,3.031695,3.031695,1.000000,0.760852,-1,-1,-1,-1,-1,0.067210
14160,411,0,18465,44.927007,0.000000,30.000000,-1,44.789385,44.789385,-1,28,0,1483,13,0,697,2281,0,358,5.505380,3.174263,3.174263,1.000000,0.762132,-1,-1,-1,-1,-1,0.070654
14170,420,0,19122,45.528571,0.000000,30.000000,-1,44.798818,44.798818,-1,25,0,1662,26,0,767,1961,0,285,5.144799,3.001800,3.001800,1.000000,0.764423,-1,-1,-1,-1,-1,0.065932
14180,383,0,17398,45.425587,0.000000,30.000000,-1,44.856880,44.856880,-1,12,0,1738,27,0,615,1896,0,154,5.543199,2.939084,2.939084,1.000000,0.791483,-1,-1,-1,-1,-1,0.064701
14190,414,0,18651,45.050725,0.000000,30.000000,-1,44.869766,44.869766,-1,25,0,1579,14,0,719,2217,0,337,5.278753,3.129766,3.129766,1.000000,0.770285,-1,-1,-1,-1,-1,0.069472
14200,400,0,18307,45.767500,0.000000,30.000000,-1,44.885945,44.885945,-1,23,0,1526,22,0,696,2314,0,264,5.301822,3.155678,3.155678,1.000000,0.772768,-1,-1,-1,-1,-1,0.068950
14210,413,0,18922,45.815981,0.000000,30.000000,-1,44.901649,44.901649,-1,19,0,1718,12,0,686,2040,0,266,5.350357,3.173567,3.173567,1.000000,0.777673,-1,-1,-1,-1,-1,0.069268
14220,422,0,19239,45.590047,0.000000,30.000000,-1,44.928635,44.928635,-1,18,0,1748,25,0,746,1904,0,215,5.299375,3.008344,3.008344,1.000000,0.774706,-1,-1,-1,-1,-1,0.065987
14230,403,0,18639,46.250620,0.000000,30.000000,-1,44.925693,44.925693,-1,18,0,1474,22,0,754,2004,0,228,5.562970,3.304335,3.304335,1.000000,0.778384,-1,-1,-1,-1,-1,0.071444
14240,410,0,18233,44.470732,0.000000,30.000000,-1,44.936763,44.936763,-1,23,0,1989,20,0,714,1876,0,316,5.503946,2.993266,2.993266,1.000000,0.767121,-1,-1,-1,-1,-1,0.067309
14250,391,0,17940,45.882353,0.000000,30.000000,-1,44.983891,44.983891,-1,15,0,1772,11,0,632,1528,0,180,5.519308,3.080253,3.080253,1.000000,0.777138,-1,-1,-1,-1,-1,0.067134
14260,397,0,18151,45.720403,0.000000,30.000000,-1,44.994215,44.994215,-1,18,0,1551,21,0,641,2103,0,202,5.222177,3.047344,3.047344,1.000000,0.784557,-1,-1,-1,-1,-1,0.066652
14270,408,0,18634,45.671569,0.000000,30.000000,-1,44.982237,44.982237,-1,19,0,1857,17,0,742,1883,0,256,5.751224,3.316587,3.316587,1.000000,0.779943,-1,-1,-1,-1,-1,0.072618
14280,406,0,18443,45.426108,0.000000,30.000000,-1,45.053245,45.053245,-1,23,0,1735,20,0,732,1357,0,282,5.561283,3.219153,3.219153,1.000000,0.769142,-1,-1,-1,-1,-1,0.070866
14290,399,0,18261,45.766917,0.000000,30.000000,-1,45.004490,45.004490,-1,18,0,1642,18,0,672,1961,0,225,5.330226,3.033302,3.033302,1.000000,0.776583,-1,-1,-1,-1,-1,0.066277
14300,393,0,17862,45.450382,0.000000,30.000000,-1,44.992274,44.992274,-1,22,0,1634,18,0,670,1808,0,282,5.606145,3.291650,3.291650,1.000000,0.775201,-1,-1,-1,-1,-1,0.072423
14310,397,0,18446,46.463476,0.000000,30.000000,-1,45.003903,45.003903,-1,16,0,1790,17,0,681,1976,0,224,5.566869,3.304668,3.304668,1.000000,0.784493,-1,-1,-1,-1,-1,0.071124
14320,406,0,18682,46.014778,0.000000,30.000000,-1,45.001552,45.001552,-1,17,0,1730,19,0,712,1743,0,213,5.191313,3.058981,3.058981,1.000000,0.781993,-1,-1,-1,-1,-1,0.066478
14330,401,0,18325,45.698254,0.000000,30.000000,-1,45.039836,45.039836,-1,17,0,1834,21,0,721,2243,0,249,5.799977,3.237904,3.237904,1.000000,0.780603,-1,-1,-1,-1,-1,0.070854
14340,397,0,18115,45.629723,0.000000,30.000000,-1,45.040464,45.040464,-1,19,0,1393,14,0,681,2089,0,234,5.349695,3.155703,3.155703,1.000000,0.777143,-1,-1,-1,-1,-1,0.069159
14350,396,0,18068,45.626263,0.000000,30.000000,-1,45.034979,45.034979,-1,25,0,1407,21,0,667,1665,0,310,5.584740,3.395418,3.395418,1.000000,0.770439,-1,-1,-1,-1,-1,0.074418
14360,379,0,17869,47.147757,0.000000,30.000000,-1,45.051654,45.051654,-1,13,0,1483,22,0,677,1770,0,162,5.649645,3.394959,3.394959,1.000000,0.793282,-1,-1,-1,-1,-1,0.072007
14370,399,0,18173,45.546366,0.000000,30.000000,-1,45.068673,45.068673,-1,18,0,1591,24,0,699,2191,0,242,5.522802,3.130975,3.130975,1.000000,0.778186,-1,-1,-1,-1,-1,0.068743
14380,407,0,18435,45.294840,0.000000,30.000000,-1,45.124871,45.124871,-1,21,0,2011,16,0,716,2326,0,277,5.386811,3.002916,3.002916,1.000000,0.769688,-1,-1,-1,-1,-1,0.066297
14390,407,0,18076,44.412776,0.000000,30.000000,-1,45.218190,45.218190,-1,24,0,1734,21,0,679,1756,0,304,5.416550,3.010149,3.010149,1.000000,0.764590,-1,-1,-1,-1,-1,0.067777
14400,420,0,19242,45.814286,0.000000,30.000000,-1,45.202266,45.202266,-1,19,0,1689,15,0,758,2178,0,238,5.498179,3.107036,3.107036,1.000000,0.777396,-1,-1,-1,-1,-1,0.067818
14410,405,0,18552,45.807407,0.000000,30.000000,-1,45.150604,45.150604,-1,13,0,1838,21,0,722,1907,0,166,5.619319,3.142292,3.142292,1.000000,0.795909,-1,-1,-1,-1,-1,0.068598
14420,405,0,18254,45.071605,0.000000,30.000000,-1,45.129013,45.129013,-1,25,0,1315,23,0,659,1962,0,314,5.228545,3.184918,3.184918,1.000000,0.774217,-1,-1,-1,-1,-1,0.070664
14430,399,0,18270,45.789474,0.000000,30.000000,-1,45.092720,45.092720,-1,19,0,1406,17,0,663,1717,0,266,5.564363,3.331209,3.331209,1.000000,0.781513,-1,-1,-1,-1,-1,0.072751
14440,400,0,18253,45.632500,0.000000,30.000000,-1,45.093683,45.093683,-1,21,0,1344,22,0,712,1801,0,275,5.378500,3.222928,3.222928,1.000000,0.778867,-1,-1,-1,-1,-1,0.070628
14450,413,0,18943,45.866828,0.000000,30.000000,-1,45.132714,45.132714,-1,17,0,1857,18,0,686,2086,0,218,5.525755,3.140105,3.140105,1.000000,0.779826,-1,-1,-1,-1,-1,0.068461
14460,417,0,18738,44.935252,0.000000,30.000000,-1,45.154232,45.154232,-1,22,0,1672,20,0,728,1991,0,286,5.283716,3.027597,3.027597,1.000000,0.771842,-1,-1,-1,-1,-1,0.067377
14470,420,0,19122,45.528571,0.000000,30.000000,-1,45.187480,45.187480,-1,18,0,1670,20,0,702,2300,0,213,5.496608,3.210988,3.210988,1.000000,0.784509,-1,-1,-1,-1,-1,0.070527
14480,424,0,18909,44.596698,0.000000,30.000000,-1,45.244064,45.244064,-1,28,0,1824,24,0,728,2277,0,352,5.208099,2.966055,2.966055,1.000000,0.764722,-1,-1,-1,-1,-1,0.066508
14490,406,0,18683,46.017241,0.000000,30.000000,-1,45.287855,45.287855,-1,16,0,1789,27,0,714,1837,0,207,5.377826,3.009695,3.009695,1.000000,0.778729,-1,-1,-1,-1,-1,0.065404
14500,398,0,18182,45.683417,0.000000,30.000000,-1,45.259487,45.259487,-1,16,0,1668,24,0,697,1873,0,211,5.574736,3.145293,3.145293,1.000000,0.779420,-1,-1,-1,-1,-1,0.068850
14510,403,0,18603,46.161290,0.000000,30.000000,-1,45.263345,45.263345,-1,13,0,1809,21,0,706,1964,0,159,5.686281,3.143311,3.143311,1.000000,0.782572,-1,-1,-1,-1,-1,0.068094
14520,404,0,18857,46.675743,0.000000,30.000000,-1,45.308427,45.308427,-1,14,0,1681,17,0,712,2033,0,148,5.523165,3.199607,3.199607,1.000000,0.785544,-1,-1,-1,-1,-1,0.068550
14530,440,0,20027,45.515909,0.000000,30.000000,-1,45.276976,45.276976,-1,19,0,1945,15,0,736,2201,0,240,5.443730,3.024127,3.024127,1.000000,0.783376,-1,-1,-1,-1,-1,0.066441
14540,433,0,19480,44.988453,0.000000,30.000000,-1,45.300000,45.300000,-1,23,0,1954,26,0,775,2113,0,294,5.275991,2.891720,2.891720,1.000000,0.768402,-1,-1,-1,-1,-1,0.064277
14550,419,0,18795,44.856802,0.000000,30.000000,-1,45.355201,45.355201,-1,30,0,1485,17,0,762,1671,0,396,5.293558,3.075348,3.075348,1.000000,0.752436,-1,-1,-1,-1,-1,0.068559
14560,414,0,19117,46.176329,0.000000,30.000000,-1,45.366428,45.366428,-1,17,0,1518,15,0,714,1753,0,209,5.493476,3.168360,3.168360,1.000000,0.778052,-1,-1,-1,-1,-1,0.068614
14570,429,0,19107,44.538462,0.000000,30.000000,-1,45.370283,45.370283,-1,31,0,1667,15,0,721,2116,0,388,5.407037,3.113665,3.113665,1.000000,0.752665,-1,-1,-1,-1,-1,0.069910
14580,415,0,18870,45.469880,0.000000,30.000000,-1,45.327186,45.327186,-1,18,0,1720,23,0,714,1701,0,213,5.347628,3.003376,3.003376,1.000000,0.773208,-1,-1,-1,-1,-1,0.066052
14590,434,0,19928,45.917051,0.000000,30.000000,-1,45.347100,45.347100,-1,19,0,1750,25,0,752,1947,0,219,5.251389,3.025767,3.025767,1.000000,0.773992,-1,-1,-1,-1,-1,0.065896
14600,407,0,18869,46.361179,0.000000,30.000000,-1,45.343049,45.343049,-1,16,0,1703,23,0,791,2185,0,219,5.351260,3.080762,3.080762,1.000000,0.776599,-1,-1,-1,-1,-1,0.066451
14610,388,0,18064,46.556701,0.000000,30.000000,-1,45.411149,45.411149,-1,13,0,1687,21,0,709,2102,0,165,5.786624,3.289591,3.289591,1.000000,0.776156,-1,-1,-1,-1,-1,0.070658
14620,401,0,18740,46.733167,0.000000,30.000000,-1,45.424066,45.424066,-1,13,0,1589,18,0,723,1892,0,157,5.576072,3.210295,3.210295,1.000000,0.781636,-1,-1,-1,-1,-1,0.068694
14630,390,0,18049,46.279487,0.000000,30.000000,-1,45.449997,45.449997,-1,12,0,1515,27,0,740,2009,0,145,5.526092,3.215788,3.215788,1.000000,0.785036,-1,-1,-1,-1,-1,0.069486
14640,395,0,17862,45.220253,0.000000,30.000000,-1,45.474807,45.474807,-1,21,0,1518,19,0,660,1784,0,259,5.688328,3.251756,3.251756,1.000000,0.771928,-1,-1,-1,-1,-1,0.071909
14650,401,0,18363,45.793017,0.000000,30.000000,-1,45.446877,45.446877,-1,18,0,1571,21,0,658,2293,0,207,5.330658,3.098804,3.098804,1.000000,0.772276,-1,-1,-1,-1,-1,0.067670
14660,396,0,17958,45.348485,0.000000,30.000000,-1,45.468816,45.468816,-1,17,0,1831,22,0,697,1608,0,230,5.308192,2.872183,2.872183,1.000000,0.770315,-1,-1,-1,-1,-1,0.063336
14670,388,0,17472,45.030928,0.000000,30.000000,-1,45.478423,45.478423,-1,19,0,1590,16,0,648,1827,0,237,5.710641,3.192280,3.192280,1.000000,0.762253,-1,-1,-1,-1,-1,0.070891
14680,403,0,18995,47.133995,0.000000,30.000000,-1,45.496078,45.496078,-1,12,0,1660,16,0,680,2135,0,129,5.588134,3.204139,3.204139,1.000000,0.777239,-1,-1,-1,-1,-1,0.067979
14690,408,0,18682,45.789216,0.000000,30.000000,-1,45.536773,45.536773,-1,15,0,1648,24,0,783,1806,0,199,5.576011,3.108221,3.108221,1.000000,0.773263,-1,-1,-1,-1,-1,0.067881
14700,432,0,19633,45.446759,0.000000,30.000000,-1,45.562573,45.562573,-1,18,0,1667,15,0,780,2258,0,234,5.363895,2.996335,2.996335,1.000000,0.767876,-1,-1,-1,-1,-1,0.065931
14710,415,0,19076,45.966265,0.000000,30.000000,-1,45.607046,45.607046,-1,15,0,1825,18,0,756,2264,0,195,5.571196,3.119911,3.119911,1.000000,0.773434,-1,-1,-1,-1,-1,0.067874
14720,416,0,19083,45.872596,0.000000,30.000000,-1,45.572342,45.572342,-1,21,0,1626,22,0,740,2066,0,279,5.415569,3.125468,3.125468,1.000000,0.758731,-1,-1,-1,-1,-1,0.068134
14730,411,0,18720,45.547445,0.000000,30.000000,-1,45.594124,45.594124,-1,21,0,1630,21,0,742,1817,0,284,5.574903,3.152919,3.152919,1.000000,0.761180,-1,-1,-1,-1,-1,0.069223
14740,406,0,18631,45.889163,0.000000,30.000000,-1,45.569427,45.569427,-1,20,0,1502,25,0,727,1880,0,251,5.454522,3.170273,3.170273,1.000000,0.763481,-1,-1,-1,-1,-1,0.069085
14750,410,0,18704,45.619512,0.000000,30.000000,-1,45.529405,45.529405,-1,22,0,1557,17,0,738,1514,0,256,5.222049,3.000019,3.000019,1.000000,0.757529,-1,-1,-1,-1,-1,0.065762
14760,411,0,19018,46.272506,0.000000,30.000000,-1,45.505994,45.505994,-1,13,0,1783,20,0,694,1885,0,173,5.414875,3.010221,3.010221,1.000000,0.780395,-1,-1,-1,-1,-1,0.065054
14770,421,0,19177,45.551069,0.000000,30.000000,-1,45.515670,45.515670,-1,24,0,1656,18,0,763,1889,0,288,5.201910,2.969564,2.969564,1.000000,0.762683,-1,-1,-1,-1,-1,0.065192
14780,391,0,17688,45.237852,0.000000,30.000000,-1,45.538953,45.538953,-1,20,0,1746,18,0,680,1684,0,237,5.723946,3.190072,3.190072,1.000000,0.761883,-1,-1,-1,-1,-1,0.070518
14790,389,0,17680,45.449871,0.000000,30.000000,-1,45.550000,45.550000,-1,20,0,1581,19,0,674,2150,0,254,5.532497,3.203823,3.203823,1.000000,0.762777,-1,-1,-1,-1,-1,0.070491
14800,401,0,18364,45.795511,0.000000,30.000000,-1,45.571281,45.571281,-1,18,0,1689,16,0,710,2050,0,218,5.155622,2.940566,2.940566,1.000000,0.773250,-1,-1,-1,-1,-1,0.064211
14810,388,0,17819,45.925258,0.000000,30.000000,-1,45.569056,45.569056,-1,18,0,1574,27,0,742,1815,0,219,5.407203,3.139311,3.139311,1.000000,0.771747,-1,-1,-1,-1,-1,0.068357
14820,378,0,17228,45.576720,0.000000,30.000000,-1,45.607093,45.607093,-1,21,0,1319,18,0,703,1794,0,269,5.461468,3.188696,3.188696,1.000000,0.766423,-1,-1,-1,-1,-1,0.069963
14830,369,0,17182,46.563686,0.000000,30.000000,-1,45.566465,45.566465,-1,14,0,1283,18,0,651,1725,0,181,5.655509,3.369784,3.369784,1.000000,0.782886,-1,-1,-1,-1,-1,0.072369
14840,396,0,18060,45.606061,0.000000,30.000000,-1,45.508583,45.508583,-1,23,0,1627,20,0,656,1830,0,278,5.537817,3.151637,3.151637,1.000000,0.760638,-1,-1,-1,-1,-1,0.069106
14850,411,0,19086,46.437956,0.000000,30.000000,-1,45.530808,45.530808,-1,12,0,1675,18,0,741,2101,0,156,5.400910,3.051085,3.051085,1.000000,0.784761,-1,-1,-1,-1,-1,0.065702
14860,403,0,18550,46.029777,0.000000,30.000000,-1,45.534286,45.534286,-1,18,0,1499,19,0,746,2206,0,224,5.575845,3.208097,3.208097,1.000000,0.769426,-1,-1,-1,-1,-1,0.069696
14870,414,0,18619,44.973430,0.000000,30.000000,-1,45.480853,45.480853,-1,21,0,1730,17,0,699,2042,0,276,5.377375,2.996216,2.996216,1.000000,0.764329,-1,-1,-1,-1,-1,0.066622
14880,400,0,18373,45.932500,0.000000,30.000000,-1,45.465574,45.465574,-1,18,0,1677,32,0,724,1884,0,217,5.439010,3.005990,3.005990,1.000000,0.765671,-1,-1,-1,-1,-1,0.065444
14890,399,0,17995,45.100251,0.000000,30.000000,-1,45.468297,45.468297,-1,24,0,1764,27,0,747,2097,0,292,5.421273,2.968033,2.968033,1.000000,0.755212,-1,-1,-1,-1,-1,0.065810
14900,403,0,18066,44.828784,0.000000,30.000000,-1,45.500055,45.500055,-1,19,0,1917,22,0,697,1826,0,228,5.642785,3.046214,3.046214,1.000000,0.767971,-1,-1,-1,-1,-1,0.067952
14910,390,0,17866,45.810256,0.000000,30.000000,-1,45.484440,45.484440,-1,20,0,1490,22,0,606,1882,0,250,5.508236,3.149884,3.149884,1.000000,0.761542,-1,-1,-1,-1,-1,0.068759
14920,418,0,19032,45.531100,0.000000,30.000000,-1,45.483134,45.483134,-1,27,0,1516,23,0,703,2064,0,368,5.214818,3.074656,3.074656,1.000000,0.753202,-1,-1,-1,-1,-1,0.067529
14930,418,0,19148,45.808612,0.000000,30.000000,-1,45.509662,45.509662,-1,22,0,1648,24,0,728,2163,0,266,5.360961,3.018624,3.018624,1.000000,0.769735,-1,-1,-1,-1,-1,0.065896
14940,412,0,18307,44.434466,0.000000,30.000000,-1,45.535533,45.535533,-1,28,0,1753,24,0,726,1819,0,376,5.315169,2.873342,2.873342,1.000000,0.741476,-1,-1,-1,-1,-1,0.064665
14950,405,0,18067,44.609877,0.000000,30.000000,-1,45.561355,45.561355,-1,21,0,1587,17,0,654,1857,0,268,5.859997,3.274983,3.274983,1.000000,0.771741,-1,-1,-1,-1,-1,0.073414
14960,409,0,18993,46.437653,0.000000,30.000000,-1,45.561944,45.561944,-1,17,0,1655,20,0,698,2189,0,217,5.720484,3.242143,3.242143,1.000000,0.770430,-1,-1,-1,-1,-1,0.069817
14970,406,0,18221,44.879310,0.000000,30.000000,-1,45.605620,45.605620,-1,27,0,1487,21,0,678,1915,0,370,5.573874,3.104013,3.104013,1.000000,0.747421,-1,-1,-1,-1,-1,0.069164
14980,412,0,18736,45.475728,0.000000,30.000000,-1,45.640638,45.640638,-1,23,0,1505,18,0,753,2156,0,293,5.335040,3.107690,3.107690,1.000000,0.762878,-1,-1,-1,-1,-1,0.068337
14990,402,0,18626,46.333333,0.000000,30.000000,-1,45.602545,45.602545,-1,17,0,1749,26,0,696,2118,0,220,5.252608,2.979801,2.979801,1.000000,0.770041,-1,-1,-1,-1,-1,0.064312
15000,391,0,17944,45.892583,0.000000,30.000000,-1,45.582980,45.582980,-1,19,0,1633,11,0,665,1639,0,240,5.668065,3.165329,3.165329,1.000000,0.771140,-1,-1,-1,-1,-1,0.068973
15010,406,0,18352,45.201970,0.000000,30.000000,-1,45.641075,45.641075,-1,19,0,1676,15,0,728,1778,0,231,5.588627,3.043205,3.043205,1.000000,0.769617,-1,-1,-1,-1,-1,0.067325
15020,412,0,18489,44.876214,0.000000,30.000000,-1,45.646979,45.646979,-1,23,0,1692,19,0,718,1530,0,289,5.308321,2.928329,2.928329,1.000000,0.755643,-1,-1,-1,-1,-1,0.065253
15030,417,0,18935,45.407674,0.000000,30.000000,-1,45.657935,45.657935,-1,20,0,1675,14,0,704,1948,0,257,5.373389,3.096292,3.096292,1.000000,0.772221,-1,-1,-1,-1,-1,0.068189
15040,399,0,17975,45.050125,0.000000,30.000000,-1,45.648901,45.648901,-1,24,0,1713,15,0,678,1886,0,309,5.715900,3.206406,3.206406,1.000000,0.755419,-1,-1,-1,-1,-1,0.071174
15050,388,0,17989,46.363402,0.000000,30.000000,-1,45.746067,45.746067,-1,14,0,1627,19,0,697,1783,0,182,5.712332,3.304359,3.304359,1.000000,0.780702,-1,-1,-1,-1,-1,0.071271
15060,395,0,17810,45.088608,0.000000,30.000000,-1,45.723470,45.723470,-1,20,0,1687,25,0,690,1648,0,253,5.524102,3.096271,3.096271,1.000000,0.768874,-1,-1,-1,-1,-1,0.068671
15070,381,0,17407,45.687664,0.000000,30.000000,-1,45.728443,45.728443,-1,20,0,1717,17,0,711,1963,0,277,5.856313,3.307792,3.307792,1.000000,0.761788,-1,-1,-1,-1,-1,0.072400
15080,407,0,18488,45.425061,0.000000,30.000000,-1,45.702402,45.702402,-1,24,0,1501,27,0,659,1678,0,322,5.298233,3.086346,3.086346,1.000000,0.762899,-1,-1,-1,-1,-1,0.067944
15090,395,0,18034,45.655696,0.000000,30.000000,-1,45.665299,45.665299,-1,18,0,1637,24,0,674,1553,0,209,5.538537,3.198172,3.198172,1.000000,0.779781,-1,-1,-1,-1,-1,0.070050
15100,386,0,17564,45.502591,0.000000,30.000000,-1,45.678661,45.678661,-1,18,0,1771,26,0,688,1479,0,237,5.612518,3.169002,3.169002,1.000000,0.776098,-1,-1,-1,-1,-1,0.069644
15110,403,0,18333,45.491315,0.000000,30.000000,-1,45.652375,45.652375,-1,20,0,1652,15,0,695,1977,0,226,5.356590,2.997422,2.997422,1.000000,0.777134,-1,-1,-1,-1,-1,0.065890
15120,375,0,17168,45.781333,0.000000,30.000000,-1,45.646319,45.646319,-1,19,0,1578,19,0,683,1581,0,232,5.549990,3.240824,3.240824,1.000000,0.773773,-1,-1,-1,-1,-1,0.070789
15130,382,0,17658,46.225131,0.000000,30.000000,-1,45.652679,45.652679,-1,17,0,1164,19,0,656,1671,0,222,5.796349,3.537587,3.537587,1.000000,0.785468,-1,-1,-1,-1,-1,0.076530
15140,402,0,18595,46.256219,0.000000,30.000000,-1,45.655606,45.655606,-1,16,0,1701,18,0,703,1783,0,223,5.663890,3.260654,3.260654,1.000000,0.781251,-1,-1,-1,-1,-1,0.070491
15150,433,0,19476,44.979215,0.000000,30.000000,-1,45.698039,45.698039,-1,21,0,1895,22,0,732,1906,0,284,5.270853,2.946347,2.946347,1.000000,0.764407,-1,-1,-1,-1,-1,0.065505
15160,423,0,18941,44.777778,0.000000,30.000000,-1,45.733488,45.733488,-1,26,0,1516,20,0,702,2098,0,309,5.712895,3.247704,3.247704,1.000000,0.754837,-1,-1,-1,-1,-1,0.072529
15170,423,0,18555,43.865248,0.000000,30.000000,-1,45.730531,45.730531,-1,30,0,1854,14,0,723,1749,0,369,5.243398,2.933907,2.933907,1.000000,0.758189,-1,-1,-1,-1,-1,0.066885
15180,404,0,18565,45.952970,0.000000,30.000000,-1,45.772529,45.772529,-1,17,0,1695,15,0,742,1812,0,209,5.578773,3.139049,3.139049,1.000000,0.776698,-1,-1,-1,-1,-1,0.068310
15190,385,0,18019,46.802597,0.000000,30.000000,-1,45.757534,45.757534,-1,9,0,1575,24,0,679,1566,0,124,5.392049,3.165897,3.165897,1.000000,0.794627,-1,-1,-1,-1,-1,0.067644
15200,404,0,18333,45.378713,0.000000,30.000000,-1,45.818906,45.818906,-1,19,0,1464,14,0,677,1560,0,235,5.483433,3.212583,3.212583,1.000000,0.769716,-1,-1,-1,-1,-1,0.070795
15210,391,0,17464,44.664962,0.000000,30.000000,-1,45.835318,45.835318,-1,27,0,1409,20,0,658,1588,0,314,5.578395,3.294337,3.294337,1.000000,0.759493,-1,-1,-1,-1,-1,0.073757
15220,387,0,18187,46.994832,0.000000,30.000000,-1,45.871282,45.871282,-1,10,0,1414,19,0,634,1730,0,148,5.618857,3.359733,3.359733,1.000000,0.795595,-1,-1,-1,-1,-1,0.071492
15230,431,0,19614,45.508121,0.000000,30.000000,-1,45.874324,45.874324,-1,21,0,1889,16,0,865,2013,0,250,5.575844,3.165051,3.165051,1.000000,0.775750,-1,-1,-1,-1,-1,0.069549
15240,412,0,18533,44.983010,0.000000,30.000000,-1,45.861221,45.861221,-1,22,0,1760,21,0,738,1992,0,282,5.199877,2.842541,2.842541,1.000000,0.765735,-1,-1,-1,-1,-1,0.063191
15250,407,0,18972,46.614251,0.000000,30.000000,-1,45.788003,45.788003,-1,15,0,1651,15,0,716,1865,0,196,5.493814,3.181628,3.181628,1.000000,0.774873,-1,-1,-1,-1,-1,0.068254
15260,381,0,17615,46.233596,0.000000,30.000000,-1,45.734204,45.734204,-1,20,0,1491,14,0,722,1765,0,266,5.917690,3.458888,3.458888,1.000000,0.768429,-1,-1,-1,-1,-1,0.074813
15270,396,0,18270,46.136364,0.000000,30.000000,-1,45.812808,45.812808,-1,19,0,1474,15,0,697,1941,0,252,5.496571,3.284213,3.284213,1.000000,0.781749,-1,-1,-1,-1,-1,0.071185
15280,425,0,19219,45.221176,0.000000,30.000000,-1,45.886102,45.886102,-1,19,0,1695,19,0,785,2403,0,232,5.240760,3.027979,3.027979,1.000000,0.778802,-1,-1,-1,-1,-1,0.066959
15290,432,0,19497,45.131944,0.000000,30.000000,-1,45.969072,45.969072,-1,34,0,1547,18,0,797,2264,0,452,5.327244,3.116704,3.116704,1.000000,0.740303,-1,-1,-1,-1,-1,0.069058
15300,404,0,18398,45.539604,0.000000,30.000000,-1,46.018154,46.018154,-1,23,0,1681,24,0,722,2119,0,284,5.497203,3.154965,3.154965,1.000000,0.766183,-1,-1,-1,-1,-1,0.069280
15310,406,0,18482,45.522167,0.000000,30.000000,-1,46.041067,46.041067,-1,20,0,1770,22,0,778,1971,0,257,5.461648,2.954725,2.954725,1.000000,0.754319,-1,-1,-1,-1,-1,0.064907
15320,393,0,17615,44.821883,0.000000,30.000000,-1,46.037411,46.037411,-1,27,0,1635,24,0,679,1752,0,328,5.359316,3.069558,3.069558,1.000000,0.754125,-1,-1,-1,-1,-1,0.068483
15330,387,0,18070,46.692506,0.000000,30.000000,-1,46.012507,46.012507,-1,12,0,1477,25,0,656,1855,0,156,5.494443,3.206923,3.206923,1.000000,0.782961,-1,-1,-1,-1,-1,0.068682
15340,422,0,19617,46.485782,0.000000,30.000000,-1,46.045471,46.045471,-1,19,0,1628,11,0,801,2207,0,264,5.396533,3.180086,3.180086,1.000000,0.770727,-1,-1,-1,-1,-1,0.068410
15350,426,0,19493,45.758216,0.000000,30.000000,-1,46.084184,46.084184,-1,12,0,2060,27,0,746,1844,0,151,5.486569,2.951206,2.951206,1.000000,0.774786,-1,-1,-1,-1,-1,0.064496
15360,418,0,19225,45.992823,0.000000,30.000000,-1,46.043797,46.043797,-1,17,0,1463,17,0,706,2066,0,221,5.399214,3.073787,3.073787,1.000000,0.771616,-1,-1,-1,-1,-1,0.066832
15370,406,0,18892,46.532020,0.000000,30.000000,-1,46.078287,46.078287,-1,18,0,1525,25,0,736,2115,0,242,5.458314,3.216563,3.216563,1.000000,0.769839,-1,-1,-1,-1,-1,0.069126
15380,414,0,18915,45.688406,0.000000,30.000000,-1,46.054983,46.054983,-1,18,0,1768,20,0,751,2251,0,233,5.213693,2.911105,2.911105,1.000000,0.764554,-1,-1,-1,-1,-1,0.063717
15390,391,0,18171,46.473146,0.000000,30.000000,-1,46.083650,46.083650,-1,19,0,1482,26,0,699,2149,0,256,5.511384,3.235906,3.235906,1.000000,0.771001,-1,-1,-1,-1,-1,0.069630
15400,414,0,18629,44.997585,0.000000,30.000000,-1,46.090289,46.090289,-1,18,0,1732,16,0,705,1632,0,245,5.369950,2.970112,2.970112,1.000000,0.768382,-1,-1,-1,-1,-1,0.066006
15410,395,0,17703,44.817722,0.000000,30.000000,-1,46.077896,46.077896,-1,23,0,1657,22,0,684,1795,0,267,5.775207,3.137873,3.137873,1.000000,0.753582,-1,-1,-1,-1,-1,0.070014
15420,403,0,18395,45.645161,0.000000,30.000000,-1,46.147812,46.147812,-1,22,0,1443,12,0,673,1931,0,283,5.442657,3.142478,3.142478,1.000000,0.758892,-1,-1,-1,-1,-1,0.068846
15430,397,0,18222,45.899244,0.000000,30.000000,-1,46.180606,46.180606,-1,15,0,1462,19,0,767,1767,0,190,5.506838,3.151912,3.151912,1.000000,0.777578,-1,-1,-1,-1,-1,0.068670
15440,390,0,18339,47.023077,0.000000,30.000000,-1,46.148372,46.148372,-1,12,0,1490,15,0,640,1973,0,158,5.599568,3.246281,3.246281,1.000000,0.782266,-1,-1,-1,-1,-1,0.069036
15450,412,0,18218,44.218447,0.000000,30.000000,-1,46.142606,46.142606,-1,27,0,1981,23,0,759,2032,0,325,5.412956,2.857617,2.857617,1.000000,0.744726,-1,-1,-1,-1,-1,0.064625
15460,393,0,17868,45.465649,0.000000,30.000000,-1,46.181442,46.181442,-1,24,0,1552,13,0,659,1804,0,275,5.635812,3.262528,3.262528,1.000000,0.759946,-1,-1,-1,-1,-1,0.071758
15470,380,0,18136,47.726316,0.000000,30.000000,-1,46.163101,46.163101,-1,6,0,1499,23,0,686,1832,0,83,5.760582,3.246435,3.246435,1.000000,0.783320,-1,-1,-1,-1,-1,0.068022
15480,401,0,18501,46.137157,0.000000,30.000000,-1,46.165505,46.165505,-1,13,0,1728,22,0,726,1889,0,176,5.831995,3.217286,3.217286,1.000000,0.780014,-1,-1,-1,-1,-1,0.069733
15490,425,0,19333,45.489412,0.000000,30.000000,-1,46.176020,46.176020,-1,17,0,1808,26,0,762,2295,0,229,5.418234,2.962887,2.962887,1.000000,0.764343,-1,-1,-1,-1,-1,0.065134
15500,415,0,18917,45.583133,0.000000,30.000000,-1,46.244859,46.244859,-1,19,0,1664,24,0,717,1632,0,229,5.361005,2.956379,2.956379,1.000000,0.763791,-1,-1,-1,-1,-1,0.064857
15510,416,0,19168,46.076923,0.000000,30.000000,-1,46.219689,46.219689,-1,16,0,1660,16,0,724,1737,0,190,5.501280,3.123033,3.123033,1.000000,0.767051,-1,-1,-1,-1,-1,0.067779
15520,421,0,19478,46.266033,0.000000,30.000000,-1,46.212856,46.212856,-1,15,0,1984,25,0,763,1945,0,188,5.128679,2.825173,2.825173,1.000000,0.775960,-1,-1,-1,-1,-1,0.061064
15530,410,0,18424,44.936585,0.000000,30.000000,-1,46.272145,46.272145,-1,26,0,1557,29,0,723,1494,0,322,5.594314,3.175508,3.175508,1.000000,0.745499,-1,-1,-1,-1,-1,0.070666
15540,403,0,18404,45.667494,0.000000,30.000000,-1,46.248153,46.248153,-1,15,0,1800,18,0,736,1858,0,189,5.568271,2.999100,2.999100,1.000000,0.764489,-1,-1,-1,-1,-1,0.065673
15550,395,0,17888,45.286076,0.000000,30.000000,-1,46.248155,46.248155,-1,19,0,1603,15,0,650,2112,0,223,5.342789,2.960827,2.960827,1.000000,0.762185,-1,-1,-1,-1,-1,0.065381
15560,404,0,18832,46.613861,0.000000,30.000000,-1,46.298588,46.298588,-1,16,0,1556,21,0,766,2071,0,199,5.585154,3.210166,3.210166,1.000000,0.774039,-1,-1,-1,-1,-1,0.068867
15570,384,0,17509,45.596354,0.000000,30.000000,-1,46.278200,46.278200,-1,13,0,1693,25,0,657,1753,0,167,5.842477,3.100851,3.100851,1.000000,0.768779,-1,-1,-1,-1,-1,0.068007
15580,409,0,18504,45.242054,0.000000,30.000000,-1,46.282534,46.282534,-1,20,0,1644,11,0,733,1899,0,249,5.594984,3.127568,3.127568,1.000000,0.762400,-1,-1,-1,-1,-1,0.069130
15590,398,0,17916,45.015075,0.000000,30.000000,-1,46.332887,46.332887,-1,24,0,1652,15,0,715,1818,0,345,5.555150,2.985550,2.985550,1.000000,0.738992,-1,-1,-1,-1,-1,0.066323
15600,430,0,19394,45.102326,0.000000,30.000000,-1,46.362277,46.362277,-1,23,0,1804,14,0,735,1915,0,315,5.197559,2.860912,2.860912,1.000000,0.754563,-1,-1,-1,-1,-1,0.063432
15610,390,0,18038,46.251282,0.000000,30.000000,-1,46.335181,46.335181,-1,18,0,1722,9,0,704,2052,0,216,5.878968,3.238980,3.238980,1.000000,0.754982,-1,-1,-1,-1,-1,0.070030
15620,406,0,18652,45.940887,0.000000,30.000000,-1,46.305544,46.305544,-1,16,0,1920,25,0,692,1861,0,202,5.498658,3.027615,3.027615,1.000000,0.771702,-1,-1,-1,-1,-1,0.065902
15630,396,0,18295,46.199495,0.000000,30.000000,-1,46.248046,46.248046,-1,14,0,1594,16,0,684,1879,0,196,5.670468,3.178137,3.178137,1.000000,0.771287,-1,-1,-1,-1,-1,0.068792
15640,402,0,18162,45.179104,0.000000,30.000000,-1,46.306905,46.306905,-1,18,0,1797,26,0,701,1673,0,240,5.599951,3.121916,3.121916,1.000000,0.761962,-1,-1,-1,-1,-1,0.069101
15650,412,0,18646,45.257282,0.000000,30.000000,-1,46.297651,46.297651,-1,25,0,1667,19,0,721,1993,0,295,5.402947,3.126063,3.126063,1.000000,0.754940,-1,-1,-1,-1,-1,0.069073
15660,414,0,18820,45.458937,0.000000,30.000000,-1,46.276089,46.276089,-1,19,0,1784,26,0,680,1731,0,235,5.346767,2.941823,2.941823,1.000000,0.764872,-1,-1,-1,-1,-1,0.064714
15670,391,0,18084,46.250639,0.000000,30.000000,-1,46.330126,46.330126,-1,18,0,1433,21,0,732,1459,0,218,5.546162,3.194673,3.194673,1.000000,0.765006,-1,-1,-1,-1,-1,0.069073
15680,395,0,18048,45.691139,0.000000,30.000000,-1,46.370124,46.370124,-1,17,0,1472,18,0,597,1568,0,204,5.446225,3.142082,3.142082,1.000000,0.775440,-1,-1,-1,-1,-1,0.068768
15690,410,0,18703,45.617073,0.000000,30.000000,-1,46.316152,46.316152,-1,15,0,1810,19,0,724,2126,0,176,5.212375,2.909344,2.909344,1.000000,0.773380,-1,-1,-1,-1,-1,0.063778
15700,401,0,18682,46.588529,0.000000,30.000000,-1,46.267851,46.267851,-1,15,0,1562,16,0,708,2074,0,198,5.554620,3.240060,3.240060,1.000000,0.777568,-1,-1,-1,-1,-1,0.069546
15710,384,0,17425,45.377604,0.000000,30.000000,-1,46.304620,46.304620,-1,20,0,1724,20,0,713,1812,0,233,5.837162,3.224718,3.224718,1.000000,0.753231,-1,-1,-1,-1,-1,0.071064
15720,403,0,18679,46.349876,0.000000,30.000000,-1,46.242304,46.242304,-1,18,0,1504,24,0,669,1865,0,213,5.361205,3.085032,3.085032,1.000000,0.762138,-1,-1,-1,-1,-1,0.066560
15730,410,0,18902,46.102439,0.000000,30.000000,-1,46.313406,46.313406,-1,16,0,1712,16,0,796,2056,0,185,5.359667,3.047301,3.047301,1.000000,0.771373,-1,-1,-1,-1,-1,0.066098
15740,383,0,17104,44.657963,0.000000,30.000000,-1,46.322556,46.322556,-1,22,0,1604,24,0,651,1463,0,276,5.748779,3.163319,3.163319,1.000000,0.750494,-1,-1,-1,-1,-1,0.070834
15750,394,0,17919,45.479695,0.000000,30.000000,-1,46.344774,46.344774,-1,17,0,1572,17,0,736,1790,0,222,5.727234,3.198316,3.198316,1.000000,0.761091,-1,-1,-1,-1,-1,0.070324
15760,388,0,17867,46.048969,0.000000,30.000000,-1,46.327363,46.327363,-1,19,0,1370,21,0,689,1652,0,245,5.473317,3.194700,3.194700,1.000000,0.762918,-1,-1,-1,-1,-1,0.069376
15770,393,0,18128,46.127226,0.000000,30.000000,-1,46.352438,46.352438,-1,15,0,1627,27,0,760,1999,0,186,5.646309,3.111113,3.111113,1.000000,0.765911,-1,-1,-1,-1,-1,0.067446
15780,398,0,17847,44.841709,0.000000,30.000000,-1,46.361854,46.361854,-1,22,0,1706,16,0,669,1736,0,256,5.771041,3.181340,3.181340,1.000000,0.756353,-1,-1,-1,-1,-1,0.070946
15790,388,0,17500,45.103093,0.000000,30.000000,-1,46.394457,46.394457,-1,22,0,1571,14,0,693,1657,0,253,5.827611,3.283214,3.283214,1.000000,0.757832,-1,-1,-1,-1,-1,0.072794
15800,386,0,17609,45.619171,0.000000,30.000000,-1,46.395877,46.395877,-1,15,0,1732,22,0,693,1829,0,181,5.619387,3.095577,3.095577,1.000000,0.765978,-1,-1,-1,-1,-1,0.067857
15810,401,0,18720,46.683292,0.000000,30.000000,-1,46.490865,46.490865,-1,18,0,1584,20,0,733,1547,0,214,5.861562,3.393277,3.393277,1.000000,0.766474,-1,-1,-1,-1,-1,0.072687
15820,399,0,18503,46.373434,0.000000,30.000000,-1,46.520024,46.520024,-1,15,0,1744,19,0,701,1895,0,205,5.837622,3.129796,3.129796,1.000000,0.762428,-1,-1,-1,-1,-1,0.067491
15830,417,0,18791,45.062350,0.000000,30.000000,-1,46.545048,46.545048,-1,27,0,1616,19,0,707,1855,0,353,5.271786,3.002395,3.002395,1.000000,0.742424,-1,-1,-1,-1,-1,0.066628
15840,398,0,18277,45.922111,0.000000,30.000000,-1,46.574055,46.574055,-1,16,0,1754,20,0,682,2181,0,201,5.735403,3.186887,3.186887,1.000000,0.762846,-1,-1,-1,-1,-1,0.069398
15850,419,0,19228,45.890215,0.000000,30.000000,-1,46.604171,46.604171,-1,21,0,1634,15,0,731,2186,0,254,5.222515,3.027513,3.027513,1.000000,0.766503,-1,-1,-1,-1,-1,0.065973
15860,408,0,18536,45.431373,0.000000,30.000000,-1,46.624083,46.624083,-1,22,0,1689,21,0,717,1921,0,264,5.614264,3.127566,3.127566,1.000000,0.753055,-1,-1,-1,-1,-1,0.068842
15870,419,0,19325,46.121718,0.000000,30.000000,-1,46.602484,46.602484,-1,18,0,1737,19,0,714,2188,0,214,5.449780,3.070374,3.070374,1.000000,0.765275,-1,-1,-1,-1,-1,0.066571
15880,423,0,19629,46.404255,0.000000,30.000000,-1,46.633960,46.633960,-1,11,0,1740,16,0,714,2121,0,130,5.469847,2.969363,2.969363,1.000000,0.767958,-1,-1,-1,-1,-1,0.063989
15890,415,0,18839,45.395181,0.000000,30.000000,-1,46.628855,46.628855,-1,17,0,1587,20,0,725,2170,0,210,5.520053,3.057113,3.057113,1.000000,0.754503,-1,-1,-1,-1,-1,0.067344
15900,410,0,18855,45.987805,0.000000,30.000000,-1,46.625404,46.625404,-1,14,0,1794,16,0,766,2184,0,173,5.566106,3.034707,3.034707,1.000000,0.766345,-1,-1,-1,-1,-1,0.065989
15910,401,0,18508,46.154613,0.000000,30.000000,-1,46.602280,46.602280,-1,14,0,1699,23,0,705,1944,0,180,5.609378,3.152527,3.152527,1.000000,0.769461,-1,-1,-1,-1,-1,0.068304
15920,414,0,18765,45.326087,0.000000,30.000000,-1,46.563283,46.563283,-1,29,0,1439,25,0,690,1779,0,370,5.400197,3.105784,3.105784,1.000000,0.741012,-1,-1,-1,-1,-1,0.068521
15930,411,0,19191,46.693431,0.000000,30.000000,-1,46.601740,46.601740,-1,16,0,1731,16,0,778,2113,0,227,5.388859,3.013663,3.013663,1.000000,0.766917,-1,-1,-1,-1,-1,0.064541
15940,406,0,18263,44.982759,0.000000,30.000000,-1,46.573126,46.573126,-1,24,0,1720,17,0,731,1696,0,285,5.433525,3.013813,3.013813,1.000000,0.755108,-1,-1,-1,-1,-1,0.066999
15950,389,0,17757,45.647815,0.000000,30.000000,-1,46.630118,46.630118,-1,17,0,1685,24,0,731,1842,0,227,5.517885,3.069559,3.069559,1.000000,0.769012,-1,-1,-1,-1,-1,0.067244
15960,397,0,18332,46.176322,0.000000,30.000000,-1,46.631082,46.631082,-1,13,0,1642,19,0,730,1537,0,141,5.826809,3.225488,3.225488,1.000000,0.774112,-1,-1,-1,-1,-1,0.069852
15970,412,0,18738,45.480583,0.000000,30.000000,-1,46.620557,46.620557,-1,18,0,1800,21,0,725,1936,0,214,5.443666,2.952659,2.952659,1.000000,0.756757,-1,-1,-1,-1,-1,0.064921
15980,414,0,19239,46.471014,0.000000,30.000000,-1,46.613909,46.613909,-1,15,0,1794,20,0,767,2096,0,199,5.464118,3.003676,3.003676,1.000000,0.762603,-1,-1,-1,-1,-1,0.064635
15990,397,0,17829,44.909320,0.000000,30.000000,-1,46.587919,46.587919,-1,26,0,1595,17,0,725,1668,0,328,5.614574,3.120582,3.120582,1.000000,0.748780,-1,-1,-1,-1,-1,0.069486
16000,402,0,18212,45.303483,0.000000,30.000000,-1,46.615803,46.615803,-1,21,0,1793,17,0,678,1809,0,273,5.556651,3.093728,3.093728,1.000000,0.754726,-1,-1,-1,-1,-1,0.068289
16010,418,0,19054,45.583732,0.000000,30.000000,-1,46.666999,46.666999,-1,20,0,1545,15,0,755,1486,0,262,5.619947,3.143211,3.143211,1.000000,0.759728,-1,-1,-1,-1,-1,0.068955
16020,422,0,18989,44.997630,0.000000,30.000000,-1,46.665965,46.665965,-1,23,0,1856,17,0,717,1874,0,289,5.181464,2.873490,2.873490,1.000000,0.752430,-1,-1,-1,-1,-1,0.063859
16030,403,0,18532,45.985112,0.000000,30.000000,-1,46.691615,46.691615,-1,16,0,1600,19,0,717,2095,0,186,5.344744,3.025061,3.025061,1.000000,0.769402,-1,-1,-1,-1,-1,0.065783
16040,431,0,19216,44.584687,0.000000,30.000000,-1,46.716174,46.716174,-1,24,0,1780,13,0,746,1751,0,310,5.465529,2.981493,2.981493,1.000000,0.748971,-1,-1,-1,-1,-1,0.066873
16050,401,0,18140,45.236908,0.000000,30.000000,-1,46.690353,46.690353,-1,23,0,1500,21,0,703,1714,0,319,5.661055,3.204282,3.204282,1.000000,0.748976,-1,-1,-1,-1,-1,0.070833
16060,406,0,18426,45.384236,0.000000,30.000000,-1,46.696679,46.696679,-1,15,0,1712,27,0,685,1710,0,181,5.345719,2.871851,2.871851,1.000000,0.764744,-1,-1,-1,-1,-1,0.063279
16070,404,0,18086,44.767327,0.000000,30.000000,-1,46.680139,46.680139,-1,23,0,1786,13,0,703,1681,0,306,5.788192,3.091169,3.091169,1.000000,0.749545,-1,-1,-1,-1,-1,0.069050
16080,404,0,18909,46.804455,0.000000,30.000000,-1,46.614469,46.614469,-1,14,0,1535,22,0,667,2028,0,149,5.352280,3.028555,3.028555,1.000000,0.767198,-1,-1,-1,-1,-1,0.064707
16090,415,0,18729,45.130120,0.000000,30.000000,-1,46.589086,46.589086,-1,21,0,1861,16,0,759,1823,0,276,5.287170,2.797741,2.797741,1.000000,0.747887,-1,-1,-1,-1,-1,0.061993
16100,413,0,18830,45.593220,0.000000,30.000000,-1,46.556399,46.556399,-1,15,0,1976,18,0,723,1989,0,189,5.558002,2.875297,2.875297,1.000000,0.752097,-1,-1,-1,-1,-1,0.063064
16110,417,0,18728,44.911271,0.000000,30.000000,-1,46.553182,46.553182,-1,23,0,1875,18,0,682,1954,0,267,5.260937,2.842124,2.842124,1.000000,0.746001,-1,-1,-1,-1,-1,0.063283
16120,406,0,18645,45.923645,0.000000,30.000000,-1,46.585626,46.585626,-1,20,0,1601,21,0,738,1844,0,263,5.641477,3.155028,3.155028,1.000000,0.748710,-1,-1,-1,-1,-1,0.068702
16130,395,0,17687,44.777215,0.000000,30.000000,-1,46.601459,46.601459,-1,28,0,1406,21,0,650,1917,0,352,5.625377,3.175045,3.175045,1.000000,0.738134,-1,-1,-1,-1,-1,0.070908
16140,393,0,17672,44.966921,0.000000,30.000000,-1,46.626415,46.626415,-1,24,0,1560,15,0,696,1680,0,291,5.712535,3.178171,3.178171,1.000000,0.747956,-1,-1,-1,-1,-1,0.070678
16150,393,0,17800,45.292621,0.000000,30.000000,-1,46.607472,46.607472,-1,19,0,1601,14,0,680,2043,0,227,5.557482,3.091857,3.091857,1.000000,0.765316,-1,-1,-1,-1,-1,0.068264
16160,373,0,16921,45.364611,0.000000,30.000000,-1,46.607234,46.607234,-1,18,0,1500,21,0,644,1778,0,210,5.752269,3.205729,3.205729,1.000000,0.751604,-1,-1,-1,-1,-1,0.070666
16170,405,0,18597,45.918519,0.000000,30.000000,-1,46.646771,46.646771,-1,22,0,1523,15,0,722,2050,0,282,5.638461,3.227030,3.227030,1.000000,0.753494,-1,-1,-1,-1,-1,0.070277
16180,402,0,18331,45.599502,0.000000,30.000000,-1,46.640609,46.640609,-1,23,0,1411,16,0,727,2061,0,288,5.521683,3.156987,3.156987,1.000000,0.752013,-1,-1,-1,-1,-1,0.069233
16190,410,0,18594,45.351220,0.000000,30.000000,-1,46.599602,46.599602,-1,21,0,1571,20,0,751,1804,0,248,5.610682,3.100236,3.100236,1.000000,0.754039,-1,-1,-1,-1,-1,0.068361
16200,388,0,18054,46.530928,0.000000,30.000000,-1,46.600809,46.600809,-1,13,0,1600,16,0,706,1911,0,164,5.709835,3.126935,3.126935,1.000000,0.759364,-1,-1,-1,-1,-1,0.067201
16210,402,0,18133,45.106965,0.000000,30.000000,-1,46.556554,46.556554,-1,21,0,1669,18,0,668,2179,0,261,5.346985,2.893045,2.893045,1.000000,0.745907,-1,-1,-1,-1,-1,0.064137
16220,408,0,18601,45.590686,0.000000,30.000000,-1,46.619805,46.619805,-1,23,0,1574,21,0,740,1856,0,267,5.470449,3.044140,3.044140,1.000000,0.739538,-1,-1,-1,-1,-1,0.066771
16230,413,0,19041,46.104116,0.000000,30.000000,-1,46.648180,46.648180,-1,17,0,1647,13,0,676,2187,0,219,5.519552,3.087389,3.087389,1.000000,0.758516,-1,-1,-1,-1,-1,0.066966
16240,426,0,19118,44.877934,0.000000,30.000000,-1,46.681818,46.681818,-1,26,0,1734,25,0,708,2398,0,329,5.402940,2.988912,2.988912,1.000000,0.745826,-1,-1,-1,-1,-1,0.066601
16250,406,0,18511,45.593596,0.000000,30.000000,-1,46.731565,46.731565,-1,19,0,1746,27,0,696,1888,0,240,5.557678,2.947365,2.947365,1.000000,0.751464,-1,-1,-1,-1,-1,0.064644
16260,386,0,17326,44.886010,0.000000,30.000000,-1,46.705010,46.705010,-1,18,0,1748,19,0,676,1779,0,248,5.851029,3.108692,3.108692,1.000000,0.749202,-1,-1,-1,-1,-1,0.069257
16270,411,0,18463,44.922141,0.000000,30.000000,-1,46.716297,46.716297,-1,24,0,1874,21,0,691,1739,0,321,5.623520,2.997729,2.997729,1.000000,0.743094,-1,-1,-1,-1,-1,0.066732
16280,390,0,17568,45.046154,0.000000,30.000000,-1,46.658811,46.658811,-1,25,0,1401,21,0,651,1613,0,297,5.593919,3.152479,3.152479,1.000000,0.737701,-1,-1,-1,-1,-1,0.069983
16290,411,0,19181,46.669100,0.000000,30.000000,-1,46.705855,46.705855,-1,16,0,1468,22,0,732,2358,0,201,5.719263,3.253742,3.253742,1.000000,0.767695,-1,-1,-1,-1,-1,0.069719
16300,436,0,19593,44.938073,0.000000,30.000000,-1,46.718420,46.718420,-1,26,0,1719,18,0,779,2007,0,311,5.271175,2.883150,2.883150,1.000000,0.737752,-1,-1,-1,-1,-1,0.064158
16310,415,0,18525,44.638554,0.000000,30.000000,-1,46.686154,46.686154,-1,26,0,1483,17,0,712,1876,0,323,5.312999,2.966519,2.966519,1.000000,0.739865,-1,-1,-1,-1,-1,0.066456
16320,387,0,17571,45.403101,0.000000,30.000000,-1,46.720790,46.720790,-1,21,0,1561,24,0,624,2247,0,251,5.808562,3.205957,3.205957,1.000000,0.748004,-1,-1,-1,-1,-1,0.070611
16330,398,0,18351,46.108040,0.000000,30.000000,-1,46.706991,46.706991,-1,19,0,1523,16,0,705,2011,0,261,5.729788,3.187955,3.187955,1.000000,0.752799,-1,-1,-1,-1,-1,0.069141
16340,391,0,17793,45.506394,0.000000,30.000000,-1,46.732648,46.732648,-1,20,0,1617,18,0,734,1578,0,262,5.674665,3.138208,3.138208,1.000000,0.749406,-1,-1,-1,-1,-1,0.068962
16350,402,0,18489,45.992537,0.000000,30.000000,-1,46.766510,46.766510,-1,17,0,1590,15,0,677,1926,0,208,5.635772,3.122105,3.122105,1.000000,0.757977,-1,-1,-1,-1,-1,0.067883
16360,412,0,18572,45.077670,0.000000,30.000000,-1,46.758238,46.758238,-1,22,0,1829,15,0,751,2296,0,279,5.433536,2.860288,2.860288,1.000000,0.747754,-1,-1,-1,-1,-1,0.063452
16370,413,0,18638,45.128329,0.000000,30.000000,-1,46.775083,46.775083,-1,22,0,1693,11,0,730,1901,0,251,5.479889,2.998377,2.998377,1.000000,0.749943,-1,-1,-1,-1,-1,0.066441
16380,394,0,18489,46.926396,0.000000,30.000000,-1,46.797988,46.797988,-1,11,0,1870,25,0,655,2097,0,126,5.488376,2.993132,2.993132,1.000000,0.766146,-1,-1,-1,-1,-1,0.063784
16390,436,0,19846,45.518349,0.000000,30.000000,-1,46.819712,46.819712,-1,19,0,1668,14,0,775,2323,0,255,5.610068,3.221081,3.221081,1.000000,0.765658,-1,-1,-1,-1,-1,0.070764
16400,429,0,19468,45.379953,0.000000,30.000000,-1,46.779947,46.779947,-1,18,0,1724,18,0,762,2022,0,250,5.326470,2.888370,2.888370,1.000000,0.760732,-1,-1,-1,-1,-1,0.063649
16410,398,0,18335,46.067839,0.000000,30.000000,-1,46.765803,46.765803,-1,14,0,1640,20,0,752,2264,0,163,5.460217,3.026981,3.026981,1.000000,0.761531,-1,-1,-1,-1,-1,0.065707
16420,400,0,18111,45.277500,0.000000,30.000000,-1,46.709900,46.709900,-1,17,0,1590,23,0,683,1845,0,219,5.611708,3.104363,3.104363,1.000000,0.761028,-1,-1,-1,-1,-1,0.068563
16430,399,0,18185,45.576441,0.000000,30.000000,-1,46.671817,46.671817,-1,18,0,1760,11,0,692,1931,0,239,5.604645,3.014880,3.014880,1.000000,0.754666,-1,-1,-1,-1,-1,0.066150
16440,397,0,18363,46.254408,0.000000,30.000000,-1,46.593748,46.593748,-1,15,0,1657,29,0,736,1753,0,187,5.547956,3.096220,3.096220,1.000000,0.763857,-1,-1,-1,-1,-1,0.066939
16450,396,0,17693,44.679293,0.000000,30.000000,-1,46.588594,46.588594,-1,24,0,1624,20,0,677,1643,0,312,5.663276,3.069889,3.069889,1.000000,0.745860,-1,-1,-1,-1,-1,0.068709
16460,388,0,18145,46.765464,0.000000,30.000000,-1,46.604078,46.604078,-1,13,0,1548,25,0,641,1585,0,147,5.671698,3.202995,3.202995,1.000000,0.770572,-1,-1,-1,-1,-1,0.068491
16470,397,0,18472,46.528967,0.000000,30.000000,-1,46.664086,46.664086,-1,12,0,1556,21,0,734,1899,0,154,5.604275,3.196732,3.196732,1.000000,0.776398,-1,-1,-1,-1,-1,0.068704
16480,419,0,18836,44.954654,0.000000,30.000000,-1,46.621576,46.621576,-1,20,0,1802,16,0,690,2400,0,241,5.469421,2.936307,2.936307,1.000000,0.754189,-1,-1,-1,-1,-1,0.065317
16490,395,0,17562,44.460759,0.000000,30.000000,-1,46.625669,46.625669,-1,22,0,1674,22,0,635,1762,0,284,5.838149,3.105311,3.105311,1.000000,0.746557,-1,-1,-1,-1,-1,0.069844
16500,414,0,18768,45.333333,0.000000,30.000000,-1,46.722347,46.722347,-1,20,0,1663,16,0,698,2423,0,251,5.494698,2.984023,2.984023,1.000000,0.749572,-1,-1,-1,-1,-1,0.065824
16510,431,0,19685,45.672854,0.000000,30.000000,-1,46.733452,46.733452,-1,21,0,1919,18,0,744,1788,0,283,5.596587,3.002132,3.002132,1.000000,0.752746,-1,-1,-1,-1,-1,0.065731
16520,404,0,18572,45.970297,0.000000,30.000000,-1,46.793129,46.793129,-1,19,0,1612,38,0,757,2206,0,233,5.495064,3.032419,3.032419,1.000000,0.749026,-1,-1,-1,-1,-1,0.065965
16530,398,0,18224,45.788945,0.000000,30.000000,-1,46.794666,46.794666,-1,19,0,1747,16,0,676,1957,0,253,5.542253,3.087682,3.087682,1.000000,0.756446,-1,-1,-1,-1,-1,0.067433
16540,406,0,17959,44.233990,0.000000,30.000000,-1,46.815636,46.815636,-1,32,0,1571,17,0,699,1785,0,398,5.642391,3.163145,3.163145,1.000000,0.736030,-1,-1,-1,-1,-1,0.071509
16550,382,0,17422,45.607330,0.000000,30.000000,-1,46.829641,46.829641,-1,22,0,1561,22,0,698,1837,0,296,5.630917,3.155296,3.155296,1.000000,0.750083,-1,-1,-1,-1,-1,0.069184
16560,387,0,17618,45.524548,0.000000,30.000000,-1,46.833750,46.833750,-1,18,0,1670,23,0,667,1558,0,242,5.875759,3.194993,3.194993,1.000000,0.758023,-1,-1,-1,-1,-1,0.070182
16570,407,0,18447,45.324324,0.000000,30.000000,-1,46.841004,46.841004,-1,20,0,1723,21,0,708,1629,0,245,5.456192,2.932833,2.932833,1.000000,0.751273,-1,-1,-1,-1,-1,0.064708
16580,397,0,18177,45.785894,0.000000,30.000000,-1,46.832040,46.832040,-1,13,0,1808,19,0,747,1981,0,178,5.462592,2.927237,2.927237,1.000000,0.760715,-1,-1,-1,-1,-1,0.063933
16590,391,0,17935,45.869565,0.000000,30.000000,-1,46.818790,46.818790,-1,15,0,1610,24,0,632,1614,0,168,5.443344,3.042103,3.042103,1.000000,0.765777,-1,-1,-1,-1,-1,0.066321
16600,399,0,17943,44.969925,0.000000,30.000000,-1,46.808170,46.808170,-1,18,0,1741,21,0,664,1908,0,221,5.475584,2.934847,2.934847,1.000000,0.749372,-1,-1,-1,-1,-1,0.065262
16610,381,0,17222,45.202100,0.000000,30.000000,-1,46.856869,46.856869,-1,22,0,1592,20,0,637,1662,0,286,5.674020,3.110507,3.110507,1.000000,0.749067,-1,-1,-1,-1,-1,0.068813
16620,382,0,17748,46.460733,0.000000,30.000000,-1,46.835812,46.835812,-1,11,0,1562,23,0,660,2320,0,138,5.519693,3.016333,3.016333,1.000000,0.769796,-1,-1,-1,-1,-1,0.064922
16630,410,0,18615,45.402439,0.000000,30.000000,-1,46.814934,46.814934,-1,16,0,1615,13,0,723,2471,0,219,5.747611,3.095479,3.095479,1.000000,0.755336,-1,-1,-1,-1,-1,0.068179
16640,408,0,18579,45.536765,0.000000,30.000000,-1,46.894612,46.894612,-1,24,0,1629,19,0,729,1863,0,290,5.367419,3.016276,3.016276,1.000000,0.751141,-1,-1,-1,-1,-1,0.066238
16650,405,0,18970,46.839506,0.000000,30.000000,-1,46.903532,46.903532,-1,10,0,1596,19,0,771,1969,0,137,5.698376,3.124905,3.124905,1.000000,0.766709,-1,-1,-1,-1,-1,0.066715
16660,403,0,18456,45.796526,0.000000,30.000000,-1,46.896456,46.896456,-1,18,0,1644,25,0,714,1927,0,237,5.495865,3.033498,3.033498,1.000000,0.750212,-1,-1,-1,-1,-1,0.066239
16670,402,0,18327,45.589552,0.000000,30.000000,-1,46.911606,46.911606,-1,17,0,1617,17,0,712,1827,0,229,5.639262,3.102505,3.102505,1.000000,0.754437,-1,-1,-1,-1,-1,0.068053
16680,396,0,17916,45.242424,0.000000,30.000000,-1,46.979627,46.979627,-1,19,0,1648,18,0,665,1655,0,252,5.810054,3.171428,3.171428,1.000000,0.746961,-1,-1,-1,-1,-1,0.070099
16690,411,0,18169,44.206813,0.000000,30.000000,-1,46.988057,46.988057,-1,26,0,1817,20,0,692,1645,0,350,5.621008,2.982051,2.982051,1.000000,0.731711,-1,-1,-1,-1,-1,0.067457
16700,398,0,18206,45.743719,0.000000,30.000000,-1,46.985829,46.985829,-1,16,0,1665,22,0,684,2195,0,194,5.415942,2.969438,2.969438,1.000000,0.757062,-1,-1,-1,-1,-1,0.064915
16710,391,0,18248,46.670077,0.000000,30.000000,-1,46.938185,46.938185,-1,12,0,1498,20,0,686,1827,0,137,5.758432,3.224517,3.224517,1.000000,0.763231,-1,-1,-1,-1,-1,0.069092
16720,404,0,18289,45.269802,0.000000,30.000000,-1,46.924053,46.924053,-1,20,0,1582,26,0,699,1853,0,291,5.478129,3.021163,3.021163,1.000000,0.749378,-1,-1,-1,-1,-1,0.066737
16730,405,0,18528,45.748148,0.000000,30.000000,-1,46.876943,46.876943,-1,17,0,1532,20,0,732,1804,0,208,5.446478,3.042175,3.042175,1.000000,0.756590,-1,-1,-1,-1,-1,0.066498
16740,401,0,18468,46.054863,0.000000,30.000000,-1,46.877301,46.877301,-1,16,0,1750,21,0,664,1843,0,186,5.563149,2.979423,2.979423,1.000000,0.747273,-1,-1,-1,-1,-1,0.064693
16750,398,0,18423,46.288945,0.000000,30.000000,-1,46.929925,46.929925,-1,14,0,1553,18,0,705,1708,0,184,5.765004,3.221835,3.221835,1.000000,0.757748,-1,-1,-1,-1,-1,0.069603
16760,407,0,18581,45.653563,0.000000,30.000000,-1,46.929014,46.929014,-1,18,0,1556,19,0,739,2111,0,222,5.382173,2.937237,2.937237,1.000000,0.748791,-1,-1,-1,-1,-1,0.064338
16770,399,0,17794,44.596491,0.000000,30.000000,-1,46.896707,46.896707,-1,23,0,1616,22,0,660,2018,0,291,5.572881,3.104646,3.104646,1.000000,0.744256,-1,-1,-1,-1,-1,0.069616
16780,391,0,17778,45.468031,0.000000,30.000000,-1,46.891720,46.891720,-1,17,0,1645,19,0,704,2119,0,198,5.654622,3.112134,3.112134,1.000000,0.752842,-1,-1,-1,-1,-1,0.068447
16790,403,0,18406,45.672457,0.000000,30.000000,-1,46.877377,46.877377,-1,23,0,1618,15,0,706,1886,0,323,5.475692,2.998018,2.998018,1.000000,0.738508,-1,-1,-1,-1,-1,0.065642
16800,399,0,18068,45.283208,0.000000,30.000000,-1,46.862243,46.862243,-1,26,0,1555,18,0,705,2192,0,308,5.512952,3.056805,3.056805,1.000000,0.732813,-1,-1,-1,-1,-1,0.067504
16810,392,0,17703,45.160714,0.000000,30.000000,-1,46.877817,46.877817,-1,21,0,1673,18,0,651,2065,0,283,5.916275,3.170460,3.170460,1.000000,0.737412,-1,-1,-1,-1,-1,0.070204
16820,398,0,18157,45.620603,0.000000,30.000000,-1,46.910227,46.910227,-1,18,0,1641,16,0,667,1814,0,220,5.668270,3.145501,3.145501,1.000000,0.758278,-1,-1,-1,-1,-1,0.068949
16830,405,0,18719,46.219753,0.000000,30.000000,-1,46.890379,46.890379,-1,12,0,1770,23,0,725,2043,0,156,5.590326,3.058998,3.058998,1.000000,0.757081,-1,-1,-1,-1,-1,0.066184
16840,404,0,18386,45.509901,0.000000,30.000000,-1,46.892146,46.892146,-1,21,0,1643,17,0,693,1891,0,268,5.348937,2.895405,2.895405,1.000000,0.739923,-1,-1,-1,-1,-1,0.063621
16850,408,0,18356,44.990196,0.000000,30.000000,-1,46.920462,46.920462,-1,23,0,1590,16,0,703,1758,0,281,5.826989,3.125859,3.125859,1.000000,0.740255,-1,-1,-1,-1,-1,0.069479
16860,420,0,19500,46.428571,0.000000,30.000000,-1,46.905231,46.905231,-1,17,0,1619,13,0,733,2068,0,214,5.476261,3.028501,3.028501,1.000000,0.756358,-1,-1,-1,-1,-1,0.065229
16870,407,0,18601,45.702703,0.000000,30.000000,-1,46.905005,46.905005,-1,14,0,1721,21,0,771,1613,0,166,5.529446,2.887075,2.887075,1.000000,0.753848,-1,-1,-1,-1,-1,0.063171
16880,417,0,19065,45.719424,0.000000,30.000000,-1,46.920902,46.920902,-1,17,0,1849,22,0,702,2210,0,220,5.474631,2.933957,2.933957,1.000000,0.753001,-1,-1,-1,-1,-1,0.064173
16890,415,0,19000,45.783133,0.000000,30.000000,-1,46.891947,46.891947,-1,16,0,1800,19,0,712,1870,0,201,5.534186,2.924334,2.924334,1.000000,0.746763,-1,-1,-1,-1,-1,0.063874
16900,418,0,19096,45.684211,0.000000,30.000000,-1,46.936898,46.936898,-1,17,0,1725,20,0,749,1588,0,207,5.246386,2.860814,2.860814,1.000000,0.754862,-1,-1,-1,-1,-1,0.062622
16910,381,0,17324,45.469816,0.000000,30.000000,-1,47.002482,47.002482,-1,17,0,1576,19,0,680,1975,0,212,5.937057,3.136684,3.136684,1.000000,0.746251,-1,-1,-1,-1,-1,0.068984
16920,402,0,18393,45.753731,0.000000,30.000000,-1,47.057685,47.057685,-1,22,0,1526,15,0,739,1932,0,283,5.702217,3.191647,3.191647,1.000000,0.749987,-1,-1,-1,-1,-1,0.069757
16930,409,0,18973,46.388753,0.000000,30.000000,-1,47.076319,47.076319,-1,15,0,1669,14,0,752,2016,0,167,5.600703,2.990635,2.990635,1.000000,0.755353,-1,-1,-1,-1,-1,0.064469
16940,423,0,19153,45.278960,0.000000,30.000000,-1,47.028351,47.028351,-1,19,0,1676,22,0,760,1852,0,261,5.576706,2.933369,2.933369,1.000000,0.741927,-1,-1,-1,-1,-1,0.064784
16950,399,0,17650,44.235589,0.000000,30.000000,-1,47.048895,47.048895,-1,29,0,1743,19,0,750,1958,0,376,5.689661,2.969964,2.969964,1.000000,0.713170,-1,-1,-1,-1,-1,0.067140
16960,384,0,17607,45.851562,0.000000,30.000000,-1,47.093088,47.093088,-1,22,0,1414,15,0,587,1696,0,287,5.768911,3.259611,3.259611,1.000000,0.738988,-1,-1,-1,-1,-1,0.071091
16970,415,0,18857,45.438554,0.000000,30.000000,-1,47.121440,47.121440,-1,23,0,1579,16,0,757,2016,0,293,5.426864,2.947491,2.947491,1.000000,0.735195,-1,-1,-1,-1,-1,0.064868
16980,428,0,19325,45.151869,0.000000,30.000000,-1,47.166365,47.166365,-1,23,0,1832,22,0,767,2075,0,281,5.359103,2.813683,2.813683,1.000000,0.731998,-1,-1,-1,-1,-1,0.062316
16990,398,0,18231,45.806533,0.000000,30.000000,-1,47.196972,47.196972,-1,20,0,1545,28,0,685,1895,0,281,5.642337,3.042037,3.042037,1.000000,0.735418,-1,-1,-1,-1,-1,0.066411
17000,428,0,19348,45.205607,0.000000,30.000000,-1,47.162291,47.162291,-1,24,0,1866,19,0,775,1979,0,291,5.299355,2.848509,2.848509,1.000000,0.733714,-1,-1,-1,-1,-1,0.063012
17010,412,0,18622,45.199029,0.000000,30.000000,-1,47.173290,47.173290,-1,22,0,1783,23,0,724,1762,0,283,5.518130,2.899345,2.899345,1.000000,0.729300,-1,-1,-1,-1,-1,0.064146
17020,405,0,18715,46.209877,0.000000,30.000000,-1,47.229976,47.229976,-1,21,0,1478,17,0,705,2151,0,255,5.721984,3.275311,3.275311,1.000000,0.753634,-1,-1,-1,-1,-1,0.070879
17030,409,0,18378,44.933985,0.000000,30.000000,-1,47.235553,47.235553,-1,24,0,1559,16,0,697,1571,0,336,5.565891,3.088201,3.088201,1.000000,0.739371,-1,-1,-1,-1,-1,0.068728
17040,398,0,18157,45.620603,0.000000,30.000000,-1,47.322410,47.322410,-1,18,0,1575,16,0,685,2058,0,213,5.788810,3.204430,3.204430,1.000000,0.743227,-1,-1,-1,-1,-1,0.070241
17050,412,0,19146,46.470874,0.000000,30.000000,-1,47.403792,47.403792,-1,12,0,1652,21,0,690,2234,0,136,5.582570,3.070979,3.070979,1.000000,0.762045,-1,-1,-1,-1,-1,0.066084
17060,403,0,18111,44.940447,0.000000,30.000000,-1,47.446303,47.446303,-1,20,0,1741,20,0,742,1736,0,256,5.753722,3.068445,3.068445,1.000000,0.745504,-1,-1,-1,-1,-1,0.068278
17070,398,0,18320,46.030151,0.000000,30.000000,-1,47.439028,47.439028,-1,13,0,1427,20,0,643,1773,0,172,5.528416,3.065266,3.065266,1.000000,0.760233,-1,-1,-1,-1,-1,0.066593
17080,397,0,17741,44.687657,0.000000,30.000000,-1,47.438025,47.438025,-1,24,0,1596,12,0,645,1914,0,289,5.713445,3.090921,3.090921,1.000000,0.744125,-1,-1,-1,-1,-1,0.069167
17090,408,0,18661,45.737745,0.000000,30.000000,-1,47.448261,47.448261,-1,17,0,1757,11,0,679,1927,0,187,5.609929,3.065725,3.065725,1.000000,0.751871,-1,-1,-1,-1,-1,0.067028
17100,408,0,18800,46.078431,0.000000,30.000000,-1,47.456862,47.456862,-1,15,0,1524,25,0,699,1757,0,174,5.539429,3.100977,3.100977,1.000000,0.758734,-1,-1,-1,-1,-1,0.067298
17110,404,0,18581,45.992574,0.000000,30.000000,-1,47.466229,47.466229,-1,16,0,2052,16,0,735,1776,0,177,5.802866,3.037539,3.037539,1.000000,0.751294,-1,-1,-1,-1,-1,0.066044
17120,430,0,19235,44.732558,0.000000,30.000000,-1,47.468261,47.468261,-1,22,0,1767,14,0,742,1808,0,275,5.309909,2.894576,2.894576,1.000000,0.751068,-1,-1,-1,-1,-1,0.064708
17130,417,0,19101,45.805755,0.000000,30.000000,-1,47.464426,47.464426,-1,19,0,1679,15,0,754,2552,0,235,5.583779,3.056965,3.056965,1.000000,0.752062,-1,-1,-1,-1,-1,0.066738
17140,420,0,19248,45.828571,0.000000,30.000000,-1,47.457294,47.457294,-1,15,0,1794,23,0,730,1788,0,186,5.552517,2.957914,2.957914,1.000000,0.761077,-1,-1,-1,-1,-1,0.064543
17150,424,0,18900,44.575472,0.000000,30.000000,-1,47.398095,47.398095,-1,26,0,1559,16,0,669,2079,0,318,5.290867,2.889613,2.889613,1.000000,0.740068,-1,-1,-1,-1,-1,0.064825
17160,405,0,18581,45.879012,0.000000,30.000000,-1,47.423013,47.423013,-1,18,0,1672,21,0,768,2003,0,216,5.584000,3.070791,3.070791,1.000000,0.752005,-1,-1,-1,-1,-1,0.066932
17170,398,0,18281,45.932161,0.000000,30.000000,-1,47.379739,47.379739,-1,19,0,1421,15,0,715,2066,0,243,5.628358,3.186549,3.186549,1.000000,0.751715,-1,-1,-1,-1,-1,0.069375
17180,408,0,18377,45.041667,0.000000,30.000000,-1,47.360233,47.360233,-1,20,0,1629,19,0,736,1993,0,253,5.643650,3.065500,3.065500,1.000000,0.750212,-1,-1,-1,-1,-1,0.068059
17190,404,0,18082,44.757426,0.000000,30.000000,-1,47.392103,47.392103,-1,22,0,1644,25,0,681,1754,0,262,5.580717,2.945391,2.945391,1.000000,0.741137,-1,-1,-1,-1,-1,0.065808
17200,398,0,18082,45.432161,0.000000,30.000000,-1,47.366829,47.366829,-1,19,0,1729,21,0,658,2033,0,269,5.521466,2.981585,2.981585,1.000000,0.748710,-1,-1,-1,-1,-1,0.065627
17210,390,0,17944,46.010256,0.000000,30.000000,-1,47.360566,47.360566,-1,17,0,1464,17,0,669,1706,0,211,5.689561,3.110439,3.110439,1.000000,0.748220,-1,-1,-1,-1,-1,0.067603
17220,408,0,18439,45.193627,0.000000,30.000000,-1,47.379901,47.379901,-1,19,0,1655,18,0,676,1957,0,238,5.834959,3.108260,3.108260,1.000000,0.751073,-1,-1,-1,-1,-1,0.068777
17230,401,0,18523,46.192020,0.000000,30.000000,-1,47.412676,47.412676,-1,16,0,1691,18,0,748,2157,0,179,5.651825,3.121243,3.121243,1.000000,0.766148,-1,-1,-1,-1,-1,0.067571
17240,427,0,19356,45.330211,0.000000,30.000000,-1,47.488324,47.488324,-1,22,0,2080,21,0,794,1765,0,265,5.427040,2.882985,2.882985,1.000000,0.746928,-1,-1,-1,-1,-1,0.063600
17250,394,0,18200,46.192893,0.000000,30.000000,-1,47.459615,47.459615,-1,17,0,1482,14,0,687,1982,0,230,5.799435,3.162736,3.162736,1.000000,0.748863,-1,-1,-1,-1,-1,0.068468
17260,415,0,19058,45.922892,0.000000,30.000000,-1,47.396579,47.396579,-1,20,0,1593,25,0,714,2117,0,232,5.539135,3.112175,3.112175,1.000000,0.751813,-1,-1,-1,-1,-1,0.067770
17270,402,0,18298,45.517413,0.000000,30.000000,-1,47.420210,47.420210,-1,21,0,1572,18,0,777,1762,0,251,5.767121,3.206937,3.206937,1.000000,0.747936,-1,-1,-1,-1,-1,0.070455
17280,417,0,19205,46.055156,0.000000,30.000000,-1,47.426295,47.426295,-1,24,0,1367,20,0,748,2282,0,298,5.375120,3.098006,3.098006,1.000000,0.745409,-1,-1,-1,-1,-1,0.067267
17290,410,0,18569,45.290244,0.000000,30.000000,-1,47.382142,47.382142,-1,23,0,1704,15,0,829,2000,0,283,5.521800,3.023264,3.023264,1.000000,0.740491,-1,-1,-1,-1,-1,0.066753
17300,402,0,18396,45.761194,0.000000,30.000000,-1,47.458361,47.458361,-1,17,0,1488,26,0,695,1701,0,217,5.434764,3.067131,3.067131,1.000000,0.764508,-1,-1,-1,-1,-1,0.067025
17310,410,0,18257,44.529268,0.000000,30.000000,-1,47.483157,47.483157,-1,24,0,1719,22,0,690,2070,0,299,5.338966,2.934554,2.934554,1.000000,0.745740,-1,-1,-1,-1,-1,0.065902
17320,377,0,16921,44.883289,0.000000,30.000000,-1,47.490692,47.490692,-1,19,0,1511,19,0,631,1571,0,253,5.894453,3.186134,3.186134,1.000000,0.743042,-1,-1,-1,-1,-1,0.070987
17330,405,0,18525,45.740741,0.000000,30.000000,-1,47.503698,47.503698,-1,16,0,1655,20,0,692,1817,0,204,5.522227,3.010813,3.010813,1.000000,0.754559,-1,-1,-1,-1,-1,0.065823
17340,377,0,17273,45.816976,0.000000,30.000000,-1,47.545244,47.545244,-1,13,0,1660,23,0,681,2030,0,160,5.677579,3.010034,3.010034,1.000000,0.755630,-1,-1,-1,-1,-1,0.065697
17350,394,0,17928,45.502538,0.000000,30.000000,-1,47.537874,47.537874,-1,21,0,1625,16,0,618,1637,0,275,5.753466,3.190696,3.190696,1.000000,0.745679,-1,-1,-1,-1,-1,0.070121
17360,376,0,16936,45.042553,0.000000,30.000000,-1,47.517773,47.517773,-1,23,0,1589,20,0,696,1807,0,295,5.700809,3.133410,3.133410,1.000000,0.740162,-1,-1,-1,-1,-1,0.069566
17370,406,0,18603,45.820197,0.000000,30.000000,-1,47.500349,47.500349,-1,16,0,1676,16,0,644,2026,0,209,5.399431,2.926630,2.926630,1.000000,0.757559,-1,-1,-1,-1,-1,0.063872
17380,398,0,17885,44.937186,0.000000,30.000000,-1,47.552474,47.552474,-1,22,0,1762,16,0,704,1745,0,260,5.737135,3.107086,3.107086,1.000000,0.752716,-1,-1,-1,-1,-1,0.069143
17390,412,0,18743,45.492718,0.000000,30.000000,-1,47.545857,47.545857,-1,21,0,1580,19,0,692,2089,0,266,5.443279,2.945418,2.945418,1.000000,0.743902,-1,-1,-1,-1,-1,0.064745
17400,409,0,18412,45.017115,0.000000,30.000000,-1,47.572616,47.572616,-1,30,0,1604,17,0,753,2010,0,400,5.335498,2.910456,2.910456,1.000000,0.724236,-1,-1,-1,-1,-1,0.064652
17410,375,0,16918,45.114667,0.000000,30.000000,-1,47.603145,47.603145,-1,19,0,1652,23,0,618,1652,0,231,5.985300,3.277558,3.277558,1.000000,0.754368,-1,-1,-1,-1,-1,0.072649
17420,386,0,17200,44.559585,0.000000,30.000000,-1,47.567674,47.567674,-1,26,0,1516,24,0,589,1583,0,341,5.868887,3.196744,3.196744,1.000000,0.732769,-1,-1,-1,-1,-1,0.071741
17430,377,0,17242,45.734748,0.000000,30.000000,-1,47.517167,47.517167,-1,10,0,1629,20,0,667,1873,0,125,5.636157,2.999563,2.999563,1.000000,0.764276,-1,-1,-1,-1,-1,0.065586
17440,408,0,18387,45.066176,0.000000,30.000000,-1,47.499755,47.499755,-1,23,0,1837,16,0,708,1925,0,313,5.625960,2.964726,2.964726,1.000000,0.737875,-1,-1,-1,-1,-1,0.065786
17450,396,0,18065,45.618687,0.000000,30.000000,-1,47.520232,47.520232,-1,18,0,1659,18,0,650,1916,0,234,5.678503,3.171425,3.171425,1.000000,0.754923,-1,-1,-1,-1,-1,0.069520
17460,413,0,18582,44.992736,0.000000,30.000000,-1,47.547142,47.547142,-1,22,0,2044,25,0,732,2129,0,282,5.270819,2.724377,2.724377,1.000000,0.734158,-1,-1,-1,-1,-1,0.060551
17470,402,0,18583,46.226368,0.000000,30.000000,-1,47.539256,47.539256,-1,14,0,1698,17,0,734,1834,0,191,5.674642,3.083828,3.083828,1.000000,0.752665,-1,-1,-1,-1,-1,0.066711
17480,412,0,18697,45.381068,0.000000,30.000000,-1,47.558164,47.558164,-1,22,0,1588,14,0,691,1666,0,292,5.559484,3.083373,3.083373,1.000000,0.746022,-1,-1,-1,-1,-1,0.067944
17490,405,0,18332,45.264198,0.000000,30.000000,-1,47.595461,47.595461,-1,20,0,1573,15,0,718,1777,0,253,5.290577,2.867095,2.867095,1.000000,0.741414,-1,-1,-1,-1,-1,0.063341
17500,380,0,17589,46.286842,0.000000,30.000000,-1,47.560748,47.560748,-1,16,0,1354,19,0,626,1747,0,209,5.556808,3.131977,3.131977,1.000000,0.756754,-1,-1,-1,-1,-1,0.067665
17510,396,0,18075,45.643939,0.000000,30.000000,-1,47.596072,47.596072,-1,16,0,1672,20,0,725,2177,0,202,5.538660,3.007276,3.007276,1.000000,0.755712,-1,-1,-1,-1,-1,0.065886
17520,391,0,17588,44.982097,0.000000,30.000000,-1,47.565897,47.565897,-1,23,0,1586,17,0,718,1493,0,278,6.017160,3.260760,3.260760,1.000000,0.744456,-1,-1,-1,-1,-1,0.072490
17530,394,0,18187,46.159898,0.000000,30.000000,-1,47.535382,47.535382,-1,14,0,1467,15,0,652,1482,0,173,5.449422,3.028400,3.028400,1.000000,0.757105,-1,-1,-1,-1,-1,0.065607
17540,402,0,18596,46.258706,0.000000,30.000000,-1,47.517369,47.517369,-1,14,0,1701,15,0,752,2169,0,165,5.812485,3.262616,3.262616,1.000000,0.766132,-1,-1,-1,-1,-1,0.070530
17550,403,0,18072,44.843672,0.000000,30.000000,-1,47.519090,47.519090,-1,24,0,1700,22,0,691,2088,0,326,5.745472,3.072677,3.072677,1.000000,0.734367,-1,-1,-1,-1,-1,0.068520
17560,396,0,17505,44.204545,0.000000,30.000000,-1,47.483519,47.483519,-1,28,0,1625,16,0,679,1833,0,345,5.690114,3.129932,3.129932,1.000000,0.730434,-1,-1,-1,-1,-1,0.070806
17570,388,0,17843,45.987113,0.000000,30.000000,-1,47.472846,47.472846,-1,17,0,1659,19,0,706,1723,0,203,5.783784,3.124537,3.124537,1.000000,0.742724,-1,-1,-1,-1,-1,0.067944
17580,389,0,17911,46.043702,0.000000,30.000000,-1,47.508738,47.508738,-1,17,0,1569,12,0,680,1778,0,213,5.841473,3.224998,3.224998,1.000000,0.747431,-1,-1,-1,-1,-1,0.070042
17590,415,0,18941,45.640964,0.000000,30.000000,-1,47.519244,47.519244,-1,14,0,1720,14,0,749,2132,0,184,5.463214,3.005403,3.005403,1.000000,0.765650,-1,-1,-1,-1,-1,0.065849
17600,415,0,19337,46.595181,0.000000,30.000000,-1,47.530072,47.530072,-1,11,0,1579,23,0,771,2085,0,153,5.477053,2.987434,2.987434,1.000000,0.757862,-1,-1,-1,-1,-1,0.064115
17610,403,0,18595,46.141439,0.000000,30.000000,-1,47.540898,47.540898,-1,14,0,1656,19,0,762,1692,0,188,5.285805,2.891595,2.891595,1.000000,0.758211,-1,-1,-1,-1,-1,0.062668
17620,402,0,18072,44.955224,0.000000,30.000000,-1,47.558322,47.558322,-1,21,0,1778,17,0,729,1833,0,257,5.651591,3.014602,3.014602,1.000000,0.741230,-1,-1,-1,-1,-1,0.067058
17630,407,0,18469,45.378378,0.000000,30.000000,-1,47.558287,47.558287,-1,20,0,1771,21,0,670,2144,0,258,5.715597,3.058944,3.058944,1.000000,0.749231,-1,-1,-1,-1,-1,0.067410
17640,403,0,18632,46.233251,0.000000,30.000000,-1,47.555281,47.555281,-1,11,0,1837,21,0,745,2109,0,139,5.486674,2.831535,2.831535,1.000000,0.754033,-1,-1,-1,-1,-1,0.061245
17650,397,0,18497,46.591940,0.000000,30.000000,-1,47.563497,47.563497,-1,16,0,1555,19,0,664,2204,0,217,5.483412,3.042796,3.042796,1.000000,0.753162,-1,-1,-1,-1,-1,0.065307
17660,393,0,17963,45.707379,0.000000,30.000000,-1,47.603630,47.603630,-1,20,0,1612,14,0,683,1510,0,262,5.901537,3.223145,3.223145,1.000000,0.748406,-1,-1,-1,-1,-1,0.070517
17670,403,0,18333,45.491315,0.000000,30.000000,-1,47.605084,47.605084,-1,17,0,1774,23,0,708,2022,0,203,5.694863,3.006681,3.006681,1.000000,0.747541,-1,-1,-1,-1,-1,0.066094
17680,412,0,18910,45.898058,0.000000,30.000000,-1,47.618667,47.618667,-1,18,0,1743,18,0,700,2080,0,225,5.254044,2.923372,2.923372,1.000000,0.754426,-1,-1,-1,-1,-1,0.063693
17690,426,0,19391,45.518779,0.000000,30.000000,-1,47.698829,47.698829,-1,23,0,1653,18,0,778,2029,0,288,5.219986,2.840935,2.840935,1.000000,0.737055,-1,-1,-1,-1,-1,0.062412
17700,401,0,18690,46.608479,0.000000,30.000000,-1,47.777956,47.777956,-1,14,0,1484,20,0,718,1717,0,175,5.659081,3.100271,3.100271,1.000000,0.754877,-1,-1,-1,-1,-1,0.066517
17710,391,0,17526,44.823529,0.000000,30.000000,-1,47.820781,47.820781,-1,20,0,1496,20,0,705,1899,0,263,5.775122,3.069720,3.069720,1.000000,0.746174,-1,-1,-1,-1,-1,0.068485
17720,407,0,18195,44.705160,0.000000,30.000000,-1,47.803078,47.803078,-1,24,0,1320,18,0,615,2038,0,317,5.560322,3.074872,3.074872,1.000000,0.740069,-1,-1,-1,-1,-1,0.068781
17730,402,0,18425,45.833333,0.000000,30.000000,-1,47.807924,47.807924,-1,17,0,1535,10,0,683,1688,0,239,5.849898,3.239239,3.239239,1.000000,0.752534,-1,-1,-1,-1,-1,0.070674
17740,399,0,18570,46.541353,0.000000,30.000000,-1,47.821055,47.821055,-1,18,0,1522,19,0,716,1919,0,220,5.560931,3.059787,3.059787,1.000000,0.745035,-1,-1,-1,-1,-1,0.065743
17750,389,0,18097,46.521851,0.000000,30.000000,-1,47.795712,47.795712,-1,11,0,1620,25,0,740,2051,0,133,5.941240,3.258417,3.258417,1.000000,0.762944,-1,-1,-1,-1,-1,0.070041
17760,414,0,18791,45.388889,0.000000,30.000000,-1,47.790059,47.790059,-1,21,0,1665,18,0,694,1890,0,276,5.460122,3.015493,3.015493,1.000000,0.752015,-1,-1,-1,-1,-1,0.066437
17770,400,0,18656,46.640000,0.000000,30.000000,-1,47.813679,47.813679,-1,16,0,1445,18,0,735,2162,0,214,5.744113,3.148387,3.148387,1.000000,0.753301,-1,-1,-1,-1,-1,0.067504
17780,428,0,18872,44.093458,0.000000,30.000000,-1,47.813586,47.813586,-1,28,0,1845,25,0,750,1931,0,342,5.454566,2.897793,2.897793,1.000000,0.730574,-1,-1,-1,-1,-1,0.065719
17790,420,0,19171,45.645238,0.000000,30.000000,-1,47.865317,47.865317,-1,15,0,1729,29,0,766,2095,0,196,5.350693,2.786722,2.786722,1.000000,0.750717,-1,-1,-1,-1,-1,0.061052
17800,415,0,18788,45.272289,0.000000,30.000000,-1,47.830051,47.830051,-1,26,0,1463,27,0,720,2051,0,342,5.356293,3.013644,3.013644,1.000000,0.738968,-1,-1,-1,-1,-1,0.066567
17810,415,0,18930,45.614458,0.000000,30.000000,-1,47.831009,47.831009,-1,19,0,1561,19,0,786,1723,0,229,5.405147,2.919581,2.919581,1.000000,0.749943,-1,-1,-1,-1,-1,0.064006
17820,409,0,18069,44.178484,0.000000,30.000000,-1,47.886325,47.886325,-1,24,0,1586,24,0,682,1768,0,288,5.468811,2.962322,2.962322,1.000000,0.743921,-1,-1,-1,-1,-1,0.067053
17830,392,0,18338,46.780612,0.000000,30.000000,-1,47.898517,47.898517,-1,14,0,1297,15,0,653,1804,0,182,5.437207,3.096807,3.096807,1.000000,0.760604,-1,-1,-1,-1,-1,0.066199
17840,402,0,18554,46.154229,0.000000,30.000000,-1,47.906220,47.906220,-1,16,0,1373,17,0,691,2002,0,206,5.530040,3.067804,3.067804,1.000000,0.760071,-1,-1,-1,-1,-1,0.066469
17850,401,0,18095,45.124688,0.000000,30.000000,-1,47.871622,47.871622,-1,24,0,1552,27,0,694,1599,0,320,5.580830,3.085006,3.085006,1.000000,0.738010,-1,-1,-1,-1,-1,0.068366
17860,389,0,17890,45.989717,0.000000,30.000000,-1,47.915204,47.915204,-1,19,0,1511,21,0,690,1776,0,224,5.660592,3.145749,3.145749,1.000000,0.753670,-1,-1,-1,-1,-1,0.068401
17870,412,0,18849,45.750000,0.000000,30.000000,-1,47.918457,47.918457,-1,20,0,1601,13,0,732,2096,0,247,5.452439,3.027546,3.027546,1.000000,0.744727,-1,-1,-1,-1,-1,0.066176
17880,400,0,18321,45.802500,0.000000,30.000000,-1,47.914633,47.914633,-1,21,0,1463,13,0,693,1482,0,254,5.844455,3.329712,3.329712,1.000000,0.750742,-1,-1,-1,-1,-1,0.072697
17890,421,0,18939,44.985748,0.000000,30.000000,-1,47.860552,47.860552,-1,22,0,1936,25,0,753,1951,0,299,5.628029,2.926207,2.926207,1.000000,0.745441,-1,-1,-1,-1,-1,0.065047
17900,417,0,18871,45.254197,0.000000,30.000000,-1,47.906099,47.906099,-1,18,0,1774,20,0,762,2070,0,243,5.179539,2.736357,2.736357,1.000000,0.749705,-1,-1,-1,-1,-1,0.060466
17910,399,0,18445,46.228070,0.000000,30.000000,-1,47.921442,47.921442,-1,16,0,1577,16,0,702,1927,0,197,5.640043,3.115536,3.115536,1.000000,0.755344,-1,-1,-1,-1,-1,0.067395
17920,411,0,18553,45.141119,0.000000,30.000000,-1,47.912197,47.912197,-1,25,0,1589,10,0,704,2249,0,326,5.641936,3.155133,3.155133,1.000000,0.743085,-1,-1,-1,-1,-1,0.069895
17930,404,0,18240,45.148515,0.000000,30.000000,-1,47.885691,47.885691,-1,14,0,1579,23,0,708,2178,0,154,5.406941,2.880659,2.880659,1.000000,0.752102,-1,-1,-1,-1,-1,0.063804
17940,407,0,18408,45.228501,0.000000,30.000000,-1,47.960887,47.960887,-1,27,0,1566,15,0,742,1861,0,330,5.454817,3.032957,3.032957,1.000000,0.731846,-1,-1,-1,-1,-1,0.067059
17950,413,0,19192,46.469734,0.000000,30.000000,-1,47.994998,47.994998,-1,12,0,1833,18,0,732,1879,0,172,5.655152,3.076256,3.076256,1.000000,0.758797,-1,-1,-1,-1,-1,0.066199
17960,396,0,18202,45.964646,0.000000,30.000000,-1,48.014888,48.014888,-1,18,0,1667,24,0,682,1610,0,227,5.559877,3.005899,3.005899,1.000000,0.748140,-1,-1,-1,-1,-1,0.065396
17970,404,0,18525,45.853960,0.000000,30.000000,-1,48.014143,48.014143,-1,18,0,1526,15,0,707,2451,0,225,5.601629,3.131574,3.131574,1.000000,0.758702,-1,-1,-1,-1,-1,0.068295
17980,405,0,18498,45.674074,0.000000,30.000000,-1,48.055574,48.055574,-1,23,0,1560,17,0,728,2192,0,285,5.632274,3.194886,3.194886,1.000000,0.746204,-1,-1,-1,-1,-1,0.069950
17990,395,0,18208,46.096203,0.000000,30.000000,-1,48.079086,48.079086,-1,8,0,1914,19,0,725,1957,0,91,6.061248,3.115967,3.115967,1.000000,0.770813,-1,-1,-1,-1,-1,0.067597
18000,410,0,18373,44.812195,0.000000,30.000000,-1,48.086105,48.086105,-1,23,0,1605,19,0,709,2013,0,277,5.608157,3.018672,3.018672,1.000000,0.737862,-1,-1,-1,-1,-1,0.067363
18010,427,0,19218,45.007026,0.000000,30.000000,-1,48.106515,48.106515,-1,26,0,1713,17,0,752,1829,0,335,5.443876,2.977670,2.977670,1.000000,0.738472,-1,-1,-1,-1,-1,0.066160
18020,418,0,18696,44.727273,0.000000,30.000000,-1,48.111521,48.111521,-1,27,0,1667,13,0,705,1787,0,352,5.379173,3.004570,3.004570,1.000000,0.735969,-1,-1,-1,-1,-1,0.067175
18030,381,0,17464,45.837270,0.000000,30.000000,-1,48.159013,48.159013,-1,14,0,1867,23,0,701,1483,0,156,6.051134,3.144842,3.144842,1.000000,0.754023,-1,-1,-1,-1,-1,0.068609
18040,394,0,18287,46.413706,0.000000,30.000000,-1,48.221250,48.221250,-1,17,0,1447,16,0,652,2053,0,210,5.662731,3.144859,3.144859,1.000000,0.753449,-1,-1,-1,-1,-1,0.067757
18050,427,0,19242,45.063232,0.000000,30.000000,-1,48.247012,48.247012,-1,19,0,1464,13,0,773,1994,0,236,5.327250,2.973965,2.973965,1.000000,0.761238,-1,-1,-1,-1,-1,0.065995
18060,396,0,18415,46.502525,0.000000,30.000000,-1,48.288080,48.288080,-1,13,0,1662,13,0,770,2041,0,160,5.831190,3.165443,3.165443,1.000000,0.757895,-1,-1,-1,-1,-1,0.068070
18070,393,0,17597,44.776081,0.000000,30.000000,-1,48.225379,48.225379,-1,21,0,1712,22,0,634,1597,0,257,5.691008,3.006799,3.006799,1.000000,0.744683,-1,-1,-1,-1,-1,0.067152
18080,402,0,18279,45.470149,0.000000,30.000000,-1,48.253406,48.253406,-1,20,0,1872,17,0,689,1764,0,265,5.584707,2.989209,2.989209,1.000000,0.745149,-1,-1,-1,-1,-1,0.065740
18090,390,0,17706,45.400000,0.000000,30.000000,-1,48.283633,48.283633,-1,18,0,1762,22,0,678,1576,0,235,5.783001,3.119563,3.119563,1.000000,0.751110,-1,-1,-1,-1,-1,0.068713
18100,407,0,18409,45.230958,0.000000,30.000000,-1,48.288500,48.288500,-1,22,0,1893,21,0,684,1835,0,282,5.523912,2.975328,2.975328,1.000000,0.743467,-1,-1,-1,-1,-1,0.065781
18110,375,0,17176,45.802667,0.000000,30.000000,-1,48.274045,48.274045,-1,14,0,1468,23,0,661,2052,0,166,5.551218,3.024782,3.024782,1.000000,0.754433,-1,-1,-1,-1,-1,0.066039
18120,388,0,18069,46.569588,0.000000,30.000000,-1,48.239969,48.239969,-1,15,0,1542,17,0,697,1993,0,180,5.684817,3.186317,3.186317,1.000000,0.765668,-1,-1,-1,-1,-1,0.068421
18130,393,0,17931,45.625954,0.000000,30.000000,-1,48.194635,48.194635,-1,15,0,1712,12,0,737,1759,0,193,5.834202,3.067894,3.067894,1.000000,0.757426,-1,-1,-1,-1,-1,0.067240
18140,396,0,18393,46.446970,0.000000,30.000000,-1,48.204697,48.204697,-1,14,0,1594,24,0,723,1938,0,164,5.636785,3.122414,3.122414,1.000000,0.764529,-1,-1,-1,-1,-1,0.067225
18150,389,0,17644,45.357326,0.000000,30.000000,-1,48.249433,48.249433,-1,22,0,1566,20,0,706,1884,0,260,5.617490,3.168040,3.168040,1.000000,0.747441,-1,-1,-1,-1,-1,0.069846
18160,397,0,17923,45.146096,0.000000,30.000000,-1,48.244379,48.244379,-1,22,0,1733,22,0,700,2256,0,240,5.775927,3.070540,3.070540,1.000000,0.745133,-1,-1,-1,-1,-1,0.068013
18170,392,0,17555,44.783163,0.000000,30.000000,-1,48.253660,48.253660,-1,24,0,1508,19,0,636,1617,0,312,5.662977,3.089574,3.089574,1.000000,0.739368,-1,-1,-1,-1,-1,0.068990
18180,395,0,17499,44.301266,0.000000,30.000000,-1,48.244528,48.244528,-1,24,0,1716,16,0,665,2229,0,266,5.803457,3.122281,3.122281,1.000000,0.747946,-1,-1,-1,-1,-1,0.070478
18190,393,0,17965,45.712468,0.000000,30.000000,-1,48.290676,48.290676,-1,19,0,1693,23,0,704,1933,0,246,5.499058,3.024024,3.024024,1.000000,0.748198,-1,-1,-1,-1,-1,0.066153
18200,396,0,17930,45.277778,0.000000,30.000000,-1,48.316062,48.316062,-1,23,0,1557,28,0,679,1859,0,283,5.667543,3.194410,3.194410,1.000000,0.747038,-1,-1,-1,-1,-1,0.070551
18210,423,0,19128,45.219858,0.000000,30.000000,-1,48.269291,48.269291,-1,18,0,1808,12,0,771,2263,0,228,5.476589,2.981348,2.981348,1.000000,0.756393,-1,-1,-1,-1,-1,0.065930
18220,409,0,18856,46.102689,0.000000,30.000000,-1,48.265433,48.265433,-1,13,0,1600,21,0,723,1687,0,166,5.580269,3.037964,3.037964,1.000000,0.762731,-1,-1,-1,-1,-1,0.065896
18230,411,0,18717,45.540146,0.000000,30.000000,-1,48.206176,48.206176,-1,19,0,1702,20,0,748,1949,0,242,5.377024,2.922014,2.922014,1.000000,0.752280,-1,-1,-1,-1,-1,0.064163
18240,405,0,18583,45.883951,0.000000,30.000000,-1,48.250121,48.250121,-1,17,0,1681,16,0,651,2007,0,207,5.696793,3.098268,3.098268,1.000000,0.757253,-1,-1,-1,-1,-1,0.067524
18250,409,0,18763,45.875306,0.000000,30.000000,-1,48.332889,48.332889,-1,18,0,1728,16,0,723,1809,0,216,5.439014,3.010515,3.010515,1.000000,0.756052,-1,-1,-1,-1,-1,0.065624
18260,399,0,17908,44.882206,0.000000,30.000000,-1,48.343980,48.343980,-1,24,0,1703,14,0,725,1976,0,272,5.597129,3.003540,3.003540,1.000000,0.739625,-1,-1,-1,-1,-1,0.066921
18270,420,0,19193,45.697619,0.000000,30.000000,-1,48.367113,48.367113,-1,15,0,1741,22,0,737,1862,0,188,5.332273,2.832693,2.832693,1.000000,0.760929,-1,-1,-1,-1,-1,0.061988
18280,403,0,18053,44.796526,0.000000,30.000000,-1,48.373401,48.373401,-1,30,0,1373,19,0,693,1981,0,390,5.761532,3.352494,3.352494,1.000000,0.740800,-1,-1,-1,-1,-1,0.074838
18290,405,0,18175,44.876543,0.000000,30.000000,-1,48.412765,48.412765,-1,20,0,1773,20,0,666,2102,0,275,5.496068,2.921216,2.921216,1.000000,0.751797,-1,-1,-1,-1,-1,0.065094
18300,408,0,18351,44.977941,0.000000,30.000000,-1,48.399161,48.399161,-1,25,0,1704,24,0,679,2221,0,312,5.472537,2.971558,2.971558,1.000000,0.742354,-1,-1,-1,-1,-1,0.066067
18310,401,0,18239,45.483791,0.000000,30.000000,-1,48.414442,48.414442,-1,22,0,1679,20,0,699,1717,0,272,5.710264,3.128948,3.128948,1.000000,0.750443,-1,-1,-1,-1,-1,0.068793
18320,399,0,17918,44.907268,0.000000,30.000000,-1,48.423875,48.423875,-1,20,0,1580,15,0,703,2077,0,236,5.613792,3.056097,3.056097,1.000000,0.754793,-1,-1,-1,-1,-1,0.068054
18330,410,0,18732,45.687805,0.000000,30.000000,-1,48.497598,48.497598,-1,23,0,1675,12,0,690,2145,0,286,5.692174,3.192030,3.192030,1.000000,0.747257,-1,-1,-1,-1,-1,0.069866
18340,425,0,19148,45.054118,0.000000,30.000000,-1,48.529403,48.529403,-1,21,0,1759,14,0,706,1962,0,240,5.399790,2.913768,2.913768,1.000000,0.756724,-1,-1,-1,-1,-1,0.064673
18350,432,0,19683,45.562500,0.000000,30.000000,-1,48.532439,48.532439,-1,22,0,1810,11,0,721,2396,0,292,5.212928,2.863736,2.863736,1.000000,0.751832,-1,-1,-1,-1,-1,0.062853
18360,414,0,19127,46.200483,0.000000,30.000000,-1,48.462854,48.462854,-1,17,0,1768,18,0,746,2024,0,201,5.591279,3.048817,3.048817,1.000000,0.751604,-1,-1,-1,-1,-1,0.065991
18370,394,0,17750,45.050761,0.000000,30.000000,-1,48.462761,48.462761,-1,22,0,1400,24,0,658,1918,0,240,5.472427,3.059359,3.059359,1.000000,0.747930,-1,-1,-1,-1,-1,0.067909
18380,395,0,17918,45.362025,0.000000,30.000000,-1,48.511943,48.511943,-1,20,0,1564,22,0,704,2013,0,234,5.942019,3.338993,3.338993,1.000000,0.751468,-1,-1,-1,-1,-1,0.073608
18390,414,0,18991,45.871981,0.000000,30.000000,-1,48.518456,48.518456,-1,14,0,1609,21,0,732,1908,0,167,5.518274,3.020488,3.020488,1.000000,0.763605,-1,-1,-1,-1,-1,0.065846
18400,415,0,18681,45.014458,0.000000,30.000000,-1,48.549917,48.549917,-1,20,0,1811,21,0,752,2179,0,242,5.477496,2.830594,2.830594,1.000000,0.745231,-1,-1,-1,-1,-1,0.062882
18410,402,0,18680,46.467662,0.000000,30.000000,-1,48.595128,48.595128,-1,10,0,1781,23,0,720,1781,0,109,5.684618,3.038256,3.038256,1.000000,0.766846,-1,-1,-1,-1,-1,0.065384
18420,394,0,18072,45.868020,0.000000,30.000000,-1,48.667829,48.667829,-1,16,0,1609,23,0,692,2059,0,213,5.572879,3.053904,3.053904,1.000000,0.759118,-1,-1,-1,-1,-1,0.066580
18430,399,0,18487,46.333333,0.000000,30.000000,-1,48.668416,48.668416,-1,18,0,1568,17,0,666,1753,0,251,5.537145,3.127672,3.127672,1.000000,0.754635,-1,-1,-1,-1,-1,0.067504
18440,415,0,18965,45.698795,0.000000,30.000000,-1,48.676562,48.676562,-1,22,0,1895,19,0,769,1856,0,260,5.433356,2.983282,2.983282,1.000000,0.751291,-1,-1,-1,-1,-1,0.065281
18450,417,0,18543,44.467626,0.000000,30.000000,-1,48.687861,48.687861,-1,29,0,1400,23,0,775,2227,0,330,5.345191,2.983118,2.983118,1.000000,0.740098,-1,-1,-1,-1,-1,0.067085
18460,412,0,19114,46.393204,0.000000,30.000000,-1,48.705295,48.705295,-1,16,0,1602,21,0,673,1929,0,187,5.671986,3.144935,3.144935,1.000000,0.761184,-1,-1,-1,-1,-1,0.067789
18470,414,0,19124,46.193237,0.000000,30.000000,-1,48.702364,48.702364,-1,17,0,1535,16,0,732,1889,0,232,5.710298,3.157656,3.157656,1.000000,0.754009,-1,-1,-1,-1,-1,0.068358
18480,405,0,18797,46.412346,0.000000,30.000000,-1,48.749215,48.749215,-1,10,0,1619,27,0,746,1957,0,122,5.667320,3.134973,3.134973,1.000000,0.774499,-1,-1,-1,-1,-1,0.067546
18490,402,0,18386,45.736318,0.000000,30.000000,-1,48.808169,48.808169,-1,17,0,1591,22,0,678,1749,0,204,5.783480,3.096051,3.096051,1.000000,0.755922,-1,-1,-1,-1,-1,0.067693
18500,440,0,19834,45.077273,0.000000,30.000000,-1,48.806091,48.806091,-1,21,0,1776,21,0,756,2281,0,280,5.157201,2.819802,2.819802,1.000000,0.750626,-1,-1,-1,-1,-1,0.062555
18510,399,0,18098,45.358396,0.000000,30.000000,-1,48.828434,48.828434,-1,21,0,1794,21,0,741,1292,0,276,5.785977,3.109356,3.109356,1.000000,0.741058,-1,-1,-1,-1,-1,0.068551
18520,393,0,17871,45.473282,0.000000,30.000000,-1,48.842762,48.842762,-1,21,0,1658,21,0,692,1938,0,272,5.731720,3.159713,3.159713,1.000000,0.744892,-1,-1,-1,-1,-1,0.069485
18530,383,0,17706,46.229765,0.000000,30.000000,-1,48.818480,48.818480,-1,14,0,1439,24,0,656,2003,0,172,5.818501,3.277483,3.277483,1.000000,0.768760,-1,-1,-1,-1,-1,0.070896
18540,408,0,18899,46.321078,0.000000,30.000000,-1,48.823218,48.823218,-1,13,0,1693,15,0,710,2205,0,170,5.507092,3.019986,3.019986,1.000000,0.761012,-1,-1,-1,-1,-1,0.065197
18550,414,0,18951,45.775362,0.000000,30.000000,-1,48.898528,48.898528,-1,16,0,1785,17,0,725,2198,0,203,5.607654,3.017605,3.017605,1.000000,0.755886,-1,-1,-1,-1,-1,0.065922
18560,414,0,18849,45.528986,0.000000,30.000000,-1,48.940050,48.940050,-1,18,0,1797,20,0,719,2029,0,242,5.501010,3.017183,3.017183,1.000000,0.758370,-1,-1,-1,-1,-1,0.066269
18570,414,0,18865,45.567633,0.000000,30.000000,-1,48.964431,48.964431,-1,15,0,1891,18,0,719,2048,0,193,5.713471,3.135965,3.135965,1.000000,0.760665,-1,-1,-1,-1,-1,0.068820
18580,401,0,18315,45.673317,0.000000,30.000000,-1,49.019383,49.019383,-1,19,0,1752,27,0,735,1756,0,234,5.678089,3.066122,3.066122,1.000000,0.754016,-1,-1,-1,-1,-1,0.067132
18590,411,0,18590,45.231144,0.000000,30.000000,-1,49.046100,49.046100,-1,20,0,1522,21,0,674,2148,0,244,5.599674,3.191080,3.191080,1.000000,0.762272,-1,-1,-1,-1,-1,0.070551
18600,425,0,19404,45.656471,0.000000,30.000000,-1,49.034323,49.034323,-1,21,0,1722,19,0,716,2166,0,260,5.291798,2.876774,2.876774,1.000000,0.745597,-1,-1,-1,-1,-1,0.063009
18610,408,0,18488,45.313725,0.000000,30.000000,-1,49.094764,49.094764,-1,20,0,1637,16,0,690,1713,0,256,5.320439,2.897115,2.897115,1.000000,0.751897,-1,-1,-1,-1,-1,0.063935
18620,380,0,17110,45.026316,0.000000,30.000000,-1,49.092694,49.092694,-1,20,0,1574,23,0,683,1521,0,267,5.613525,3.166049,3.166049,1.000000,0.753594,-1,-1,-1,-1,-1,0.070316
18630,392,0,17897,45.655612,0.000000,30.000000,-1,49.152819,49.152819,-1,18,0,1681,19,0,639,1948,0,214,5.579987,3.162664,3.162664,1.000000,0.758158,-1,-1,-1,-1,-1,0.069272
18640,387,0,17633,45.563307,0.000000,30.000000,-1,49.183009,49.183009,-1,20,0,1698,18,0,675,2032,0,258,5.649650,3.118653,3.118653,1.000000,0.753578,-1,-1,-1,-1,-1,0.068447
18650,406,0,18287,45.041872,0.000000,30.000000,-1,49.181987,49.181987,-1,22,0,1600,24,0,723,1770,0,277,5.487219,3.025214,3.025214,1.000000,0.751269,-1,-1,-1,-1,-1,0.067164
18660,406,0,18412,45.349754,0.000000,30.000000,-1,49.187758,49.187758,-1,22,0,1624,23,0,669,2240,0,278,5.368032,3.042712,3.042712,1.000000,0.746153,-1,-1,-1,-1,-1,0.067094
18670,405,0,18635,46.012346,0.000000,30.000000,-1,49.157929,49.157929,-1,17,0,1722,22,0,648,2045,0,234,5.341895,2.919540,2.919540,1.000000,0.760941,-1,-1,-1,-1,-1,0.063451
18680,416,0,19032,45.750000,0.000000,30.000000,-1,49.163724,49.163724,-1,15,0,1696,17,0,744,2400,0,189,5.517234,3.016649,3.016649,1.000000,0.766737,-1,-1,-1,-1,-1,0.065938
18690,407,0,18557,45.594595,0.000000,30.000000,-1,49.178100,49.178100,-1,20,0,1448,22,0,716,1952,0,282,5.568430,3.136145,3.136145,1.000000,0.760101,-1,-1,-1,-1,-1,0.068783
18700,410,0,18512,45.151220,0.000000,30.000000,-1,49.177452,49.177452,-1,20,0,1620,21,0,728,1881,0,266,5.237221,2.951977,2.951977,1.000000,0.761704,-1,-1,-1,-1,-1,0.065380
18710,397,0,18203,45.851385,0.000000,30.000000,-1,49.190353,49.190353,-1,17,0,1540,21,0,662,2309,0,223,5.532165,3.019412,3.019412,1.000000,0.754685,-1,-1,-1,-1,-1,0.065852
18720,413,0,18994,45.990315,0.000000,30.000000,-1,49.206065,49.206065,-1,18,0,1529,27,0,732,1742,0,211,5.528811,3.060604,3.060604,1.000000,0.761201,-1,-1,-1,-1,-1,0.066549
18730,419,0,18954,45.236277,0.000000,30.000000,-1,49.216471,49.216471,-1,21,0,1684,15,0,751,2052,0,265,5.513688,3.033704,3.033704,1.000000,0.750540,-1,-1,-1,-1,-1,0.067064
18740,426,0,18950,44.483568,0.000000,30.000000,-1,49.236992,49.236992,-1,26,0,1681,17,0,716,1986,0,347,5.643226,3.068824,3.068824,1.000000,0.743552,-1,-1,-1,-1,-1,0.068988
18750,426,0,19244,45.173709,0.000000,30.000000,-1,49.271461,49.271461,-1,24,0,1827,20,0,757,1971,0,284,5.379863,2.914459,2.914459,1.000000,0.750592,-1,-1,-1,-1,-1,0.064517
18760,415,0,18972,45.715663,0.000000,30.000000,-1,49.258697,49.258697,-1,17,0,1772,26,0,776,2120,0,231,5.346100,2.832902,2.832902,1.000000,0.750569,-1,-1,-1,-1,-1,0.061968
18770,404,0,18314,45.331683,0.000000,30.000000,-1,49.266790,49.266790,-1,23,0,1541,14,0,724,1943,0,314,5.596987,3.117535,3.117535,1.000000,0.752985,-1,-1,-1,-1,-1,0.068772
18780,413,0,19070,46.174334,0.000000,30.000000,-1,49.254903,49.254903,-1,18,0,1628,22,0,734,2048,0,238,5.444825,3.122665,3.122665,1.000000,0.765797,-1,-1,-1,-1,-1,0.067628
18790,398,0,17550,44.095477,0.000000,30.000000,-1,49.256524,49.256524,-1,24,0,1865,18,0,746,1638,0,308,5.884938,3.062418,3.062418,1.000000,0.745967,-1,-1,-1,-1,-1,0.069450
18800,398,0,17972,45.155779,0.000000,30.000000,-1,49.218006,49.218006,-1,23,0,1644,13,0,707,1463,0,306,5.669362,3.175816,3.175816,1.000000,0.747216,-1,-1,-1,-1,-1,0.070330
18810,386,0,17974,46.564767,0.000000,30.000000,-1,49.224491,49.224491,-1,16,0,1384,20,0,704,1894,0,188,5.593854,3.257614,3.257614,1.000000,0.767297,-1,-1,-1,-1,-1,0.069959
18820,414,0,19341,46.717391,0.000000,30.000000,-1,49.203971,49.203971,-1,12,0,1589,21,0,709,2198,0,161,5.541516,3.143094,3.143094,1.000000,0.781644,-1,-1,-1,-1,-1,0.067279
18830,399,0,17955,45.000000,0.000000,30.000000,-1,49.204400,49.204400,-1,24,0,1400,27,0,694,2013,0,282,5.513107,3.023234,3.023234,1.000000,0.739277,-1,-1,-1,-1,-1,0.067183
18840,391,0,18111,46.319693,0.000000,30.000000,-1,49.167136,49.167136,-1,19,0,1417,25,0,684,1773,0,233,5.688841,3.277911,3.277911,1.000000,0.763622,-1,-1,-1,-1,-1,0.070767
18850,392,0,17676,45.091837,0.000000,30.000000,-1,49.193087,49.193087,-1,24,0,1444,14,0,696,1838,0,304,5.675304,3.230308,3.230308,1.000000,0.748723,-1,-1,-1,-1,-1,0.071638
18860,411,0,18923,46.041363,0.000000,30.000000,-1,49.206574,49.206574,-1,16,0,1660,14,0,679,2119,0,214,5.423262,3.068802,3.068802,1.000000,0.775831,-1,-1,-1,-1,-1,0.066653
18870,419,0,19233,45.902148,0.000000,30.000000,-1,49.165549,49.165549,-1,23,0,1727,16,0,743,2295,0,293,5.432102,3.005448,3.005448,1.000000,0.746895,-1,-1,-1,-1,-1,0.065475
18880,419,0,19091,45.563246,0.000000,30.000000,-1,49.147975,49.147975,-1,22,0,1659,20,0,759,2028,0,278,5.321884,2.988379,2.988379,1.000000,0.760563,-1,-1,-1,-1,-1,0.065587
18890,417,0,19075,45.743405,0.000000,30.000000,-1,49.139921,49.139921,-1,18,0,1700,18,0,761,2162,0,231,5.616531,3.087534,3.087534,1.000000,0.754262,-1,-1,-1,-1,-1,0.067497
18900,403,0,18511,45.933002,0.000000,30.000000,-1,49.132948,49.132948,-1,14,0,1686,24,0,704,1919,0,148,5.324751,2.890776,2.890776,1.000000,0.765933,-1,-1,-1,-1,-1,0.062935
18910,401,0,18410,45.910224,0.000000,30.000000,-1,49.075774,49.075774,-1,18,0,1678,27,0,686,1724,0,227,5.410277,2.996385,2.996385,1.000000,0.759035,-1,-1,-1,-1,-1,0.065266
18920,380,0,17396,45.778947,0.000000,30.000000,-1,49.090940,49.090940,-1,16,0,1683,28,0,706,1815,0,200,5.812686,3.232928,3.232928,1.000000,0.768978,-1,-1,-1,-1,-1,0.070620
18930,392,0,17443,44.497449,0.000000,30.000000,-1,49.108869,49.108869,-1,20,0,1863,18,0,651,1527,0,238,5.735615,3.017057,3.017057,1.000000,0.747238,-1,-1,-1,-1,-1,0.067803
18940,394,0,18204,46.203046,0.000000,30.000000,-1,49.100637,49.100637,-1,16,0,1372,14,0,666,1703,0,214,5.852217,3.294991,3.294991,1.000000,0.762726,-1,-1,-1,-1,-1,0.071315
18950,397,0,18235,45.931990,0.000000,30.000000,-1,49.105511,49.105511,-1,17,0,1771,20,0,718,2028,0,202,5.476895,2.999136,2.999136,1.000000,0.753024,-1,-1,-1,-1,-1,0.065295
18960,398,0,18040,45.326633,0.000000,30.000000,-1,49.117184,49.117184,-1,22,0,1543,18,0,711,1772,0,314,5.512781,3.030052,3.030052,1.000000,0.748687,-1,-1,-1,-1,-1,0.066849
18970,385,0,17545,45.571429,0.000000,30.000000,-1,49.147335,49.147335,-1,22,0,1571,24,0,661,1590,0,268,5.738916,3.240139,3.240139,1.000000,0.751405,-1,-1,-1,-1,-1,0.071100
18980,416,0,18708,44.971154,0.000000,30.000000,-1,49.185268,49.185268,-1,25,0,1755,15,0,714,2072,0,359,5.616905,3.129546,3.129546,1.000000,0.748815,-1,-1,-1,-1,-1,0.069590
18990,420,0,18867,44.921429,0.000000,30.000000,-1,49.192505,49.192505,-1,23,0,1818,15,0,741,1833,0,301,5.490346,2.979495,2.979495,1.000000,0.749825,-1,-1,-1,-1,-1,0.066327
19000,413,0,18635,45.121065,0.000000,30.000000,-1,49.210518,49.210518,-1,19,0,1791,24,0,675,1868,0,225,5.482409,2.924832,2.924832,1.000000,0.749120,-1,-1,-1,-1,-1,0.064822
19010,447,0,20125,45.022371,0.000000,30.000000,-1,49.204820,49.204820,-1,30,0,1881,17,0,747,2513,0,367,5.270440,2.857929,2.857929,1.000000,0.741126,-1,-1,-1,-1,-1,0.063478
19020,418,0,18972,45.387560,0.000000,30.000000,-1,49.189859,49.189859,-1,24,0,1743,18,0,726,1875,0,307,5.630791,3.033882,3.033882,1.000000,0.738811,-1,-1,-1,-1,-1,0.066844
19030,411,0,19108,46.491484,0.000000,30.000000,-1,49.180186,49.180186,-1,17,0,1471,23,0,713,2217,0,223,5.456651,3.157531,3.157531,1.000000,0.764476,-1,-1,-1,-1,-1,0.067916
19040,423,0,19262,45.536643,0.000000,30.000000,-1,49.181757,49.181757,-1,20,0,1487,23,0,715,1889,0,250,5.492720,3.214136,3.214136,1.000000,0.765656,-1,-1,-1,-1,-1,0.070584
19050,412,0,18875,45.813107,0.000000,30.000000,-1,49.207311,49.207311,-1,18,0,1795,29,0,735,2013,0,227,5.164909,2.933797,2.933797,1.000000,0.775766,-1,-1,-1,-1,-1,0.064038
19060,390,0,17212,44.133333,0.000000,30.000000,-1,49.224088,49.224088,-1,29,0,1331,19,0,671,1629,0,361,5.647104,3.251675,3.251675,1.000000,0.741502,-1,-1,-1,-1,-1,0.073678
19070,383,0,17679,46.159269,0.000000,30.000000,-1,49.226823,49.226823,-1,14,0,1483,20,0,659,2041,0,188,5.884140,3.319515,3.319515,1.000000,0.773819,-1,-1,-1,-1,-1,0.071914
19080,424,0,19272,45.452830,0.000000,30.000000,-1,49.209423,49.209423,-1,18,0,1970,20,0,752,2074,0,230,5.458379,2.972775,2.972775,1.000000,0.764453,-1,-1,-1,-1,-1,0.065404
19090,417,0,18996,45.553957,0.000000,30.000000,-1,49.208676,49.208676,-1,22,0,1838,21,0,733,1925,0,274,5.518355,2.996775,2.996775,1.000000,0.752137,-1,-1,-1,-1,-1,0.065785
19100,420,0,19123,45.530952,0.000000,30.000000,-1,49.234430,49.234430,-1,22,0,1638,16,0,691,2119,0,275,5.555809,3.150540,3.150540,1.000000,0.760413,-1,-1,-1,-1,-1,0.069196
19110,435,0,19436,44.680460,0.000000,30.000000,-1,49.278092,49.278092,-1,25,0,1665,10,0,733,2010,0,333,5.516769,3.103483,3.103483,1.000000,0.760872,-1,-1,-1,-1,-1,0.069460
19120,431,0,20107,46.651972,0.000000,30.000000,-1,49.284130,49.284130,-1,12,0,1862,22,0,781,2345,0,150,5.432206,2.955983,2.955983,1.000000,0.774276,-1,-1,-1,-1,-1,0.063362
19130,418,0,18856,45.110048,0.000000,30.000000,-1,49.255462,49.255462,-1,21,0,1738,16,0,772,1847,0,254,5.437819,2.995708,2.995708,1.000000,0.766117,-1,-1,-1,-1,-1,0.066409
19140,407,0,18909,46.459459,0.000000,30.000000,-1,49.246391,49.246391,-1,13,0,1641,21,0,714,2100,0,147,5.562135,3.214746,3.214746,1.000000,0.785161,-1,-1,-1,-1,-1,0.069195
19150,410,0,18732,45.687805,0.000000,30.000000,-1,49.276479,49.276479,-1,20,0,1884,27,0,762,2126,0,267,5.338869,2.960086,2.960086,1.000000,0.759235,-1,-1,-1,-1,-1,0.064789
19160,403,0,18201,45.163772,0.000000,30.000000,-1,49.274600,49.274600,-1,25,0,1865,19,0,701,1783,0,276,5.571881,3.148195,3.148195,1.000000,0.755279,-1,-1,-1,-1,-1,0.069706
19170,416,0,18985,45.637019,0.000000,30.000000,-1,49.240927,49.240927,-1,23,0,1705,19,0,723,1845,0,282,5.400905,3.036824,3.036824,1.000000,0.751059,-1,-1,-1,-1,-1,0.066543
19180,407,0,18704,45.955774,0.000000,30.000000,-1,49.210597,49.210597,-1,16,0,1826,14,0,739,1829,0,214,5.370930,2.976327,2.976327,1.000000,0.767142,-1,-1,-1,-1,-1,0.064765
19190,405,0,18707,46.190123,0.000000,30.000000,-1,49.194954,49.194954,-1,13,0,1750,22,0,646,1872,0,172,5.677683,3.160177,3.160177,1.000000,0.780339,-1,-1,-1,-1,-1,0.068417
19200,396,0,17861,45.103535,0.000000,30.000000,-1,49.210459,49.210459,-1,21,0,1724,23,0,662,1662,0,277,5.813707,3.217077,3.217077,1.000000,0.760341,-1,-1,-1,-1,-1,0.071327
19210,405,0,18640,46.024691,0.000000,30.000000,-1,49.222425,49.222425,-1,15,0,1676,18,0,717,2011,0,189,5.588223,3.027650,3.027650,1.000000,0.768130,-1,-1,-1,-1,-1,0.065783
19220,410,0,18599,45.363415,0.000000,30.000000,-1,49.201946,49.201946,-1,23,0,1718,16,0,710,2503,0,284,5.393825,3.002168,3.002168,1.000000,0.751191,-1,-1,-1,-1,-1,0.066180
19230,421,0,19255,45.736342,0.000000,30.000000,-1,49.224098,49.224098,-1,25,0,1730,19,0,788,1872,0,324,5.367134,2.995042,2.995042,1.000000,0.743925,-1,-1,-1,-1,-1,0.065485
19240,396,0,18230,46.035354,0.000000,30.000000,-1,49.283434,49.283434,-1,14,0,1558,23,0,693,1930,0,169,5.488829,2.998364,2.998364,1.000000,0.763663,-1,-1,-1,-1,-1,0.065132
19250,417,0,18952,45.448441,0.000000,30.000000,-1,49.275644,49.275644,-1,18,0,1779,16,0,754,2599,0,223,5.618020,3.079022,3.079022,1.000000,0.758997,-1,-1,-1,-1,-1,0.067748
19260,418,0,18957,45.351675,0.000000,30.000000,-1,49.270454,49.270454,-1,18,0,1641,23,0,703,2035,0,193,5.549817,2.982309,2.982309,1.000000,0.752408,-1,-1,-1,-1,-1,0.065760
19270,419,0,18977,45.291169,0.000000,30.000000,-1,49.243453,49.243453,-1,23,0,1593,19,0,751,1860,0,267,5.434215,3.015723,3.015723,1.000000,0.751748,-1,-1,-1,-1,-1,0.066585
19280,413,0,19120,46.295400,0.000000,30.000000,-1,49.192364,49.192364,-1,16,0,1625,20,0,746,1758,0,199,5.388463,3.045758,3.045758,1.000000,0.771107,-1,-1,-1,-1,-1,0.065790
19290,389,0,17545,45.102828,0.000000,30.000000,-1,49.197549,49.197549,-1,19,0,1674,28,0,690,1817,0,253,5.683818,3.113954,3.113954,1.000000,0.765569,-1,-1,-1,-1,-1,0.069041
19300,402,0,18160,45.174129,0.000000,30.000000,-1,49.225220,49.225220,-1,27,0,1475,17,0,677,1720,0,354,5.419838,3.136428,3.136428,1.000000,0.748955,-1,-1,-1,-1,-1,0.069430
19310,403,0,18277,45.352357,0.000000,30.000000,-1,49.245773,49.245773,-1,23,0,1432,22,0,656,1720,0,283,5.529401,3.237348,3.237348,1.000000,0.756723,-1,-1,-1,-1,-1,0.071382
19320,422,0,18862,44.696682,0.000000,30.000000,-1,49.278921,49.278921,-1,26,0,1686,14,0,749,1733,0,342,5.532259,3.086394,3.086394,1.000000,0.751419,-1,-1,-1,-1,-1,0.069052
19330,414,0,18908,45.671498,0.000000,30.000000,-1,49.256188,49.256188,-1,26,0,1584,18,0,720,1904,0,334,5.450568,3.121321,3.121321,1.000000,0.746441,-1,-1,-1,-1,-1,0.068343
19340,381,0,17658,46.346457,0.000000,30.000000,-1,49.267188,49.267188,-1,13,0,1685,19,0,687,1844,0,166,5.693953,3.207996,3.207996,1.000000,0.772426,-1,-1,-1,-1,-1,0.069218
19350,399,0,18384,46.075188,0.000000,30.000000,-1,49.297324,49.297324,-1,17,0,1660,24,0,676,1934,0,207,5.741617,3.305525,3.305525,1.000000,0.774925,-1,-1,-1,-1,-1,0.071742
19360,417,0,18684,44.805755,0.000000,30.000000,-1,49.347624,49.347624,-1,26,0,1665,20,0,718,2247,0,354,5.386704,3.054886,3.054886,1.000000,0.747280,-1,-1,-1,-1,-1,0.068181
19370,451,0,19985,44.312639,0.000000,30.000000,-1,49.322042,49.322042,-1,32,0,1887,19,0,847,2183,0,451,5.219077,2.908998,2.908998,1.000000,0.741416,-1,-1,-1,-1,-1,0.065647
19380,400,0,18472,46.180000,0.000000,30.000000,-1,49.300509,49.300509,-1,15,0,1537,25,0,698,1640,0,200,5.487355,3.031693,3.031693,1.000000,0.760909,-1,-1,-1,-1,-1,0.065649
19390,412,0,19186,46.567961,0.000000,30.000000,-1,49.259043,49.259043,-1,16,0,1408,16,0,740,2053,0,190,5.393564,3.170179,3.170179,1.000000,0.768168,-1,-1,-1,-1,-1,0.068076
19400,412,0,18951,45.997573,0.000000,30.000000,-1,49.196085,49.196085,-1,17,0,1661,17,0,715,1711,0,219,5.605898,3.197500,3.197500,1.000000,0.770925,-1,-1,-1,-1,-1,0.069515
19410,418,0,19285,46.136364,0.000000,30.000000,-1,49.191807,49.191807,-1,15,0,1676,23,0,756,2038,0,184,5.282323,2.918577,2.918577,1.000000,0.776221,-1,-1,-1,-1,-1,0.063260
19420,422,0,19410,45.995261,0.000000,30.000000,-1,49.191705,49.191705,-1,21,0,1595,16,0,799,1808,0,261,5.747086,3.236326,3.236326,1.000000,0.762282,-1,-1,-1,-1,-1,0.070362
19430,427,0,19359,45.337237,0.000000,30.000000,-1,49.136991,49.136991,-1,21,0,1908,24,0,750,2360,0,276,5.230392,2.875886,2.875886,1.000000,0.755980,-1,-1,-1,-1,-1,0.063433
19440,417,0,18706,44.858513,0.000000,30.000000,-1,49.183791,49.183791,-1,25,0,1753,17,0,740,1883,0,331,5.496329,3.086100,3.086100,1.000000,0.750360,-1,-1,-1,-1,-1,0.068796
19450,394,0,17900,45.431472,0.000000,30.000000,-1,49.110726,49.110726,-1,20,0,1630,19,0,692,1710,0,264,5.704524,3.180537,3.180537,1.000000,0.761914,-1,-1,-1,-1,-1,0.070007
19460,390,0,17933,45.982051,0.000000,30.000000,-1,49.143646,49.143646,-1,19,0,1339,14,0,685,1918,0,243,5.640855,3.261709,3.261709,1.000000,0.760963,-1,-1,-1,-1,-1,0.070934
19470,378,0,16991,44.949735,0.000000,30.000000,-1,49.192573,49.192573,-1,20,0,1482,15,0,691,1731,0,263,5.681305,3.176090,3.176090,1.000000,0.761433,-1,-1,-1,-1,-1,0.070659
19480,413,0,18652,45.162228,0.000000,30.000000,-1,49.202498,49.202498,-1,22,0,1749,20,0,659,1668,0,270,5.510510,3.043162,3.043162,1.000000,0.754544,-1,-1,-1,-1,-1,0.067383
19490,404,0,17981,44.507426,0.000000,30.000000,-1,49.212947,49.212947,-1,25,0,1819,15,0,661,2040,0,317,5.558565,3.071091,3.071091,1.000000,0.748175,-1,-1,-1,-1,-1,0.069002
19500,392,0,17827,45.477041,0.000000,30.000000,-1,49.225276,49.225276,-1,14,0,1517,21,0,580,1603,0,184,5.622656,3.203510,3.203510,1.000000,0.776951,-1,-1,-1,-1,-1,0.070442
19510,401,0,18242,45.491272,0.000000,30.000000,-1,49.234185,49.234185,-1,19,0,1575,27,0,754,1616,0,240,5.517455,3.130469,3.130469,1.000000,0.768082,-1,-1,-1,-1,-1,0.068815
19520,405,0,18285,45.148148,0.000000,30.000000,-1,49.216352,49.216352,-1,22,0,1784,16,0,706,1946,0,286,5.597095,3.127067,3.127067,1.000000,0.756137,-1,-1,-1,-1,-1,0.069262
19530,411,0,18963,46.138686,0.000000,30.000000,-1,49.133365,49.133365,-1,22,0,1631,17,0,708,1967,0,266,5.713607,3.205521,3.205521,1.000000,0.758134,-1,-1,-1,-1,-1,0.069476
19540,415,0,19102,46.028916,0.000000,30.000000,-1,49.148937,49.148937,-1,12,0,1832,9,0,703,1993,0,158,5.773445,3.193451,3.193451,1.000000,0.776686,-1,-1,-1,-1,-1,0.069379
19550,406,0,18388,45.290640,0.000000,30.000000,-1,49.208288,49.208288,-1,22,0,1636,17,0,669,1840,0,274,5.371692,3.021165,3.021165,1.000000,0.755096,-1,-1,-1,-1,-1,0.066706
19560,400,0,18352,45.880000,0.000000,30.000000,-1,49.176765,49.176765,-1,22,0,1695,15,0,720,1860,0,285,5.603563,3.227627,3.227627,1.000000,0.761202,-1,-1,-1,-1,-1,0.070349
19570,398,0,18286,45.944724,0.000000,30.000000,-1,49.168107,49.168107,-1,19,0,1566,16,0,702,2022,0,246,5.544753,3.136331,3.136331,1.000000,0.762463,-1,-1,-1,-1,-1,0.068263
19580,383,0,17675,46.148825,0.000000,30.000000,-1,49.176124,49.176124,-1,18,0,1458,19,0,683,1628,0,227,5.820159,3.350424,3.350424,1.000000,0.766492,-1,-1,-1,-1,-1,0.072600
19590,429,0,19441,45.317016,0.000000,30.000000,-1,49.222931,49.222931,-1,21,0,1750,16,0,792,2003,0,262,5.222337,2.886776,2.886776,1.000000,0.758134,-1,-1,-1,-1,-1,0.063702
19600,411,0,18679,45.447689,0.000000,30.000000,-1,49.224637,49.224637,-1,21,0,1739,21,0,763,2140,0,273,5.505522,3.051309,3.051309,1.000000,0.755543,-1,-1,-1,-1,-1,0.067139
19610,420,0,19543,46.530952,0.000000,30.000000,-1,49.244128,49.244128,-1,12,0,1828,16,0,787,2139,0,159,5.503743,3.089908,3.089908,1.000000,0.778101,-1,-1,-1,-1,-1,0.066405
19620,396,0,18322,46.267677,0.000000,30.000000,-1,49.232398,49.232398,-1,15,0,1643,20,0,720,2025,0,176,5.686635,3.191191,3.191191,1.000000,0.769817,-1,-1,-1,-1,-1,0.068972
19630,392,0,17482,44.596939,0.000000,30.000000,-1,49.244823,49.244823,-1,23,0,1614,20,0,707,1688,0,276,5.489082,3.053678,3.053678,1.000000,0.754265,-1,-1,-1,-1,-1,0.068473
19640,407,0,18656,45.837838,0.000000,30.000000,-1,49.226630,49.226630,-1,21,0,1661,14,0,729,2050,0,271,5.565228,3.199251,3.199251,1.000000,0.763138,-1,-1,-1,-1,-1,0.069795
19650,432,0,19641,45.465278,0.000000,30.000000,-1,49.232727,49.232727,-1,25,0,1991,22,0,751,1974,0,332,5.169236,2.834475,2.834475,1.000000,0.753055,-1,-1,-1,-1,-1,0.062344
19660,420,0,18795,44.750000,0.000000,30.000000,-1,49.246502,49.246502,-1,24,0,1704,10,0,696,2237,0,295,5.563407,3.108021,3.108021,1.000000,0.760618,-1,-1,-1,-1,-1,0.069453
19670,401,0,18119,45.184539,0.000000,30.000000,-1,49.167173,49.167173,-1,23,0,1535,27,0,653,1642,0,274,5.472048,3.101518,3.101518,1.000000,0.764224,-1,-1,-1,-1,-1,0.068641
19680,393,0,17879,45.493639,0.000000,30.000000,-1,49.178478,49.178478,-1,20,0,1665,19,0,680,2260,0,254,5.660866,3.250075,3.250075,1.000000,0.771186,-1,-1,-1,-1,-1,0.071440
19690,409,0,18394,44.973105,0.000000,30.000000,-1,49.160759,49.160759,-1,20,0,1633,13,0,778,1939,0,243,5.526148,3.103611,3.103611,1.000000,0.768696,-1,-1,-1,-1,-1,0.069010
19700,412,0,18773,45.565534,0.000000,30.000000,-1,49.157141,49.157141,-1,23,0,1603,38,0,702,2085,0,273,5.295496,3.078059,3.078059,1.000000,0.756120,-1,-1,-1,-1,-1,0.067552
19710,434,0,19853,45.744240,0.000000,30.000000,-1,49.115852,49.115852,-1,15,0,2076,17,0,740,1865,0,198,5.538536,2.979325,2.979325,1.000000,0.768571,-1,-1,-1,-1,-1,0.065130
19720,405,0,18711,46.200000,0.000000,30.000000,-1,49.123831,49.123831,-1,20,0,1930,23,0,726,1816,0,254,5.352612,2.875548,2.875548,1.000000,0.758319,-1,-1,-1,-1,-1,0.062241
19730,411,0,18674,45.435523,0.000000,30.000000,-1,49.073310,49.073310,-1,22,0,1781,26,0,721,2088,0,291,5.333277,3.010368,3.010368,1.000000,0.758639,-1,-1,-1,-1,-1,0.066256
19740,402,0,18274,45.457711,0.000000,30.000000,-1,49.037047,49.037047,-1,19,0,1689,22,0,702,1967,0,229,5.403560,2.990186,2.990186,1.000000,0.758551,-1,-1,-1,-1,-1,0.065779
19750,412,0,18833,45.711165,0.000000,30.000000,-1,49.031434,49.031434,-1,17,0,1607,17,0,697,1840,0,214,5.689132,3.215977,3.215977,1.000000,0.773985,-1,-1,-1,-1,-1,0.070354
19760,397,0,18353,46.229219,0.000000,30.000000,-1,49.108484,49.108484,-1,15,0,1657,20,0,786,1874,0,183,5.347221,3.035410,3.035410,1.000000,0.776963,-1,-1,-1,-1,-1,0.065660
19770,389,0,17673,45.431877,0.000000,30.000000,-1,49.099474,49.099474,-1,16,0,1694,17,0,645,1853,0,201,5.484189,3.050638,3.050638,1.000000,0.772598,-1,-1,-1,-1,-1,0.067148
19780,404,0,18685,46.250000,0.000000,30.000000,-1,49.075355,49.075355,-1,15,0,1877,23,0,661,1899,0,201,5.681037,3.170095,3.170095,1.000000,0.771905,-1,-1,-1,-1,-1,0.068543
19790,385,0,17558,45.605195,0.000000,30.000000,-1,49.068914,49.068914,-1,16,0,1704,21,0,703,1709,0,187,5.456677,3.037696,3.037696,1.000000,0.769918,-1,-1,-1,-1,-1,0.066609
19800,405,0,18379,45.380247,0.000000,30.000000,-1,49.072474,49.072474,-1,28,0,1493,20,0,707,1953,0,336,5.622160,3.335864,3.335864,1.000000,0.758295,-1,-1,-1,-1,-1,0.073509
19810,420,0,19299,45.950000,0.000000,30.000000,-1,49.061506,49.061506,-1,16,0,1674,18,0,766,2472,0,190,5.475821,3.078940,3.078940,1.000000,0.774302,-1,-1,-1,-1,-1,0.067006
19820,404,0,18522,45.846535,0.000000,30.000000,-1,49.030666,49.030666,-1,15,0,1916,31,0,738,1755,0,207,5.608119,3.055719,3.055719,1.000000,0.769351,-1,-1,-1,-1,-1,0.066651
19830,412,0,18570,45.072816,0.000000,30.000000,-1,49.047119,49.047119,-1,23,0,1762,16,0,674,1496,0,264,5.640147,3.132506,3.132506,1.000000,0.759402,-1,-1,-1,-1,-1,0.069499
19840,408,0,18607,45.605392,0.000000,30.000000,-1,49.059709,49.059709,-1,20,0,1540,17,0,738,2034,0,264,5.469981,3.121405,3.121405,1.000000,0.764027,-1,-1,-1,-1,-1,0.068444
19850,404,0,18664,46.198020,0.000000,30.000000,-1,49.061348,49.061348,-1,17,0,1412,16,0,687,1814,0,218,5.516879,3.289934,3.289934,1.000000,0.772665,-1,-1,-1,-1,-1,0.071214
19860,403,0,18299,45.406948,0.000000,30.000000,-1,49.105470,49.105470,-1,17,0,1649,23,0,757,1884,0,208,5.736861,3.133752,3.133752,1.000000,0.766066,-1,-1,-1,-1,-1,0.069015
19870,409,0,18295,44.731051,0.000000,30.000000,-1,49.115223,49.115223,-1,21,0,1695,17,0,688,2059,0,251,5.405867,2.916871,2.916871,1.000000,0.756246,-1,-1,-1,-1,-1,0.065209
19880,414,0,19124,46.193237,0.000000,30.000000,-1,49.159224,49.159224,-1,15,0,1660,26,0,697,1739,0,163,5.432530,3.009327,3.009327,1.000000,0.767770,-1,-1,-1,-1,-1,0.065146
19890,391,0,17779,45.470588,0.000000,30.000000,-1,49.186737,49.186737,-1,18,0,1799,24,0,698,2166,0,235,5.692046,3.095495,3.095495,1.000000,0.762069,-1,-1,-1,-1,-1,0.068077
19900,393,0,17710,45.063613,0.000000,30.000000,-1,49.213156,49.213156,-1,21,0,1764,18,0,629,1596,0,241,5.741770,3.088595,3.088595,1.000000,0.758310,-1,-1,-1,-1,-1,0.068539
19910,416,0,19039,45.766827,0.000000,30.000000,-1,49.250696,49.250696,-1,18,0,1664,20,0,754,2104,0,231,5.542800,3.128675,3.128675,1.000000,0.770574,-1,-1,-1,-1,-1,0.068361
19920,403,0,18543,46.012407,0.000000,30.000000,-1,49.254867,49.254867,-1,18,0,1730,14,0,745,2014,0,219,5.554864,3.126691,3.126691,1.000000,0.762257,-1,-1,-1,-1,-1,0.067953
19930,400,0,18126,45.315000,0.000000,30.000000,-1,49.217202,49.217202,-1,19,0,1580,20,0,678,1767,0,250,5.293386,2.968876,2.968876,1.000000,0.760310,-1,-1,-1,-1,-1,0.065516
19940,406,0,18408,45.339901,0.000000,30.000000,-1,49.218655,49.218655,-1,15,0,1554,19,0,679,2131,0,208,5.198149,2.851698,2.851698,1.000000,0.764055,-1,-1,-1,-1,-1,0.062896
19950,382,0,16976,44.439791,0.000000,30.000000,-1,49.233624,49.233624,-1,24,0,1643,24,0,649,1829,0,276,5.514281,3.065624,3.065624,1.000000,0.746645,-1,-1,-1,-1,-1,0.068984
19960,426,0,19377,45.485915,0.000000,30.000000,-1,49.237446,49.237446,-1,20,0,1888,14,0,699,1665,0,253,5.615414,3.114856,3.114856,1.000000,0.766723,-1,-1,-1,-1,-1,0.068480
19970,401,0,18415,45.922693,0.000000,30.000000,-1,49.217812,49.217812,-1,20,0,1605,18,0,695,2054,0,234,5.591524,3.172578,3.172578,1.000000,0.759543,-1,-1,-1,-1,-1,0.069085
19980,412,0,18999,46.114078,0.000000,30.000000,-1,49.191589,49.191589,-1,18,0,1471,19,0,699,1716,0,232,5.501639,3.140409,3.140409,1.000000,0.763552,-1,-1,-1,-1,-1,0.068101
19990,405,0,18454,45.565432,0.000000,30.000000,-1,49.264008,49.264008,-1,19,0,1553,18,0,734,1808,0,237,5.700318,3.171287,3.171287,1.000000,0.755219,-1,-1,-1,-1,-1,0.069599
20000,423,0,19429,45.931442,0.000000,30.000000,-1,49.282207,49.282207,-1,21,0,1582,20,0,762,1650,0,258,5.391982,3.079237,3.079237,1.000000,0.758469,-1,-1,-1,-1,-1,0.067040
20010,406,0,18754,46.192118,0.000000,30.000000,-1,49.296203,49.296203,-1,15,0,1713,20,0,731,1984,0,184,5.751353,3.226479,3.226479,1.000000,0.774689,-1,-1,-1,-1,-1,0.069849
20020,402,0,18332,45.601990,0.000000,30.000000,-1,49.264346,49.264346,-1,15,0,1835,23,0,689,1924,0,195,5.573059,2.964373,2.964373,1.000000,0.770585,-1,-1,-1,-1,-1,0.065005
20030,431,0,19614,45.508121,0.000000,30.000000,-1,49.273886,49.273886,-1,21,0,1736,19,0,720,2001,0,255,5.405744,2.990344,2.990344,1.000000,0.749710,-1,-1,-1,-1,-1,0.065710
20040,415,0,18796,45.291566,0.000000,30.000000,-1,49.276282,49.276282,-1,22,0,1784,21,0,810,2151,0,272,5.594617,3.117030,3.117030,1.000000,0.751022,-1,-1,-1,-1,-1,0.068821
20050,439,0,20304,46.250569,0.000000,30.000000,-1,49.313928,49.313928,-1,16,0,1690,14,0,732,2389,0,223,5.279746,2.956288,2.956288,1.000000,0.757129,-1,-1,-1,-1,-1,0.063919
20060,408,0,18593,45.571078,0.000000,30.000000,-1,49.321788,49.321788,-1,15,0,1658,21,0,739,1964,0,184,5.528539,2.972920,2.972920,1.000000,0.765075,-1,-1,-1,-1,-1,0.065237
20070,404,0,18503,45.799505,0.000000,30.000000,-1,49.322380,49.322380,-1,20,0,1551,23,0,681,2294,0,286,5.489103,3.051326,3.051326,1.000000,0.753060,-1,-1,-1,-1,-1,0.066624
20080,420,0,19502,46.433333,0.000000,30.000000,-1,49.413445,49.413445,-1,17,0,1733,17,0,763,2096,0,222,5.513498,3.108044,3.108044,1.000000,0.763951,-1,-1,-1,-1,-1,0.066936
20090,416,0,18800,45.192308,0.000000,30.000000,-1,49.447021,49.447021,-1,24,0,1613,23,0,713,2146,0,297,5.157254,2.861748,2.861748,1.000000,0.748569,-1,-1,-1,-1,-1,0.063324
20100,410,0,18613,45.397561,0.000000,30.000000,-1,49.484285,49.484285,-1,18,0,1678,14,0,734,1833,0,233,5.495966,3.060480,3.060480,1.000000,0.762423,-1,-1,-1,-1,-1,0.067415
20110,416,0,19143,46.016827,0.000000,30.000000,-1,49.511936,49.511936,-1,16,0,1416,17,0,726,2072,0,198,5.564958,3.174186,3.174186,1.000000,0.764500,-1,-1,-1,-1,-1,0.068979
20120,396,0,18665,47.133838,0.000000,30.000000,-1,49.511921,49.511921,-1,13,0,1549,18,0,691,1832,0,151,5.772407,3.283991,3.283991,1.000000,0.774735,-1,-1,-1,-1,-1,0.069674
20130,408,0,18598,45.583333,0.000000,30.000000,-1,49.538015,49.538015,-1,16,0,1648,18,0,743,1988,0,182,5.610872,3.041438,3.041438,1.000000,0.764731,-1,-1,-1,-1,-1,0.066723
20140,422,0,18989,44.997630,0.000000,30.000000,-1,49.481068,49.481068,-1,22,0,1977,21,0,728,2079,0,252,5.450460,2.878134,2.878134,1.000000,0.749093,-1,-1,-1,-1,-1,0.063962
20150,399,0,18051,45.240602,0.000000,30.000000,-1,49.517478,49.517478,-1,19,0,1495,23,0,680,1908,0,262,5.559073,3.104252,3.104252,1.000000,0.751161,-1,-1,-1,-1,-1,0.068617
20160,395,0,18053,45.703797,0.000000,30.000000,-1,49.510165,49.510165,-1,20,0,1623,17,0,668,1852,0,265,5.587342,3.181073,3.181073,1.000000,0.760312,-1,-1,-1,-1,-1,0.069602
20170,386,0,17400,45.077720,0.000000,30.000000,-1,49.523103,49.523103,-1,23,0,1693,28,0,641,1961,0,303,5.782668,3.105934,3.105934,1.000000,0.742837,-1,-1,-1,-1,-1,0.068902
20180,434,0,19565,45.080645,0.000000,30.000000,-1,49.524661,49.524661,-1,30,0,1431,18,0,735,2338,0,397,5.242274,3.063337,3.063337,1.000000,0.747095,-1,-1,-1,-1,-1,0.067952
20190,407,0,18350,45.085995,0.000000,30.000000,-1,49.485995,49.485995,-1,23,0,1738,22,0,763,1936,0,301,5.539718,3.046589,3.046589,1.000000,0.748604,-1,-1,-1,-1,-1,0.067573
20200,410,0,18667,45.529268,0.000000,30.000000,-1,49.512455,49.512455,-1,21,0,1503,21,0,660,2206,0,247,5.574827,3.133904,3.133904,1.000000,0.756634,-1,-1,-1,-1,-1,0.068833
20210,401,0,17797,44.381546,0.000000,30.000000,-1,49.509974,49.509974,-1,29,0,1812,22,0,688,1964,0,364,5.392103,2.936064,2.936064,1.000000,0.731131,-1,-1,-1,-1,-1,0.066155
20220,376,0,17630,46.888298,0.000000,30.000000,-1,49.513953,49.513953,-1,7,0,1746,21,0,630,1524,0,78,5.676522,3.148072,3.148072,1.000000,0.779755,-1,-1,-1,-1,-1,0.067140
20230,398,0,18049,45.349246,0.000000,30.000000,-1,49.544850,49.544850,-1,23,0,1567,27,0,686,1402,0,290,5.586295,3.149886,3.149886,1.000000,0.750741,-1,-1,-1,-1,-1,0.069458
20240,405,0,18591,45.903704,0.000000,30.000000,-1,49.582163,49.582163,-1,15,0,1653,20,0,717,1891,0,182,5.348840,2.927468,2.927468,1.000000,0.768298,-1,-1,-1,-1,-1,0.063774
20250,401,0,18001,44.890274,0.000000,30.000000,-1,49.657130,49.657130,-1,26,0,1737,23,0,633,1863,0,316,5.680805,3.063999,3.063999,1.000000,0.736730,-1,-1,-1,-1,-1,0.068255
20260,413,0,18705,45.290557,0.000000,30.000000,-1,49.673831,49.673831,-1,22,0,1570,19,0,744,1995,0,273,5.304938,2.913499,2.913499,1.000000,0.755523,-1,-1,-1,-1,-1,0.064329
20270,395,0,17814,45.098734,0.000000,30.000000,-1,49.647917,49.647917,-1,26,0,1476,19,0,748,1854,0,307,5.613452,3.169670,3.169670,1.000000,0.740587,-1,-1,-1,-1,-1,0.070283
20280,404,0,18432,45.623762,0.000000,30.000000,-1,49.626194,49.626194,-1,24,0,1628,21,0,741,1476,0,276,5.588636,3.155471,3.155471,1.000000,0.741818,-1,-1,-1,-1,-1,0.069163
20290,417,0,19660,47.146283,0.000000,30.000000,-1,49.610071,49.610071,-1,12,0,1644,15,0,706,1907,0,145,5.590362,3.144364,3.144364,1.000000,0.770177,-1,-1,-1,-1,-1,0.066694
20300,409,0,18517,45.273839,0.000000,30.000000,-1,49.659934,49.659934,-1,20,0,1644,23,0,739,1831,0,274,5.455924,2.989646,2.989646,1.000000,0.752035,-1,-1,-1,-1,-1,0.066035
20310,412,0,18783,45.589806,0.000000,30.000000,-1,49.678912,49.678912,-1,22,0,1515,17,0,709,1498,0,253,5.173219,2.895609,2.895609,1.000000,0.750096,-1,-1,-1,-1,-1,0.063514
20320,415,0,19099,46.021687,0.000000,30.000000,-1,49.727211,49.727211,-1,19,0,1634,14,0,696,2061,0,251,5.432716,3.075833,3.075833,1.000000,0.761023,-1,-1,-1,-1,-1,0.066834
20330,423,0,18885,44.645390,0.000000,30.000000,-1,49.779402,49.779402,-1,32,0,1563,22,0,689,1519,0,402,5.440573,3.056331,3.056331,1.000000,0.731096,-1,-1,-1,-1,-1,0.068458
20340,400,0,18174,45.435000,0.000000,30.000000,-1,49.774458,49.774458,-1,22,0,1584,22,0,717,2109,0,260,5.555357,3.094206,3.094206,1.000000,0.756208,-1,-1,-1,-1,-1,0.068102
20350,392,0,17642,45.005102,0.000000,30.000000,-1,49.797982,49.797982,-1,24,0,1875,22,0,662,1737,0,279,5.491895,2.932789,2.932789,1.000000,0.743602,-1,-1,-1,-1,-1,0.065166
20360,401,0,17854,44.523691,0.000000,30.000000,-1,49.774728,49.774728,-1,23,0,1621,27,0,650,1863,0,266,5.525578,2.980657,2.980657,1.000000,0.748325,-1,-1,-1,-1,-1,0.066945
20370,392,0,17588,44.867347,0.000000,30.000000,-1,49.865306,49.865306,-1,22,0,1563,18,0,660,1984,0,290,5.757909,3.231158,3.231158,1.000000,0.756485,-1,-1,-1,-1,-1,0.072016
20380,411,0,18971,46.158151,0.000000,30.000000,-1,49.821781,49.821781,-1,18,0,1446,21,0,712,1978,0,217,5.376043,3.077555,3.077555,1.000000,0.763301,-1,-1,-1,-1,-1,0.066674
20390,392,0,17768,45.326531,0.000000,30.000000,-1,49.871398,49.871398,-1,14,0,1703,25,0,687,1768,0,156,5.596281,2.996042,2.996042,1.000000,0.767188,-1,-1,-1,-1,-1,0.066099
20400,403,0,17974,44.600496,0.000000,30.000000,-1,49.845388,49.845388,-1,22,0,1524,20,0,690,1566,0,282,5.440896,2.981531,2.981531,1.000000,0.753983,-1,-1,-1,-1,-1,0.066850
20410,395,0,18271,46.255696,0.000000,30.000000,-1,49.845712,49.845712,-1,18,0,1600,24,0,686,2017,0,250,5.515932,3.073579,3.073579,1.000000,0.758925,-1,-1,-1,-1,-1,0.066448
20420,408,0,18645,45.698529,0.000000,30.000000,-1,49.817592,49.817592,-1,20,0,1549,13,0,670,2139,0,264,5.526582,3.154791,3.154791,1.000000,0.754655,-1,-1,-1,-1,-1,0.069035
20430,392,0,18174,46.362245,0.000000,30.000000,-1,49.840707,49.840707,-1,15,0,1639,17,0,742,1489,0,213,5.556556,3.112419,3.112419,1.000000,0.761123,-1,-1,-1,-1,-1,0.067133
20440,395,0,18164,45.984810,0.000000,30.000000,-1,49.864843,49.864843,-1,18,0,1553,17,0,638,1705,0,256,5.617934,3.135652,3.135652,1.000000,0.761811,-1,-1,-1,-1,-1,0.068189
20450,374,0,17088,45.689840,0.000000,30.000000,-1,49.929951,49.929951,-1,19,0,1469,25,0,656,1423,0,233,6.061378,3.370886,3.370886,1.000000,0.752529,-1,-1,-1,-1,-1,0.073778
20460,413,0,18953,45.891041,0.000000,30.000000,-1,49.905081,49.905081,-1,16,0,1584,19,0,754,2095,0,190,5.311263,2.975239,2.975239,1.000000,0.762867,-1,-1,-1,-1,-1,0.064833
20470,396,0,18325,46.275253,0.000000,30.000000,-1,49.912633,49.912633,-1,8,0,1651,18,0,809,1869,0,100,5.601551,3.009920,3.009920,1.000000,0.773340,-1,-1,-1,-1,-1,0.065044
20480,397,0,18029,45.413098,0.000000,30.000000,-1,49.910422,49.910422,-1,21,0,1316,20,0,688,1575,0,277,5.567018,3.200044,3.200044,1.000000,0.755995,-1,-1,-1,-1,-1,0.070465
20490,412,0,19153,46.487864,0.000000,30.000000,-1,49.956456,49.956456,-1,15,0,1761,19,0,742,2220,0,208,5.515560,3.060607,3.060607,1.000000,0.765744,-1,-1,-1,-1,-1,0.065837
20500,403,0,18347,45.526055,0.000000,30.000000,-1,49.925274,49.925274,-1,21,0,1693,23,0,784,1866,0,266,5.747848,3.085545,3.085545,1.000000,0.744696,-1,-1,-1,-1,-1,0.067775
20510,407,0,18730,46.019656,0.000000,30.000000,-1,49.955206,49.955206,-1,16,0,1697,16,0,687,2394,0,194,5.646259,3.172391,3.172391,1.000000,0.759742,-1,-1,-1,-1,-1,0.068936
20520,417,0,19070,45.731415,0.000000,30.000000,-1,50.017147,50.017147,-1,18,0,1743,15,0,743,2547,0,228,5.645951,3.154095,3.154095,1.000000,0.761060,-1,-1,-1,-1,-1,0.068970
20530,416,0,18611,44.737981,0.000000,30.000000,-1,49.955833,49.955833,-1,24,0,1469,12,0,693,1690,0,309,5.544338,3.058283,3.058283,1.000000,0.745389,-1,-1,-1,-1,-1,0.068360
20540,420,0,19250,45.833333,0.000000,30.000000,-1,49.977662,49.977662,-1,18,0,1808,21,0,751,2034,0,232,5.337287,2.893911,2.893911,1.000000,0.753624,-1,-1,-1,-1,-1,0.063140
20550,414,0,18581,44.881643,0.000000,30.000000,-1,49.921533,49.921533,-1,21,0,1677,15,0,766,2200,0,248,5.629742,3.019671,3.019671,1.000000,0.748227,-1,-1,-1,-1,-1,0.067281
20560,388,0,17919,46.182990,0.000000,30.000000,-1,49.929014,49.929014,-1,20,0,1397,15,0,631,1992,0,260,5.711552,3.254942,3.254942,1.000000,0.750194,-1,-1,-1,-1,-1,0.070479
20570,421,0,19165,45.522565,0.000000,30.000000,-1,49.919123,49.919123,-1,23,0,1784,20,0,747,1931,0,315,5.605533,3.106547,3.106547,1.000000,0.742700,-1,-1,-1,-1,-1,0.068242
20580,401,0,18311,45.663342,0.000000,30.000000,-1,49.945333,49.945333,-1,20,0,1771,20,0,734,1841,0,251,5.518944,2.946737,2.946737,1.000000,0.742535,-1,-1,-1,-1,-1,0.064532
20590,424,0,19407,45.771226,0.000000,30.000000,-1,49.967074,49.967074,-1,22,0,1587,20,0,805,2453,0,286,5.198178,2.940973,2.940973,1.000000,0.749030,-1,-1,-1,-1,-1,0.064254
20600,418,0,19200,45.933014,0.000000,30.000000,-1,49.972031,49.972031,-1,18,0,1617,20,0,739,1942,0,248,5.350056,2.970973,2.970973,1.000000,0.755573,-1,-1,-1,-1,-1,0.064681
20610,397,0,18483,46.556675,0.000000,30.000000,-1,50.009035,50.009035,-1,18,0,1453,19,0,774,1727,0,203,5.644558,3.236574,3.236574,1.000000,0.756030,-1,-1,-1,-1,-1,0.069519
20620,402,0,18418,45.815920,0.000000,30.000000,-1,50.000543,50.000543,-1,17,0,1693,28,0,701,1765,0,230,5.509867,2.983974,2.983974,1.000000,0.754241,-1,-1,-1,-1,-1,0.065130
20630,412,0,18800,45.631068,0.000000,30.000000,-1,49.952872,49.952872,-1,21,0,1627,24,0,697,1989,0,229,5.283818,2.871406,2.871406,1.000000,0.747916,-1,-1,-1,-1,-1,0.062927
20640,409,0,18532,45.310513,0.000000,30.000000,-1,49.930822,49.930822,-1,19,0,1591,20,0,764,2045,0,225,5.341268,3.010460,3.010460,1.000000,0.758207,-1,-1,-1,-1,-1,0.066441
20650,409,0,18864,46.122249,0.000000,30.000000,-1,49.914069,49.914069,-1,18,0,1488,24,0,715,2034,0,236,5.565552,3.113922,3.113922,1.000000,0.759652,-1,-1,-1,-1,-1,0.067515
20660,398,0,18437,46.324121,0.000000,30.000000,-1,49.983620,49.983620,-1,12,0,1761,24,0,664,2054,0,145,5.548675,3.017489,3.017489,1.000000,0.768897,-1,-1,-1,-1,-1,0.065139
20670,405,0,17978,44.390123,0.000000,30.000000,-1,49.988764,49.988764,-1,25,0,1732,25,0,700,1891,0,316,5.445481,2.925595,2.925595,1.000000,0.741914,-1,-1,-1,-1,-1,0.065906
20680,410,0,18609,45.387805,0.000000,30.000000,-1,49.954699,49.954699,-1,21,0,1701,20,0,662,2091,0,284,5.330539,2.871668,2.871668,1.000000,0.745996,-1,-1,-1,-1,-1,0.063270
20690,408,0,18455,45.232843,0.000000,30.000000,-1,49.984449,49.984449,-1,27,0,1593,18,0,773,2149,0,361,5.447746,3.076180,3.076180,1.000000,0.737289,-1,-1,-1,-1,-1,0.068008
20700,408,0,18367,45.017157,0.000000,30.000000,-1,50.017586,50.017586,-1,24,0,1452,18,0,758,1673,0,273,5.371897,2.981511,2.981511,1.000000,0.743784,-1,-1,-1,-1,-1,0.066231
20710,420,0,19460,46.333333,0.000000,30.000000,-1,50.069116,50.069116,-1,20,0,1567,22,0,738,1810,0,227,5.244921,2.994705,2.994705,1.000000,0.747151,-1,-1,-1,-1,-1,0.064634
20720,431,0,19437,45.097448,0.000000,30.000000,-1,50.047230,50.047230,-1,22,0,1699,20,0,759,1580,0,265,5.338657,2.983296,2.983296,1.000000,0.751105,-1,-1,-1,-1,-1,0.066152
20730,418,0,18931,45.289474,0.000000,30.000000,-1,50.038667,50.038667,-1,20,0,1653,19,0,717,2068,0,246,5.384045,2.946426,2.946426,1.000000,0.752000,-1,-1,-1,-1,-1,0.065058
20740,436,0,19604,44.963303,0.000000,30.000000,-1,50.009947,50.009947,-1,23,0,1653,23,0,720,2462,0,304,5.326156,2.914524,2.914524,1.000000,0.751064,-1,-1,-1,-1,-1,0.064820
20750,396,0,18007,45.472222,0.000000,30.000000,-1,50.060310,50.060310,-1,18,0,1743,24,0,645,1753,0,201,5.417841,2.871601,2.871601,1.000000,0.753125,-1,-1,-1,-1,-1,0.063151
20760,384,0,17427,45.382812,0.000000,30.000000,-1,50.029437,50.029437,-1,15,0,1774,24,0,624,1959,0,171,5.636135,3.049381,3.049381,1.000000,0.758830,-1,-1,-1,-1,-1,0.067192
20770,379,0,17187,45.348285,0.000000,30.000000,-1,49.984814,49.984814,-1,22,0,1408,18,0,677,2022,0,282,5.757117,3.304071,3.304071,1.000000,0.749350,-1,-1,-1,-1,-1,0.072860
20780,382,0,17370,45.471204,0.000000,30.000000,-1,50.010708,50.010708,-1,22,0,1472,26,0,624,2000,0,309,5.596978,3.172655,3.172655,1.000000,0.751408,-1,-1,-1,-1,-1,0.069773
20790,420,0,18821,44.811905,0.000000,30.000000,-1,50.041496,50.041496,-1,23,0,1883,12,0,735,2005,0,269,5.662386,3.074689,3.074689,1.000000,0.754574,-1,-1,-1,-1,-1,0.068613
20800,423,0,19348,45.739953,0.000000,30.000000,-1,50.067707,50.067707,-1,20,0,1623,14,0,793,1733,0,226,5.565934,3.070000,3.070000,1.000000,0.757777,-1,-1,-1,-1,-1,0.067119
20810,386,0,17562,45.497409,0.000000,30.000000,-1,50.041909,50.041909,-1,16,0,1713,25,0,687,1824,0,201,5.859536,3.193141,3.193141,1.000000,0.760864,-1,-1,-1,-1,-1,0.070183
20820,390,0,17791,45.617949,0.000000,30.000000,-1,50.075488,50.075488,-1,21,0,1571,25,0,691,1753,0,238,5.563715,3.140192,3.140192,1.000000,0.751765,-1,-1,-1,-1,-1,0.068837
20830,390,0,17827,45.710256,0.000000,30.000000,-1,50.072811,50.072811,-1,22,0,1565,17,0,656,2085,0,266,5.528208,3.136871,3.136871,1.000000,0.748792,-1,-1,-1,-1,-1,0.068625
20840,395,0,18093,45.805063,0.000000,30.000000,-1,50.066600,50.066600,-1,21,0,1634,17,0,683,1922,0,275,5.637505,3.151525,3.151525,1.000000,0.752731,-1,-1,-1,-1,-1,0.068803
20850,393,0,17980,45.750636,0.000000,30.000000,-1,50.050389,50.050389,-1,16,0,1667,24,0,663,2069,0,213,5.665508,3.093731,3.093731,1.000000,0.756551,-1,-1,-1,-1,-1,0.067622
20860,396,0,17951,45.330808,0.000000,30.000000,-1,49.994708,49.994708,-1,20,0,1673,16,0,668,1667,0,234,5.702423,3.103132,3.103132,1.000000,0.749042,-1,-1,-1,-1,-1,0.068455
20870,406,0,18552,45.694581,0.000000,30.000000,-1,50.009487,50.009487,-1,21,0,1569,21,0,662,1876,0,269,5.551992,3.110570,3.110570,1.000000,0.750964,-1,-1,-1,-1,-1,0.068073
20880,424,0,18854,44.466981,0.000000,30.000000,-1,50.012252,50.012252,-1,30,0,1966,21,0,710,1788,0,374,5.395990,2.903987,2.903987,1.000000,0.737022,-1,-1,-1,-1,-1,0.065307
20890,394,0,17903,45.439086,0.000000,30.000000,-1,49.934592,49.934592,-1,21,0,1737,15,0,668,1797,0,250,5.621213,3.031917,3.031917,1.000000,0.751122,-1,-1,-1,-1,-1,0.066725
20900,383,0,17827,46.545692,0.000000,30.000000,-1,49.944803,49.944803,-1,12,0,1495,17,0,665,1758,0,141,5.589746,3.123856,3.123856,1.000000,0.768090,-1,-1,-1,-1,-1,0.067114
20910,395,0,17666,44.724051,0.000000,30.000000,-1,49.995188,49.995188,-1,23,0,1742,18,0,682,1754,0,327,5.615550,3.063775,3.063775,1.000000,0.749622,-1,-1,-1,-1,-1,0.068504
20920,401,0,18158,45.281796,0.000000,30.000000,-1,50.010078,50.010078,-1,18,0,1762,26,0,702,1611,0,250,5.740663,3.046536,3.046536,1.000000,0.754340,-1,-1,-1,-1,-1,0.067279
20930,424,0,19531,46.063679,0.000000,30.000000,-1,49.983155,49.983155,-1,21,0,1649,11,0,707,2179,0,269,5.485709,3.096052,3.096052,1.000000,0.758651,-1,-1,-1,-1,-1,0.067212
20940,425,0,19366,45.567059,0.000000,30.000000,-1,49.943922,49.943922,-1,21,0,1732,16,0,702,2006,0,259,5.413409,2.939084,2.939084,1.000000,0.750869,-1,-1,-1,-1,-1,0.064500
20950,424,0,19218,45.325472,0.000000,30.000000,-1,49.977209,49.977209,-1,19,0,1745,21,0,730,1965,0,230,5.540688,2.969420,2.969420,1.000000,0.748128,-1,-1,-1,-1,-1,0.065513
20960,400,0,18492,46.230000,0.000000,30.000000,-1,50.035907,50.035907,-1,13,0,1729,26,0,700,1832,0,159,5.497314,2.981852,2.981853,1.000000,0.760544,-1,-1,-1,-1,-1,0.064500
20970,417,0,19053,45.690647,0.000000,30.000000,-1,50.034010,50.034010,-1,18,0,1733,11,0,756,2237,0,236,5.435904,2.982618,2.982618,1.000000,0.759509,-1,-1,-1,-1,-1,0.065279
20980,412,0,18795,45.618932,0.000000,30.000000,-1,50.058633,50.058633,-1,20,0,1651,19,0,727,2228,0,258,5.448136,2.954931,2.954931,1.000000,0.751411,-1,-1,-1,-1,-1,0.064774
20990,396,0,18137,45.800505,0.000000,30.000000,-1,50.096047,50.096047,-1,13,0,1677,20,0,698,1841,0,157,5.571978,3.018991,3.018991,1.000000,0.761522,-1,-1,-1,-1,-1,0.065916
21000,406,0,18553,45.697044,0.000000,30.000000,-1,50.142834,50.142834,-1,19,0,1892,16,0,716,1919,0,254,5.599958,3.025072,3.025072,1.000000,0.752204,-1,-1,-1,-1,-1,0.066198
21010,377,0,16986,45.055703,0.000000,30.000000,-1,50.150830,50.150830,-1,25,0,1464,19,0,644,1853,0,313,5.798958,3.251187,3.251187,1.000000,0.736487,-1,-1,-1,-1,-1,0.072159
21020,408,0,18631,45.664216,0.000000,30.000000,-1,50.214911,50.214911,-1,20,0,1692,19,0,659,2027,0,246,5.631306,3.135150,3.135150,1.000000,0.756698,-1,-1,-1,-1,-1,0.068657
21030,395,0,17826,45.129114,0.000000,30.000000,-1,50.213508,50.213508,-1,21,0,1754,21,0,701,1818,0,252,5.704953,3.065451,3.065451,1.000000,0.748853,-1,-1,-1,-1,-1,0.067926
21040,413,0,18804,45.530266,0.000000,30.000000,-1,50.245852,50.245852,-1,23,0,1901,18,0,697,2003,0,285,5.589622,3.077851,3.077851,1.000000,0.751093,-1,-1,-1,-1,-1,0.067600
21050,421,0,19214,45.638955,0.000000,30.000000,-1,50.268190,50.268190,-1,19,0,1738,16,0,774,2040,0,235,5.414562,2.999079,2.999079,1.000000,0.759521,-1,-1,-1,-1,-1,0.065713
21060,402,0,17917,44.569652,0.000000,30.000000,-1,50.229168,50.229168,-1,26,0,1531,21,0,653,1731,0,300,5.641491,3.183728,3.183728,1.000000,0.745217,-1,-1,-1,-1,-1,0.071433
21070,386,0,17623,45.655440,0.000000,30.000000,-1,50.240822,50.240822,-1,19,0,1551,22,0,706,1721,0,225,5.621341,3.133408,3.133408,1.000000,0.751476,-1,-1,-1,-1,-1,0.068632
21080,423,0,19264,45.541371,0.000000,30.000000,-1,50.193002,50.193002,-1,21,0,1727,16,0,701,2291,0,283,5.428046,2.985666,2.985666,1.000000,0.753936,-1,-1,-1,-1,-1,0.065559
21090,415,0,18331,44.171084,0.000000,30.000000,-1,50.200971,50.200971,-1,26,0,2032,17,0,723,2275,0,293,5.738873,2.990330,2.990330,1.000000,0.738032,-1,-1,-1,-1,-1,0.067699
21100,405,0,18507,45.696296,0.000000,30.000000,-1,50.200195,50.200195,-1,19,0,1455,21,0,659,2115,0,237,5.625988,3.193412,3.193412,1.000000,0.759203,-1,-1,-1,-1,-1,0.069883
21110,425,0,19487,45.851765,0.000000,30.000000,-1,50.175450,50.175450,-1,19,0,1886,23,0,783,1985,0,227,5.555687,3.163529,3.163529,1.000000,0.762006,-1,-1,-1,-1,-1,0.068995
21120,419,0,19415,46.336516,0.000000,30.000000,-1,50.169560,50.169560,-1,17,0,1926,22,0,755,1999,0,228,5.513379,2.941900,2.941900,1.000000,0.750275,-1,-1,-1,-1,-1,0.063490
21130,407,0,18587,45.668305,0.000000,30.000000,-1,50.116802,50.116802,-1,19,0,1654,17,0,686,2093,0,231,5.276254,2.935049,2.935049,1.000000,0.755355,-1,-1,-1,-1,-1,0.064269
21140,387,0,17671,45.661499,0.000000,30.000000,-1,50.125007,50.125007,-1,18,0,1436,27,0,680,1970,0,213,5.658809,3.110356,3.110356,1.000000,0.755231,-1,-1,-1,-1,-1,0.068118
21150,410,0,18320,44.682927,0.000000,30.000000,-1,50.128275,50.128275,-1,25,0,1874,16,0,712,1941,0,303,5.648088,3.020205,3.020205,1.000000,0.742688,-1,-1,-1,-1,-1,0.067592
21160,410,0,18309,44.656098,0.000000,30.000000,-1,50.064285,50.064285,-1,25,0,1789,19,0,689,1761,0,308,5.516381,2.982922,2.982922,1.000000,0.743743,-1,-1,-1,-1,-1,0.066798
21170,393,0,17811,45.320611,0.000000,30.000000,-1,50.058447,50.058447,-1,20,0,1666,29,0,669,1734,0,248,5.351917,2.849464,2.849464,1.000000,0.747799,-1,-1,-1,-1,-1,0.062873
21180,395,0,18173,46.007595,0.000000,30.000000,-1,50.084631,50.084631,-1,14,0,1608,17,0,703,1648,0,172,5.645202,3.101634,3.101634,1.000000,0.763198,-1,-1,-1,-1,-1,0.067416
21190,383,0,17602,45.958225,0.000000,30.000000,-1,50.060504,50.060504,-1,19,0,1221,14,0,662,1887,0,273,5.921438,3.440616,3.440616,1.000000,0.756090,-1,-1,-1,-1,-1,0.074864
21200,389,0,18024,46.334190,0.000000,30.000000,-1,50.024856,50.024856,-1,10,0,1764,20,0,659,2070,0,139,5.792685,3.037894,3.037894,1.000000,0.768248,-1,-1,-1,-1,-1,0.065565
21210,398,0,18232,45.809045,0.000000,30.000000,-1,50.032306,50.032306,-1,15,0,1807,22,0,717,2043,0,196,5.661111,3.059994,3.059994,1.000000,0.759659,-1,-1,-1,-1,-1,0.066799
21220,380,0,17801,46.844737,0.000000,30.000000,-1,50.091231,50.091231,-1,14,0,1610,18,0,663,1901,0,185,5.775723,3.209365,3.209365,1.000000,0.763610,-1,-1,-1,-1,-1,0.068511
21230,404,0,18867,46.700495,0.000000,30.000000,-1,50.119203,50.119203,-1,12,0,1495,21,0,710,2041,0,162,5.524385,3.119160,3.119160,1.000000,0.761916,-1,-1,-1,-1,-1,0.066791
21240,409,0,18894,46.195599,0.000000,30.000000,-1,50.106806,50.106806,-1,21,0,1429,16,0,712,2280,0,264,5.581266,3.231518,3.231518,1.000000,0.753953,-1,-1,-1,-1,-1,0.069953
21250,389,0,17989,46.244216,0.000000,30.000000,-1,50.115515,50.115515,-1,12,0,1689,16,0,691,1862,0,137,5.722477,3.133442,3.133442,1.000000,0.771365,-1,-1,-1,-1,-1,0.067759
21260,398,0,18160,45.628141,0.000000,30.000000,-1,50.122081,50.122081,-1,23,0,1560,22,0,665,2325,0,282,5.448767,3.062121,3.062121,1.000000,0.747822,-1,-1,-1,-1,-1,0.067110
21270,418,0,19045,45.562201,0.000000,30.000000,-1,50.096193,50.096193,-1,25,0,1481,21,0,750,2092,0,323,5.517718,3.117165,3.117165,1.000000,0.739370,-1,-1,-1,-1,-1,0.068416
21280,404,0,18573,45.972772,0.000000,30.000000,-1,50.072094,50.072094,-1,21,0,1582,22,0,711,1662,0,258,5.590349,3.136608,3.136608,1.000000,0.748653,-1,-1,-1,-1,-1,0.068228
21290,393,0,18079,46.002545,0.000000,30.000000,-1,50.109187,50.109187,-1,13,0,1642,27,0,700,1817,0,174,5.719521,3.121143,3.121143,1.000000,0.755172,-1,-1,-1,-1,-1,0.067847
21300,404,0,18502,45.797030,0.000000,30.000000,-1,50.047941,50.047941,-1,19,0,1585,25,0,689,1738,0,226,5.410312,2.943826,2.943826,1.000000,0.746881,-1,-1,-1,-1,-1,0.064280
21310,408,0,18270,44.779412,0.000000,30.000000,-1,49.989108,49.989108,-1,24,0,1630,24,0,736,1866,0,290,5.207254,2.896738,2.896738,1.000000,0.743957,-1,-1,-1,-1,-1,0.064689
21320,393,0,17721,45.091603,0.000000,30.000000,-1,50.031657,50.031657,-1,24,0,1518,26,0,700,1803,0,280,5.525077,3.009093,3.009093,1.000000,0.735873,-1,-1,-1,-1,-1,0.066733
21330,382,0,17802,46.602094,0.000000,30.000000,-1,50.020559,50.020559,-1,14,0,1314,18,0,614,1981,0,177,5.860932,3.377163,3.377163,1.000000,0.765759,-1,-1,-1,-1,-1,0.072468
21340,395,0,17975,45.506329,0.000000,30.000000,-1,50.026871,50.026871,-1,20,0,1564,18,0,696,1677,0,249,5.663397,3.204958,3.204958,1.000000,0.760650,-1,-1,-1,-1,-1,0.070429
21350,396,0,17799,44.946970,0.000000,30.000000,-1,50.033036,50.033036,-1,26,0,1739,15,0,661,2004,0,323,5.625613,2.985859,2.985859,1.000000,0.733147,-1,-1,-1,-1,-1,0.066431
21360,402,0,17875,44.465174,0.000000,30.000000,-1,50.045371,50.045371,-1,25,0,1621,17,0,706,1870,0,310,5.790319,3.143938,3.143938,1.000000,0.736133,-1,-1,-1,-1,-1,0.070706
21370,393,0,18196,46.300254,0.000000,30.000000,-1,50.042922,50.042922,-1,18,0,1417,19,0,724,1672,0,225,5.692301,3.109710,3.109710,1.000000,0.739253,-1,-1,-1,-1,-1,0.067164
21380,406,0,18837,46.396552,0.000000,30.000000,-1,50.066624,50.066624,-1,18,0,1606,12,0,690,2160,0,203,5.571135,3.114180,3.114180,1.000000,0.748072,-1,-1,-1,-1,-1,0.067121
21390,409,0,18320,44.792176,0.000000,30.000000,-1,50.054094,50.054094,-1,24,0,1664,15,0,742,2086,0,296,5.427240,2.968848,2.968848,1.000000,0.738419,-1,-1,-1,-1,-1,0.066280
21400,380,0,17315,45.565789,0.000000,30.000000,-1,50.127751,50.127751,-1,16,0,1539,17,0,684,1795,0,200,5.556018,2.943732,2.943732,1.000000,0.751631,-1,-1,-1,-1,-1,0.064604
21410,389,0,17543,45.097686,0.000000,30.000000,-1,50.160634,50.160634,-1,21,0,1464,23,0,676,1853,0,263,5.661944,3.060544,3.060544,1.000000,0.744272,-1,-1,-1,-1,-1,0.067865
21420,402,0,17904,44.537313,0.000000,30.000000,-1,50.134998,50.134998,-1,22,0,1787,25,0,736,1892,0,278,5.301367,2.768285,2.768285,1.000000,0.737609,-1,-1,-1,-1,-1,0.062157
21430,386,0,17647,45.717617,0.000000,30.000000,-1,50.090667,50.090667,-1,20,0,1568,18,0,713,1920,0,263,5.680083,3.115131,3.115131,1.000000,0.745740,-1,-1,-1,-1,-1,0.068139
21440,398,0,18263,45.886935,0.000000,30.000000,-1,50.178886,50.178886,-1,24,0,1509,11,0,663,1591,0,300,5.387869,3.037711,3.037711,1.000000,0.740254,-1,-1,-1,-1,-1,0.066200
21450,411,0,18729,45.569343,0.000000,30.000000,-1,50.205991,50.205991,-1,18,0,1600,25,0,701,1809,0,254,5.562044,2.944733,2.944733,1.000000,0.746778,-1,-1,-1,-1,-1,0.064621
21460,410,0,18667,45.529268,0.000000,30.000000,-1,50.223228,50.223228,-1,24,0,1585,23,0,724,2105,0,296,5.470305,3.029405,3.029405,1.000000,0.741130,-1,-1,-1,-1,-1,0.066538
21470,422,0,19401,45.973934,0.000000,30.000000,-1,50.203701,50.203701,-1,12,0,1712,16,0,779,1833,0,152,5.683840,2.976338,2.976338,1.000000,0.763456,-1,-1,-1,-1,-1,0.064740
21480,421,0,19268,45.767221,0.000000,30.000000,-1,50.290274,50.290274,-1,19,0,1590,18,0,717,2065,0,258,5.405099,2.989314,2.989314,1.000000,0.751539,-1,-1,-1,-1,-1,0.065316
21490,405,0,17873,44.130864,0.000000,30.000000,-1,50.338779,50.338779,-1,21,0,1660,25,0,754,1755,0,295,5.512577,2.917092,2.917092,1.000000,0.748274,-1,-1,-1,-1,-1,0.066101
21500,403,0,18146,45.027295,0.000000,30.000000,-1,50.392428,50.392428,-1,24,0,1638,18,0,683,1641,0,286,5.783071,3.082501,3.082501,1.000000,0.733229,-1,-1,-1,-1,-1,0.068458
21510,402,0,18402,45.776119,0.000000,30.000000,-1,50.357461,50.357461,-1,20,0,1566,16,0,748,2026,0,263,5.402929,3.097900,3.097900,1.000000,0.753718,-1,-1,-1,-1,-1,0.067675
21520,403,0,18529,45.977667,0.000000,30.000000,-1,50.367694,50.367694,-1,17,0,1532,19,0,685,1852,0,221,5.652080,3.135938,3.135938,1.000000,0.755677,-1,-1,-1,-1,-1,0.068206
21530,418,0,18631,44.571770,0.000000,30.000000,-1,50.327841,50.327841,-1,28,0,1776,18,0,728,2028,0,372,5.577132,2.989968,2.989968,1.000000,0.739147,-1,-1,-1,-1,-1,0.067082
21540,431,0,19421,45.060325,0.000000,30.000000,-1,50.311930,50.311930,-1,22,0,1780,21,0,742,2080,0,270,5.430021,2.867846,2.867846,1.000000,0.738584,-1,-1,-1,-1,-1,0.063645
21550,417,0,19063,45.714628,0.000000,30.000000,-1,50.310182,50.310182,-1,23,0,1826,16,0,750,2159,0,286,5.579550,3.071872,3.071872,1.000000,0.741684,-1,-1,-1,-1,-1,0.067197
21560,403,0,18321,45.461538,0.000000,30.000000,-1,50.261667,50.261667,-1,18,0,1720,23,0,702,1985,0,223,5.809765,3.151065,3.151065,1.000000,0.748090,-1,-1,-1,-1,-1,0.069313
21570,399,0,17823,44.669173,0.000000,30.000000,-1,50.318802,50.318802,-1,19,0,1885,19,0,744,1753,0,271,5.761458,2.934449,2.934449,1.000000,0.743994,-1,-1,-1,-1,-1,0.065693
21580,407,0,18591,45.678133,0.000000,30.000000,-1,50.321500,50.321500,-1,20,0,1929,20,0,718,1810,0,252,5.741059,3.043661,3.043661,1.000000,0.745746,-1,-1,-1,-1,-1,0.066633
21590,421,0,19317,45.883610,0.000000,30.000000,-1,50.360408,50.360408,-1,18,0,1652,18,0,763,1956,0,240,5.272044,2.869682,2.869682,1.000000,0.750025,-1,-1,-1,-1,-1,0.062543
21600,407,0,18612,45.729730,0.000000,30.000000,-1,50.368741,50.368741,-1,22,0,1436,18,0,737,1814,0,268,5.598497,3.045940,3.045940,1.000000,0.737341,-1,-1,-1,-1,-1,0.066607
21610,410,0,18505,45.134146,0.000000,30.000000,-1,50.366658,50.366658,-1,17,0,1798,21,0,778,1867,0,215,5.383193,2.842823,2.842823,1.000000,0.759693,-1,-1,-1,-1,-1,0.062986
21620,387,0,17373,44.891473,0.000000,30.000000,-1,50.399355,50.399355,-1,23,0,1641,11,0,692,1591,0,277,5.754908,3.137918,3.137918,1.000000,0.737960,-1,-1,-1,-1,-1,0.069900
21630,405,0,18498,45.674074,0.000000,30.000000,-1,50.369283,50.369283,-1,18,0,1665,18,0,671,1914,0,224,5.563087,2.968248,2.968248,1.000000,0.751597,-1,-1,-1,-1,-1,0.064988
21640,412,0,18764,45.543689,0.000000,30.000000,-1,50.388403,50.388403,-1,23,0,1650,24,0,736,1968,0,298,5.406179,2.988817,2.988817,1.000000,0.744752,-1,-1,-1,-1,-1,0.065625
21650,410,0,18912,46.126829,0.000000,30.000000,-1,50.387320,50.387320,-1,14,0,1755,22,0,775,2288,0,182,5.653305,3.063768,3.063768,1.000000,0.756794,-1,-1,-1,-1,-1,0.066421
21660,411,0,18375,44.708029,0.000000,30.000000,-1,50.377361,50.377361,-1,25,0,1736,20,0,721,1721,0,307,5.578733,3.016179,3.016179,1.000000,0.735974,-1,-1,-1,-1,-1,0.067464
21670,380,0,17708,46.600000,0.000000,30.000000,-1,50.413203,50.413203,-1,13,0,1614,15,0,654,1750,0,153,5.751226,3.061054,3.061054,1.000000,0.755942,-1,-1,-1,-1,-1,0.065688
21680,395,0,18281,46.281013,0.000000,30.000000,-1,50.413107,50.413107,-1,15,0,1666,14,0,678,1835,0,192,5.468236,3.010365,3.010365,1.000000,0.755122,-1,-1,-1,-1,-1,0.065045
21690,403,0,18148,45.032258,0.000000,30.000000,-1,50.417016,50.417016,-1,23,0,1575,19,0,668,2161,0,296,5.735864,3.208009,3.208009,1.000000,0.744124,-1,-1,-1,-1,-1,0.071238
21700,403,0,18576,46.094293,0.000000,30.000000,-1,50.457741,50.457741,-1,16,0,1747,20,0,717,1971,0,211,5.539848,2.985970,2.985970,1.000000,0.746729,-1,-1,-1,-1,-1,0.064780
21710,401,0,18326,45.700748,0.000000,30.000000,-1,50.454982,50.454982,-1,14,0,1810,26,0,700,2070,0,149,5.240783,2.785124,2.785124,1.000000,0.749363,-1,-1,-1,-1,-1,0.060943
21720,394,0,17797,45.170051,0.000000,30.000000,-1,50.400461,50.400461,-1,21,0,1567,20,0,677,2197,0,245,5.455089,2.952170,2.952170,1.000000,0.740898,-1,-1,-1,-1,-1,0.065357
21730,416,0,18581,44.665865,0.000000,30.000000,-1,50.377751,50.377751,-1,23,0,1614,16,0,724,1977,0,287,5.385048,2.964311,2.964311,1.000000,0.741055,-1,-1,-1,-1,-1,0.066366
21740,384,0,17618,45.880208,0.000000,30.000000,-1,50.342945,50.342945,-1,19,0,1372,11,0,701,1616,0,247,5.756749,3.179883,3.179883,1.000000,0.748382,-1,-1,-1,-1,-1,0.069308
21750,397,0,18364,46.256927,0.000000,30.000000,-1,50.366968,50.366968,-1,19,0,1616,23,0,670,1919,0,209,5.864477,3.255230,3.255230,1.000000,0.752939,-1,-1,-1,-1,-1,0.070373
21760,399,0,18004,45.122807,0.000000,30.000000,-1,50.415630,50.415630,-1,15,0,1880,22,0,722,2007,0,176,5.928126,3.093237,3.093237,1.000000,0.749752,-1,-1,-1,-1,-1,0.068552
21770,418,0,19083,45.653110,0.000000,30.000000,-1,50.441859,50.441859,-1,16,0,1919,20,0,695,2221,0,214,5.689140,2.986356,2.986356,1.000000,0.755807,-1,-1,-1,-1,-1,0.065414
21780,419,0,18984,45.307876,0.000000,30.000000,-1,50.463917,50.463917,-1,22,0,1825,14,0,730,1692,0,276,5.690744,3.090595,3.090595,1.000000,0.741627,-1,-1,-1,-1,-1,0.068213
21790,428,0,19612,45.822430,0.000000,30.000000,-1,50.471038,50.471038,-1,21,0,1743,20,0,753,2310,0,284,5.448694,3.020116,3.020116,1.000000,0.753350,-1,-1,-1,-1,-1,0.065909
21800,399,0,18389,46.087719,0.000000,30.000000,-1,50.517918,50.517918,-1,16,0,1510,26,0,711,1851,0,187,5.756006,3.232417,3.232417,1.000000,0.760194,-1,-1,-1,-1,-1,0.070136
21810,392,0,18315,46.721939,0.000000,30.000000,-1,50.550423,50.550423,-1,8,0,1545,29,0,798,2119,0,100,5.479463,2.991444,2.991444,1.000000,0.776330,-1,-1,-1,-1,-1,0.064027
21820,392,0,17733,45.237245,0.000000,30.000000,-1,50.587041,50.587041,-1,24,0,1636,15,0,686,1887,0,288,5.880881,3.250071,3.250071,1.000000,0.741843,-1,-1,-1,-1,-1,0.071845
21830,391,0,18157,46.437340,0.000000,30.000000,-1,50.631051,50.631051,-1,15,0,1607,12,0,698,1750,0,189,5.678135,3.071835,3.071835,1.000000,0.753020,-1,-1,-1,-1,-1,0.066150
21840,378,0,17148,45.365079,0.000000,30.000000,-1,50.671157,50.671157,-1,21,0,1481,23,0,683,1611,0,255,5.694382,3.116401,3.116401,1.000000,0.744006,-1,-1,-1,-1,-1,0.068696
21850,392,0,17979,45.864796,0.000000,30.000000,-1,50.687580,50.687580,-1,19,0,1507,14,0,674,1956,0,249,5.725143,3.234041,3.234041,1.000000,0.757907,-1,-1,-1,-1,-1,0.070512
21860,408,0,18616,45.627451,0.000000,30.000000,-1,50.675118,50.675118,-1,15,0,1702,24,0,749,1643,0,175,5.725133,3.055096,3.055096,1.000000,0.757687,-1,-1,-1,-1,-1,0.066957
21870,393,0,17573,44.715013,0.000000,30.000000,-1,50.710294,50.710294,-1,23,0,1408,17,0,643,1781,0,305,5.606348,3.091701,3.091701,1.000000,0.741704,-1,-1,-1,-1,-1,0.069142
21880,408,0,18655,45.723039,0.000000,30.000000,-1,50.740070,50.740070,-1,18,0,1867,12,0,738,1807,0,230,5.768316,3.117072,3.117072,1.000000,0.755273,-1,-1,-1,-1,-1,0.068173
21890,421,0,19009,45.152019,0.000000,30.000000,-1,50.737440,50.737440,-1,21,0,1625,14,0,718,2030,0,266,5.276802,2.822622,2.822622,1.000000,0.738818,-1,-1,-1,-1,-1,0.062514
21900,432,0,19167,44.368056,0.000000,30.000000,-1,50.715970,50.715970,-1,24,0,1836,16,0,779,2257,0,302,5.355226,2.886727,2.886727,1.000000,0.743727,-1,-1,-1,-1,-1,0.065063
21910,414,0,19040,45.990338,0.000000,30.000000,-1,50.700053,50.700053,-1,16,0,1623,20,0,699,2140,0,195,5.639767,3.162165,3.162165,1.000000,0.760027,-1,-1,-1,-1,-1,0.068757
21920,422,0,19359,45.874408,0.000000,30.000000,-1,50.685986,50.685986,-1,21,0,1740,23,0,756,1871,0,246,5.294890,2.860492,2.860492,1.000000,0.745390,-1,-1,-1,-1,-1,0.062355
21930,383,0,17569,45.872063,0.000000,30.000000,-1,50.696909,50.696909,-1,13,0,1958,19,0,704,1987,0,175,5.602119,2.890607,2.890607,1.000000,0.755680,-1,-1,-1,-1,-1,0.063015
21940,396,0,17948,45.323232,0.000000,30.000000,-1,50.685647,50.685647,-1,23,0,1414,22,0,679,1777,0,289,5.470355,3.083637,3.083637,1.000000,0.747396,-1,-1,-1,-1,-1,0.068037
21950,403,0,17899,44.414392,0.000000,30.000000,-1,50.740544,50.740544,-1,27,0,1646,20,0,703,1968,0,353,5.590964,3.022766,3.022766,1.000000,0.738658,-1,-1,-1,-1,-1,0.068058
21960,383,0,17396,45.420366,0.000000,30.000000,-1,50.748965,50.748965,-1,21,0,1716,19,0,671,1675,0,269,5.659563,3.048879,3.048879,1.000000,0.740707,-1,-1,-1,-1,-1,0.067126
21970,369,0,17285,46.842818,0.000000,30.000000,-1,50.726931,50.726931,-1,15,0,1441,16,0,626,1347,0,190,5.811200,3.336690,3.336690,1.000000,0.761581,-1,-1,-1,-1,-1,0.071232
21980,377,0,17102,45.363395,0.000000,30.000000,-1,50.724009,50.724009,-1,15,0,1511,22,0,655,1532,0,193,5.494756,3.039285,3.039285,1.000000,0.761721,-1,-1,-1,-1,-1,0.066999
21990,388,0,17365,44.755155,0.000000,30.000000,-1,50.683674,50.683674,-1,23,0,1632,23,0,682,1789,0,268,5.400341,2.949929,2.949929,1.000000,0.748330,-1,-1,-1,-1,-1,0.065913
22000,395,0,17810,45.088608,0.000000,30.000000,-1,50.764627,50.764627,-1,21,0,1623,10,0,682,2014,0,278,5.743424,3.183158,3.183158,1.000000,0.755317,-1,-1,-1,-1,-1,0.070598
22010,399,0,18081,45.315789,0.000000,30.000000,-1,50.767104,50.767104,-1,22,0,1566,16,0,669,1956,0,255,5.451705,3.074134,3.074134,1.000000,0.750446,-1,-1,-1,-1,-1,0.067838
22020,435,0,19686,45.255172,0.000000,30.000000,-1,50.792746,50.792746,-1,21,0,1947,22,0,719,2239,0,277,5.236745,2.816019,2.816019,1.000000,0.747721,-1,-1,-1,-1,-1,0.062225
22030,414,0,18601,44.929952,0.000000,30.000000,-1,50.812107,50.812107,-1,25,0,1622,18,0,714,1708,0,319,5.598287,2.955659,2.955659,1.000000,0.733517,-1,-1,-1,-1,-1,0.065784
22040,407,0,18584,45.660934,0.000000,30.000000,-1,50.853530,50.853530,-1,22,0,1616,22,0,658,1946,0,294,5.351844,2.994594,2.994594,1.000000,0.747440,-1,-1,-1,-1,-1,0.065583
22050,405,0,18737,46.264198,0.000000,30.000000,-1,50.895608,50.895608,-1,18,0,1614,22,0,729,1830,0,212,5.588881,3.144158,3.144158,1.000000,0.760794,-1,-1,-1,-1,-1,0.067961
22060,374,0,17143,45.836898,0.000000,30.000000,-1,50.935309,50.935309,-1,18,0,1614,22,0,674,1350,0,260,5.877182,3.232444,3.232444,1.000000,0.755654,-1,-1,-1,-1,-1,0.070521
22070,398,0,18389,46.203518,0.000000,30.000000,-1,50.921529,50.921529,-1,13,0,1502,18,0,673,1870,0,164,5.303040,3.003613,3.003613,1.000000,0.773986,-1,-1,-1,-1,-1,0.065008
22080,422,0,19188,45.469194,0.000000,30.000000,-1,50.891651,50.891651,-1,15,0,1775,22,0,731,2103,0,196,5.573768,3.064463,3.064463,1.000000,0.765187,-1,-1,-1,-1,-1,0.067396
22090,416,0,19195,46.141827,0.000000,30.000000,-1,50.881896,50.881896,-1,16,0,1376,15,0,710,1715,0,192,5.329031,3.061422,3.061422,1.000000,0.767792,-1,-1,-1,-1,-1,0.066348
22100,403,0,18426,45.722084,0.000000,30.000000,-1,50.893520,50.893520,-1,21,0,1830,28,0,730,1872,0,264,5.713535,3.070584,3.070584,1.000000,0.749195,-1,-1,-1,-1,-1,0.067158
22110,407,0,18784,46.152334,0.000000,30.000000,-1,50.855462,50.855462,-1,15,0,1661,16,0,713,1752,0,181,5.657883,3.131049,3.131049,1.000000,0.763793,-1,-1,-1,-1,-1,0.067842
22120,396,0,17656,44.585859,0.000000,30.000000,-1,50.882420,50.882420,-1,30,0,1391,20,0,683,1877,0,405,5.558229,3.128399,3.128399,1.000000,0.735411,-1,-1,-1,-1,-1,0.070166
22130,373,0,16818,45.088472,0.000000,30.000000,-1,50.888274,50.888274,-1,24,0,1345,22,0,634,1926,0,311,5.667885,3.307859,3.307859,1.000000,0.749119,-1,-1,-1,-1,-1,0.073364
22140,393,0,18046,45.918575,0.000000,30.000000,-1,50.926687,50.926687,-1,16,0,1768,11,0,675,1802,0,191,5.643414,3.053787,3.053787,1.000000,0.757430,-1,-1,-1,-1,-1,0.066504
22150,422,0,19289,45.708531,0.000000,30.000000,-1,50.897662,50.897662,-1,22,0,1525,16,0,793,1917,0,251,5.410649,3.081452,3.081452,1.000000,0.751427,-1,-1,-1,-1,-1,0.067415
22160,433,0,19667,45.420323,0.000000,30.000000,-1,50.923374,50.923374,-1,24,0,1604,22,0,741,2288,0,309,5.298260,2.995593,2.995593,1.000000,0.748466,-1,-1,-1,-1,-1,0.065953
22170,424,0,19214,45.316038,0.000000,30.000000,-1,50.955761,50.955761,-1,12,0,1860,13,0,707,1856,0,158,5.291729,2.780318,2.780318,1.000000,0.765982,-1,-1,-1,-1,-1,0.061354
22180,436,0,19583,44.915138,0.000000,30.000000,-1,50.953020,50.953020,-1,29,0,1792,19,0,731,2372,0,395,5.266629,2.902003,2.902003,1.000000,0.735202,-1,-1,-1,-1,-1,0.064611
22190,408,0,18549,45.463235,0.000000,30.000000,-1,50.928244,50.928244,-1,19,0,1611,20,0,683,2011,0,222,5.435379,3.010699,3.010699,1.000000,0.756721,-1,-1,-1,-1,-1,0.066223
22200,413,0,18593,45.019370,0.000000,30.000000,-1,50.926693,50.926693,-1,24,0,1573,20,0,751,2023,0,293,5.406607,3.021503,3.021503,1.000000,0.745667,-1,-1,-1,-1,-1,0.067116
22210,398,0,18096,45.467337,0.000000,30.000000,-1,50.920701,50.920701,-1,19,0,1804,23,0,711,2102,0,223,5.380456,2.900831,2.900831,1.000000,0.750455,-1,-1,-1,-1,-1,0.063800
22220,394,0,17735,45.012690,0.000000,30.000000,-1,50.972484,50.972484,-1,19,0,1562,15,0,705,1678,0,229,5.659177,3.054867,3.054867,1.000000,0.746834,-1,-1,-1,-1,-1,0.067867
22230,369,0,16901,45.802168,0.000000,30.000000,-1,50.980179,50.980179,-1,13,0,1494,18,0,645,1727,0,152,5.665714,3.028827,3.028827,1.000000,0.756625,-1,-1,-1,-1,-1,0.066128
22240,396,0,18040,45.555556,0.000000,30.000000,-1,51.028492,51.028492,-1,23,0,1613,21,0,645,2106,0,298,5.547672,3.060553,3.060553,1.000000,0.744153,-1,-1,-1,-1,-1,0.067183
22250,394,0,17814,45.213198,0.000000,30.000000,-1,51.104300,51.104300,-1,19,0,1499,16,0,703,2027,0,235,5.837672,3.154956,3.154956,1.000000,0.749153,-1,-1,-1,-1,-1,0.069780
22260,367,0,16718,45.553134,0.000000,30.000000,-1,51.127587,51.127587,-1,18,0,1370,23,0,602,1589,0,208,5.646671,3.156235,3.156235,1.000000,0.748467,-1,-1,-1,-1,-1,0.069287
22270,382,0,17393,45.531414,0.000000,30.000000,-1,51.127638,51.127638,-1,22,0,1444,19,0,697,2150,0,252,5.728385,3.275604,3.275604,1.000000,0.744524,-1,-1,-1,-1,-1,0.071942
22280,392,0,17842,45.515306,0.000000,30.000000,-1,51.144659,51.144659,-1,19,0,1644,18,0,635,1452,0,216,5.500754,2.971185,2.971185,1.000000,0.746831,-1,-1,-1,-1,-1,0.065279
22290,405,0,18475,45.617284,0.000000,30.000000,-1,51.177321,51.177321,-1,19,0,1957,15,0,675,2082,0,259,5.777961,3.069188,3.069188,1.000000,0.753375,-1,-1,-1,-1,-1,0.067281
22300,413,0,19122,46.300242,0.000000,30.000000,-1,51.201653,51.201653,-1,15,0,1607,20,0,770,2133,0,172,5.524881,2.956786,2.956786,1.000000,0.755192,-1,-1,-1,-1,-1,0.063861
22310,417,0,18592,44.585132,0.000000,30.000000,-1,51.231713,51.231713,-1,21,0,1841,20,0,752,2418,0,274,5.471809,2.879395,2.879395,1.000000,0.746334,-1,-1,-1,-1,-1,0.064582
22320,380,0,16746,44.068421,0.000000,30.000000,-1,51.240057,51.240057,-1,27,0,1562,29,0,653,1411,0,319,5.575218,3.033554,3.033554,1.000000,0.738591,-1,-1,-1,-1,-1,0.068837
22330,388,0,17650,45.489691,0.000000,30.000000,-1,51.212011,51.212011,-1,18,0,1808,25,0,636,1639,0,232,5.707704,2.961663,2.961663,1.000000,0.749309,-1,-1,-1,-1,-1,0.065106
22340,387,0,17983,46.467700,0.000000,30.000000,-1,51.202803,51.202803,-1,17,0,1372,11,0,702,2096,0,208,5.598039,3.263288,3.263288,1.000000,0.757897,-1,-1,-1,-1,-1,0.070227
22350,384,0,17447,45.434896,0.000000,30.000000,-1,51.196366,51.196366,-1,19,0,1517,15,0,704,1912,0,236,6.037567,3.434655,3.434655,1.000000,0.759108,-1,-1,-1,-1,-1,0.075595
22360,393,0,18173,46.241730,0.000000,30.000000,-1,51.193914,51.193914,-1,19,0,1567,13,0,682,1926,0,226,5.930824,3.360948,3.360948,1.000000,0.757811,-1,-1,-1,-1,-1,0.072682
22370,433,0,19432,44.877598,0.000000,30.000000,-1,51.158090,51.158090,-1,26,0,1717,18,0,763,1870,0,340,5.312163,2.921588,2.921588,1.000000,0.741947,-1,-1,-1,-1,-1,0.065101
22380,425,0,19254,45.303529,0.000000,30.000000,-1,51.135816,51.135816,-1,19,0,1817,24,0,775,2165,0,237,5.396433,2.923231,2.923231,1.000000,0.754372,-1,-1,-1,-1,-1,0.064525
22390,400,0,18264,45.660000,0.000000,30.000000,-1,51.154895,51.154895,-1,14,0,1679,24,0,707,1977,0,175,5.498693,2.897755,2.897755,1.000000,0.746952,-1,-1,-1,-1,-1,0.063464
22400,416,0,19122,45.966346,0.000000,30.000000,-1,51.138061,51.138061,-1,21,0,1614,18,0,736,1728,0,265,5.370524,3.034581,3.034581,1.000000,0.752974,-1,-1,-1,-1,-1,0.066017
22410,419,0,18760,44.773270,0.000000,30.000000,-1,51.127505,51.127505,-1,29,0,1873,21,0,771,1613,0,376,5.455864,2.958084,2.958084,1.000000,0.739540,-1,-1,-1,-1,-1,0.066068
22420,414,0,18771,45.340580,0.000000,30.000000,-1,51.126152,51.126152,-1,17,0,2085,16,0,692,1893,0,211,5.777816,2.976268,2.976268,1.000000,0.746384,-1,-1,-1,-1,-1,0.065642
22430,421,0,19053,45.256532,0.000000,30.000000,-1,51.140188,51.140188,-1,25,0,1506,19,0,715,1848,0,301,5.477735,3.057499,3.057499,1.000000,0.740644,-1,-1,-1,-1,-1,0.067559
22440,400,0,18362,45.905000,0.000000,30.000000,-1,51.153142,51.153142,-1,14,0,1660,22,0,720,1823,0,175,5.440361,2.961782,2.961782,1.000000,0.760746,-1,-1,-1,-1,-1,0.064520
22450,390,0,17886,45.861538,0.000000,30.000000,-1,51.175389,51.175389,-1,20,0,1686,17,0,671,1842,0,240,5.610371,3.038896,3.038896,1.000000,0.746007,-1,-1,-1,-1,-1,0.066262
22460,391,0,17931,45.859335,0.000000,30.000000,-1,51.216998,51.216998,-1,18,0,1535,17,0,647,1702,0,230,5.936504,3.332891,3.332891,1.000000,0.755772,-1,-1,-1,-1,-1,0.072676
22470,422,0,19228,45.563981,0.000000,30.000000,-1,51.254161,51.254161,-1,21,0,1750,22,0,756,1584,0,272,5.500334,3.061616,3.061616,1.000000,0.758859,-1,-1,-1,-1,-1,0.067194
22480,434,0,19451,44.817972,0.000000,30.000000,-1,51.284510,51.284510,-1,27,0,1779,17,0,792,2182,0,365,5.387889,2.890035,2.890035,1.000000,0.734280,-1,-1,-1,-1,-1,0.064484
22490,405,0,18217,44.980247,0.000000,30.000000,-1,51.283142,51.283142,-1,24,0,1538,23,0,665,2192,0,317,5.532829,2.979105,2.979105,1.000000,0.733184,-1,-1,-1,-1,-1,0.066231
22500,415,0,18975,45.722892,0.000000,30.000000,-1,51.286904,51.286904,-1,18,0,1745,18,0,738,1827,0,252,5.618018,3.075957,3.075957,1.000000,0.760199,-1,-1,-1,-1,-1,0.067274
22510,423,0,19811,46.834515,0.000000,30.000000,-1,51.249457,51.249457,-1,10,0,1675,14,0,787,1924,0,114,5.701506,3.156706,3.156706,1.000000,0.770526,-1,-1,-1,-1,-1,0.067401
22520,404,0,18555,45.928218,0.000000,30.000000,-1,51.252385,51.252385,-1,10,0,1828,17,0,707,1887,0,121,5.510924,2.944148,2.944148,1.000000,0.769038,-1,-1,-1,-1,-1,0.064103
22530,407,0,18423,45.265356,0.000000,30.000000,-1,51.266786,51.266786,-1,24,0,1585,20,0,702,2350,0,291,5.286283,2.983168,2.983168,1.000000,0.740554,-1,-1,-1,-1,-1,0.065904
22540,415,0,18897,45.534940,0.000000,30.000000,-1,51.199873,51.199873,-1,19,0,1749,22,0,695,2313,0,252,5.392850,2.972383,2.972383,1.000000,0.757269,-1,-1,-1,-1,-1,0.065277
22550,406,0,18536,45.655172,0.000000,30.000000,-1,51.169508,51.169508,-1,18,0,1878,16,0,679,2013,0,228,5.582375,2.991400,2.991400,1.000000,0.748685,-1,-1,-1,-1,-1,0.065522
22560,386,0,17317,44.862694,0.000000,30.000000,-1,51.189640,51.189640,-1,25,0,1617,20,0,642,2051,0,309,5.752581,3.161064,3.161064,1.000000,0.740485,-1,-1,-1,-1,-1,0.070461
22570,403,0,17870,44.342432,0.000000,30.000000,-1,51.175378,51.175378,-1,29,0,1713,17,0,615,1890,0,374,5.991647,3.273035,3.273035,1.000000,0.732761,-1,-1,-1,-1,-1,0.073813
22580,399,0,18310,45.889724,0.000000,30.000000,-1,51.205625,51.205625,-1,21,0,1489,23,0,716,1870,0,259,5.618250,3.207624,3.207624,1.000000,0.753600,-1,-1,-1,-1,-1,0.069899
22590,403,0,18443,45.764268,0.000000,30.000000,-1,51.228759,51.228759,-1,17,0,1705,19,0,702,2148,0,209,5.772380,3.080627,3.080627,1.000000,0.754585,-1,-1,-1,-1,-1,0.067315
22600,399,0,18205,45.626566,0.000000,30.000000,-1,51.238835,51.238835,-1,18,0,1519,24,0,707,2102,0,221,5.657413,3.127883,3.127883,1.000000,0.752351,-1,-1,-1,-1,-1,0.068554
22610,413,0,18832,45.598063,0.000000,30.000000,-1,51.232370,51.232370,-1,19,0,1517,14,0,717,1849,0,213,5.343698,2.946744,2.946744,1.000000,0.753430,-1,-1,-1,-1,-1,0.064624
22620,414,0,18802,45.415459,0.000000,30.000000,-1,51.244017,51.244017,-1,16,0,1755,23,0,749,1937,0,190,5.551459,2.987188,2.987188,1.000000,0.752918,-1,-1,-1,-1,-1,0.065775
22630,415,0,18764,45.214458,0.000000,30.000000,-1,51.289064,51.289064,-1,22,0,1577,29,0,690,1715,0,291,5.324154,2.923924,2.923924,1.000000,0.744190,-1,-1,-1,-1,-1,0.064668
22640,389,0,17995,46.259640,0.000000,30.000000,-1,51.290081,51.290081,-1,11,0,1578,24,0,709,2231,0,141,5.541937,3.061686,3.061686,1.000000,0.771013,-1,-1,-1,-1,-1,0.066185
22650,419,0,19358,46.200477,0.000000,30.000000,-1,51.337896,51.337896,-1,12,0,1829,18,0,777,2164,0,161,5.414480,2.896446,2.896446,1.000000,0.767435,-1,-1,-1,-1,-1,0.062693
22660,433,0,19743,45.595843,0.000000,30.000000,-1,51.330142,51.330142,-1,21,0,1800,20,0,775,1872,0,277,5.231347,2.903152,2.903152,1.000000,0.751492,-1,-1,-1,-1,-1,0.063671
22670,406,0,18402,45.325123,0.000000,30.000000,-1,51.336431,51.336431,-1,23,0,1706,21,0,786,1749,0,283,5.705629,3.064368,3.064368,1.000000,0.737881,-1,-1,-1,-1,-1,0.067609
22680,401,0,18438,45.980050,0.000000,30.000000,-1,51.319015,51.319015,-1,14,0,1664,16,0,675,1797,0,187,5.840064,3.235461,3.235461,1.000000,0.765883,-1,-1,-1,-1,-1,0.070367
22690,395,0,18180,46.025316,0.000000,30.000000,-1,51.301980,51.301980,-1,13,0,1862,18,0,665,1550,0,150,5.806757,3.071724,3.071724,1.000000,0.762409,-1,-1,-1,-1,-1,0.066740
22700,420,0,19134,45.557143,0.000000,30.000000,-1,51.338612,51.338612,-1,24,0,1723,22,0,772,1828,0,309,5.492955,3.024505,3.024505,1.000000,0.741363,-1,-1,-1,-1,-1,0.066389
22710,406,0,18656,45.950739,0.000000,30.000000,-1,51.365620,51.365620,-1,20,0,1603,20,0,724,2233,0,259,5.256527,2.916473,2.916473,1.000000,0.748675,-1,-1,-1,-1,-1,0.063470
22720,399,0,18175,45.551378,0.000000,30.000000,-1,51.316259,51.316259,-1,18,0,1623,26,0,685,2084,0,235,5.506616,2.983299,2.983299,1.000000,0.750619,-1,-1,-1,-1,-1,0.065493
22730,401,0,18487,46.102244,0.000000,30.000000,-1,51.286255,51.286255,-1,19,0,1314,19,0,740,1922,0,263,5.327715,2.968450,2.968450,1.000000,0.745875,-1,-1,-1,-1,-1,0.064388
22740,440,0,20138,45.768182,0.000000,30.000000,-1,51.270782,51.270782,-1,17,0,1763,23,0,725,2446,0,204,5.386067,2.959333,2.959333,1.000000,0.765988,-1,-1,-1,-1,-1,0.064659
22750,437,0,19346,44.270023,0.000000,30.000000,-1,51.322341,51.322341,-1,29,0,1991,14,0,771,1976,0,364,5.704804,2.990085,2.990085,1.000000,0.734120,-1,-1,-1,-1,-1,0.067542
22760,419,0,18884,45.069212,0.000000,30.000000,-1,51.366448,51.366448,-1,24,0,1763,15,0,671,2098,0,313,5.522162,3.035288,3.035288,1.000000,0.747114,-1,-1,-1,-1,-1,0.067347
22770,417,0,19275,46.223022,0.000000,30.000000,-1,51.382568,51.382568,-1,15,0,1574,13,0,724,2258,0,199,5.371219,3.028747,3.028747,1.000000,0.770490,-1,-1,-1,-1,-1,0.065525
22780,414,0,18903,45.659420,0.000000,30.000000,-1,51.413532,51.413532,-1,12,0,1913,21,0,757,1733,0,154,5.418031,2.871824,2.871824,1.000000,0.766408,-1,-1,-1,-1,-1,0.062897
22790,410,0,18408,44.897561,0.000000,30.000000,-1,51.441547,51.441547,-1,26,0,1680,25,0,720,2035,0,339,5.757781,3.164519,3.164519,1.000000,0.742172,-1,-1,-1,-1,-1,0.070483
22800,407,0,18486,45.420147,0.000000,30.000000,-1,51.446825,51.446825,-1,23,0,1537,22,0,694,2022,0,311,5.598289,3.217552,3.217552,1.000000,0.756533,-1,-1,-1,-1,-1,0.070840
22810,401,0,18575,46.321696,0.000000,30.000000,-1,51.448183,51.448183,-1,16,0,1660,17,0,691,2495,0,184,5.641836,3.120544,3.120544,1.000000,0.756993,-1,-1,-1,-1,-1,0.067367
22820,421,0,19167,45.527316,0.000000,30.000000,-1,51.439453,51.439453,-1,26,0,1408,25,0,692,2226,0,329,5.404693,3.100170,3.100170,1.000000,0.744610,-1,-1,-1,-1,-1,0.068095
22830,416,0,19049,45.790865,0.000000,30.000000,-1,51.433934,51.433934,-1,10,0,1807,18,0,766,2520,0,138,5.383952,2.843746,2.843746,1.000000,0.764101,-1,-1,-1,-1,-1,0.062103
22840,410,0,18413,44.909756,0.000000,30.000000,-1,51.456091,51.456091,-1,25,0,1914,18,0,699,1840,0,312,5.856676,3.069805,3.069805,1.000000,0.733441,-1,-1,-1,-1,-1,0.068355
22850,405,0,18179,44.886420,0.000000,30.000000,-1,51.447329,51.447329,-1,25,0,1371,23,0,729,1809,0,307,5.707258,3.234012,3.234012,1.000000,0.749630,-1,-1,-1,-1,-1,0.072049
22860,390,0,17986,46.117949,0.000000,30.000000,-1,51.463138,51.463138,-1,16,0,1552,16,0,714,2257,0,215,5.899034,3.215130,3.215130,1.000000,0.751910,-1,-1,-1,-1,-1,0.069715
22870,406,0,18910,46.576355,0.000000,30.000000,-1,51.475674,51.475674,-1,12,0,1710,17,0,752,1791,0,137,5.646589,3.079836,3.079836,1.000000,0.766595,-1,-1,-1,-1,-1,0.066124
22880,398,0,17988,45.195980,0.000000,30.000000,-1,51.453747,51.453747,-1,24,0,1499,23,0,691,1844,0,323,5.571194,3.170790,3.170790,1.000000,0.748369,-1,-1,-1,-1,-1,0.070156
22890,413,0,18859,45.663438,0.000000,30.000000,-1,51.510791,51.510791,-1,21,0,1704,17,0,712,2350,0,264,5.382301,2.940924,2.940924,1.000000,0.744234,-1,-1,-1,-1,-1,0.064404
22900,392,0,18295,46.670918,0.000000,30.000000,-1,51.534190,51.534190,-1,17,0,1429,21,0,715,2031,0,188,5.619523,3.125375,3.125375,1.000000,0.759141,-1,-1,-1,-1,-1,0.066966
22910,401,0,18528,46.204489,0.000000,30.000000,-1,51.541829,51.541829,-1,10,0,1937,27,0,719,1724,0,111,5.620641,2.972579,2.972579,1.000000,0.763876,-1,-1,-1,-1,-1,0.064335
22920,401,0,17700,44.139651,0.000000,30.000000,-1,51.570452,51.570452,-1,28,0,1783,25,0,661,1664,0,359,5.603411,2.966830,2.966830,1.000000,0.732895,-1,-1,-1,-1,-1,0.067215
22930,383,0,17805,46.488251,0.000000,30.000000,-1,51.614715,51.614715,-1,13,0,1523,24,0,651,1710,0,161,5.744256,3.149192,3.149192,1.000000,0.766524,-1,-1,-1,-1,-1,0.067742
22940,411,0,18531,45.087591,0.000000,30.000000,-1,51.562733,51.562733,-1,23,0,1744,14,0,712,1700,0,312,5.588168,2.973992,2.973992,1.000000,0.744607,-1,-1,-1,-1,-1,0.065960
22950,390,0,17811,45.669231,0.000000,30.000000,-1,51.502218,51.502218,-1,16,0,1430,25,0,682,1707,0,200,5.565246,3.095438,3.095438,1.000000,0.757952,-1,-1,-1,-1,-1,0.067779
22960,387,0,17704,45.746770,0.000000,30.000000,-1,51.537110,51.537110,-1,18,0,1739,12,0,667,2093,0,232,5.802636,3.180629,3.180629,1.000000,0.754972,-1,-1,-1,-1,-1,0.069527
22970,381,0,17239,45.246719,0.000000,30.000000,-1,51.523116,51.523116,-1,18,0,1538,21,0,652,1650,0,219,5.636500,3.082806,3.082806,1.000000,0.756669,-1,-1,-1,-1,-1,0.068133
22980,409,0,18893,46.193154,0.000000,30.000000,-1,51.487323,51.487323,-1,18,0,1533,14,0,665,1698,0,228,5.449670,3.160200,3.160200,1.000000,0.765969,-1,-1,-1,-1,-1,0.068413
22990,399,0,17541,43.962406,0.000000,30.000000,-1,51.464398,51.464398,-1,28,0,1823,16,0,707,1742,0,390,5.674736,2.996586,2.996586,1.000000,0.727923,-1,-1,-1,-1,-1,0.068162
23000,415,0,18986,45.749398,0.000000,30.000000,-1,51.506794,51.506794,-1,22,0,1696,12,0,668,1583,0,294,5.687599,3.142636,3.142636,1.000000,0.749269,-1,-1,-1,-1,-1,0.068692
23010,394,0,18067,45.855330,0.000000,30.000000,-1,51.555543,51.555543,-1,15,0,1635,24,0,679,2041,0,178,5.662320,3.118318,3.118318,1.000000,0.761392,-1,-1,-1,-1,-1,0.068003
23020,399,0,18247,45.731830,0.000000,30.000000,-1,51.551104,51.551104,-1,19,0,1564,26,0,741,1884,0,231,5.469356,3.085186,3.085186,1.000000,0.758957,-1,-1,-1,-1,-1,0.067463
23030,393,0,17968,45.720102,0.000000,30.000000,-1,51.504174,51.504174,-1,22,0,1545,17,0,676,1652,0,270,5.573078,3.206396,3.206396,1.000000,0.758835,-1,-1,-1,-1,-1,0.070131
23040,417,0,18989,45.537170,0.000000,30.000000,-1,51.461478,51.461478,-1,24,0,1669,19,0,689,1875,0,306,5.627829,3.198710,3.198710,1.000000,0.748421,-1,-1,-1,-1,-1,0.070244
23050,393,0,17884,45.506361,0.000000,30.000000,-1,51.431671,51.431671,-1,23,0,1534,20,0,675,2253,0,299,5.642685,3.207067,3.207067,1.000000,0.753472,-1,-1,-1,-1,-1,0.070475
23060,390,0,17859,45.792308,0.000000,30.000000,-1,51.413461,51.413461,-1,14,0,1540,22,0,712,1625,0,186,5.900790,3.320089,3.320089,1.000000,0.773303,-1,-1,-1,-1,-1,0.072503
23070,389,0,17633,45.329049,0.000000,30.000000,-1,51.420405,51.420405,-1,18,0,1630,28,0,681,1994,0,237,5.557413,3.107663,3.107663,1.000000,0.766996,-1,-1,-1,-1,-1,0.068558
23080,400,0,18084,45.210000,0.000000,30.000000,-1,51.439892,51.439892,-1,19,0,1651,27,0,700,1728,0,248,5.463034,2.988811,2.988811,1.000000,0.758125,-1,-1,-1,-1,-1,0.066110
23090,394,0,17948,45.553299,0.000000,30.000000,-1,51.443949,51.443949,-1,17,0,1670,21,0,711,1718,0,217,5.527237,3.029205,3.029205,1.000000,0.763147,-1,-1,-1,-1,-1,0.066498
23100,385,0,17538,45.553247,0.000000,30.000000,-1,51.442810,51.442810,-1,19,0,1490,24,0,630,1931,0,215,5.633674,3.184507,3.184507,1.000000,0.764049,-1,-1,-1,-1,-1,0.069907
23110,404,0,18545,45.903465,0.000000,30.000000,-1,51.397735,51.397735,-1,15,0,1583,20,0,725,2054,0,173,5.203392,2.953374,2.953374,1.000000,0.769431,-1,-1,-1,-1,-1,0.064339
23120,418,0,19619,46.935407,0.000000,30.000000,-1,51.358275,51.358275,-1,14,0,1702,16,0,782,2003,0,182,5.550735,3.150222,3.150222,1.000000,0.775828,-1,-1,-1,-1,-1,0.067118
23130,406,0,18333,45.155172,0.000000,30.000000,-1,51.342115,51.342115,-1,22,0,1632,20,0,742,1739,0,262,5.303411,2.902664,2.902664,1.000000,0.761532,-1,-1,-1,-1,-1,0.064282
23140,409,0,18457,45.127139,0.000000,30.000000,-1,51.343339,51.343339,-1,22,0,1792,19,0,686,2233,0,273,5.630269,3.112891,3.112891,1.000000,0.764041,-1,-1,-1,-1,-1,0.068980
23150,411,0,18551,45.136253,0.000000,30.000000,-1,51.351302,51.351302,-1,23,0,1571,17,0,787,1875,0,283,5.381698,3.061935,3.061935,1.000000,0.758145,-1,-1,-1,-1,-1,0.067838
23160,414,0,18767,45.330918,0.000000,30.000000,-1,51.347099,51.347099,-1,21,0,1602,21,0,755,1833,0,273,5.423578,3.091720,3.091720,1.000000,0.769019,-1,-1,-1,-1,-1,0.068203
23170,422,0,19521,46.258294,0.000000,30.000000,-1,51.358793,51.358793,-1,14,0,1682,19,0,750,2126,0,200,5.376992,3.078436,3.078436,1.000000,0.784284,-1,-1,-1,-1,-1,0.066549
23180,404,0,18704,46.297030,0.000000,30.000000,-1,51.382913,51.382913,-1,16,0,1581,21,0,704,2110,0,186,5.196119,2.972964,2.972964,1.000000,0.779031,-1,-1,-1,-1,-1,0.064215
23190,410,0,18331,44.709756,0.000000,30.000000,-1,51.373957,51.373957,-1,28,0,1743,20,0,725,1588,0,353,5.401228,3.041862,3.041862,1.000000,0.756486,-1,-1,-1,-1,-1,0.068036
23200,432,0,19742,45.699074,0.000000,30.000000,-1,51.393780,51.393780,-1,21,0,1805,11,0,769,1940,0,275,5.341543,3.065533,3.065533,1.000000,0.771716,-1,-1,-1,-1,-1,0.067081
23210,426,0,19581,45.964789,0.000000,30.000000,-1,51.403146,51.403146,-1,17,0,1739,24,0,745,2085,0,229,5.212325,2.965353,2.965353,1.000000,0.776777,-1,-1,-1,-1,-1,0.064514
23220,414,0,19138,46.227053,0.000000,30.000000,-1,51.393615,51.393615,-1,18,0,1613,16,0,692,2143,0,238,5.559500,3.172327,3.172327,1.000000,0.773811,-1,-1,-1,-1,-1,0.068625
23230,414,0,19187,46.345411,0.000000,30.000000,-1,51.403242,51.403242,-1,14,0,1745,23,0,743,2024,0,164,5.186600,2.975811,2.975811,1.000000,0.777769,-1,-1,-1,-1,-1,0.064209
23240,405,0,18673,46.106173,0.000000,30.000000,-1,51.400685,51.400685,-1,16,0,1767,29,0,699,1416,0,212,5.764953,3.275847,3.275847,1.000000,0.774020,-1,-1,-1,-1,-1,0.071050
23250,422,0,19010,45.047393,0.000000,30.000000,-1,51.385955,51.385955,-1,26,0,1818,23,0,702,1632,0,362,5.082424,2.928408,2.928408,1.000000,0.762721,-1,-1,-1,-1,-1,0.065007
23260,414,0,18834,45.492754,0.000000,30.000000,-1,51.390517,51.390517,-1,22,0,1816,16,0,727,2066,0,303,5.283202,2.976249,2.976249,1.000000,0.769644,-1,-1,-1,-1,-1,0.065422
23270,386,0,17471,45.261658,0.000000,30.000000,-1,51.385897,51.385897,-1,21,0,1475,22,0,707,1494,0,266,5.340160,3.116416,3.116416,1.000000,0.777399,-1,-1,-1,-1,-1,0.068853
23280,392,0,17551,44.772959,0.000000,30.000000,-1,51.384707,51.384707,-1,24,0,1734,19,0,674,1876,0,308,5.685889,3.212252,3.212252,1.000000,0.767480,-1,-1,-1,-1,-1,0.071745
23290,411,0,18445,44.878345,0.000000,30.000000,-1,51.376904,51.376904,-1,25,0,1497,16,0,688,2084,0,328,5.250343,3.077892,3.077892,1.000000,0.768754,-1,-1,-1,-1,-1,0.068583
23300,387,0,17566,45.390181,0.000000,30.000000,-1,51.330411,51.330411,-1,20,0,1429,26,0,662,2039,0,236,5.637650,3.298120,3.298120,1.000000,0.775393,-1,-1,-1,-1,-1,0.072662
23310,386,0,17903,46.380829,0.000000,30.000000,-1,51.327766,51.327766,-1,14,0,1575,17,0,676,1842,0,196,5.698011,3.258811,3.258811,1.000000,0.788254,-1,-1,-1,-1,-1,0.070262
23320,420,0,19138,45.566667,0.000000,30.000000,-1,51.319730,51.319730,-1,17,0,1987,21,0,733,2009,0,197,5.399778,2.996821,2.996821,1.000000,0.773527,-1,-1,-1,-1,-1,0.065768
23330,409,0,18557,45.371638,0.000000,30.000000,-1,51.362990,51.362990,-1,18,0,1701,19,0,690,1570,0,222,5.404069,3.128589,3.128589,1.000000,0.775835,-1,-1,-1,-1,-1,0.068955
23340,408,0,18260,44.754902,0.000000,30.000000,-1,51.349781,51.349781,-1,26,0,1480,16,0,719,2098,0,316,5.592965,3.304288,3.304288,1.000000,0.770628,-1,-1,-1,-1,-1,0.073831
23350,415,0,18488,44.549398,0.000000,30.000000,-1,51.298410,51.298410,-1,27,0,1702,18,0,674,1764,0,350,5.385060,3.105933,3.105933,1.000000,0.765758,-1,-1,-1,-1,-1,0.069719
23360,421,0,18760,44.560570,0.000000,30.000000,-1,51.318230,51.318230,-1,27,0,1620,16,0,729,1981,0,363,5.190489,2.950219,2.950219,1.000000,0.760289,-1,-1,-1,-1,-1,0.066207
23370,408,0,18832,46.156863,0.000000,30.000000,-1,51.285737,51.285737,-1,19,0,1731,21,0,739,1675,0,236,5.361424,3.100761,3.100761,1.000000,0.773635,-1,-1,-1,-1,-1,0.067179
23380,420,0,19161,45.621429,0.000000,30.000000,-1,51.300872,51.300872,-1,23,0,1431,19,0,757,1738,0,295,5.060697,3.005970,3.005970,1.000000,0.774480,-1,-1,-1,-1,-1,0.065889
23390,409,0,18915,46.246944,0.000000,30.000000,-1,51.282474,51.282474,-1,15,0,1632,24,0,787,1653,0,182,5.339954,3.076974,3.076974,1.000000,0.785453,-1,-1,-1,-1,-1,0.066534
23400,396,0,18064,45.616162,0.000000,30.000000,-1,51.225698,51.225698,-1,17,0,1480,16,0,724,1868,0,215,5.315376,3.088303,3.088303,1.000000,0.779206,-1,-1,-1,-1,-1,0.067702
23410,415,0,18646,44.930120,0.000000,30.000000,-1,51.186957,51.186957,-1,16,0,1821,20,0,687,1989,0,185,5.548518,3.077299,3.077299,1.000000,0.778452,-1,-1,-1,-1,-1,0.068491
23420,415,0,19157,46.161446,0.000000,30.000000,-1,51.131649,51.131649,-1,18,0,1529,17,0,761,1836,0,263,5.487145,3.247794,3.247794,1.000000,0.779499,-1,-1,-1,-1,-1,0.070357
23430,402,0,18369,45.694030,0.000000,30.000000,-1,51.091513,51.091513,-1,19,0,1541,31,0,755,1782,0,256,5.252953,3.001489,3.001489,1.000000,0.768959,-1,-1,-1,-1,-1,0.065687
23440,418,0,19019,45.500000,0.000000,30.000000,-1,51.096640,51.096640,-1,18,0,1521,20,0,704,2063,0,241,5.286027,3.106967,3.106967,1.000000,0.784695,-1,-1,-1,-1,-1,0.068285
23450,411,0,18874,45.922141,0.000000,30.000000,-1,51.112589,51.112589,-1,14,0,1686,19,0,776,1807,0,173,5.455843,3.079321,3.079321,1.000000,0.785478,-1,-1,-1,-1,-1,0.067055
23460,406,0,18836,46.394089,0.000000,30.000000,-1,51.111276,51.111276,-1,15,0,1515,17,0,754,1658,0,181,5.251975,3.067870,3.067870,1.000000,0.785100,-1,-1,-1,-1,-1,0.066126
23470,391,0,17463,44.662404,0.000000,30.000000,-1,51.110119,51.110119,-1,24,0,1536,21,0,680,1699,0,305,5.351265,3.103125,3.103125,1.000000,0.762881,-1,-1,-1,-1,-1,0.069480
23480,394,0,18092,45.918782,0.000000,30.000000,-1,51.090150,51.090150,-1,19,0,1535,25,0,667,1950,0,226,5.312175,3.134425,3.134425,1.000000,0.775608,-1,-1,-1,-1,-1,0.068260
23490,403,0,18390,45.632754,0.000000,30.000000,-1,51.115878,51.115878,-1,17,0,1593,22,0,748,1663,0,226,5.266464,3.045403,3.045403,1.000000,0.782618,-1,-1,-1,-1,-1,0.066737
23500,376,0,16992,45.191489,0.000000,30.000000,-1,51.147658,51.147658,-1,17,0,1778,15,0,648,2143,0,205,5.518488,3.029891,3.029891,1.000000,0.780968,-1,-1,-1,-1,-1,0.067046
23510,388,0,17433,44.930412,0.000000,30.000000,-1,51.185223,51.185223,-1,22,0,1607,16,0,692,1883,0,267,5.685805,3.271363,3.271363,1.000000,0.771318,-1,-1,-1,-1,-1,0.072810
23520,398,0,17956,45.115578,0.000000,30.000000,-1,51.189352,51.189352,-1,20,0,1608,22,0,662,1885,0,270,5.457187,3.159348,3.159348,1.000000,0.778139,-1,-1,-1,-1,-1,0.070028
23530,422,0,18867,44.708531,0.000000,30.000000,-1,51.216410,51.216410,-1,24,0,2049,18,0,742,2166,0,292,5.196853,2.808658,2.808658,1.000000,0.760374,-1,-1,-1,-1,-1,0.062822
23540,386,0,17907,46.391192,0.000000,30.000000,-1,51.177026,51.177026,-1,18,0,1487,18,0,706,1866,0,239,5.627751,3.332648,3.332648,1.000000,0.773943,-1,-1,-1,-1,-1,0.071838
23550,396,0,18006,45.469697,0.000000,30.000000,-1,51.191381,51.191381,-1,21,0,1555,18,0,686,1754,0,256,5.663088,3.352906,3.352906,1.000000,0.774346,-1,-1,-1,-1,-1,0.073739
23560,438,0,19835,45.285388,0.000000,30.000000,-1,51.181447,51.181447,-1,24,0,1634,20,0,769,2400,0,291,5.491551,3.098088,3.098088,1.000000,0.762885,-1,-1,-1,-1,-1,0.068413
23570,409,0,18718,45.765281,0.000000,30.000000,-1,51.166631,51.166631,-1,18,0,1726,17,0,700,2534,0,223,5.399441,2.965794,2.965794,1.000000,0.769983,-1,-1,-1,-1,-1,0.064804
23580,417,0,19255,46.175060,0.000000,30.000000,-1,51.164788,51.164788,-1,12,0,1912,11,0,715,1842,0,152,5.525464,2.997089,2.997089,1.000000,0.787018,-1,-1,-1,-1,-1,0.064907
23590,403,0,18106,44.928040,0.000000,30.000000,-1,51.198498,51.198498,-1,20,0,1705,15,0,741,1783,0,256,5.536856,3.098971,3.098971,1.000000,0.773405,-1,-1,-1,-1,-1,0.068976
23600,401,0,17828,44.458853,0.000000,30.000000,-1,51.194469,51.194469,-1,27,0,1554,12,0,636,1674,0,361,5.565002,3.231341,3.231341,1.000000,0.766134,-1,-1,-1,-1,-1,0.072682
23610,417,0,19266,46.201439,0.000000,30.000000,-1,51.178864,51.178864,-1,16,0,1843,17,0,782,2219,0,204,5.482386,3.154134,3.154134,1.000000,0.788499,-1,-1,-1,-1,-1,0.068269
23620,413,0,18870,45.690073,0.000000,30.000000,-1,51.197085,51.197085,-1,22,0,1750,16,0,709,1810,0,272,5.614343,3.179846,3.179846,1.000000,0.762120,-1,-1,-1,-1,-1,0.069596
23630,420,0,18996,45.228571,0.000000,30.000000,-1,51.181038,51.181038,-1,22,0,1583,24,0,745,2061,0,274,5.073986,2.877904,2.877904,1.000000,0.767233,-1,-1,-1,-1,-1,0.063630
23640,417,0,18974,45.501199,0.000000,30.000000,-1,51.187414,51.187414,-1,24,0,1577,24,0,800,2191,0,309,5.243420,3.033616,3.033616,1.000000,0.766707,-1,-1,-1,-1,-1,0.066671
23650,399,0,18177,45.556391,0.000000,30.000000,-1,51.163668,51.163668,-1,20,0,1778,15,0,692,2269,0,227,5.603657,3.073691,3.073691,1.000000,0.765418,-1,-1,-1,-1,-1,0.067470
23660,409,0,18916,46.249389,0.000000,30.000000,-1,51.159547,51.159547,-1,14,0,1643,18,0,684,1961,0,172,5.578120,3.138728,3.138728,1.000000,0.781958,-1,-1,-1,-1,-1,0.067865
23670,422,0,18909,44.808057,0.000000,30.000000,-1,51.166323,51.166323,-1,28,0,1661,11,0,785,2216,0,344,5.303309,3.028106,3.028106,1.000000,0.751403,-1,-1,-1,-1,-1,0.067580
23680,398,0,18430,46.306533,0.000000,30.000000,-1,51.156593,51.156593,-1,18,0,1345,27,0,686,1812,0,207,5.507039,3.288247,3.288247,1.000000,0.781141,-1,-1,-1,-1,-1,0.071010
23690,395,0,17948,45.437975,0.000000,30.000000,-1,51.140071,51.140071,-1,18,0,1509,17,0,707,1822,0,227,5.573778,3.202593,3.202593,1.000000,0.774399,-1,-1,-1,-1,-1,0.070483
23700,401,0,18408,45.905237,0.000000,30.000000,-1,51.181334,51.181334,-1,17,0,1557,18,0,663,2049,0,225,5.506067,3.149794,3.149794,1.000000,0.774664,-1,-1,-1,-1,-1,0.068615
23710,411,0,18336,44.613139,0.000000,30.000000,-1,51.205388,51.205388,-1,24,0,1764,21,0,705,2158,0,301,5.420594,3.011453,3.011453,1.000000,0.754719,-1,-1,-1,-1,-1,0.067501
23720,389,0,17920,46.066838,0.000000,30.000000,-1,51.190234,51.190234,-1,16,0,1775,21,0,696,1820,0,175,5.685507,3.160374,3.160374,1.000000,0.763958,-1,-1,-1,-1,-1,0.068604
23730,412,0,18941,45.973301,0.000000,30.000000,-1,51.199514,51.199514,-1,13,0,1790,14,0,722,2238,0,169,5.845987,3.166495,3.166495,1.000000,0.769724,-1,-1,-1,-1,-1,0.068877
23740,394,0,17719,44.972081,0.000000,30.000000,-1,51.203962,51.203962,-1,18,0,1516,24,0,670,1669,0,207,5.517289,3.130402,3.130402,1.000000,0.771084,-1,-1,-1,-1,-1,0.069608
23750,381,0,17577,46.133858,0.000000,30.000000,-1,51.205837,51.205837,-1,16,0,1487,23,0,599,2011,0,216,5.742971,3.210501,3.210501,1.000000,0.764538,-1,-1,-1,-1,-1,0.069591
23760,411,0,18918,46.029197,0.000000,30.000000,-1,51.222857,51.222857,-1,18,0,1735,21,0,708,2344,0,225,5.625433,3.140527,3.140527,1.000000,0.768434,-1,-1,-1,-1,-1,0.068229
23770,408,0,18583,45.546569,0.000000,30.000000,-1,51.210623,51.210623,-1,21,0,1538,18,0,714,1872,0,301,5.380582,3.079152,3.079152,1.000000,0.761789,-1,-1,-1,-1,-1,0.067604
23780,408,0,18787,46.046569,0.000000,30.000000,-1,51.224091,51.224091,-1,14,0,1803,21,0,713,1915,0,161,5.617089,3.061833,3.061833,1.000000,0.768915,-1,-1,-1,-1,-1,0.066494
23790,406,0,18846,46.418719,0.000000,30.000000,-1,51.242333,51.242333,-1,10,0,1928,28,0,803,2139,0,135,5.536025,2.992769,2.992769,1.000000,0.778325,-1,-1,-1,-1,-1,0.064473
23800,412,0,18974,46.053398,0.000000,30.000000,-1,51.228260,51.228260,-1,16,0,1710,20,0,759,2033,0,197,5.833492,3.279488,3.279488,1.000000,0.773167,-1,-1,-1,-1,-1,0.071211
23810,410,0,18413,44.909756,0.000000,30.000000,-1,51.211372,51.211372,-1,28,0,1553,19,0,738,1890,0,359,5.398713,3.089556,3.089556,1.000000,0.747141,-1,-1,-1,-1,-1,0.068795
23820,414,0,18645,45.036232,0.000000,30.000000,-1,51.219898,51.219898,-1,23,0,1710,16,0,719,1819,0,280,5.745090,3.202460,3.202460,1.000000,0.754461,-1,-1,-1,-1,-1,0.071109
23830,408,0,19009,46.590686,0.000000,30.000000,-1,51.237203,51.237203,-1,14,0,1794,15,0,754,2026,0,172,5.510882,3.041055,3.041055,1.000000,0.763977,-1,-1,-1,-1,-1,0.065272
23840,415,0,19012,45.812048,0.000000,30.000000,-1,51.270566,51.270566,-1,17,0,1701,17,0,762,2164,0,192,5.464211,3.015651,3.015651,1.000000,0.764024,-1,-1,-1,-1,-1,0.065827
23850,428,0,19108,44.644860,0.000000,30.000000,-1,51.288518,51.288518,-1,30,0,1464,16,0,732,2227,0,378,5.344330,3.073727,3.073727,1.000000,0.743650,-1,-1,-1,-1,-1,0.068848
23860,437,0,19781,45.265446,0.000000,30.000000,-1,51.308731,51.308731,-1,20,0,1912,19,0,815,2140,0,276,5.320267,2.921533,2.921533,1.000000,0.759607,-1,-1,-1,-1,-1,0.064542
23870,427,0,19505,45.679157,0.000000,30.000000,-1,51.311612,51.311612,-1,18,0,1753,22,0,726,2053,0,223,5.526044,3.103040,3.103040,1.000000,0.765512,-1,-1,-1,-1,-1,0.067931
23880,392,0,18595,47.436224,0.000000,30.000000,-1,51.338693,51.338693,-1,10,0,1681,21,0,663,2304,0,108,5.658380,3.158433,3.158433,1.000000,0.773163,-1,-1,-1,-1,-1,0.066583
23890,378,0,17138,45.338624,0.000000,30.000000,-1,51.307154,51.307154,-1,24,0,1526,13,0,688,1704,0,311,5.788693,3.263335,3.263335,1.000000,0.751646,-1,-1,-1,-1,-1,0.071977
23900,384,0,17682,46.046875,0.000000,30.000000,-1,51.281360,51.281360,-1,19,0,1511,19,0,713,1828,0,233,5.440723,3.135666,3.135666,1.000000,0.768193,-1,-1,-1,-1,-1,0.068097
23910,386,0,17745,45.971503,0.000000,30.000000,-1,51.267399,51.267399,-1,18,0,1572,21,0,708,2005,0,241,5.564861,3.139802,3.139802,1.000000,0.769620,-1,-1,-1,-1,-1,0.068299
23920,395,0,18172,46.005063,0.000000,30.000000,-1,51.280872,51.280872,-1,14,0,1541,26,0,674,2039,0,162,5.535202,3.099518,3.099518,1.000000,0.774095,-1,-1,-1,-1,-1,0.067373
23930,378,0,17185,45.462963,0.000000,30.000000,-1,51.237707,51.237707,-1,21,0,1488,13,0,692,1600,0,291,5.894655,3.397232,3.397232,1.000000,0.756668,-1,-1,-1,-1,-1,0.074725
23940,384,0,17852,46.489583,0.000000,30.000000,-1,51.227650,51.227650,-1,16,0,1382,15,0,644,2233,0,182,5.392444,3.206018,3.206018,1.000000,0.776836,-1,-1,-1,-1,-1,0.068962
23950,377,0,16888,44.795756,0.000000,30.000000,-1,51.187056,51.187056,-1,19,0,1740,24,0,666,1873,0,238,5.674169,2.989340,2.989340,1.000000,0.758466,-1,-1,-1,-1,-1,0.066733
23960,402,0,18130,45.099502,0.000000,30.000000,-1,51.180474,51.180474,-1,28,0,1550,15,0,667,1969,0,348,5.710596,3.295445,3.295445,1.000000,0.748936,-1,-1,-1,-1,-1,0.073071
23970,403,0,18429,45.729529,0.000000,30.000000,-1,51.212545,51.212545,-1,19,0,1357,19,0,655,2411,0,221,5.202508,3.019655,3.019655,1.000000,0.763964,-1,-1,-1,-1,-1,0.066033
23980,406,0,18289,45.046798,0.000000,30.000000,-1,51.227733,51.227733,-1,22,0,1459,29,0,719,2216,0,286,5.445221,3.113619,3.113619,1.000000,0.764280,-1,-1,-1,-1,-1,0.069120
23990,404,0,18258,45.193069,0.000000,30.000000,-1,51.241647,51.241647,-1,22,0,1609,19,0,685,1923,0,277,5.718211,3.276603,3.276603,1.000000,0.758224,-1,-1,-1,-1,-1,0.072502
24000,399,0,18135,45.451128,0.000000,30.000000,-1,51.224593,51.224593,-1,21,0,1598,21,0,660,1661,0,289,5.640731,3.219754,3.219754,1.000000,0.769436,-1,-1,-1,-1,-1,0.070840
24010,413,0,18868,45.685230,0.000000,30.000000,-1,51.228588,51.228588,-1,16,0,1747,18,0,724,1894,0,217,5.385835,2.992004,2.992004,1.000000,0.777730,-1,-1,-1,-1,-1,0.065492
24020,403,0,18307,45.426799,0.000000,30.000000,-1,51.225324,51.225324,-1,17,0,1734,15,0,730,1995,0,232,5.637479,3.144986,3.144986,1.000000,0.774481,-1,-1,-1,-1,-1,0.069232
24030,394,0,18115,45.977157,0.000000,30.000000,-1,51.210709,51.210709,-1,20,0,1614,13,0,696,1828,0,268,5.714788,3.283218,3.283218,1.000000,0.765285,-1,-1,-1,-1,-1,0.071410
24040,387,0,17548,45.343669,0.000000,30.000000,-1,51.213187,51.213187,-1,20,0,1561,24,0,714,1768,0,249,5.651735,3.245767,3.245767,1.000000,0.770180,-1,-1,-1,-1,-1,0.071581
24050,398,0,18244,45.839196,0.000000,30.000000,-1,51.261730,51.261730,-1,13,0,1699,15,0,675,2106,0,157,5.458785,3.082134,3.082134,1.000000,0.786023,-1,-1,-1,-1,-1,0.067238
24060,394,0,17938,45.527919,0.000000,30.000000,-1,51.265414,51.265414,-1,21,0,1686,16,0,696,1960,0,232,5.415660,3.114918,3.114918,1.000000,0.766417,-1,-1,-1,-1,-1,0.068418
24070,382,0,17378,45.492147,0.000000,30.000000,-1,51.219646,51.219646,-1,18,0,1484,21,0,651,1540,0,221,5.429380,3.098668,3.098668,1.000000,0.773798,-1,-1,-1,-1,-1,0.068114
24080,395,0,17994,45.554430,0.000000,30.000000,-1,51.162776,51.162776,-1,19,0,1662,16,0,676,1382,0,222,5.848228,3.245443,3.245443,1.000000,0.760672,-1,-1,-1,-1,-1,0.071243
24090,402,0,18818,46.810945,0.000000,30.000000,-1,51.175895,51.175895,-1,14,0,1429,21,0,739,1788,0,174,5.701691,3.371278,3.371278,1.000000,0.780675,-1,-1,-1,-1,-1,0.072019
24100,397,0,18120,45.642317,0.000000,30.000000,-1,51.181347,51.181347,-1,17,0,1721,24,0,727,1700,0,220,5.453348,3.059307,3.059307,1.000000,0.773682,-1,-1,-1,-1,-1,0.067028
24110,407,0,18568,45.621622,0.000000,30.000000,-1,51.212624,51.212624,-1,18,0,2035,11,0,721,2089,0,208,5.675349,3.096617,3.096617,1.000000,0.773150,-1,-1,-1,-1,-1,0.067876
24120,413,0,18870,45.690073,0.000000,30.000000,-1,51.219290,51.219290,-1,19,0,1632,17,0,753,1849,0,239,5.651019,3.181104,3.181104,1.000000,0.768503,-1,-1,-1,-1,-1,0.069624
24130,415,0,18964,45.696386,0.000000,30.000000,-1,51.200802,51.200802,-1,20,0,1611,19,0,691,2246,0,247,5.388185,3.163507,3.163507,1.000000,0.782030,-1,-1,-1,-1,-1,0.069229
24140,420,0,19183,45.673810,0.000000,30.000000,-1,51.230882,51.230882,-1,16,0,1998,18,0,788,2059,0,201,5.308031,2.884486,2.884486,1.000000,0.780423,-1,-1,-1,-1,-1,0.063154
24150,405,0,18817,46.461728,0.000000,30.000000,-1,51.237339,51.237339,-1,13,0,1861,25,0,686,1825,0,164,5.537381,3.094247,3.094247,1.000000,0.778813,-1,-1,-1,-1,-1,0.066598
24160,437,0,19552,44.741419,0.000000,30.000000,-1,51.235219,51.235219,-1,25,0,1707,17,0,803,2090,0,302,5.261994,3.021650,3.021650,1.000000,0.766467,-1,-1,-1,-1,-1,0.067536
24170,416,0,19110,45.937500,0.000000,30.000000,-1,51.223129,51.223129,-1,15,0,1788,23,0,757,2308,0,178,5.432401,3.062448,3.062448,1.000000,0.787193,-1,-1,-1,-1,-1,0.066666
24180,418,0,19360,46.315789,0.000000,30.000000,-1,51.238068,51.238068,-1,17,0,1554,20,0,767,2063,0,199,5.132403,3.086896,3.086896,1.000000,0.790336,-1,-1,-1,-1,-1,0.066649
24190,398,0,18539,46.580402,0.000000,30.000000,-1,51.250715,51.250715,-1,12,0,2051,31,0,738,1877,0,157,5.518703,3.053982,3.053982,1.000000,0.790230,-1,-1,-1,-1,-1,0.065564
24200,422,0,19484,46.170616,0.000000,30.000000,-1,51.233628,51.233628,-1,18,0,1876,12,0,749,1796,0,208,5.482769,3.153430,3.153430,1.000000,0.772816,-1,-1,-1,-1,-1,0.068300
24210,407,0,18677,45.889435,0.000000,30.000000,-1,51.205922,51.205922,-1,18,0,1944,24,0,728,2022,0,219,5.521847,3.074151,3.074151,1.000000,0.777249,-1,-1,-1,-1,-1,0.066990
24220,383,0,17413,45.464752,0.000000,30.000000,-1,51.219836,51.219836,-1,18,0,1618,25,0,677,1755,0,225,5.688464,3.216298,3.216298,1.000000,0.770438,-1,-1,-1,-1,-1,0.070743
24230,382,0,17600,46.073298,0.000000,30.000000,-1,51.225682,51.225682,-1,12,0,1433,21,0,657,1945,0,150,5.795281,3.271099,3.271099,1.000000,0.791118,-1,-1,-1,-1,-1,0.070998
24240,406,0,18350,45.197044,0.000000,30.000000,-1,51.251880,51.251880,-1,21,0,1516,17,0,722,1669,0,282,5.358872,3.185991,3.185991,1.000000,0.778049,-1,-1,-1,-1,-1,0.070491
24250,395,0,18170,46.000000,0.000000,30.000000,-1,51.309026,51.309026,-1,10,0,1841,17,0,697,1771,0,121,5.670636,3.124904,3.124904,1.000000,0.793723,-1,-1,-1,-1,-1,0.067933
24260,396,0,18328,46.282828,0.000000,30.000000,-1,51.330260,51.330260,-1,16,0,1573,22,0,654,1750,0,180,5.366077,3.185511,3.185511,1.000000,0.791964,-1,-1,-1,-1,-1,0.068827
24270,384,0,17476,45.510417,0.000000,30.000000,-1,51.350423,51.350423,-1,20,0,1621,24,0,694,1762,0,246,5.785778,3.408543,3.408543,1.000000,0.779129,-1,-1,-1,-1,-1,0.074896
24280,392,0,18003,45.926020,0.000000,30.000000,-1,51.406766,51.406766,-1,16,0,1751,20,0,622,2073,0,179,5.721518,3.318448,3.318448,1.000000,0.787835,-1,-1,-1,-1,-1,0.072256
24290,395,0,17711,44.837975,0.000000,30.000000,-1,51.399695,51.399695,-1,20,0,1539,20,0,638,1777,0,246,5.749210,3.240663,3.240663,1.000000,0.775994,-1,-1,-1,-1,-1,0.072275
24300,407,0,18465,45.368550,0.000000,30.000000,-1,51.416518,51.416518,-1,20,0,1908,22,0,701,1839,0,259,5.518384,3.144188,3.144188,1.000000,0.773769,-1,-1,-1,-1,-1,0.069303
24310,396,0,18532,46.797980,0.000000,30.000000,-1,51.441938,51.441938,-1,14,0,1733,20,0,723,1751,0,198,5.404904,3.156664,3.156664,1.000000,0.792828,-1,-1,-1,-1,-1,0.067453
24320,399,0,18023,45.170426,0.000000,30.000000,-1,51.436664,51.436664,-1,24,0,1560,17,0,726,1895,0,307,5.709569,3.351536,3.351536,1.000000,0.778526,-1,-1,-1,-1,-1,0.074198
24330,434,0,19945,45.956221,0.000000,30.000000,-1,51.434044,51.434044,-1,20,0,1751,20,0,745,2065,0,241,5.091587,2.979408,2.979408,1.000000,0.783271,-1,-1,-1,-1,-1,0.064831
24340,427,0,18905,44.274005,0.000000,30.000000,-1,51.424438,51.424438,-1,28,0,1792,17,0,753,2082,0,361,5.424985,3.045573,3.045573,1.000000,0.758279,-1,-1,-1,-1,-1,0.068789
24350,385,0,17471,45.379221,0.000000,30.000000,-1,51.415317,51.415317,-1,22,0,1374,22,0,675,2054,0,261,5.632859,3.311730,3.311730,1.000000,0.775024,-1,-1,-1,-1,-1,0.072979
24360,414,0,18756,45.304348,0.000000,30.000000,-1,51.393101,51.393101,-1,21,0,1778,27,0,733,1800,0,262,5.239752,3.063561,3.063561,1.000000,0.780713,-1,-1,-1,-1,-1,0.067622
24370,403,0,18672,46.332506,0.000000,30.000000,-1,51.419826,51.419826,-1,18,0,1570,21,0,735,2144,0,189,5.710219,3.427498,3.427498,1.000000,0.786803,-1,-1,-1,-1,-1,0.073976
24380,393,0,18279,46.511450,0.000000,30.000000,-1,51.441381,51.441381,-1,15,0,1403,18,0,695,1984,0,202,5.377942,3.274184,3.274184,1.000000,0.792496,-1,-1,-1,-1,-1,0.070395
24390,396,0,18281,46.164141,0.000000,30.000000,-1,51.445818,51.445818,-1,12,0,1587,23,0,670,1999,0,157,5.554105,3.247302,3.247302,1.000000,0.803452,-1,-1,-1,-1,-1,0.070343
24400,415,0,18851,45.424096,0.000000,30.000000,-1,51.439446,51.439446,-1,17,0,1974,20,0,751,1704,0,219,5.519966,3.100114,3.100114,1.000000,0.781173,-1,-1,-1,-1,-1,0.068248
24410,404,0,18674,46.222772,0.000000,30.000000,-1,51.441041,51.441041,-1,17,0,1323,19,0,716,1938,0,219,5.496228,3.254322,3.254322,1.000000,0.782306,-1,-1,-1,-1,-1,0.070405
24420,422,0,19145,45.367299,0.000000,30.000000,-1,51.433116,51.433116,-1,25,0,1877,22,0,757,1976,0,352,5.513055,3.150790,3.150790,1.000000,0.764659,-1,-1,-1,-1,-1,0.069451
24430,415,0,19068,45.946988,0.000000,30.000000,-1,51.402140,51.402140,-1,23,0,1776,22,0,701,1745,0,304,5.491097,3.221123,3.221123,1.000000,0.772308,-1,-1,-1,-1,-1,0.070105
24440,391,0,17984,45.994885,0.000000,30.000000,-1,51.377669,51.377669,-1,16,0,1709,16,0,685,1896,0,221,5.693979,3.308518,3.308518,1.000000,0.785845,-1,-1,-1,-1,-1,0.071932
24450,398,0,18568,46.653266,0.000000,30.000000,-1,51.384533,51.384533,-1,18,0,1532,19,0,784,2123,0,221,5.617899,3.294998,3.294998,1.000000,0.773863,-1,-1,-1,-1,-1,0.070627
24460,427,0,19641,45.997658,0.000000,30.000000,-1,51.385062,51.385062,-1,17,0,1697,16,0,751,2477,0,210,5.180540,3.010438,3.010438,1.000000,0.784558,-1,-1,-1,-1,-1,0.065448
24470,430,0,18667,43.411628,0.000000,30.000000,-1,51.395457,51.395457,-1,41,0,1736,21,0,797,2130,0,533,5.323898,3.098472,3.098472,1.000000,0.736277,-1,-1,-1,-1,-1,0.071374
24480,402,0,18746,46.631841,0.000000,30.000000,-1,51.405527,51.405527,-1,17,0,1393,19,0,690,1727,0,221,5.363129,3.191005,3.191005,1.000000,0.771336,-1,-1,-1,-1,-1,0.068430
24490,405,0,18706,46.187654,0.000000,30.000000,-1,51.417460,51.417460,-1,16,0,1511,15,0,759,1694,0,216,5.446556,3.190951,3.190951,1.000000,0.786957,-1,-1,-1,-1,-1,0.069087
24500,406,0,18565,45.726601,0.000000,30.000000,-1,51.430218,51.430218,-1,22,0,1402,17,0,702,1783,0,272,5.361330,3.189163,3.189163,1.000000,0.767431,-1,-1,-1,-1,-1,0.069744
24510,392,0,17867,45.579082,0.000000,30.000000,-1,51.427772,51.427772,-1,17,0,1475,15,0,702,1802,0,219,5.494692,3.186370,3.186370,1.000000,0.780827,-1,-1,-1,-1,-1,0.069909
24520,421,0,19020,45.178147,0.000000,30.000000,-1,51.420978,51.420978,-1,20,0,1896,12,0,715,2249,0,255,5.304036,2.957812,2.957812,1.000000,0.764836,-1,-1,-1,-1,-1,0.065470
24530,398,0,17757,44.615578,0.000000,30.000000,-1,51.452836,51.452836,-1,28,0,1567,11,0,701,1805,0,368,5.418222,3.103135,3.103135,1.000000,0.750283,-1,-1,-1,-1,-1,0.069553
24540,402,0,18620,46.318408,0.000000,30.000000,-1,51.492965,51.492965,-1,16,0,1530,21,0,705,1697,0,201,5.535962,3.247383,3.247383,1.000000,0.776581,-1,-1,-1,-1,-1,0.070110
24550,409,0,18866,46.127139,0.000000,30.000000,-1,51.505301,51.505301,-1,18,0,1470,22,0,677,1551,0,229,5.430319,3.257422,3.257422,1.000000,0.778948,-1,-1,-1,-1,-1,0.070618
24560,419,0,18947,45.219570,0.000000,30.000000,-1,51.510160,51.510160,-1,24,0,1714,24,0,769,1895,0,289,5.303397,3.020750,3.020750,1.000000,0.771394,-1,-1,-1,-1,-1,0.066802
24570,442,0,20021,45.296380,0.000000,30.000000,-1,51.521003,51.521003,-1,22,0,1872,15,0,831,2193,0,302,4.913482,2.736000,2.736000,1.000000,0.770341,-1,-1,-1,-1,-1,0.060402
24580,398,0,18173,45.660804,0.000000,30.000000,-1,51.521323,51.521323,-1,20,0,1549,16,0,721,1875,0,264,5.701639,3.280653,3.280653,1.000000,0.759253,-1,-1,-1,-1,-1,0.071848
24590,398,0,18536,46.572864,0.000000,30.000000,-1,51.559074,51.559074,-1,17,0,1594,13,0,718,1743,0,215,5.656674,3.336267,3.336267,1.000000,0.770746,-1,-1,-1,-1,-1,0.071635
24600,417,0,18654,44.733813,0.000000,30.000000,-1,51.575801,51.575801,-1,29,0,1559,20,0,759,2111,0,377,5.416074,3.145876,3.145876,1.000000,0.758594,-1,-1,-1,-1,-1,0.070324
24610,411,0,18548,45.128954,0.000000,30.000000,-1,51.594727,51.594727,-1,24,0,1754,17,0,742,1975,0,305,5.355100,2.974874,2.974874,1.000000,0.761318,-1,-1,-1,-1,-1,0.065919
24620,430,0,19618,45.623256,0.000000,30.000000,-1,51.590121,51.590121,-1,21,0,1773,9,0,784,1928,0,284,5.325445,3.007113,3.007113,1.000000,0.766857,-1,-1,-1,-1,-1,0.065912
24630,411,0,18580,45.206813,0.000000,30.000000,-1,51.558450,51.558450,-1,25,0,1622,26,0,721,2072,0,311,5.442987,3.132033,3.132033,1.000000,0.760048,-1,-1,-1,-1,-1,0.069282
24640,412,0,18769,45.555825,0.000000,30.000000,-1,51.538441,51.538441,-1,19,0,1558,15,0,665,2121,0,239,5.079868,2.979444,2.979444,1.000000,0.779784,-1,-1,-1,-1,-1,0.065402
24650,400,0,18097,45.242500,0.000000,30.000000,-1,51.548323,51.548323,-1,19,0,1671,19,0,639,1947,0,249,5.597383,3.203093,3.203093,1.000000,0.775034,-1,-1,-1,-1,-1,0.070798
24660,381,0,17810,46.745407,0.000000,30.000000,-1,51.554576,51.554576,-1,13,0,1565,21,0,624,1755,0,172,5.670711,3.333663,3.333663,1.000000,0.790094,-1,-1,-1,-1,-1,0.071315
24670,390,0,18200,46.666667,0.000000,30.000000,-1,51.588681,51.588681,-1,17,0,1460,18,0,695,1643,0,215,5.814827,3.483463,3.483463,1.000000,0.785250,-1,-1,-1,-1,-1,0.074646
24680,396,0,18027,45.522727,0.000000,30.000000,-1,51.585289,51.585289,-1,19,0,1734,15,0,711,1752,0,222,5.593547,3.254577,3.254577,1.000000,0.780714,-1,-1,-1,-1,-1,0.071493
24690,405,0,18612,45.955556,0.000000,30.000000,-1,51.629755,51.629755,-1,17,0,1659,21,0,629,1881,0,227,5.615308,3.172816,3.172816,1.000000,0.778342,-1,-1,-1,-1,-1,0.069041
24700,408,0,18389,45.071078,0.000000,30.000000,-1,51.630812,51.630812,-1,26,0,1535,18,0,710,1836,0,325,5.474700,3.207762,3.207762,1.000000,0.770231,-1,-1,-1,-1,-1,0.071171
24710,408,0,18654,45.720588,0.000000,30.000000,-1,51.661735,51.661735,-1,17,0,1739,24,0,708,2080,0,219,5.171461,3.022691,3.022691,1.000000,0.786087,-1,-1,-1,-1,-1,0.066112
24720,386,0,17603,45.603627,0.000000,30.000000,-1,51.633642,51.633642,-1,17,0,1641,18,0,693,2049,0,229,5.444196,3.084240,3.084240,1.000000,0.782347,-1,-1,-1,-1,-1,0.067631
24730,405,0,18081,44.644444,0.000000,30.000000,-1,51.657265,51.657265,-1,30,0,1675,16,0,687,2144,0,382,5.354139,3.143980,3.143980,1.000000,0.765726,-1,-1,-1,-1,-1,0.070423
24740,414,0,19058,46.033816,0.000000,30.000000,-1,51.671686,51.671686,-1,16,0,1667,17,0,695,2053,0,216,5.387618,3.096164,3.096164,1.000000,0.785809,-1,-1,-1,-1,-1,0.067258
24750,396,0,18047,45.573232,0.000000,30.000000,-1,51.677675,51.677675,-1,18,0,1584,27,0,710,1608,0,217,5.453932,3.158021,3.158021,1.000000,0.779151,-1,-1,-1,-1,-1,0.069296
24760,373,0,17394,46.632708,0.000000,30.000000,-1,51.678682,51.678682,-1,12,0,1461,13,0,619,1783,0,140,5.903001,3.453249,3.453249,1.000000,0.791986,-1,-1,-1,-1,-1,0.074052
24770,382,0,17418,45.596859,0.000000,30.000000,-1,51.687163,51.687163,-1,17,0,1819,21,0,663,1893,0,210,5.836931,3.182827,3.182827,1.000000,0.768895,-1,-1,-1,-1,-1,0.069804
24780,396,0,18015,45.492424,0.000000,30.000000,-1,51.650902,51.650902,-1,18,0,1668,12,0,621,1940,0,209,5.531938,3.139118,3.139118,1.000000,0.777585,-1,-1,-1,-1,-1,0.069003
24790,401,0,18132,45.216958,0.000000,30.000000,-1,51.648908,51.648908,-1,21,0,1738,25,0,664,1619,0,241,5.560934,3.033888,3.033888,1.000000,0.773774,-1,-1,-1,-1,-1,0.067096
24800,390,0,17831,45.720513,0.000000,30.000000,-1,51.639224,51.639224,-1,18,0,1547,20,0,616,1557,0,213,5.753735,3.329660,3.329660,1.000000,0.771420,-1,-1,-1,-1,-1,0.072826
24810,403,0,18687,46.369727,0.000000,30.000000,-1,51.675657,51.675657,-1,15,0,1629,27,0,742,1640,0,189,5.493070,3.135254,3.135254,1.000000,0.776884,-1,-1,-1,-1,-1,0.067614
24820,408,0,18787,46.046569,0.000000,30.000000,-1,51.669293,51.669293,-1,18,0,1687,17,0,749,1498,0,217,5.436095,3.125705,3.125705,1.000000,0.780467,-1,-1,-1,-1,-1,0.067881
24830,412,0,18868,45.796117,0.000000,30.000000,-1,51.691117,51.691117,-1,19,0,1552,24,0,686,2137,0,265,5.288309,3.126315,3.126315,1.000000,0.777249,-1,-1,-1,-1,-1,0.068266
24840,395,0,17818,45.108861,0.000000,30.000000,-1,51.682737,51.682737,-1,24,0,1573,22,0,726,1913,0,285,5.614378,3.184477,3.184477,1.000000,0.757955,-1,-1,-1,-1,-1,0.070595
24850,387,0,18067,46.684755,0.000000,30.000000,-1,51.707810,51.707810,-1,14,0,1418,17,0,657,1719,0,169,5.787225,3.450501,3.450501,1.000000,0.784443,-1,-1,-1,-1,-1,0.073911
24860,390,0,17944,46.010256,0.000000,30.000000,-1,51.722916,51.722916,-1,17,0,1548,22,0,671,1757,0,221,5.531221,3.177326,3.177326,1.000000,0.776178,-1,-1,-1,-1,-1,0.069057
24870,416,0,18814,45.225962,0.000000,30.000000,-1,51.721856,51.721856,-1,23,0,1789,11,0,771,2032,0,306,5.272810,2.985260,2.985260,1.000000,0.765559,-1,-1,-1,-1,-1,0.066008
24880,415,0,18754,45.190361,0.000000,30.000000,-1,51.727738,51.727738,-1,18,0,1889,21,0,692,2118,0,224,5.145902,2.845780,2.845780,1.000000,0.769695,-1,-1,-1,-1,-1,0.062973
24890,406,0,18392,45.300493,0.000000,30.000000,-1,51.729448,51.729448,-1,19,0,1749,27,0,696,1519,0,236,5.407386,2.909762,2.909762,1.000000,0.761517,-1,-1,-1,-1,-1,0.064232
24900,405,0,17942,44.301235,0.000000,30.000000,-1,51.726786,51.726786,-1,29,0,1682,22,0,658,1674,0,368,5.615369,3.151709,3.151709,1.000000,0.748903,-1,-1,-1,-1,-1,0.071143
24910,406,0,18454,45.453202,0.000000,30.000000,-1,51.719898,51.719898,-1,21,0,1616,13,0,699,2385,0,241,5.465114,3.096932,3.096932,1.000000,0.766267,-1,-1,-1,-1,-1,0.068135
24920,404,0,18587,46.007426,0.000000,30.000000,-1,51.705708,51.705708,-1,17,0,1505,19,0,725,2164,0,215,5.181783,3.040085,3.040085,1.000000,0.778903,-1,-1,-1,-1,-1,0.066078
24930,406,0,18594,45.798030,0.000000,30.000000,-1,51.704582,51.704582,-1,21,0,1504,17,0,723,1862,0,252,5.587966,3.240480,3.240480,1.000000,0.769626,-1,-1,-1,-1,-1,0.070756
24940,407,0,18712,45.975430,0.000000,30.000000,-1,51.720767,51.720767,-1,23,0,1524,19,0,701,1884,0,263,5.536795,3.246287,3.246287,1.000000,0.765544,-1,-1,-1,-1,-1,0.070609
24950,418,0,19138,45.784689,0.000000,30.000000,-1,51.705142,51.705142,-1,21,0,1840,18,0,724,2446,0,245,5.425523,3.042408,3.042408,1.000000,0.761257,-1,-1,-1,-1,-1,0.066450
24960,421,0,18958,45.030879,0.000000,30.000000,-1,51.681665,51.681665,-1,24,0,1807,14,0,777,1989,0,300,5.328885,2.992006,2.992006,1.000000,0.761633,-1,-1,-1,-1,-1,0.066443
24970,378,0,17394,46.015873,0.000000,30.000000,-1,51.692480,51.692480,-1,19,0,1466,22,0,719,2002,0,249,5.508498,3.210134,3.210134,1.000000,0.760619,-1,-1,-1,-1,-1,0.069761
24980,393,0,18016,45.842239,0.000000,30.000000,-1,51.681283,51.681283,-1,20,0,1294,15,0,680,1881,0,252,5.707601,3.374672,3.374672,1.000000,0.766897,-1,-1,-1,-1,-1,0.073615
24990,411,0,18736,45.586375,0.000000,30.000000,-1,51.717816,51.717816,-1,22,0,1684,18,0,742,2484,0,275,5.507937,3.139381,3.139381,1.000000,0.762038,-1,-1,-1,-1,-1,0.068867
25000,404,0,18406,45.559406,0.000000,30.000000,-1,51.738618,51.738618,-1,19,0,1823,16,0,749,1788,0,249,5.520725,3.008624,3.008624,1.000000,0.761410,-1,-1,-1,-1,-1,0.066037
25010,420,0,18665,44.440476,0.000000,30.000000,-1,51.768069,51.768069,-1,24,0,1751,18,0,716,2276,0,283,5.275900,2.882716,2.882716,1.000000,0.757720,-1,-1,-1,-1,-1,0.064867
25020,407,0,18383,45.167076,0.000000,30.000000,-1,51.784475,51.784475,-1,17,0,1824,14,0,690,1755,0,226,5.583782,3.102190,3.102190,1.000000,0.774236,-1,-1,-1,-1,-1,0.068683
25030,414,0,19253,46.504831,0.000000,30.000000,-1,51.748870,51.748870,-1,17,0,1686,13,0,722,1707,0,221,5.478181,3.188486,3.188486,1.000000,0.775298,-1,-1,-1,-1,-1,0.068562
25040,408,0,19272,47.235294,0.000000,30.000000,-1,51.740868,51.740868,-1,10,0,1390,16,0,760,1787,0,119,5.697497,3.402176,3.402176,1.000000,0.791634,-1,-1,-1,-1,-1,0.072026
25050,403,0,18371,45.585608,0.000000,30.000000,-1,51.712917,51.712917,-1,21,0,1710,21,0,697,1772,0,271,5.501309,3.132981,3.132981,1.000000,0.765576,-1,-1,-1,-1,-1,0.068727
25060,418,0,19094,45.679426,0.000000,30.000000,-1,51.712580,51.712580,-1,21,0,1712,18,0,769,2101,0,278,5.557079,3.206136,3.206136,1.000000,0.767570,-1,-1,-1,-1,-1,0.070188
25070,384,0,17810,46.380208,0.000000,30.000000,-1,51.720719,51.720719,-1,13,0,1776,19,0,678,1508,0,158,5.811985,3.212816,3.212816,1.000000,0.774079,-1,-1,-1,-1,-1,0.069271
25080,409,0,18818,46.009780,0.000000,30.000000,-1,51.717026,51.717026,-1,17,0,1812,20,0,771,2000,0,186,5.638480,3.102933,3.102933,1.000000,0.768780,-1,-1,-1,-1,-1,0.067441
25090,419,0,19557,46.675418,0.000000,30.000000,-1,51.708698,51.708698,-1,11,0,1854,16,0,793,2110,0,121,5.571858,3.085944,3.085944,1.000000,0.781892,-1,-1,-1,-1,-1,0.066115
25100,425,0,19601,46.120000,0.000000,30.000000,-1,51.668639,51.668639,-1,17,0,1657,13,0,761,2299,0,205,5.604958,3.221596,3.221596,1.000000,0.772748,-1,-1,-1,-1,-1,0.069852
25110,417,0,18926,45.386091,0.000000,30.000000,-1,51.657561,51.657561,-1,21,0,2075,23,0,716,1971,0,256,5.531757,3.040243,3.040243,1.000000,0.768864,-1,-1,-1,-1,-1,0.066986
25120,415,0,18896,45.532530,0.000000,30.000000,-1,51.686547,51.686547,-1,27,0,1465,21,0,674,2216,0,367,5.271671,3.079333,3.079333,1.000000,0.755409,-1,-1,-1,-1,-1,0.067629
25130,388,0,17663,45.523196,0.000000,30.000000,-1,51.649776,51.649776,-1,21,0,1523,25,0,678,1792,0,272,5.501041,3.162700,3.162700,1.000000,0.766017,-1,-1,-1,-1,-1,0.069474
25140,387,0,17945,46.369509,0.000000,30.000000,-1,51.644636,51.644636,-1,16,0,1484,23,0,663,1870,0,236,5.548489,3.248915,3.248915,1.000000,0.775932,-1,-1,-1,-1,-1,0.070066
25150,410,0,19187,46.797561,0.000000,30.000000,-1,51.651795,51.651795,-1,13,0,1576,11,0,763,1842,0,151,5.647810,3.254629,3.254629,1.000000,0.780781,-1,-1,-1,-1,-1,0.069547
25160,407,0,18516,45.493857,0.000000,30.000000,-1,51.694750,51.694750,-1,22,0,1704,28,0,712,1865,0,284,5.569488,3.120111,3.120111,1.000000,0.752132,-1,-1,-1,-1,-1,0.068583
25170,420,0,19294,45.938095,0.000000,30.000000,-1,51.707267,51.707267,-1,18,0,1689,17,0,714,2329,0,244,5.240743,2.963792,2.963792,1.000000,0.768367,-1,-1,-1,-1,-1,0.064517
25180,368,0,17019,46.247283,0.000000,30.000000,-1,51.723427,51.723427,-1,12,0,1669,21,0,681,1434,0,147,6.071591,3.325149,3.325149,1.000000,0.769239,-1,-1,-1,-1,-1,0.071899
25190,385,0,17210,44.701299,0.000000,30.000000,-1,51.733411,51.733411,-1,23,0,1376,23,0,616,1708,0,290,5.621446,3.181152,3.181152,1.000000,0.755566,-1,-1,-1,-1,-1,0.071165
25200,391,0,18485,47.276215,0.000000,30.000000,-1,51.772626,51.772626,-1,9,0,1457,14,0,688,2082,0,100,5.567092,3.191505,3.191505,1.000000,0.780050,-1,-1,-1,-1,-1,0.067508
25210,399,0,18451,46.243108,0.000000,30.000000,-1,51.768685,51.768685,-1,14,0,1861,23,0,722,2077,0,169,5.499873,3.080924,3.080924,1.000000,0.777050,-1,-1,-1,-1,-1,0.066625
25220,421,0,19143,45.470309,0.000000,30.000000,-1,51.781696,51.781696,-1,22,0,1762,18,0,711,2056,0,275,5.489759,3.053506,3.053506,1.000000,0.756146,-1,-1,-1,-1,-1,0.067154
25230,407,0,18457,45.348894,0.000000,30.000000,-1,51.810316,51.810316,-1,21,0,1549,22,0,692,2059,0,252,5.508456,3.133407,3.133407,1.000000,0.758609,-1,-1,-1,-1,-1,0.069096
25240,404,0,18685,46.250000,0.000000,30.000000,-1,51.808188,51.808188,-1,15,0,1570,31,0,725,1882,0,174,5.522061,3.127397,3.127397,1.000000,0.770127,-1,-1,-1,-1,-1,0.067619
25250,388,0,17226,44.396907,0.000000,30.000000,-1,51.795542,51.795542,-1,28,0,1516,22,0,655,1585,0,362,5.779393,3.288845,3.288845,1.000000,0.742251,-1,-1,-1,-1,-1,0.074078
25260,391,0,17942,45.887468,0.000000,30.000000,-1,51.780348,51.780348,-1,17,0,1623,20,0,641,1775,0,174,5.625936,3.173114,3.173114,1.000000,0.768330,-1,-1,-1,-1,-1,0.069150
25270,398,0,17876,44.914573,0.000000,30.000000,-1,51.793075,51.793075,-1,16,0,1638,16,0,671,1749,0,183,5.563956,2.959615,2.959615,1.000000,0.760058,-1,-1,-1,-1,-1,0.065894
25280,405,0,18043,44.550617,0.000000,30.000000,-1,51.804744,51.804744,-1,27,0,1499,16,0,685,1961,0,323,5.508273,3.048928,3.048928,1.000000,0.737981,-1,-1,-1,-1,-1,0.068437
25290,381,0,17817,46.763780,0.000000,30.000000,-1,51.813998,51.813998,-1,9,0,1625,23,0,626,1846,0,95,5.871395,3.267838,3.267838,1.000000,0.783702,-1,-1,-1,-1,-1,0.069880
25300,394,0,17978,45.629442,0.000000,30.000000,-1,51.801646,51.801646,-1,18,0,1611,20,0,712,1961,0,241,5.785128,3.234331,3.234331,1.000000,0.763549,-1,-1,-1,-1,-1,0.070883
25310,395,0,18272,46.258228,0.000000,30.000000,-1,51.828317,51.828317,-1,14,0,1498,20,0,669,1817,0,160,5.508659,3.061564,3.061564,1.000000,0.766714,-1,-1,-1,-1,-1,0.066184
25320,414,0,18632,45.004831,0.000000,30.000000,-1,51.799753,51.799753,-1,21,0,1774,18,0,690,1795,0,279,5.169829,2.828560,2.828560,1.000000,0.756876,-1,-1,-1,-1,-1,0.062850
25330,404,0,18078,44.747525,0.000000,30.000000,-1,51.797267,51.797267,-1,24,0,1716,14,0,651,2293,0,307,5.566117,3.101375,3.101375,1.000000,0.754746,-1,-1,-1,-1,-1,0.069308
25340,401,0,18378,45.830424,0.000000,30.000000,-1,51.780444,51.780444,-1,21,0,1528,18,0,643,1922,0,259,5.599873,3.193025,3.193025,1.000000,0.753298,-1,-1,-1,-1,-1,0.069670
25350,407,0,18568,45.621622,0.000000,30.000000,-1,51.722641,51.722641,-1,18,0,1702,16,0,746,1781,0,227,5.463184,3.010900,3.010900,1.000000,0.763670,-1,-1,-1,-1,-1,0.065997
25360,403,0,18463,45.813896,0.000000,30.000000,-1,51.709852,51.709852,-1,14,0,1939,14,0,760,2240,0,176,5.667812,2.975577,2.975577,1.000000,0.762377,-1,-1,-1,-1,-1,0.064949
25370,392,0,17644,45.010204,0.000000,30.000000,-1,51.683235,51.683235,-1,24,0,1489,20,0,667,1760,0,309,5.818893,3.233949,3.233949,1.000000,0.743946,-1,-1,-1,-1,-1,0.071849
25380,394,0,17705,44.936548,0.000000,30.000000,-1,51.678622,51.678622,-1,23,0,1687,17,0,646,1723,0,311,5.773280,3.250650,3.250650,1.000000,0.754949,-1,-1,-1,-1,-1,0.072339
25390,389,0,17653,45.380463,0.000000,30.000000,-1,51.704073,51.704073,-1,23,0,1263,12,0,638,1855,0,278,5.345362,3.069376,3.069376,1.000000,0.746666,-1,-1,-1,-1,-1,0.067637
25400,406,0,18825,46.366995,0.000000,30.000000,-1,51.734874,51.734874,-1,18,0,1743,18,0,691,2165,0,239,5.389685,3.044399,3.044399,1.000000,0.764359,-1,-1,-1,-1,-1,0.065659
25410,389,0,17903,46.023136,0.000000,30.000000,-1,51.759035,51.759035,-1,16,0,1536,17,0,719,1693,0,177,5.564643,3.119162,3.119162,1.000000,0.764123,-1,-1,-1,-1,-1,0.067774
25420,399,0,17983,45.070175,0.000000,30.000000,-1,51.748318,51.748318,-1,22,0,1709,20,0,706,2142,0,284,5.654834,3.114291,3.114291,1.000000,0.751024,-1,-1,-1,-1,-1,0.069099
25430,420,0,19245,45.821429,0.000000,30.000000,-1,51.739413,51.739413,-1,18,0,1747,20,0,769,2024,0,217,5.552674,3.070172,3.070172,1.000000,0.761025,-1,-1,-1,-1,-1,0.067003
25440,412,0,19013,46.148058,0.000000,30.000000,-1,51.719981,51.719981,-1,17,0,1729,19,0,756,2022,0,205,5.343779,2.987590,2.987590,1.000000,0.760075,-1,-1,-1,-1,-1,0.064739
25450,414,0,18731,45.243961,0.000000,30.000000,-1,51.732155,51.732155,-1,25,0,1548,17,0,705,2188,0,292,5.685725,3.153244,3.153244,1.000000,0.747288,-1,-1,-1,-1,-1,0.069694
25460,416,0,18805,45.204327,0.000000,30.000000,-1,51.789896,51.789896,-1,20,0,1862,20,0,757,1724,0,215,5.356542,2.858316,2.858316,1.000000,0.748654,-1,-1,-1,-1,-1,0.063231
25470,415,0,18512,44.607229,0.000000,30.000000,-1,51.819955,51.819955,-1,29,0,1593,22,0,680,2137,0,371,5.457946,3.038095,3.038095,1.000000,0.738636,-1,-1,-1,-1,-1,0.068108
25480,404,0,18034,44.638614,0.000000,30.000000,-1,51.829267,51.829267,-1,23,0,1721,17,0,738,2047,0,283,5.685863,3.059245,3.059245,1.000000,0.748889,-1,-1,-1,-1,-1,0.068534
25490,398,0,18206,45.743719,0.000000,30.000000,-1,51.863561,51.863561,-1,19,0,1410,13,0,656,1942,0,237,5.730685,3.259743,3.259743,1.000000,0.761704,-1,-1,-1,-1,-1,0.071261
25500,406,0,18925,46.613300,0.000000,30.000000,-1,51.830172,51.830172,-1,11,0,2093,14,0,762,1887,0,143,5.734242,3.092523,3.092523,1.000000,0.777341,-1,-1,-1,-1,-1,0.066344
25510,399,0,18144,45.473684,0.000000,30.000000,-1,51.844852,51.844852,-1,20,0,1759,22,0,659,1915,0,253,5.619360,3.005655,3.005655,1.000000,0.750700,-1,-1,-1,-1,-1,0.066097
25520,397,0,17839,44.934509,0.000000,30.000000,-1,51.852514,51.852514,-1,24,0,1584,24,0,694,2286,0,343,5.324377,2.984887,2.984887,1.000000,0.745054,-1,-1,-1,-1,-1,0.066427
25530,399,0,17963,45.020050,0.000000,30.000000,-1,51.865947,51.865947,-1,22,0,1520,21,0,661,1931,0,269,5.352056,2.986528,2.986528,1.000000,0.747910,-1,-1,-1,-1,-1,0.066338
25540,377,0,16972,45.018568,0.000000,30.000000,-1,51.893472,51.893472,-1,20,0,1630,22,0,644,1669,0,222,5.966522,3.291657,3.291657,1.000000,0.752429,-1,-1,-1,-1,-1,0.073118
25550,399,0,18399,46.112782,0.000000,30.000000,-1,51.891135,51.891135,-1,14,0,1754,16,0,672,2055,0,180,5.306683,2.884271,2.884271,1.000000,0.760596,-1,-1,-1,-1,-1,0.062548
25560,412,0,18654,45.276699,0.000000,30.000000,-1,51.903988,51.903988,-1,22,0,1691,18,0,694,2055,0,270,5.765082,3.154821,3.154821,1.000000,0.754629,-1,-1,-1,-1,-1,0.069679
25570,400,0,18319,45.797500,0.000000,30.000000,-1,51.860909,51.860909,-1,16,0,1607,16,0,684,1900,0,230,5.858501,3.237213,3.237213,1.000000,0.760979,-1,-1,-1,-1,-1,0.070685
25580,409,0,18916,46.249389,0.000000,30.000000,-1,51.892948,51.892948,-1,15,0,1754,18,0,761,1665,0,183,5.469023,3.031967,3.031967,1.000000,0.766047,-1,-1,-1,-1,-1,0.065557
25590,415,0,19019,45.828916,0.000000,30.000000,-1,51.884431,51.884431,-1,17,0,1792,19,0,731,1976,0,229,5.457324,3.020760,3.020760,1.000000,0.757970,-1,-1,-1,-1,-1,0.065914
25600,414,0,19096,46.125604,0.000000,30.000000,-1,51.905478,51.905478,-1,18,0,1542,18,0,726,2261,0,203,5.544229,3.097477,3.097477,1.000000,0.756705,-1,-1,-1,-1,-1,0.067153
25610,431,0,19438,45.099768,0.000000,30.000000,-1,51.938265,51.938265,-1,24,0,1832,17,0,801,1926,0,291,5.311812,2.904187,2.904187,1.000000,0.744403,-1,-1,-1,-1,-1,0.064395
25620,439,0,19580,44.601367,0.000000,30.000000,-1,51.917620,51.917620,-1,31,0,1540,13,0,776,2227,0,392,5.583974,3.128251,3.128251,1.000000,0.732846,-1,-1,-1,-1,-1,0.070138
25630,426,0,19560,45.915493,0.000000,30.000000,-1,51.933793,51.933793,-1,21,0,1684,17,0,774,1813,0,286,5.443514,2.993888,2.993888,1.000000,0.746105,-1,-1,-1,-1,-1,0.065204
25640,425,0,19695,46.341176,0.000000,30.000000,-1,51.931912,51.931912,-1,18,0,1552,15,0,772,1799,0,231,5.368874,3.064403,3.064403,1.000000,0.759333,-1,-1,-1,-1,-1,0.066127
25650,403,0,18452,45.786600,0.000000,30.000000,-1,51.940982,51.940982,-1,16,0,1725,21,0,757,1991,0,224,5.501516,3.037025,3.037025,1.000000,0.760880,-1,-1,-1,-1,-1,0.066330
25660,432,0,19354,44.800926,0.000000,30.000000,-1,51.967345,51.967345,-1,28,0,1580,17,0,713,2049,0,339,5.530213,3.079355,3.079355,1.000000,0.743448,-1,-1,-1,-1,-1,0.068734
25670,428,0,19740,46.121495,0.000000,30.000000,-1,51.955218,51.955218,-1,18,0,1915,19,0,755,2318,0,204,5.568976,3.006402,3.006402,1.000000,0.750191,-1,-1,-1,-1,-1,0.065184
25680,422,0,18621,44.125592,0.000000,30.000000,-1,51.954997,51.954997,-1,32,0,1677,22,0,765,1805,0,394,5.481409,2.967361,2.967361,1.000000,0.734522,-1,-1,-1,-1,-1,0.067248
25690,418,0,18704,44.746411,0.000000,30.000000,-1,51.975781,51.975781,-1,23,0,1610,21,0,700,1956,0,318,5.398730,2.929857,2.929857,1.000000,0.744558,-1,-1,-1,-1,-1,0.065477
25700,404,0,18453,45.675743,0.000000,30.000000,-1,52.026066,52.026066,-1,17,0,1625,20,0,706,1588,0,207,5.387882,2.995899,2.995899,1.000000,0.755967,-1,-1,-1,-1,-1,0.065591
25710,400,0,18161,45.402500,0.000000,30.000000,-1,51.997522,51.997522,-1,20,0,1591,24,0,667,2184,0,248,5.673691,3.059642,3.059642,1.000000,0.737018,-1,-1,-1,-1,-1,0.067389
25720,393,0,17611,44.811705,0.000000,30.000000,-1,52.033048,52.033048,-1,23,0,1539,27,0,671,1586,0,280,5.761639,3.095020,3.095020,1.000000,0.733043,-1,-1,-1,-1,-1,0.069067
25730,385,0,17950,46.623377,0.000000,30.000000,-1,52.009248,52.009248,-1,12,0,1455,20,0,709,1753,0,162,5.501114,3.060606,3.060606,1.000000,0.760357,-1,-1,-1,-1,-1,0.065645
25740,394,0,18273,46.378173,0.000000,30.000000,-1,52.060472,52.060472,-1,18,0,1495,21,0,676,1652,0,232,5.620858,3.141530,3.141530,1.000000,0.747336,-1,-1,-1,-1,-1,0.067737
25750,402,0,18202,45.278607,0.000000,30.000000,-1,52.030931,52.030931,-1,17,0,1458,22,0,689,1720,0,207,5.701023,3.092391,3.092391,1.000000,0.757834,-1,-1,-1,-1,-1,0.068297
25760,408,0,18903,46.330882,0.000000,30.000000,-1,52.006824,52.006824,-1,16,0,1648,19,0,755,1659,0,229,5.413474,2.987086,2.987086,1.000000,0.754905,-1,-1,-1,-1,-1,0.064473
25770,414,0,18994,45.879227,0.000000,30.000000,-1,51.984521,51.984521,-1,14,0,2004,23,0,754,1996,0,189,5.680366,3.013791,3.013791,1.000000,0.753451,-1,-1,-1,-1,-1,0.065690
25780,423,0,19529,46.167849,0.000000,30.000000,-1,52.010395,52.010395,-1,16,0,1712,20,0,791,1964,0,178,5.392074,2.870337,2.870337,1.000000,0.742520,-1,-1,-1,-1,-1,0.062172
25790,404,0,18338,45.391089,0.000000,30.000000,-1,52.030810,52.030810,-1,18,0,1850,20,0,734,1872,0,236,5.586110,2.909175,2.909175,1.000000,0.746225,-1,-1,-1,-1,-1,0.064091
25800,405,0,18060,44.592593,0.000000,30.000000,-1,52.017996,52.017996,-1,23,0,1715,23,0,716,1867,0,284,5.676289,2.956751,2.956751,1.000000,0.734361,-1,-1,-1,-1,-1,0.066306
25810,406,0,18252,44.955665,0.000000,30.000000,-1,52.016820,52.016820,-1,26,0,1444,20,0,689,1649,0,307,5.484877,3.001635,3.001635,1.000000,0.725783,-1,-1,-1,-1,-1,0.066769
25820,387,0,17673,45.666667,0.000000,30.000000,-1,52.007922,52.007922,-1,20,0,1425,30,0,703,1780,0,259,5.633306,3.141027,3.141027,1.000000,0.737374,-1,-1,-1,-1,-1,0.068782
25830,396,0,17930,45.277778,0.000000,30.000000,-1,52.000056,52.000056,-1,23,0,1703,13,0,679,1790,0,277,5.581784,3.020068,3.020068,1.000000,0.732426,-1,-1,-1,-1,-1,0.066701
25840,389,0,18120,46.580977,0.000000,30.000000,-1,51.977649,51.977649,-1,13,0,1541,19,0,621,1682,0,169,5.832219,3.204872,3.204872,1.000000,0.746717,-1,-1,-1,-1,-1,0.068802
25850,403,0,18732,46.481390,0.000000,30.000000,-1,51.969784,51.969784,-1,8,0,1833,14,0,711,1732,0,103,5.679330,2.961341,2.961341,1.000000,0.759403,-1,-1,-1,-1,-1,0.063710
25860,385,0,17703,45.981818,0.000000,30.000000,-1,51.968141,51.968141,-1,15,0,1666,11,0,678,1860,0,197,5.738883,3.170208,3.170208,1.000000,0.752908,-1,-1,-1,-1,-1,0.068945
25870,396,0,18219,46.007576,0.000000,30.000000,-1,51.987540,51.987540,-1,14,0,1642,16,0,722,2310,0,174,5.572800,2.981433,2.981433,1.000000,0.749136,-1,-1,-1,-1,-1,0.064803
25880,404,0,18341,45.398515,0.000000,30.000000,-1,51.971703,51.971703,-1,13,0,1779,15,0,682,2085,0,158,5.627261,2.922244,2.922244,1.000000,0.749328,-1,-1,-1,-1,-1,0.064369
25890,412,0,18679,45.337379,0.000000,30.000000,-1,51.987740,51.987740,-1,20,0,1626,15,0,731,2265,0,265,5.842352,3.063797,3.063797,1.000000,0.738248,-1,-1,-1,-1,-1,0.067578
25900,398,0,18205,45.741206,0.000000,30.000000,-1,52.017083,52.017083,-1,18,0,1711,21,0,650,2183,0,233,5.578094,2.947032,2.947032,1.000000,0.734776,-1,-1,-1,-1,-1,0.064428
25910,391,0,17635,45.102302,0.000000,30.000000,-1,52.071165,52.071165,-1,22,0,1495,20,0,666,2099,0,295,5.435751,2.968463,2.968463,1.000000,0.735634,-1,-1,-1,-1,-1,0.065816
25920,404,0,18437,45.636139,0.000000,30.000000,-1,52.095894,52.095894,-1,15,0,1695,12,0,729,2038,0,185,5.568390,2.911690,2.911690,1.000000,0.747737,-1,-1,-1,-1,-1,0.063802
25930,395,0,17666,44.724051,0.000000,30.000000,-1,52.084060,52.084060,-1,26,0,1298,18,0,679,2108,0,327,5.568695,3.020334,3.020334,1.000000,0.720789,-1,-1,-1,-1,-1,0.067533
25940,396,0,17779,44.896465,0.000000,30.000000,-1,52.060465,52.060465,-1,23,0,1524,19,0,674,1932,0,279,5.814907,3.164530,3.164530,1.000000,0.739590,-1,-1,-1,-1,-1,0.070485
25950,386,0,17782,46.067358,0.000000,30.000000,-1,52.068271,52.068271,-1,13,0,1538,23,0,666,2035,0,177,5.645189,3.033814,3.033814,1.000000,0.747705,-1,-1,-1,-1,-1,0.065856
25960,410,0,18664,45.521951,0.000000,30.000000,-1,52.093442,52.093442,-1,19,0,1773,19,0,709,2073,0,240,5.523844,2.951766,2.951766,1.000000,0.742161,-1,-1,-1,-1,-1,0.064843
25970,412,0,18604,45.155340,0.000000,30.000000,-1,52.111213,52.111213,-1,22,0,1843,14,0,797,1956,0,271,5.741104,2.894356,2.894356,1.000000,0.723502,-1,-1,-1,-1,-1,0.064098
25980,404,0,18557,45.933168,0.000000,30.000000,-1,52.125236,52.125236,-1,15,0,1706,27,0,659,1969,0,194,5.482126,2.930887,2.930887,1.000000,0.748107,-1,-1,-1,-1,-1,0.063808
25990,427,0,19638,45.990632,0.000000,30.000000,-1,52.152816,52.152816,-1,17,0,1777,19,0,793,2161,0,216,5.474912,2.872361,2.872361,1.000000,0.732842,-1,-1,-1,-1,-1,0.062455
26000,415,0,18581,44.773494,0.000000,30.000000,-1,52.152360,52.152360,-1,21,0,1570,14,0,744,2089,0,267,5.704578,3.031165,3.031165,1.000000,0.735883,-1,-1,-1,-1,-1,0.067700
26010,416,0,19183,46.112981,0.000000,30.000000,-1,52.146015,52.146015,-1,18,0,1611,18,0,741,1862,0,261,5.704391,3.158590,3.158590,1.000000,0.747884,-1,-1,-1,-1,-1,0.068497
26020,416,0,18961,45.579327,0.000000,30.000000,-1,52.134276,52.134276,-1,25,0,1507,22,0,768,1897,0,311,5.601934,3.018716,3.018716,1.000000,0.724621,-1,-1,-1,-1,-1,0.066230
26030,413,0,18938,45.854722,0.000000,30.000000,-1,52.150385,52.150385,-1,20,0,1570,22,0,758,2087,0,267,5.384847,2.932344,2.932344,1.000000,0.736850,-1,-1,-1,-1,-1,0.063949
26040,419,0,19058,45.484487,0.000000,30.000000,-1,52.174572,52.174572,-1,22,0,1747,19,0,762,1946,0,264,5.593394,2.975648,2.975648,1.000000,0.735762,-1,-1,-1,-1,-1,0.065421
26050,424,0,19194,45.268868,0.000000,30.000000,-1,52.160415,52.160415,-1,26,0,1452,21,0,696,1872,0,322,5.341636,2.924986,2.924986,1.000000,0.720486,-1,-1,-1,-1,-1,0.064614
26060,412,0,18774,45.567961,0.000000,30.000000,-1,52.157771,52.157771,-1,19,0,1945,15,0,735,1770,0,227,5.753795,2.972396,2.972396,1.000000,0.738595,-1,-1,-1,-1,-1,0.065230
26070,396,0,17970,45.378788,0.000000,30.000000,-1,52.171285,52.171285,-1,21,0,1524,19,0,703,1838,0,252,5.709094,3.076019,3.076019,1.000000,0.731357,-1,-1,-1,-1,-1,0.067785
26080,395,0,18032,45.650633,0.000000,30.000000,-1,52.143412,52.143412,-1,14,0,1659,23,0,682,1738,0,184,5.462889,2.912518,2.912518,1.000000,0.745657,-1,-1,-1,-1,-1,0.063800
26090,416,0,18791,45.170673,0.000000,30.000000,-1,52.149008,52.149008,-1,20,0,1708,28,0,731,2217,0,260,5.505132,2.869983,2.869983,1.000000,0.741966,-1,-1,-1,-1,-1,0.063536
26100,400,0,18311,45.777500,0.000000,30.000000,-1,52.183223,52.183223,-1,20,0,1616,21,0,682,1890,0,216,5.614237,2.969096,2.969096,1.000000,0.727347,-1,-1,-1,-1,-1,0.064859
26110,395,0,17830,45.139241,0.000000,30.000000,-1,52.151823,52.151823,-1,22,0,1522,24,0,731,1961,0,280,5.493808,2.985155,2.985155,1.000000,0.727709,-1,-1,-1,-1,-1,0.066132
26120,410,0,18725,45.670732,0.000000,30.000000,-1,52.162457,52.162457,-1,20,0,1502,18,0,731,2232,0,263,5.543690,3.001838,3.001838,1.000000,0.741320,-1,-1,-1,-1,-1,0.065728
26130,403,0,18660,46.302730,0.000000,30.000000,-1,52.191693,52.191693,-1,13,0,1853,25,0,684,1983,0,161,5.607629,2.929769,2.929769,1.000000,0.747927,-1,-1,-1,-1,-1,0.063274
26140,412,0,18576,45.087379,0.000000,30.000000,-1,52.185993,52.185993,-1,24,0,1786,12,0,716,1671,0,318,5.722363,3.013189,3.013189,1.000000,0.726993,-1,-1,-1,-1,-1,0.066830
26150,400,0,18047,45.117500,0.000000,30.000000,-1,52.186679,52.186679,-1,28,0,1556,14,0,624,1792,0,333,5.947585,3.236105,3.236105,1.000000,0.718780,-1,-1,-1,-1,-1,0.071726
26160,411,0,18978,46.175182,0.000000,30.000000,-1,52.160396,52.160396,-1,11,0,1831,21,0,705,2354,0,151,5.676303,2.961167,2.961167,1.000000,0.747721,-1,-1,-1,-1,-1,0.064129
26170,418,0,18646,44.607656,0.000000,30.000000,-1,52.134506,52.134506,-1,22,0,1837,21,0,741,1955,0,294,5.428466,2.717581,2.717581,1.000000,0.724186,-1,-1,-1,-1,-1,0.060922
26180,407,0,18582,45.656020,0.000000,30.000000,-1,52.120385,52.120385,-1,22,0,1741,13,0,733,1667,0,293,5.592401,2.929069,2.929069,1.000000,0.723869,-1,-1,-1,-1,-1,0.064155
26190,393,0,18342,46.671756,0.000000,30.000000,-1,52.129103,52.129103,-1,15,0,1348,21,0,672,1826,0,207,5.713197,3.198714,3.198714,1.000000,0.747397,-1,-1,-1,-1,-1,0.068536
26200,406,0,18205,44.839901,0.000000,30.000000,-1,52.118759,52.118759,-1,23,0,1895,20,0,719,2153,0,328,5.759099,2.963045,2.963045,1.000000,0.727817,-1,-1,-1,-1,-1,0.066081
26210,391,0,18285,46.764706,0.000000,30.000000,-1,52.106754,52.106754,-1,12,0,1564,17,0,733,2051,0,166,5.622926,3.063592,3.063592,1.000000,0.747394,-1,-1,-1,-1,-1,0.065511
26220,379,0,17951,47.364116,0.000000,30.000000,-1,52.125564,52.125564,-1,8,0,1552,19,0,724,1877,0,121,6.001850,3.208352,3.208352,1.000000,0.755930,-1,-1,-1,-1,-1,0.067738
26230,397,0,18272,46.025189,0.000000,30.000000,-1,52.134140,52.134140,-1,17,0,1504,21,0,716,1981,0,205,5.541005,3.046857,3.046857,1.000000,0.741753,-1,-1,-1,-1,-1,0.066200
26240,400,0,18401,46.002500,0.000000,30.000000,-1,52.109885,52.109885,-1,17,0,1703,20,0,757,1808,0,211,5.772668,3.101975,3.101975,1.000000,0.747649,-1,-1,-1,-1,-1,0.067431
26250,415,0,18603,44.826506,0.000000,30.000000,-1,52.119443,52.119443,-1,20,0,1775,17,0,683,1867,0,251,5.664033,2.915772,2.915772,1.000000,0.736778,-1,-1,-1,-1,-1,0.065046
26260,407,0,18421,45.260442,0.000000,30.000000,-1,52.115846,52.115846,-1,21,0,1698,23,0,658,2173,0,272,5.686901,2.962567,2.962567,1.000000,0.723442,-1,-1,-1,-1,-1,0.065456
26270,408,0,18224,44.666667,0.000000,30.000000,-1,52.076822,52.076822,-1,24,0,1407,15,0,677,2091,0,293,5.729388,3.081828,3.081828,1.000000,0.725946,-1,-1,-1,-1,-1,0.068996
26280,391,0,18092,46.271100,0.000000,30.000000,-1,52.057097,52.057097,-1,17,0,1751,21,0,711,1896,0,222,5.708832,2.977687,2.977687,1.000000,0.739945,-1,-1,-1,-1,-1,0.064353
26290,414,0,19047,46.007246,0.000000,30.000000,-1,52.100646,52.100646,-1,15,0,1798,22,0,671,2228,0,202,5.480111,2.865357,2.865357,1.000000,0.736205,-1,-1,-1,-1,-1,0.062281
26300,399,0,18014,45.147870,0.000000,30.000000,-1,52.082935,52.082935,-1,18,0,1528,16,0,645,1657,0,212,5.595335,2.966904,2.966904,1.000000,0.737944,-1,-1,-1,-1,-1,0.065715
26310,401,0,18136,45.226933,0.000000,30.000000,-1,52.109782,52.109782,-1,26,0,1449,14,0,636,2036,0,310,5.622963,3.100229,3.100229,1.000000,0.724110,-1,-1,-1,-1,-1,0.068548
26320,394,0,18024,45.746193,0.000000,30.000000,-1,52.135375,52.135375,-1,19,0,1593,15,0,671,1598,0,244,5.949528,3.174595,3.174595,1.000000,0.740835,-1,-1,-1,-1,-1,0.069396
26330,406,0,18595,45.800493,0.000000,30.000000,-1,52.126970,52.126970,-1,10,0,1569,20,0,670,1811,0,130,5.407090,2.844141,2.844141,1.000000,0.758083,-1,-1,-1,-1,-1,0.062098
26340,409,0,18143,44.359413,0.000000,30.000000,-1,52.113101,52.113101,-1,28,0,1651,23,0,729,1500,0,344,5.606713,2.961048,2.961048,1.000000,0.720218,-1,-1,-1,-1,-1,0.066751
26350,403,0,18203,45.168734,0.000000,30.000000,-1,52.077020,52.077020,-1,26,0,1738,18,0,707,1670,0,344,5.635348,3.019148,3.019148,1.000000,0.722115,-1,-1,-1,-1,-1,0.066842
26360,421,0,18901,44.895487,0.000000,30.000000,-1,52.075128,52.075128,-1,23,0,1548,23,0,722,2114,0,258,5.376874,2.940172,2.940172,1.000000,0.742318,-1,-1,-1,-1,-1,0.065489
26370,400,0,18284,45.710000,0.000000,30.000000,-1,52.068092,52.068092,-1,17,0,1567,21,0,679,1896,0,214,5.616286,3.081214,3.081214,1.000000,0.752443,-1,-1,-1,-1,-1,0.067408
26380,401,0,18391,45.862843,0.000000,30.000000,-1,52.079876,52.079876,-1,17,0,1531,20,0,700,2116,0,228,5.622489,2.994303,2.994303,1.000000,0.746365,-1,-1,-1,-1,-1,0.065288
26390,407,0,18352,45.090909,0.000000,30.000000,-1,52.084677,52.084677,-1,22,0,1831,15,0,720,2221,0,293,5.257090,2.772414,2.772414,1.000000,0.735357,-1,-1,-1,-1,-1,0.061485
26400,403,0,17888,44.387097,0.000000,30.000000,-1,52.101241,52.101241,-1,27,0,1501,20,0,730,1972,0,339,5.417822,2.942570,2.942570,1.000000,0.725571,-1,-1,-1,-1,-1,0.066293
26410,402,0,17954,44.661692,0.000000,30.000000,-1,52.110895,52.110895,-1,27,0,1588,13,0,664,1619,0,362,5.517117,3.066453,3.066453,1.000000,0.739004,-1,-1,-1,-1,-1,0.068660
26420,403,0,18281,45.362283,0.000000,30.000000,-1,52.095126,52.095126,-1,20,0,1604,24,0,736,1829,0,239,5.684610,3.035112,3.035112,1.000000,0.739687,-1,-1,-1,-1,-1,0.066908
26430,415,0,18786,45.267470,0.000000,30.000000,-1,52.122112,52.122112,-1,25,0,1801,25,0,739,1998,0,322,5.400847,2.902997,2.902997,1.000000,0.731219,-1,-1,-1,-1,-1,0.064130
26440,400,0,18150,45.375000,0.000000,30.000000,-1,52.162975,52.162975,-1,19,0,1677,18,0,681,1650,0,255,5.664270,3.098587,3.098587,1.000000,0.744736,-1,-1,-1,-1,-1,0.068288
26450,402,0,18550,46.144279,0.000000,30.000000,-1,52.208140,52.208140,-1,17,0,1657,16,0,710,1541,0,209,5.514900,2.980954,2.980954,1.000000,0.758666,-1,-1,-1,-1,-1,0.064601
26460,422,0,19529,46.277251,0.000000,30.000000,-1,52.198372,52.198372,-1,16,0,1673,18,0,757,2052,0,212,5.533321,3.108070,3.108070,1.000000,0.762728,-1,-1,-1,-1,-1,0.067162
26470,391,0,17762,45.427110,0.000000,30.000000,-1,52.159442,52.159442,-1,23,0,1554,23,0,687,1564,0,299,5.738908,3.173770,3.173770,1.000000,0.742200,-1,-1,-1,-1,-1,0.069865
26480,400,0,18459,46.147500,0.000000,30.000000,-1,52.130235,52.130235,-1,14,0,1612,16,0,704,2050,0,163,5.650549,3.157903,3.157903,1.000000,0.767570,-1,-1,-1,-1,-1,0.068431
26490,404,0,18272,45.227723,0.000000,30.000000,-1,52.144812,52.144812,-1,19,0,1607,23,0,746,1811,0,241,5.595940,3.060060,3.060060,1.000000,0.756413,-1,-1,-1,-1,-1,0.067659
26500,401,0,18487,46.102244,0.000000,30.000000,-1,52.128793,52.128793,-1,13,0,1679,19,0,688,1829,0,152,5.407278,2.863415,2.863415,1.000000,0.759349,-1,-1,-1,-1,-1,0.062110
26510,405,0,18771,46.348148,0.000000,30.000000,-1,52.123701,52.123701,-1,16,0,1621,25,0,701,2198,0,200,5.513152,3.064038,3.064038,1.000000,0.757535,-1,-1,-1,-1,-1,0.066109
26520,409,0,18103,44.261614,0.000000,30.000000,-1,52.206540,52.206540,-1,24,0,1875,21,0,713,2214,0,294,5.659511,2.913431,2.913431,1.000000,0.735355,-1,-1,-1,-1,-1,0.065823
26530,410,0,18944,46.204878,0.000000,30.000000,-1,52.225929,52.225929,-1,19,0,1423,17,0,667,2200,0,222,5.422598,3.082570,3.082570,1.000000,0.749425,-1,-1,-1,-1,-1,0.066715
26540,398,0,18533,46.565327,0.000000,30.000000,-1,52.221497,52.221497,-1,9,0,1551,19,0,747,2222,0,122,5.520622,3.085504,3.085504,1.000000,0.771517,-1,-1,-1,-1,-1,0.066262
26550,431,0,19066,44.236659,0.000000,30.000000,-1,52.231249,52.231249,-1,27,0,1838,19,0,786,2258,0,342,5.295248,2.823855,2.823855,1.000000,0.736763,-1,-1,-1,-1,-1,0.063835
26560,421,0,18844,44.760095,0.000000,30.000000,-1,52.244163,52.244163,-1,27,0,1694,22,0,703,1691,0,350,5.578042,2.930837,2.930837,1.000000,0.733446,-1,-1,-1,-1,-1,0.065479
26570,426,0,19222,45.122066,0.000000,30.000000,-1,52.227552,52.227552,-1,23,0,1717,23,0,740,2213,0,284,5.387928,2.970444,2.970444,1.000000,0.745550,-1,-1,-1,-1,-1,0.065831
26580,403,0,18411,45.684864,0.000000,30.000000,-1,52.262669,52.262669,-1,14,0,1654,19,0,742,1772,0,164,5.677190,3.013699,3.013699,1.000000,0.754580,-1,-1,-1,-1,-1,0.065967
26590,410,0,18581,45.319512,0.000000,30.000000,-1,52.250955,52.250955,-1,19,0,1859,17,0,659,1810,0,220,5.741565,3.050421,3.050421,1.000000,0.743108,-1,-1,-1,-1,-1,0.067309
26600,397,0,17967,45.256927,0.000000,30.000000,-1,52.267991,52.267991,-1,19,0,1657,19,0,697,1841,0,204,5.540002,2.928512,2.928512,1.000000,0.741952,-1,-1,-1,-1,-1,0.064709
26610,392,0,17854,45.545918,0.000000,30.000000,-1,52.255517,52.255517,-1,21,0,1381,25,0,692,1898,0,271,5.490055,3.125349,3.125349,1.000000,0.735985,-1,-1,-1,-1,-1,0.068620
26620,403,0,18921,46.950372,0.000000,30.000000,-1,52.238254,52.238254,-1,9,0,1528,20,0,731,1847,0,106,5.687462,3.124543,3.124543,1.000000,0.772597,-1,-1,-1,-1,-1,0.066550
26630,392,0,17417,44.431122,0.000000,30.000000,-1,52.187116,52.187116,-1,23,0,1782,19,0,711,1379,0,316,5.850878,3.038092,3.038092,1.000000,0.728514,-1,-1,-1,-1,-1,0.068378
26640,382,0,17733,46.421466,0.000000,30.000000,-1,52.170360,52.170360,-1,13,0,1380,18,0,624,1789,0,151,5.727204,3.244873,3.244873,1.000000,0.756727,-1,-1,-1,-1,-1,0.069900
26650,420,0,18738,44.614286,0.000000,30.000000,-1,52.187587,52.187587,-1,25,0,1503,15,0,729,1871,0,318,5.603176,3.074261,3.074261,1.000000,0.735758,-1,-1,-1,-1,-1,0.068908
26660,402,0,18426,45.835821,0.000000,30.000000,-1,52.185173,52.185173,-1,16,0,1552,22,0,722,1595,0,201,5.646093,3.102427,3.102427,1.000000,0.753800,-1,-1,-1,-1,-1,0.067686
26670,386,0,18131,46.971503,0.000000,30.000000,-1,52.203464,52.203464,-1,9,0,1601,20,0,701,2187,0,104,5.701664,3.122787,3.122787,1.000000,0.761823,-1,-1,-1,-1,-1,0.066483
26680,391,0,17925,45.843990,0.000000,30.000000,-1,52.160167,52.160167,-1,13,0,1694,26,0,673,1608,0,163,5.902443,3.133362,3.133362,1.000000,0.754556,-1,-1,-1,-1,-1,0.068348
26690,411,0,18888,45.956204,0.000000,30.000000,-1,52.151207,52.151207,-1,19,0,1536,20,0,723,1693,0,251,5.601168,3.118969,3.118969,1.000000,0.756668,-1,-1,-1,-1,-1,0.067868
26700,430,0,19657,45.713953,0.000000,30.000000,-1,52.109986,52.109986,-1,18,0,1941,16,0,757,2337,0,234,5.511990,2.946925,2.946925,1.000000,0.751215,-1,-1,-1,-1,-1,0.064464
26710,414,0,18821,45.461353,0.000000,30.000000,-1,52.133521,52.133521,-1,21,0,1745,18,0,694,1966,0,250,5.449993,2.906652,2.906652,1.000000,0.740679,-1,-1,-1,-1,-1,0.063937
26720,407,0,18474,45.390663,0.000000,30.000000,-1,52.167587,52.167587,-1,23,0,1785,22,0,727,1998,0,296,5.482109,2.907969,2.907969,1.000000,0.733720,-1,-1,-1,-1,-1,0.064065
26730,416,0,18908,45.451923,0.000000,30.000000,-1,52.150307,52.150307,-1,21,0,1818,15,0,698,2058,0,271,5.375022,2.839721,2.839721,1.000000,0.734641,-1,-1,-1,-1,-1,0.062477
26740,395,0,17650,44.683544,0.000000,30.000000,-1,52.141756,52.141756,-1,22,0,1437,28,0,684,1853,0,274,5.563965,2.984558,2.984558,1.000000,0.735992,-1,-1,-1,-1,-1,0.066793
26750,410,0,18625,45.426829,0.000000,30.000000,-1,52.195812,52.195812,-1,18,0,1625,22,0,704,1794,0,240,5.310587,2.842839,2.842839,1.000000,0.743439,-1,-1,-1,-1,-1,0.062581
26760,401,0,18036,44.977556,0.000000,30.000000,-1,52.165447,52.165447,-1,21,0,1721,15,0,673,1794,0,252,5.620187,3.002423,3.002423,1.000000,0.743964,-1,-1,-1,-1,-1,0.066754
26770,421,0,18940,44.988124,0.000000,30.000000,-1,52.138965,52.138965,-1,19,0,1724,18,0,727,2197,0,228,5.574191,2.962173,2.962173,1.000000,0.743767,-1,-1,-1,-1,-1,0.065843
26780,409,0,18555,45.366748,0.000000,30.000000,-1,52.116572,52.116572,-1,23,0,1450,19,0,717,2012,0,282,5.475299,2.999494,2.999494,1.000000,0.737281,-1,-1,-1,-1,-1,0.066117
26790,418,0,19008,45.473684,0.000000,30.000000,-1,52.179451,52.179451,-1,20,0,1532,20,0,761,2213,0,247,5.435759,2.994806,2.994806,1.000000,0.745058,-1,-1,-1,-1,-1,0.065858
26800,411,0,18619,45.301703,0.000000,30.000000,-1,52.256136,52.256136,-1,19,0,1787,19,0,697,1859,0,239,5.462383,2.927645,2.927645,1.000000,0.734875,-1,-1,-1,-1,-1,0.064625
26810,414,0,18699,45.166667,0.000000,30.000000,-1,52.272581,52.272581,-1,22,0,1560,19,0,750,1701,0,261,5.659388,3.017745,3.017745,1.000000,0.731434,-1,-1,-1,-1,-1,0.066814
26820,408,0,18665,45.747549,0.000000,30.000000,-1,52.269220,52.269220,-1,16,0,1806,23,0,715,2131,0,201,5.689719,2.995738,2.995738,1.000000,0.749079,-1,-1,-1,-1,-1,0.065484
26830,404,0,18498,45.787129,0.000000,30.000000,-1,52.265380,52.265380,-1,18,0,1563,20,0,703,1809,0,228,5.664514,3.008164,3.008164,1.000000,0.732342,-1,-1,-1,-1,-1,0.065699
26840,411,0,18655,45.389294,0.000000,30.000000,-1,52.298526,52.298526,-1,20,0,1694,17,0,748,1905,0,264,5.720135,3.095762,3.095762,1.000000,0.739364,-1,-1,-1,-1,-1,0.068205
26850,420,0,19496,46.419048,0.000000,30.000000,-1,52.326836,52.326836,-1,15,0,1709,26,0,716,1902,0,193,5.566665,3.004726,3.004726,1.000000,0.746792,-1,-1,-1,-1,-1,0.064730
26860,410,0,18556,45.258537,0.000000,30.000000,-1,52.326471,52.326471,-1,19,0,1674,25,0,746,1828,0,244,5.481350,2.896196,2.896196,1.000000,0.737770,-1,-1,-1,-1,-1,0.063992
26870,422,0,19149,45.376777,0.000000,30.000000,-1,52.376208,52.376208,-1,23,0,1634,16,0,726,1789,0,282,5.640718,3.036555,3.036555,1.000000,0.732404,-1,-1,-1,-1,-1,0.066919
26880,425,0,19260,45.317647,0.000000,30.000000,-1,52.402233,52.402233,-1,22,0,1709,15,0,735,2464,0,262,5.153399,2.747889,2.747889,1.000000,0.732766,-1,-1,-1,-1,-1,0.060636
26890,424,0,19291,45.497642,0.000000,30.000000,-1,52.450573,52.450573,-1,18,0,1763,28,0,779,1889,0,248,5.488138,2.903970,2.903970,1.000000,0.739088,-1,-1,-1,-1,-1,0.063827
26900,410,0,18948,46.214634,0.000000,30.000000,-1,52.453610,52.453610,-1,18,0,1698,19,0,734,1985,0,236,5.511782,2.987812,2.987812,1.000000,0.746330,-1,-1,-1,-1,-1,0.064651
26910,422,0,19274,45.672986,0.000000,30.000000,-1,52.443447,52.443447,-1,20,0,1709,18,0,732,2322,0,268,5.387115,2.850021,2.850021,1.000000,0.740281,-1,-1,-1,-1,-1,0.062401
26920,421,0,18973,45.066508,0.000000,30.000000,-1,52.444790,52.444790,-1,17,0,1832,16,0,761,1822,0,192,5.409123,2.811365,2.811365,1.000000,0.739912,-1,-1,-1,-1,-1,0.062383
26930,391,0,17765,45.434783,0.000000,30.000000,-1,52.454714,52.454714,-1,22,0,1620,27,0,708,1682,0,258,5.904339,3.167029,3.167029,1.000000,0.723682,-1,-1,-1,-1,-1,0.069705
26940,412,0,18971,46.046117,0.000000,30.000000,-1,52.486321,52.486321,-1,15,0,1869,15,0,712,2160,0,193,5.524481,2.930153,2.930153,1.000000,0.743940,-1,-1,-1,-1,-1,0.063635
26950,420,0,18941,45.097619,0.000000,30.000000,-1,52.477958,52.477958,-1,21,0,1772,22,0,724,1867,0,253,5.562562,2.919524,2.919524,1.000000,0.733679,-1,-1,-1,-1,-1,0.064738
26960,403,0,18337,45.501241,0.000000,30.000000,-1,52.508644,52.508644,-1,18,0,1678,27,0,688,1858,0,233,5.799480,2.983635,2.983635,1.000000,0.733352,-1,-1,-1,-1,-1,0.065573
26970,428,0,19617,45.834112,0.000000,30.000000,-1,52.522659,52.522659,-1,17,0,1820,20,0,731,2075,0,221,5.326740,2.827466,2.827466,1.000000,0.742899,-1,-1,-1,-1,-1,0.061689
26980,416,0,18788,45.163462,0.000000,30.000000,-1,52.490366,52.490366,-1,24,0,1798,20,0,712,1862,0,315,5.404784,2.885509,2.885509,1.000000,0.730049,-1,-1,-1,-1,-1,0.063890
26990,409,0,18778,45.911980,0.000000,30.000000,-1,52.496432,52.496432,-1,17,0,1654,21,0,689,1999,0,219,5.566983,3.010441,3.010441,1.000000,0.743600,-1,-1,-1,-1,-1,0.065570
27000,410,0,18708,45.629268,0.000000,30.000000,-1,52.495991,52.495991,-1,17,0,1884,18,0,718,2236,0,225,5.536197,2.889007,2.889007,1.000000,0.741953,-1,-1,-1,-1,-1,0.063315
27010,408,0,18372,45.029412,0.000000,30.000000,-1,52.464675,52.464675,-1,20,0,1742,17,0,732,1870,0,236,5.527772,2.902083,2.902083,1.000000,0.736062,-1,-1,-1,-1,-1,0.064449
27020,399,0,17935,44.949875,0.000000,30.000000,-1,52.465236,52.465236,-1,21,0,1920,15,0,648,1747,0,258,5.945659,2.990133,2.990133,1.000000,0.736365,-1,-1,-1,-1,-1,0.066521
27030,393,0,17938,45.643766,0.000000,30.000000,-1,52.502118,52.502118,-1,20,0,1652,13,0,636,1484,0,245,5.713308,3.024848,3.024848,1.000000,0.741287,-1,-1,-1,-1,-1,0.066271
27040,412,0,18225,44.235437,0.000000,30.000000,-1,52.500796,52.500796,-1,28,0,1604,17,0,663,1818,0,340,5.326964,2.889402,2.889402,1.000000,0.727894,-1,-1,-1,-1,-1,0.065319
27050,390,0,18231,46.746154,0.000000,30.000000,-1,52.488783,52.488783,-1,14,0,1637,16,0,713,1566,0,181,5.740919,3.136371,3.136371,1.000000,0.751614,-1,-1,-1,-1,-1,0.067094
27060,411,0,18874,45.922141,0.000000,30.000000,-1,52.510703,52.510703,-1,17,0,1718,16,0,689,1888,0,194,5.695129,3.098637,3.098637,1.000000,0.751093,-1,-1,-1,-1,-1,0.067476
27070,393,0,18321,46.618321,0.000000,30.000000,-1,52.527045,52.527045,-1,9,0,1622,20,0,732,1630,0,98,6.122446,3.226942,3.226942,1.000000,0.755337,-1,-1,-1,-1,-1,0.069220
27080,393,0,17852,45.424936,0.000000,30.000000,-1,52.544253,52.544253,-1,20,0,1499,20,0,683,1648,0,260,5.592299,3.016692,3.016692,1.000000,0.739364,-1,-1,-1,-1,-1,0.066410
27090,387,0,17761,45.894057,0.000000,30.000000,-1,52.544170,52.544170,-1,12,0,1671,24,0,738,1750,0,139,5.547020,2.959973,2.959973,1.000000,0.760065,-1,-1,-1,-1,-1,0.064496
27100,394,0,17752,45.055838,0.000000,30.000000,-1,52.569119,52.569119,-1,20,0,1656,18,0,671,1734,0,235,5.769389,3.132956,3.132956,1.000000,0.741595,-1,-1,-1,-1,-1,0.069535
27110,372,0,17007,45.717742,0.000000,30.000000,-1,52.543835,52.543835,-1,16,0,1607,22,0,618,1469,0,229,5.789694,3.116284,3.116284,1.000000,0.739627,-1,-1,-1,-1,-1,0.068164
27120,404,0,18599,46.037129,0.000000,30.000000,-1,52.511802,52.511802,-1,16,0,1813,18,0,686,1928,0,203,5.802809,3.147686,3.147686,1.000000,0.750668,-1,-1,-1,-1,-1,0.068373
27130,430,0,19674,45.753488,0.000000,30.000000,-1,52.527244,52.527244,-1,21,0,1765,19,0,725,2449,0,280,5.415944,2.919936,2.919936,1.000000,0.742604,-1,-1,-1,-1,-1,0.063819
27140,399,0,18443,46.223058,0.000000,30.000000,-1,52.553435,52.553435,-1,17,0,1593,30,0,751,1895,0,211,5.472462,2.956228,2.956228,1.000000,0.745221,-1,-1,-1,-1,-1,0.063956
27150,412,0,18881,45.827670,0.000000,30.000000,-1,52.533870,52.533870,-1,19,0,1707,24,0,707,1925,0,264,5.197233,2.882286,2.882286,1.000000,0.753838,-1,-1,-1,-1,-1,0.062894
27160,429,0,19462,45.365967,0.000000,30.000000,-1,52.538126,52.538126,-1,19,0,1878,24,0,724,2319,0,238,5.197560,2.805215,2.805215,1.000000,0.739080,-1,-1,-1,-1,-1,0.061835
27170,437,0,19985,45.732265,0.000000,30.000000,-1,52.592945,52.592945,-1,19,0,1674,19,0,815,2140,0,235,5.015930,2.717643,2.717643,1.000000,0.748582,-1,-1,-1,-1,-1,0.059425
27180,409,0,18594,45.462103,0.000000,30.000000,-1,52.557599,52.557599,-1,20,0,1691,20,0,687,1944,0,258,5.862075,3.120810,3.120810,1.000000,0.740018,-1,-1,-1,-1,-1,0.068646
27190,400,0,18445,46.112500,0.000000,30.000000,-1,52.558254,52.558254,-1,16,0,1665,15,0,687,1978,0,200,5.694398,3.101316,3.101316,1.000000,0.749315,-1,-1,-1,-1,-1,0.067255
27200,385,0,17518,45.501299,0.000000,30.000000,-1,52.558740,52.558740,-1,17,0,1488,17,0,705,1753,0,228,5.775394,3.180821,3.180821,1.000000,0.747896,-1,-1,-1,-1,-1,0.069906
27210,401,0,17948,44.758105,0.000000,30.000000,-1,52.567751,52.567751,-1,21,0,1749,13,0,745,1764,0,254,5.456684,2.889356,2.889356,1.000000,0.743823,-1,-1,-1,-1,-1,0.064555
27220,393,0,17803,45.300254,0.000000,30.000000,-1,52.604449,52.604449,-1,16,0,1665,20,0,695,2084,0,189,5.880137,3.118166,3.118166,1.000000,0.751200,-1,-1,-1,-1,-1,0.068833
27230,406,0,18502,45.571429,0.000000,30.000000,-1,52.644579,52.644579,-1,22,0,1481,20,0,678,2048,0,250,5.649699,3.128040,3.128040,1.000000,0.740830,-1,-1,-1,-1,-1,0.068640
27240,408,0,18663,45.742647,0.000000,30.000000,-1,52.650753,52.650753,-1,19,0,1709,22,0,688,2353,0,237,5.478860,2.979279,2.979279,1.000000,0.747847,-1,-1,-1,-1,-1,0.065131
27250,421,0,19375,46.021378,0.000000,30.000000,-1,52.663123,52.663123,-1,23,0,1622,20,0,702,2034,0,294,5.514881,3.037771,3.037771,1.000000,0.739752,-1,-1,-1,-1,-1,0.066008
27260,393,0,18100,46.055980,0.000000,30.000000,-1,52.630552,52.630552,-1,18,0,1533,21,0,715,2130,0,221,5.784334,3.245837,3.245837,1.000000,0.751944,-1,-1,-1,-1,-1,0.070476
27270,410,0,18905,46.109756,0.000000,30.000000,-1,52.662999,52.662999,-1,14,0,1856,25,0,792,2060,0,165,5.550300,2.938221,2.938221,1.000000,0.764627,-1,-1,-1,-1,-1,0.063722
27280,418,0,19041,45.552632,0.000000,30.000000,-1,52.704270,52.704270,-1,20,0,1690,23,0,733,1996,0,226,5.632113,3.074255,3.074255,1.000000,0.740058,-1,-1,-1,-1,-1,0.067488
27290,427,0,19557,45.800937,0.000000,30.000000,-1,52.729304,52.729304,-1,20,0,1690,20,0,805,2030,0,228,5.597854,3.114424,3.114424,1.000000,0.752594,-1,-1,-1,-1,-1,0.067999
27300,406,0,18314,45.108374,0.000000,30.000000,-1,52.745495,52.745495,-1,23,0,1643,23,0,698,1547,0,293,5.495099,2.970887,2.970887,1.000000,0.741244,-1,-1,-1,-1,-1,0.065861
27310,422,0,19375,45.912322,0.000000,30.000000,-1,52.743845,52.743845,-1,17,0,1723,23,0,799,1895,0,209,5.399605,2.907154,2.907154,1.000000,0.751224,-1,-1,-1,-1,-1,0.063320
27320,416,0,18860,45.336538,0.000000,30.000000,-1,52.722428,52.722428,-1,23,0,1580,17,0,792,1683,0,288,5.384907,3.003963,3.003963,1.000000,0.738051,-1,-1,-1,-1,-1,0.066259
27330,419,0,19222,45.875895,0.000000,30.000000,-1,52.756477,52.756477,-1,23,0,1667,19,0,716,1976,0,300,5.776177,3.151201,3.151201,1.000000,0.742092,-1,-1,-1,-1,-1,0.068690
27340,418,0,19031,45.528708,0.000000,30.000000,-1,52.749146,52.749146,-1,14,0,1892,22,0,740,1584,0,164,5.361406,2.791211,2.791211,1.000000,0.754541,-1,-1,-1,-1,-1,0.061307
27350,395,0,17954,45.453165,0.000000,30.000000,-1,52.746463,52.746463,-1,20,0,1614,26,0,769,1680,0,231,5.503295,2.964939,2.964939,1.000000,0.742952,-1,-1,-1,-1,-1,0.065231
27360,423,0,19286,45.593381,0.000000,30.000000,-1,52.732293,52.732293,-1,19,0,1708,15,0,680,1926,0,230,5.660498,3.012923,3.012923,1.000000,0.741470,-1,-1,-1,-1,-1,0.066082
27370,410,0,18716,45.648780,0.000000,30.000000,-1,52.741077,52.741077,-1,19,0,1778,18,0,702,2201,0,254,5.541536,2.955793,2.955793,1.000000,0.747697,-1,-1,-1,-1,-1,0.064751
27380,403,0,18504,45.915633,0.000000,30.000000,-1,52.769077,52.769077,-1,15,0,1635,27,0,723,2267,0,189,5.783290,2.982396,2.982396,1.000000,0.746217,-1,-1,-1,-1,-1,0.064954
27390,415,0,19156,46.159036,0.000000,30.000000,-1,52.809146,52.809146,-1,13,0,1777,13,0,750,1824,0,163,5.618807,2.986815,2.986815,1.000000,0.756270,-1,-1,-1,-1,-1,0.064707
27400,410,0,18649,45.485366,0.000000,30.000000,-1,52.819132,52.819132,-1,16,0,1725,23,0,730,1953,0,214,5.446467,2.884312,2.884312,1.000000,0.750011,-1,-1,-1,-1,-1,0.063412
27410,398,0,18057,45.369347,0.000000,30.000000,-1,52.790774,52.790774,-1,21,0,1900,20,0,703,1940,0,287,5.840556,3.028193,3.028193,1.000000,0.729241,-1,-1,-1,-1,-1,0.066745
27420,404,0,18736,46.376238,0.000000,30.000000,-1,52.814582,52.814582,-1,17,0,1608,21,0,698,1748,0,235,5.603494,3.047496,3.047496,1.000000,0.744935,-1,-1,-1,-1,-1,0.065712
27430,413,0,18774,45.457627,0.000000,30.000000,-1,52.867849,52.867849,-1,27,0,1511,15,0,721,1969,0,337,5.452246,3.110362,3.110362,1.000000,0.733162,-1,-1,-1,-1,-1,0.068423
27440,417,0,19056,45.697842,0.000000,30.000000,-1,52.901081,52.901081,-1,17,0,1796,17,0,773,1747,0,220,5.615838,2.932638,2.932638,1.000000,0.745237,-1,-1,-1,-1,-1,0.064175
27450,408,0,18237,44.698529,0.000000,30.000000,-1,52.930581,52.930581,-1,26,0,1708,23,0,681,1896,0,338,5.611414,3.016154,3.016154,1.000000,0.726297,-1,-1,-1,-1,-1,0.067478
27460,405,0,18238,45.032099,0.000000,30.000000,-1,52.994078,52.994078,-1,20,0,1750,22,0,668,1935,0,293,5.826976,3.066616,3.066616,1.000000,0.741176,-1,-1,-1,-1,-1,0.068098
27470,408,0,18241,44.708333,0.000000,30.000000,-1,52.980484,52.980484,-1,20,0,1833,21,0,751,1758,0,247,5.710351,2.955498,2.955498,1.000000,0.732156,-1,-1,-1,-1,-1,0.066106
27480,415,0,18654,44.949398,0.000000,30.000000,-1,52.994746,52.994746,-1,24,0,1718,27,0,751,1929,0,326,5.520583,2.900300,2.900300,1.000000,0.723797,-1,-1,-1,-1,-1,0.064524
27490,401,0,18464,46.044888,0.000000,30.000000,-1,52.999946,52.999946,-1,20,0,1528,26,0,729,1816,0,231,5.475432,2.976948,2.976948,1.000000,0.734712,-1,-1,-1,-1,-1,0.064653
27500,396,0,17802,44.954545,0.000000,30.000000,-1,53.040333,53.040333,-1,19,0,1924,15,0,709,2112,0,233,5.739155,2.963105,2.963105,1.000000,0.737831,-1,-1,-1,-1,-1,0.065913
27510,395,0,17983,45.526582,0.000000,30.000000,-1,53.047823,53.047823,-1,19,0,1641,24,0,655,2070,0,233,5.750854,3.051678,3.051678,1.000000,0.734952,-1,-1,-1,-1,-1,0.067031
27520,401,0,18462,46.039900,0.000000,30.000000,-1,53.047882,53.047882,-1,14,0,1636,16,0,689,2184,0,159,5.831330,3.070581,3.070581,1.000000,0.745235,-1,-1,-1,-1,-1,0.066694
27530,389,0,18016,46.313625,0.000000,30.000000,-1,53.080429,53.080429,-1,12,0,1595,16,0,727,1674,0,143,5.989999,3.185665,3.185665,1.000000,0.753892,-1,-1,-1,-1,-1,0.068785
27540,410,0,18482,45.078049,0.000000,30.000000,-1,53.086679,53.086679,-1,19,0,1642,23,0,697,1631,0,244,5.822987,2.987001,2.987001,1.000000,0.728279,-1,-1,-1,-1,-1,0.066263
27550,413,0,18790,45.496368,0.000000,30.000000,-1,53.089622,53.089622,-1,16,0,1914,20,0,741,1873,0,196,5.869179,3.022554,3.022554,1.000000,0.743244,-1,-1,-1,-1,-1,0.066435
27560,412,0,18622,45.199029,0.000000,30.000000,-1,53.058694,53.058694,-1,23,0,1598,19,0,678,1744,0,293,5.567559,2.917069,2.917069,1.000000,0.721346,-1,-1,-1,-1,-1,0.064538
27570,419,0,18838,44.959427,0.000000,30.000000,-1,53.042467,53.042467,-1,25,0,1651,17,0,751,1862,0,330,5.630596,2.978621,2.978621,1.000000,0.720307,-1,-1,-1,-1,-1,0.066251
27580,416,0,18917,45.473558,0.000000,30.000000,-1,53.035524,53.035524,-1,21,0,1647,28,0,708,1811,0,247,5.682567,3.086320,3.086320,1.000000,0.737926,-1,-1,-1,-1,-1,0.067871
27590,404,0,18625,46.101485,0.000000,30.000000,-1,53.019973,53.019973,-1,16,0,1586,24,0,720,1824,0,199,5.506382,2.974287,2.974287,1.000000,0.741260,-1,-1,-1,-1,-1,0.064516
27600,413,0,18597,45.029056,0.000000,30.000000,-1,53.010324,53.010324,-1,24,0,1880,15,0,738,1881,0,280,5.728653,2.991801,2.991801,1.000000,0.725957,-1,-1,-1,-1,-1,0.066442
27610,409,0,18384,44.948655,0.000000,30.000000,-1,53.015611,53.015611,-1,18,0,1703,24,0,731,1825,0,243,5.368129,2.756740,2.756740,1.000000,0.731943,-1,-1,-1,-1,-1,0.061331
27620,418,0,19156,45.827751,0.000000,30.000000,-1,52.973429,52.973429,-1,15,0,1600,21,0,737,2142,0,196,5.596444,2.910847,2.910847,1.000000,0.735904,-1,-1,-1,-1,-1,0.063517
27630,412,0,18883,45.832524,0.000000,30.000000,-1,53.012710,53.012710,-1,16,0,1735,16,0,736,1900,0,199,5.575610,2.902545,2.902545,1.000000,0.741018,-1,-1,-1,-1,-1,0.063329
27640,398,0,18218,45.773869,0.000000,30.000000,-1,53.020913,53.020913,-1,17,0,1777,17,0,761,1873,0,224,5.972769,3.111821,3.111821,1.000000,0.741293,-1,-1,-1,-1,-1,0.067982
27650,396,0,18395,46.452020,0.000000,30.000000,-1,53.031911,53.031911,-1,13,0,1564,22,0,672,1633,0,166,5.834384,3.120522,3.120522,1.000000,0.749966,-1,-1,-1,-1,-1,0.067177
27660,387,0,17792,45.974160,0.000000,30.000000,-1,53.024281,53.024281,-1,13,0,1869,22,0,713,1597,0,152,5.951700,3.084537,3.084537,1.000000,0.737685,-1,-1,-1,-1,-1,0.067093
27670,394,0,17841,45.281726,0.000000,30.000000,-1,53.057620,53.057620,-1,23,0,1428,18,0,633,1688,0,276,5.772801,3.121265,3.121265,1.000000,0.729457,-1,-1,-1,-1,-1,0.068930
27680,390,0,18110,46.435897,0.000000,30.000000,-1,53.056599,53.056599,-1,15,0,1573,16,0,681,1865,0,194,5.596735,3.014621,3.014621,1.000000,0.740738,-1,-1,-1,-1,-1,0.064920
27690,410,0,18736,45.697561,0.000000,30.000000,-1,53.120997,53.120997,-1,18,0,1605,14,0,679,1719,0,223,5.397766,2.908738,2.908738,1.000000,0.740071,-1,-1,-1,-1,-1,0.063652
27700,402,0,18376,45.711443,0.000000,30.000000,-1,53.082553,53.082553,-1,18,0,1512,13,0,708,2007,0,214,5.368990,2.961027,2.961027,1.000000,0.743133,-1,-1,-1,-1,-1,0.064776
27710,421,0,19340,45.938242,0.000000,30.000000,-1,53.096536,53.096536,-1,18,0,1723,21,0,742,2196,0,232,5.835274,3.134526,3.134526,1.000000,0.740748,-1,-1,-1,-1,-1,0.068233
27720,414,0,18725,45.229469,0.000000,30.000000,-1,53.081068,53.081068,-1,24,0,1655,14,0,760,1878,0,273,5.439253,2.953316,2.953316,1.000000,0.731348,-1,-1,-1,-1,-1,0.065296
27730,410,0,18612,45.395122,0.000000,30.000000,-1,53.067054,53.067054,-1,19,0,1613,14,0,688,2173,0,247,5.749811,3.134742,3.134742,1.000000,0.738055,-1,-1,-1,-1,-1,0.069055
27740,413,0,19056,46.140436,0.000000,30.000000,-1,53.049013,53.049013,-1,19,0,1410,26,0,660,1958,0,225,5.266766,2.937738,2.937738,1.000000,0.738878,-1,-1,-1,-1,-1,0.063669
27750,417,0,18496,44.354916,0.000000,30.000000,-1,53.061581,53.061581,-1,24,0,2005,20,0,838,1708,0,303,5.594686,2.898119,2.898119,1.000000,0.727656,-1,-1,-1,-1,-1,0.065339
27760,428,0,19776,46.205607,0.000000,30.000000,-1,53.095065,53.095065,-1,21,0,1715,20,0,682,1761,0,253,5.372815,2.930033,2.930033,1.000000,0.740468,-1,-1,-1,-1,-1,0.063413
27770,429,0,19424,45.277389,0.000000,30.000000,-1,53.119903,53.119903,-1,22,0,1852,14,0,791,1959,0,292,5.831953,3.078248,3.078248,1.000000,0.741691,-1,-1,-1,-1,-1,0.067986
27780,424,0,18935,44.658019,0.000000,30.000000,-1,53.134302,53.134302,-1,21,0,1799,22,0,711,2172,0,269,5.555855,2.841607,2.841607,1.000000,0.729940,-1,-1,-1,-1,-1,0.063630
27790,411,0,18837,45.832117,0.000000,30.000000,-1,53.180018,53.180018,-1,12,0,1822,23,0,710,1902,0,155,5.598747,2.923556,2.923556,1.000000,0.753785,-1,-1,-1,-1,-1,0.063788
27800,395,0,18233,46.159494,0.000000,30.000000,-1,53.215324,53.215324,-1,14,0,1610,22,0,729,1875,0,191,5.459835,2.898995,2.898995,1.000000,0.738012,-1,-1,-1,-1,-1,0.062804
27810,412,0,18705,45.400485,0.000000,30.000000,-1,53.228923,53.228923,-1,20,0,1862,21,0,709,1757,0,240,5.551224,2.847643,2.847643,1.000000,0.734140,-1,-1,-1,-1,-1,0.062723
27820,421,0,19202,45.610451,0.000000,30.000000,-1,53.235861,53.235861,-1,17,0,1732,14,0,754,2691,0,236,5.614920,2.951984,2.951984,1.000000,0.739610,-1,-1,-1,-1,-1,0.064722
27830,417,0,18996,45.553957,0.000000,30.000000,-1,53.277427,53.277427,-1,18,0,1684,22,0,722,2050,0,220,5.579488,2.977667,2.977667,1.000000,0.736918,-1,-1,-1,-1,-1,0.065366
27840,387,0,17563,45.382429,0.000000,30.000000,-1,53.280248,53.280248,-1,19,0,1490,21,0,638,1672,0,237,5.720119,3.105011,3.105011,1.000000,0.735044,-1,-1,-1,-1,-1,0.068419
27850,387,0,18142,46.878553,0.000000,30.000000,-1,53.268879,53.268879,-1,5,0,1734,18,0,668,1789,0,56,5.895038,3.128095,3.128095,1.000000,0.761301,-1,-1,-1,-1,-1,0.066728
27860,385,0,17732,46.057143,0.000000,30.000000,-1,53.291789,53.291789,-1,15,0,1763,25,0,653,1955,0,184,5.652964,2.994779,2.994779,1.000000,0.739863,-1,-1,-1,-1,-1,0.065023
27870,392,0,17855,45.548469,0.000000,30.000000,-1,53.303892,53.303892,-1,20,0,1676,17,0,673,2030,0,264,5.894148,3.147519,3.147519,1.000000,0.732937,-1,-1,-1,-1,-1,0.069103
27880,386,0,17421,45.132124,0.000000,30.000000,-1,53.286953,53.286953,-1,22,0,1337,21,0,651,1540,0,263,5.941651,3.233651,3.233651,1.000000,0.732908,-1,-1,-1,-1,-1,0.071649
27890,398,0,18414,46.266332,0.000000,30.000000,-1,53.277289,53.277289,-1,16,0,1618,18,0,708,1844,0,206,5.756701,3.043850,3.043850,1.000000,0.736149,-1,-1,-1,-1,-1,0.065790
27900,380,0,17075,44.934211,0.000000,30.000000,-1,53.292709,53.292709,-1,21,0,1831,22,0,640,1604,0,272,5.833176,2.980107,2.980107,1.000000,0.722637,-1,-1,-1,-1,-1,0.066322
27910,385,0,17760,46.129870,0.000000,30.000000,-1,53.275507,53.275507,-1,18,0,1471,19,0,624,2000,0,223,5.966843,3.192093,3.192093,1.000000,0.733565,-1,-1,-1,-1,-1,0.069198
27920,398,0,17820,44.773869,0.000000,30.000000,-1,53.232716,53.232716,-1,23,0,1682,23,0,698,1934,0,253,5.888379,3.026194,3.026194,1.000000,0.717498,-1,-1,-1,-1,-1,0.067588
27930,380,0,17209,45.286842,0.000000,30.000000,-1,53.193155,53.193155,-1,21,0,1480,16,0,669,1995,0,279,5.763598,3.116665,3.116665,1.000000,0.732044,-1,-1,-1,-1,-1,0.068821
27940,374,0,17149,45.852941,0.000000,30.000000,-1,53.193656,53.193656,-1,14,0,1668,19,0,628,1666,0,149,6.338786,3.309164,3.309164,1.000000,0.742079,-1,-1,-1,-1,-1,0.072169
27950,415,0,18726,45.122892,0.000000,30.000000,-1,53.177561,53.177561,-1,24,0,1453,21,0,657,2070,0,314,5.545653,2.983148,2.983148,1.000000,0.725354,-1,-1,-1,-1,-1,0.066112
27960,407,0,18538,45.547912,0.000000,30.000000,-1,53.163286,53.163286,-1,23,0,1731,20,0,778,1726,0,277,5.633250,3.015067,3.015067,1.000000,0.727134,-1,-1,-1,-1,-1,0.066195
27970,417,0,18797,45.076739,0.000000,30.000000,-1,53.173379,53.173379,-1,21,0,1927,21,0,722,2018,0,273,5.637760,2.866636,2.866636,1.000000,0.718191,-1,-1,-1,-1,-1,0.063595
27980,411,0,18846,45.854015,0.000000,30.000000,-1,53.196540,53.196540,-1,22,0,1649,15,0,680,1894,0,264,5.643302,2.993531,2.993531,1.000000,0.724493,-1,-1,-1,-1,-1,0.065284
27990,384,0,17477,45.513021,0.000000,30.000000,-1,53.174343,53.174343,-1,21,0,1651,20,0,645,1817,0,248,5.841332,3.104849,3.104849,1.000000,0.733805,-1,-1,-1,-1,-1,0.068219
28000,401,0,18422,45.940150,0.000000,30.000000,-1,53.176582,53.176582,-1,18,0,1623,17,0,717,1876,0,215,5.637847,3.032620,3.032620,1.000000,0.734038,-1,-1,-1,-1,-1,0.066012
28010,408,0,18381,45.051471,0.000000,30.000000,-1,53.170067,53.170067,-1,23,0,1733,15,0,706,1758,0,278,5.437720,2.798391,2.798391,1.000000,0.717299,-1,-1,-1,-1,-1,0.062115
28020,400,0,18172,45.430000,0.000000,30.000000,-1,53.158926,53.158926,-1,19,0,1634,19,0,665,1774,0,237,5.620636,2.894959,2.894959,1.000000,0.729727,-1,-1,-1,-1,-1,0.063724
28030,411,0,18648,45.372263,0.000000,30.000000,-1,53.164843,53.164843,-1,20,0,1555,19,0,713,2002,0,259,5.531880,2.973044,2.973044,1.000000,0.742382,-1,-1,-1,-1,-1,0.065526
28040,414,0,18128,43.787440,0.000000,30.000000,-1,53.167310,53.167310,-1,30,0,1737,20,0,777,1991,0,377,5.219190,2.677502,2.677502,1.000000,0.710438,-1,-1,-1,-1,-1,0.061148
28050,406,0,18630,45.886700,0.000000,30.000000,-1,53.171498,53.171498,-1,13,0,1906,23,0,700,1997,0,158,5.687124,2.874804,2.874804,1.000000,0.734394,-1,-1,-1,-1,-1,0.062650
28060,379,0,17311,45.675462,0.000000,30.000000,-1,53.246606,53.246606,-1,21,0,1409,16,0,689,1569,0,268,5.816554,3.177163,3.177163,1.000000,0.731132,-1,-1,-1,-1,-1,0.069560
28070,402,0,18480,45.970149,0.000000,30.000000,-1,53.250054,53.250054,-1,12,0,1716,15,0,743,1890,0,136,5.827449,3.094667,3.094667,1.000000,0.752372,-1,-1,-1,-1,-1,0.067319
28080,402,0,18189,45.246269,0.000000,30.000000,-1,53.258728,53.258728,-1,21,0,1725,22,0,734,1595,0,260,5.564608,2.907101,2.907101,1.000000,0.722729,-1,-1,-1,-1,-1,0.064251
28090,405,0,18461,45.582716,0.000000,30.000000,-1,53.273387,53.273387,-1,19,0,1546,21,0,695,1808,0,243,5.821637,3.064430,3.064430,1.000000,0.733097,-1,-1,-1,-1,-1,0.067228
28100,406,0,18471,45.495074,0.000000,30.000000,-1,53.248281,53.248281,-1,16,0,1759,14,0,712,1972,0,209,5.643360,2.932994,2.932994,1.000000,0.740033,-1,-1,-1,-1,-1,0.064468
28110,397,0,17861,44.989924,0.000000,30.000000,-1,53.257208,53.257208,-1,24,0,1566,26,0,673,2194,0,313,5.480165,2.912183,2.912183,1.000000,0.722249,-1,-1,-1,-1,-1,0.064730
28120,403,0,18501,45.908189,0.000000,30.000000,-1,53.255824,53.255824,-1,14,0,1598,16,0,715,2097,0,168,5.777445,3.098958,3.098958,1.000000,0.752950,-1,-1,-1,-1,-1,0.067503
28130,411,0,18632,45.333333,0.000000,30.000000,-1,53.295996,53.295996,-1,19,0,1843,26,0,712,2029,0,238,5.546107,2.846374,2.846374,1.000000,0.732335,-1,-1,-1,-1,-1,0.062788
28140,404,0,18454,45.678218,0.000000,30.000000,-1,53.295708,53.295708,-1,19,0,1646,23,0,692,1964,0,246,5.755912,3.067521,3.067521,1.000000,0.739537,-1,-1,-1,-1,-1,0.067155
28150,410,0,18480,45.073171,0.000000,30.000000,-1,53.288095,53.288095,-1,16,0,1983,21,0,741,2184,0,178,5.674804,2.829725,2.829725,1.000000,0.733439,-1,-1,-1,-1,-1,0.062781
28160,387,0,18101,46.772610,0.000000,30.000000,-1,53.299320,53.299320,-1,15,0,1395,24,0,668,1939,0,188,5.806537,3.193463,3.193463,1.000000,0.739861,-1,-1,-1,-1,-1,0.068276
28170,408,0,18550,45.465686,0.000000,30.000000,-1,53.244906,53.244906,-1,23,0,1522,22,0,738,2073,0,277,5.606279,3.037161,3.037161,1.000000,0.726621,-1,-1,-1,-1,-1,0.066801
28180,390,0,17790,45.615385,0.000000,30.000000,-1,53.239910,53.239910,-1,15,0,1763,29,0,679,2225,0,193,5.859529,2.926796,2.926796,1.000000,0.738328,-1,-1,-1,-1,-1,0.064162
28190,396,0,17934,45.287879,0.000000,30.000000,-1,53.238374,53.238374,-1,18,0,1851,22,0,662,1447,0,225,5.944636,3.003175,3.003175,1.000000,0.736414,-1,-1,-1,-1,-1,0.066313
28200,407,0,18580,45.651106,0.000000,30.000000,-1,53.302153,53.302153,-1,18,0,1532,17,0,717,2115,0,229,5.685127,3.052442,3.052442,1.000000,0.737244,-1,-1,-1,-1,-1,0.066865
28210,402,0,18228,45.343284,0.000000,30.000000,-1,53.305190,53.305190,-1,20,0,1644,25,0,705,2236,0,244,5.824178,3.030358,3.030358,1.000000,0.728917,-1,-1,-1,-1,-1,0.066831
28220,424,0,19251,45.403302,0.000000,30.000000,-1,53.306166,53.306166,-1,17,0,1933,20,0,743,1940,0,203,5.671125,2.952640,2.952640,1.000000,0.740307,-1,-1,-1,-1,-1,0.065031
28230,419,0,19090,45.560859,0.000000,30.000000,-1,53.330487,53.330487,-1,20,0,1572,17,0,712,2057,0,236,5.418922,2.901796,2.901796,1.000000,0.729573,-1,-1,-1,-1,-1,0.063691
28240,425,0,19209,45.197647,0.000000,30.000000,-1,53.347702,53.347702,-1,24,0,1872,18,0,755,1719,0,301,5.542848,2.884640,2.884640,1.000000,0.724970,-1,-1,-1,-1,-1,0.063823
28250,426,0,19326,45.366197,0.000000,30.000000,-1,53.296285,53.296285,-1,19,0,1786,12,0,737,1951,0,206,5.669535,2.959070,2.959070,1.000000,0.729999,-1,-1,-1,-1,-1,0.065226
28260,392,0,17951,45.793367,0.000000,30.000000,-1,53.277589,53.277589,-1,17,0,1598,20,0,713,1628,0,210,5.781171,3.070020,3.070020,1.000000,0.729220,-1,-1,-1,-1,-1,0.067041
28270,389,0,17978,46.215938,0.000000,30.000000,-1,53.262599,53.262599,-1,16,0,1738,19,0,636,1728,0,237,5.786071,2.993522,2.993522,1.000000,0.734431,-1,-1,-1,-1,-1,0.064773
28280,393,0,18120,46.106870,0.000000,30.000000,-1,53.267439,53.267439,-1,13,0,2087,20,0,669,1587,0,168,6.097852,3.038704,3.038704,1.000000,0.737138,-1,-1,-1,-1,-1,0.065906
28290,399,0,18111,45.390977,0.000000,30.000000,-1,53.307051,53.307051,-1,19,0,1799,18,0,708,2034,0,249,5.831105,2.987787,2.987787,1.000000,0.728786,-1,-1,-1,-1,-1,0.065823
28300,390,0,17305,44.371795,0.000000,30.000000,-1,53.331407,53.331407,-1,29,0,1523,16,0,687,1717,0,368,5.779306,3.127776,3.127776,1.000000,0.713720,-1,-1,-1,-1,-1,0.070490
28310,380,0,17627,46.386842,0.000000,30.000000,-1,53.325126,53.325126,-1,17,0,1423,25,0,639,1994,0,210,5.513415,3.077562,3.077562,1.000000,0.744984,-1,-1,-1,-1,-1,0.066346
28320,400,0,18492,46.230000,0.000000,30.000000,-1,53.336740,53.336740,-1,13,0,1557,30,0,697,1944,0,159,5.618489,2.976511,2.976511,1.000000,0.749689,-1,-1,-1,-1,-1,0.064385
28330,409,0,18889,46.183374,0.000000,30.000000,-1,53.382762,53.382762,-1,15,0,1789,16,0,708,2283,0,198,5.892091,3.030368,3.030368,1.000000,0.738236,-1,-1,-1,-1,-1,0.065616
28340,406,0,18378,45.266010,0.000000,30.000000,-1,53.388345,53.388345,-1,21,0,1873,22,0,680,1732,0,248,5.558336,2.877390,2.877390,1.000000,0.727725,-1,-1,-1,-1,-1,0.063566
28350,426,0,18719,43.941315,0.000000,30.000000,-1,53.429937,53.429937,-1,34,0,1655,19,0,719,2178,0,443,5.511246,2.854168,2.854168,1.000000,0.696915,-1,-1,-1,-1,-1,0.064954
28360,415,0,18862,45.450602,0.000000,30.000000,-1,53.442901,53.442901,-1,22,0,1633,18,0,721,1949,0,251,5.581553,2.965206,2.965206,1.000000,0.718693,-1,-1,-1,-1,-1,0.065240
28370,439,0,19857,45.232346,0.000000,30.000000,-1,53.464169,53.464169,-1,21,0,1908,13,0,753,2017,0,272,5.697308,2.867504,2.867504,1.000000,0.727425,-1,-1,-1,-1,-1,0.063395
28380,427,0,19449,45.548009,0.000000,30.000000,-1,53.479562,53.479562,-1,15,0,1943,31,0,735,2138,0,178,5.458924,2.759990,2.759990,1.000000,0.733728,-1,-1,-1,-1,-1,0.060595
28390,409,0,18083,44.212714,0.000000,30.000000,-1,53.468728,53.468728,-1,32,0,1550,19,0,730,2124,0,369,5.587244,2.904839,2.904839,1.000000,0.700580,-1,-1,-1,-1,-1,0.065701
28400,398,0,18505,46.494975,0.000000,30.000000,-1,53.495326,53.495326,-1,15,0,1457,14,0,709,1935,0,209,5.769454,3.170244,3.170244,1.000000,0.744600,-1,-1,-1,-1,-1,0.068185
28410,406,0,18222,44.881773,0.000000,30.000000,-1,53.524970,53.524970,-1,22,0,1727,21,0,699,1922,0,270,5.605045,2.954948,2.954948,1.000000,0.723929,-1,-1,-1,-1,-1,0.065838
28420,430,0,19366,45.037209,0.000000,30.000000,-1,53.533564,53.533564,-1,22,0,1896,18,0,774,2295,0,262,5.664490,2.923993,2.923993,1.000000,0.726786,-1,-1,-1,-1,-1,0.064924
28430,427,0,19424,45.489461,0.000000,30.000000,-1,53.571304,53.571304,-1,17,0,1793,20,0,732,1794,0,222,5.683529,2.925091,2.925091,1.000000,0.741158,-1,-1,-1,-1,-1,0.064303
28440,424,0,19204,45.292453,0.000000,30.000000,-1,53.570662,53.570662,-1,19,0,1734,18,0,737,2158,0,231,5.539290,2.892482,2.892482,1.000000,0.732754,-1,-1,-1,-1,-1,0.063862
28450,417,0,18648,44.719424,0.000000,30.000000,-1,53.581403,53.581403,-1,23,0,1837,12,0,720,2107,0,303,5.677700,2.916225,2.916225,1.000000,0.719600,-1,-1,-1,-1,-1,0.065212
28460,413,0,18464,44.707022,0.000000,30.000000,-1,53.567429,53.567429,-1,27,0,1448,29,0,705,1990,0,326,5.478544,2.998223,2.998223,1.000000,0.718083,-1,-1,-1,-1,-1,0.067064
28470,407,0,18492,45.434889,0.000000,30.000000,-1,53.592418,53.592418,-1,19,0,1648,21,0,750,1809,0,225,5.688934,2.909873,2.909873,1.000000,0.725724,-1,-1,-1,-1,-1,0.064045
28480,405,0,18435,45.518519,0.000000,30.000000,-1,53.631353,53.631353,-1,16,0,1839,15,0,692,1602,0,211,5.653767,2.894264,2.894264,1.000000,0.735639,-1,-1,-1,-1,-1,0.063584
28490,415,0,18715,45.096386,0.000000,30.000000,-1,53.634090,53.634090,-1,23,0,1582,10,0,715,1843,0,298,5.582820,3.028655,3.028655,1.000000,0.732169,-1,-1,-1,-1,-1,0.067160
28500,397,0,18068,45.511335,0.000000,30.000000,-1,53.618718,53.618718,-1,19,0,1481,20,0,654,1906,0,247,5.694234,2.990424,2.990424,1.000000,0.736580,-1,-1,-1,-1,-1,0.065707
28510,400,0,18437,46.092500,0.000000,30.000000,-1,53.612139,53.612139,-1,17,0,1645,18,0,757,2238,0,221,5.562573,2.995523,2.995523,1.000000,0.739593,-1,-1,-1,-1,-1,0.064989
28520,411,0,18751,45.622871,0.000000,30.000000,-1,53.648979,53.648979,-1,18,0,1854,20,0,754,1910,0,223,5.586590,2.830975,2.830975,1.000000,0.731391,-1,-1,-1,-1,-1,0.062052
28530,396,0,18225,46.022727,0.000000,30.000000,-1,53.675665,53.675665,-1,17,0,1537,16,0,699,1928,0,221,5.475985,2.919638,2.919638,1.000000,0.737498,-1,-1,-1,-1,-1,0.063439
28540,391,0,17779,45.470588,0.000000,30.000000,-1,53.668373,53.668373,-1,22,0,1404,25,0,673,1913,0,260,5.560609,3.055516,3.055516,1.000000,0.731674,-1,-1,-1,-1,-1,0.067198
28550,394,0,18513,46.987310,0.000000,30.000000,-1,53.655647,53.655647,-1,11,0,1617,11,0,686,1879,0,119,5.503175,3.003110,3.003110,1.000000,0.760127,-1,-1,-1,-1,-1,0.063913
28560,391,0,18050,46.163683,0.000000,30.000000,-1,53.638116,53.638116,-1,14,0,1638,20,0,702,1554,0,176,5.727256,3.074961,3.074961,1.000000,0.747712,-1,-1,-1,-1,-1,0.066610
28570,402,0,18329,45.594527,0.000000,30.000000,-1,53.654046,53.654046,-1,22,0,1472,10,0,688,1738,0,291,5.642767,3.059673,3.059673,1.000000,0.731688,-1,-1,-1,-1,-1,0.067106
28580,399,0,18203,45.621554,0.000000,30.000000,-1,53.684063,53.684063,-1,19,0,1702,17,0,674,1520,0,226,5.576288,2.912971,2.912971,1.000000,0.732509,-1,-1,-1,-1,-1,0.063851
28590,393,0,17846,45.409669,0.000000,30.000000,-1,53.698420,53.698420,-1,17,0,1666,23,0,668,1829,0,221,5.931510,3.133436,3.133436,1.000000,0.735525,-1,-1,-1,-1,-1,0.069004
28600,395,0,17919,45.364557,0.000000,30.000000,-1,53.738322,53.738322,-1,21,0,1552,24,0,684,2214,0,258,5.641531,3.043942,3.043942,1.000000,0.729852,-1,-1,-1,-1,-1,0.067100
28610,417,0,19062,45.712230,0.000000,30.000000,-1,53.729829,53.729829,-1,16,0,1971,24,0,764,2153,0,218,5.702275,2.978780,2.978780,1.000000,0.739670,-1,-1,-1,-1,-1,0.065164
28620,426,0,19462,45.685446,0.000000,30.000000,-1,53.741085,53.741085,-1,19,0,1722,22,0,731,2037,0,261,5.611307,2.994438,2.994438,1.000000,0.735145,-1,-1,-1,-1,-1,0.065545
28630,392,0,18010,45.943878,0.000000,30.000000,-1,53.765353,53.765353,-1,19,0,1447,23,0,662,1715,0,213,5.674959,3.128066,3.128066,1.000000,0.741652,-1,-1,-1,-1,-1,0.068084
28640,398,0,18292,45.959799,0.000000,30.000000,-1,53.813962,53.813962,-1,16,0,1675,18,0,741,1648,0,216,5.680481,3.128325,3.128325,1.000000,0.751863,-1,-1,-1,-1,-1,0.068067
28650,389,0,17822,45.814910,0.000000,30.000000,-1,53.831332,53.831332,-1,13,0,1626,15,0,701,1837,0,176,5.989248,3.129861,3.129861,1.000000,0.743757,-1,-1,-1,-1,-1,0.068315
28660,386,0,17519,45.386010,0.000000,30.000000,-1,53.837377,53.837377,-1,14,0,1561,26,0,696,2231,0,169,5.580063,2.921664,2.921664,1.000000,0.749091,-1,-1,-1,-1,-1,0.064374
28670,383,0,17144,44.762402,0.000000,30.000000,-1,53.868000,53.868000,-1,21,0,1534,27,0,667,1971,0,267,5.775298,2.971438,2.971438,1.000000,0.733168,-1,-1,-1,-1,-1,0.066382
28680,393,0,17645,44.898219,0.000000,30.000000,-1,53.922528,53.922528,-1,24,0,1511,13,0,660,1721,0,316,5.686010,3.080681,3.080681,1.000000,0.730421,-1,-1,-1,-1,-1,0.068615
28690,380,0,17046,44.857895,0.000000,30.000000,-1,53.896222,53.896222,-1,21,0,1525,20,0,670,1625,0,247,6.032478,3.265392,3.265392,1.000000,0.737420,-1,-1,-1,-1,-1,0.072794
28700,394,0,17908,45.451777,0.000000,30.000000,-1,53.920092,53.920092,-1,14,0,1788,9,0,679,1986,0,149,5.935411,3.139039,3.139039,1.000000,0.752325,-1,-1,-1,-1,-1,0.069063
28710,408,0,18185,44.571078,0.000000,30.000000,-1,53.940555,53.940555,-1,29,0,1550,19,0,714,1850,0,350,5.546159,3.001810,3.001810,1.000000,0.721588,-1,-1,-1,-1,-1,0.067349
28720,392,0,17869,45.584184,0.000000,30.000000,-1,53.947227,53.947227,-1,21,0,1583,27,0,678,1921,0,246,5.753614,3.120536,3.120536,1.000000,0.743255,-1,-1,-1,-1,-1,0.068457
28730,409,0,18406,45.002445,0.000000,30.000000,-1,53.945181,53.945181,-1,27,0,1547,9,0,709,2011,0,350,5.676252,3.132012,3.132012,1.000000,0.729129,-1,-1,-1,-1,-1,0.069596
28740,415,0,18996,45.773494,0.000000,30.000000,-1,53.942356,53.942356,-1,18,0,1864,11,0,729,2288,0,242,5.544813,2.986187,2.986187,1.000000,0.747576,-1,-1,-1,-1,-1,0.065238
28750,406,0,18600,45.812808,0.000000,30.000000,-1,53.958118,53.958118,-1,17,0,1497,16,0,701,2600,0,221,5.400732,2.905684,2.905684,1.000000,0.750108,-1,-1,-1,-1,-1,0.063425
28760,410,0,18223,44.446341,0.000000,30.000000,-1,53.983098,53.983098,-1,28,0,1656,29,0,712,2077,0,339,5.428576,2.906325,2.906325,1.000000,0.725391,-1,-1,-1,-1,-1,0.065390
28770,409,0,18716,45.760391,0.000000,30.000000,-1,53.981994,53.981994,-1,18,0,1643,31,0,667,1886,0,237,5.604782,3.013450,3.013450,1.000000,0.739589,-1,-1,-1,-1,-1,0.065853
28780,420,0,19142,45.576190,0.000000,30.000000,-1,54.015150,54.015150,-1,20,0,1403,19,0,768,1813,0,250,5.456451,2.986519,2.986519,1.000000,0.740256,-1,-1,-1,-1,-1,0.065528
28790,422,0,19286,45.701422,0.000000,30.000000,-1,54.031629,54.031629,-1,24,0,1460,19,0,756,1901,0,303,5.627723,3.233933,3.233933,1.000000,0.744399,-1,-1,-1,-1,-1,0.070762
28800,404,0,18089,44.774752,0.000000,30.000000,-1,54.018520,54.018520,-1,23,0,1562,23,0,744,1703,0,289,5.588919,3.005140,3.005140,1.000000,0.734649,-1,-1,-1,-1,-1,0.067117
28810,386,0,17552,45.471503,0.000000,30.000000,-1,53.979376,53.979376,-1,23,0,1621,15,0,606,1997,0,306,5.555704,2.980072,2.980072,1.000000,0.722884,-1,-1,-1,-1,-1,0.065537
28820,382,0,17614,46.109948,0.000000,30.000000,-1,53.977972,53.977972,-1,18,0,1337,17,0,709,1598,0,208,5.666765,3.186513,3.186513,1.000000,0.743473,-1,-1,-1,-1,-1,0.069107
28830,391,0,17847,45.644501,0.000000,30.000000,-1,53.979548,53.979548,-1,20,0,1299,15,0,673,1949,0,244,5.827019,3.388180,3.388180,1.000000,0.752772,-1,-1,-1,-1,-1,0.074230
28840,409,0,18818,46.009780,0.000000,30.000000,-1,53.983314,53.983314,-1,13,0,1569,19,0,686,1750,0,185,5.556433,2.986936,2.986936,1.000000,0.749614,-1,-1,-1,-1,-1,0.064920
28850,399,0,17990,45.087719,0.000000,30.000000,-1,53.986993,53.986993,-1,21,0,1670,29,0,746,1726,0,262,5.677475,3.046657,3.046657,1.000000,0.731373,-1,-1,-1,-1,-1,0.067572
28860,420,0,19292,45.933333,0.000000,30.000000,-1,54.018712,54.018712,-1,21,0,1632,18,0,696,2256,0,245,5.391914,2.889832,2.889832,1.000000,0.735403,-1,-1,-1,-1,-1,0.062914
28870,432,0,19391,44.886574,0.000000,30.000000,-1,54.014440,54.014440,-1,22,0,1936,14,0,714,2321,0,267,5.305154,2.809080,2.809080,1.000000,0.737385,-1,-1,-1,-1,-1,0.062582
28880,402,0,18445,45.883085,0.000000,30.000000,-1,54.007482,54.007482,-1,21,0,1785,17,0,743,1845,0,275,5.704645,3.037596,3.037596,1.000000,0.729636,-1,-1,-1,-1,-1,0.066203
28890,398,0,18279,45.927136,0.000000,30.000000,-1,54.005580,54.005580,-1,18,0,1623,19,0,686,1607,0,235,5.721091,3.056128,3.056128,1.000000,0.743541,-1,-1,-1,-1,-1,0.066543
28900,413,0,18815,45.556901,0.000000,30.000000,-1,54.028913,54.028913,-1,21,0,1658,23,0,766,1637,0,256,5.243557,2.842803,2.842803,1.000000,0.737289,-1,-1,-1,-1,-1,0.062401
28910,436,0,19888,45.614679,0.000000,30.000000,-1,54.052444,54.052444,-1,19,0,1591,16,0,770,1950,0,239,5.214118,2.806579,2.806579,1.000000,0.742062,-1,-1,-1,-1,-1,0.061528
28920,420,0,18980,45.190476,0.000000,30.000000,-1,54.063909,54.063909,-1,25,0,1598,24,0,702,1762,0,336,5.396311,2.931467,2.931467,1.000000,0.726780,-1,-1,-1,-1,-1,0.064869
28930,404,0,18240,45.148515,0.000000,30.000000,-1,54.082127,54.082127,-1,23,0,1586,23,0,728,1658,0,309,5.232228,2.805078,2.805078,1.000000,0.730030,-1,-1,-1,-1,-1,0.062130
28940,391,0,17713,45.301790,0.000000,30.000000,-1,54.116525,54.116525,-1,16,0,1480,13,0,697,1787,0,205,5.642467,3.027000,3.027000,1.000000,0.750547,-1,-1,-1,-1,-1,0.066819
28950,385,0,17791,46.210390,0.000000,30.000000,-1,54.089821,54.089821,-1,19,0,1411,15,0,669,1889,0,248,5.732817,3.254938,3.254938,1.000000,0.746423,-1,-1,-1,-1,-1,0.070437
28960,365,0,16321,44.715068,0.000000,30.000000,-1,54.097053,54.097053,-1,20,0,1445,18,0,590,1655,0,255,5.947447,3.160315,3.160315,1.000000,0.737123,-1,-1,-1,-1,-1,0.070677
28970,389,0,17646,45.362468,0.000000,30.000000,-1,54.059334,54.059334,-1,20,0,1440,15,0,650,1655,0,246,6.055830,3.312514,3.312514,1.000000,0.737862,-1,-1,-1,-1,-1,0.073023
28980,410,0,18844,45.960976,0.000000,30.000000,-1,54.061717,54.061717,-1,13,0,1781,16,0,720,2141,0,163,5.534809,2.936097,2.936097,1.000000,0.757244,-1,-1,-1,-1,-1,0.063882
28990,394,0,17751,45.053299,0.000000,30.000000,-1,54.093854,54.093854,-1,25,0,1530,12,0,696,1879,0,312,5.627773,2.991516,2.991516,1.000000,0.721374,-1,-1,-1,-1,-1,0.066399
29000,404,0,18715,46.324257,0.000000,30.000000,-1,54.064547,54.064547,-1,12,0,1669,23,0,683,1816,0,176,5.773665,3.151252,3.151252,1.000000,0.753996,-1,-1,-1,-1,-1,0.068026
29010,410,0,18662,45.517073,0.000000,30.000000,-1,54.063230,54.063230,-1,24,0,1623,18,0,730,1698,0,298,5.727887,3.140986,3.140986,1.000000,0.734256,-1,-1,-1,-1,-1,0.069007
29020,434,0,19959,45.988479,0.000000,30.000000,-1,54.089534,54.089534,-1,20,0,1636,22,0,757,1780,0,250,5.435294,2.953777,2.953777,1.000000,0.740797,-1,-1,-1,-1,-1,0.064229
29030,412,0,18876,45.815534,0.000000,30.000000,-1,54.121742,54.121742,-1,18,0,1565,20,0,692,1990,0,247,5.522528,3.041388,3.041388,1.000000,0.747813,-1,-1,-1,-1,-1,0.066383
29040,404,0,18465,45.705446,0.000000,30.000000,-1,54.132088,54.132088,-1,18,0,1787,18,0,691,1784,0,210,5.680708,3.043597,3.043597,1.000000,0.745126,-1,-1,-1,-1,-1,0.066592
29050,407,0,18595,45.687961,0.000000,30.000000,-1,54.115461,54.115461,-1,18,0,1539,17,0,691,1882,0,202,5.852056,3.185033,3.185033,1.000000,0.745835,-1,-1,-1,-1,-1,0.069713
29060,377,0,17397,46.145889,0.000000,30.000000,-1,54.120251,54.120251,-1,20,0,1561,17,0,689,1779,0,248,5.735684,3.178173,3.178173,1.000000,0.736527,-1,-1,-1,-1,-1,0.068872
29070,393,0,17788,45.262087,0.000000,30.000000,-1,54.157297,54.157297,-1,20,0,1613,20,0,696,1834,0,266,5.617021,3.009055,3.009055,1.000000,0.729753,-1,-1,-1,-1,-1,0.066481
29080,395,0,18094,45.807595,0.000000,30.000000,-1,54.173925,54.173925,-1,19,0,1679,21,0,762,1788,0,231,5.565219,3.012961,3.012961,1.000000,0.739989,-1,-1,-1,-1,-1,0.065774
29090,397,0,18007,45.357683,0.000000,30.000000,-1,54.175321,54.175321,-1,18,0,1531,23,0,753,1999,0,240,5.581427,2.999057,2.999057,1.000000,0.741755,-1,-1,-1,-1,-1,0.066120
29100,404,0,18067,44.720297,0.000000,30.000000,-1,54.189074,54.189074,-1,22,0,1686,18,0,736,1437,0,275,5.472085,2.912521,2.912521,1.000000,0.728781,-1,-1,-1,-1,-1,0.065127
29110,398,0,18032,45.306533,0.000000,30.000000,-1,54.218057,54.218057,-1,25,0,1373,27,0,693,1556,0,344,5.521096,3.080723,3.080723,1.000000,0.737230,-1,-1,-1,-1,-1,0.067997
29120,402,0,18362,45.676617,0.000000,30.000000,-1,54.224104,54.224104,-1,19,0,1740,24,0,735,1618,0,239,5.601333,2.979631,2.979631,1.000000,0.733096,-1,-1,-1,-1,-1,0.065233
29130,414,0,18958,45.792271,0.000000,30.000000,-1,54.240373,54.240373,-1,17,0,1801,16,0,772,1781,0,218,5.423713,2.818408,2.818408,1.000000,0.733926,-1,-1,-1,-1,-1,0.061548
29140,418,0,19005,45.466507,0.000000,30.000000,-1,54.239779,54.239779,-1,16,0,1623,19,0,768,2136,0,178,5.517546,2.977935,2.977935,1.000000,0.752168,-1,-1,-1,-1,-1,0.065497
29150,416,0,18963,45.584135,0.000000,30.000000,-1,54.236988,54.236988,-1,20,0,1767,18,0,743,1898,0,251,5.744951,3.017526,3.017526,1.000000,0.735283,-1,-1,-1,-1,-1,0.066197
29160,395,0,17760,44.962025,0.000000,30.000000,-1,54.216836,54.216836,-1,15,0,1545,21,0,681,1849,0,190,5.397449,2.883804,2.883804,1.000000,0.746173,-1,-1,-1,-1,-1,0.064139
29170,383,0,17334,45.258486,0.000000,30.000000,-1,54.232895,54.232895,-1,20,0,1762,26,0,701,1539,0,261,6.049448,3.120886,3.120886,1.000000,0.730243,-1,-1,-1,-1,-1,0.068957
29180,403,0,18281,45.362283,0.000000,30.000000,-1,54.206936,54.206936,-1,25,0,1507,16,0,679,1693,0,307,5.671865,3.082851,3.082851,1.000000,0.734451,-1,-1,-1,-1,-1,0.067961
29190,390,0,17654,45.266667,0.000000,30.000000,-1,54.189532,54.189532,-1,16,0,1580,17,0,722,1905,0,228,5.567669,2.907423,2.907423,1.000000,0.741133,-1,-1,-1,-1,-1,0.064229
29200,391,0,17317,44.289003,0.000000,30.000000,-1,54.197378,54.197378,-1,28,0,1576,18,0,677,2280,0,344,5.721174,3.098580,3.098580,1.000000,0.721154,-1,-1,-1,-1,-1,0.069963
29210,366,0,16550,45.218579,0.000000,30.000000,-1,54.178248,54.178248,-1,18,0,1493,16,0,625,1913,0,238,6.236020,3.297678,3.297678,1.000000,0.740385,-1,-1,-1,-1,-1,0.072927
29220,408,0,18326,44.916667,0.000000,30.000000,-1,54.174233,54.174233,-1,26,0,1808,17,0,718,2074,0,328,5.759520,3.070546,3.070546,1.000000,0.734623,-1,-1,-1,-1,-1,0.068361
29230,406,0,18395,45.307882,0.000000,30.000000,-1,54.170753,54.170753,-1,20,0,1524,20,0,724,2183,0,223,5.512242,2.939553,2.939553,1.000000,0.736008,-1,-1,-1,-1,-1,0.064880
29240,385,0,17576,45.651948,0.000000,30.000000,-1,54.190032,54.190032,-1,20,0,1557,22,0,633,1896,0,257,5.703168,3.021754,3.021754,1.000000,0.727554,-1,-1,-1,-1,-1,0.066191
29250,396,0,18296,46.202020,0.000000,30.000000,-1,54.184740,54.184740,-1,17,0,1647,12,0,723,2077,0,230,5.660770,3.074920,3.074920,1.000000,0.751352,-1,-1,-1,-1,-1,0.066554
29260,404,0,18203,45.056931,0.000000,30.000000,-1,54.197550,54.197550,-1,18,0,1538,16,0,693,1878,0,223,5.848049,3.079462,3.079462,1.000000,0.742781,-1,-1,-1,-1,-1,0.068346
29270,423,0,18972,44.851064,0.000000,30.000000,-1,54.198556,54.198556,-1,25,0,1707,19,0,732,1979,0,305,5.415925,2.905532,2.905532,1.000000,0.733248,-1,-1,-1,-1,-1,0.064782
29280,410,0,18654,45.497561,0.000000,30.000000,-1,54.250295,54.250295,-1,19,0,1841,23,0,755,1895,0,232,5.418902,2.935105,2.935105,1.000000,0.744691,-1,-1,-1,-1,-1,0.064511
29290,391,0,18142,46.398977,0.000000,30.000000,-1,54.269210,54.269210,-1,16,0,1531,26,0,713,1857,0,210,5.606173,3.054526,3.054526,1.000000,0.748677,-1,-1,-1,-1,-1,0.065832
29300,423,0,19323,45.680851,0.000000,30.000000,-1,54.274129,54.274129,-1,19,0,1740,19,0,688,2240,0,251,5.402287,2.903072,2.903072,1.000000,0.743615,-1,-1,-1,-1,-1,0.063551
29310,437,0,20018,45.807780,0.000000,30.000000,-1,54.288141,54.288141,-1,19,0,2017,12,0,732,2373,0,242,5.580431,2.873530,2.873530,1.000000,0.735919,-1,-1,-1,-1,-1,0.062730
29320,420,0,18971,45.169048,0.000000,30.000000,-1,54.241421,54.241421,-1,19,0,1931,17,0,769,2213,0,238,5.653289,2.946711,2.946711,1.000000,0.740207,-1,-1,-1,-1,-1,0.065237
29330,422,0,19432,46.047393,0.000000,30.000000,-1,54.215469,54.215469,-1,17,0,1745,18,0,731,2143,0,229,5.712123,2.988565,2.988565,1.000000,0.745724,-1,-1,-1,-1,-1,0.064902
29340,405,0,18437,45.523457,0.000000,30.000000,-1,54.194771,54.194771,-1,18,0,1768,17,0,735,1754,0,233,5.706940,2.997587,2.997587,1.000000,0.742696,-1,-1,-1,-1,-1,0.065847
29350,386,0,17536,45.430052,0.000000,30.000000,-1,54.166172,54.166172,-1,21,0,1563,20,0,664,1355,0,260,5.745539,3.175117,3.175117,1.000000,0.737222,-1,-1,-1,-1,-1,0.069890
29360,407,0,19062,46.835381,0.000000,30.000000,-1,54.146364,54.146364,-1,14,0,1745,25,0,697,2316,0,172,5.434242,2.930213,2.930213,1.000000,0.754205,-1,-1,-1,-1,-1,0.062564
29370,413,0,18955,45.895884,0.000000,30.000000,-1,54.106885,54.106885,-1,16,0,1554,13,0,751,1856,0,196,5.612208,3.075559,3.075559,1.000000,0.753289,-1,-1,-1,-1,-1,0.067012
29380,418,0,18817,45.016746,0.000000,30.000000,-1,54.120317,54.120317,-1,27,0,1468,14,0,727,1977,0,380,5.333494,2.960195,2.960195,1.000000,0.734297,-1,-1,-1,-1,-1,0.065758
29390,412,0,19151,46.483010,0.000000,30.000000,-1,54.120516,54.120516,-1,14,0,1597,19,0,696,1937,0,175,5.594801,3.005060,3.005060,1.000000,0.755391,-1,-1,-1,-1,-1,0.064649
29400,424,0,19236,45.367925,0.000000,30.000000,-1,54.142285,54.142285,-1,22,0,1784,15,0,789,2024,0,256,5.779068,3.117383,3.117383,1.000000,0.743031,-1,-1,-1,-1,-1,0.068713
29410,402,0,18444,45.880597,0.000000,30.000000,-1,54.145088,54.145088,-1,16,0,1371,18,0,653,1858,0,185,5.709780,3.172594,3.172594,1.000000,0.751639,-1,-1,-1,-1,-1,0.069149
29420,403,0,18231,45.238213,0.000000,30.000000,-1,54.100708,54.100708,-1,23,0,1742,19,0,667,1754,0,268,5.605600,3.077668,3.077668,1.000000,0.743291,-1,-1,-1,-1,-1,0.068032
29430,405,0,18878,46.612346,0.000000,30.000000,-1,54.104036,54.104036,-1,17,0,1487,18,0,686,1682,0,205,5.757176,3.199908,3.199908,1.000000,0.749523,-1,-1,-1,-1,-1,0.068649
29440,423,0,19780,46.761229,0.000000,30.000000,-1,54.108746,54.108746,-1,11,0,1752,20,0,717,2137,0,153,5.484409,2.995947,2.995947,1.000000,0.759235,-1,-1,-1,-1,-1,0.064069
29450,421,0,19421,46.130641,0.000000,30.000000,-1,54.082591,54.082591,-1,15,0,1819,18,0,747,2134,0,184,5.667825,3.024197,3.024197,1.000000,0.753630,-1,-1,-1,-1,-1,0.065557
29460,396,0,17832,45.030303,0.000000,30.000000,-1,54.079296,54.079296,-1,20,0,1554,28,0,682,1821,0,247,5.339551,2.933657,2.933657,1.000000,0.740049,-1,-1,-1,-1,-1,0.065149
29470,403,0,18046,44.779156,0.000000,30.000000,-1,54.024548,54.024548,-1,26,0,1557,21,0,677,1949,0,351,5.396852,2.938963,2.938963,1.000000,0.731687,-1,-1,-1,-1,-1,0.065632
29480,393,0,18173,46.241730,0.000000,30.000000,-1,54.033566,54.033566,-1,13,0,1762,8,0,669,1793,0,153,5.978906,3.144928,3.144928,1.000000,0.749911,-1,-1,-1,-1,-1,0.068011
29490,393,0,17810,45.318066,0.000000,30.000000,-1,54.033408,54.033408,-1,17,0,1636,21,0,676,1844,0,225,5.774624,3.061193,3.061193,1.000000,0.745678,-1,-1,-1,-1,-1,0.067549
29500,386,0,17490,45.310881,0.000000,30.000000,-1,54.055117,54.055117,-1,18,0,1612,20,0,710,1806,0,239,5.411158,2.935992,2.935992,1.000000,0.742165,-1,-1,-1,-1,-1,0.064797
29510,396,0,17958,45.348485,0.000000,30.000000,-1,54.081189,54.081189,-1,18,0,1677,13,0,666,2170,0,239,5.940715,3.196490,3.196490,1.000000,0.749349,-1,-1,-1,-1,-1,0.070487
29520,403,0,18109,44.935484,0.000000,30.000000,-1,54.105141,54.105141,-1,23,0,1598,24,0,696,1578,0,286,5.589212,3.000650,3.000650,1.000000,0.726975,-1,-1,-1,-1,-1,0.066777
29530,394,0,18173,46.124365,0.000000,30.000000,-1,54.065427,54.065427,-1,12,0,1829,21,0,682,1880,0,147,5.792952,3.054824,3.054824,1.000000,0.752540,-1,-1,-1,-1,-1,0.066230
29540,410,0,19158,46.726829,0.000000,30.000000,-1,54.034137,54.034137,-1,14,0,1406,21,0,713,2020,0,185,5.299837,2.993078,2.993078,1.000000,0.752320,-1,-1,-1,-1,-1,0.064055
29550,414,0,18677,45.113527,0.000000,30.000000,-1,54.047759,54.047759,-1,21,0,1967,10,0,760,2429,0,269,5.589528,2.891839,2.891839,1.000000,0.742967,-1,-1,-1,-1,-1,0.064101
29560,407,0,18797,46.184275,0.000000,30.000000,-1,54.058360,54.058360,-1,15,0,1766,19,0,665,1723,0,187,5.796660,3.086398,3.086398,1.000000,0.738187,-1,-1,-1,-1,-1,0.066828
29570,412,0,18763,45.541262,0.000000,30.000000,-1,54.038853,54.038853,-1,20,0,1637,11,0,752,1721,0,251,5.705536,3.071163,3.071163,1.000000,0.741347,-1,-1,-1,-1,-1,0.067437
29580,431,0,19357,44.911833,0.000000,30.000000,-1,54.018133,54.018133,-1,26,0,1744,12,0,750,1982,0,334,5.508999,2.945868,2.945868,1.000000,0.730560,-1,-1,-1,-1,-1,0.065592
29590,422,0,19258,45.635071,0.000000,30.000000,-1,54.074774,54.074774,-1,23,0,1749,19,0,716,1884,0,278,5.324623,2.942698,2.942698,1.000000,0.731404,-1,-1,-1,-1,-1,0.064483
29600,409,0,18804,45.975550,0.000000,30.000000,-1,54.072272,54.072272,-1,12,0,1806,19,0,679,1589,0,162,5.583610,2.900556,2.900556,1.000000,0.748506,-1,-1,-1,-1,-1,0.063089
29610,399,0,18204,45.624060,0.000000,30.000000,-1,54.046528,54.046528,-1,13,0,1850,24,0,746,1748,0,139,5.560703,2.820846,2.820846,1.000000,0.745829,-1,-1,-1,-1,-1,0.061828
29620,387,0,17906,46.268734,0.000000,30.000000,-1,54.043058,54.043058,-1,18,0,1507,21,0,637,1941,0,226,5.849749,3.195655,3.195655,1.000000,0.743472,-1,-1,-1,-1,-1,0.069067
29630,419,0,19328,46.128878,0.000000,30.000000,-1,54.017695,54.017695,-1,17,0,1688,18,0,734,2110,0,198,5.530914,2.990338,2.990338,1.000000,0.748822,-1,-1,-1,-1,-1,0.064826
29640,409,0,18368,44.909535,0.000000,30.000000,-1,53.993031,53.993031,-1,19,0,1711,15,0,741,2206,0,257,5.447407,2.786496,2.786496,1.000000,0.729946,-1,-1,-1,-1,-1,0.062047
29650,379,0,17466,46.084433,0.000000,30.000000,-1,53.990095,53.990095,-1,14,0,1631,21,0,637,1714,0,167,6.071932,3.161138,3.161138,1.000000,0.731308,-1,-1,-1,-1,-1,0.068594
29660,382,0,17637,46.170157,0.000000,30.000000,-1,54.021376,54.021376,-1,15,0,1613,23,0,682,1830,0,176,5.547063,3.018258,3.018258,1.000000,0.746864,-1,-1,-1,-1,-1,0.065372
29670,421,0,19274,45.781473,0.000000,30.000000,-1,54.052817,54.052817,-1,12,0,1632,26,0,733,2310,0,155,5.440254,2.919490,2.919490,1.000000,0.756560,-1,-1,-1,-1,-1,0.063770
29680,411,0,18599,45.253041,0.000000,30.000000,-1,54.090704,54.090704,-1,18,0,1930,14,0,720,2027,0,206,5.686225,2.901309,2.901309,1.000000,0.731710,-1,-1,-1,-1,-1,0.064113
29690,403,0,18673,46.334988,0.000000,30.000000,-1,54.078188,54.078188,-1,13,0,1824,21,0,703,2019,0,157,5.577480,2.902846,2.902846,1.000000,0.743554,-1,-1,-1,-1,-1,0.062649
29700,404,0,18515,45.829208,0.000000,30.000000,-1,54.095004,54.095004,-1,19,0,1706,13,0,750,1523,0,266,5.854573,3.170003,3.170003,1.000000,0.744833,-1,-1,-1,-1,-1,0.069170
29710,410,0,18612,45.395122,0.000000,30.000000,-1,54.086342,54.086342,-1,23,0,1558,16,0,688,1615,0,294,5.531884,3.013412,3.013412,1.000000,0.725926,-1,-1,-1,-1,-1,0.066382
29720,383,0,17538,45.791123,0.000000,30.000000,-1,54.135363,54.135363,-1,18,0,1500,15,0,675,1536,0,241,5.961939,3.212996,3.212996,1.000000,0.741034,-1,-1,-1,-1,-1,0.070166
29730,415,0,19127,46.089157,0.000000,30.000000,-1,54.142887,54.142887,-1,14,0,1989,21,0,704,1706,0,193,5.301411,2.779943,2.779943,1.000000,0.738017,-1,-1,-1,-1,-1,0.060317
29740,397,0,17907,45.105793,0.000000,30.000000,-1,54.173563,54.173563,-1,21,0,1844,15,0,729,1897,0,274,5.935249,3.086521,3.086521,1.000000,0.725043,-1,-1,-1,-1,-1,0.068428
29750,413,0,18637,45.125908,0.000000,30.000000,-1,54.187155,54.187155,-1,23,0,1782,23,0,664,2136,0,296,5.748082,2.994741,2.994741,1.000000,0.723142,-1,-1,-1,-1,-1,0.066364
29760,413,0,18752,45.404358,0.000000,30.000000,-1,54.201952,54.201952,-1,20,0,1722,24,0,697,1602,0,259,5.519797,2.869918,2.869918,1.000000,0.729535,-1,-1,-1,-1,-1,0.063208
29770,399,0,18289,45.837093,0.000000,30.000000,-1,54.183061,54.183061,-1,16,0,1672,15,0,742,1823,0,199,5.707994,2.997997,2.997997,1.000000,0.743171,-1,-1,-1,-1,-1,0.065405
29780,395,0,18251,46.205063,0.000000,30.000000,-1,54.141581,54.141581,-1,14,0,1643,25,0,658,2221,0,201,5.438532,2.976598,2.976598,1.000000,0.749799,-1,-1,-1,-1,-1,0.064421
29790,415,0,19011,45.809639,0.000000,30.000000,-1,54.136605,54.136605,-1,15,0,1798,16,0,714,2513,0,181,5.835308,2.992345,2.992345,1.000000,0.737407,-1,-1,-1,-1,-1,0.065321
29800,397,0,17939,45.186398,0.000000,30.000000,-1,54.156363,54.156363,-1,21,0,1441,21,0,703,1684,0,264,5.553292,2.998105,2.998105,1.000000,0.732450,-1,-1,-1,-1,-1,0.066350
29810,400,0,17998,44.995000,0.000000,30.000000,-1,54.155851,54.155851,-1,21,0,1792,20,0,681,1846,0,270,5.717925,2.959515,2.959515,1.000000,0.731662,-1,-1,-1,-1,-1,0.065774
29820,416,0,18732,45.028846,0.000000,30.000000,-1,54.133675,54.133675,-1,18,0,1527,19,0,675,2165,0,209,5.791278,3.096542,3.096542,1.000000,0.742320,-1,-1,-1,-1,-1,0.068768
29830,433,0,19727,45.558891,0.000000,30.000000,-1,54.107112,54.107112,-1,22,0,1784,18,0,807,2078,0,280,5.735529,3.077954,3.077954,1.000000,0.735064,-1,-1,-1,-1,-1,0.067560
29840,405,0,18833,46.501235,0.000000,30.000000,-1,54.126427,54.126427,-1,11,0,1775,25,0,712,1753,0,149,5.330230,2.869300,2.869300,1.000000,0.748586,-1,-1,-1,-1,-1,0.061704
29850,415,0,19088,45.995181,0.000000,30.000000,-1,54.114051,54.114051,-1,20,0,1544,13,0,749,2063,0,225,5.663577,3.062528,3.062528,1.000000,0.733858,-1,-1,-1,-1,-1,0.066584
29860,411,0,18899,45.982968,0.000000,30.000000,-1,54.082385,54.082385,-1,13,0,1870,16,0,716,1904,0,161,5.550594,2.910535,2.910535,1.000000,0.749195,-1,-1,-1,-1,-1,0.063296
29870,404,0,18324,45.356436,0.000000,30.000000,-1,54.115095,54.115095,-1,18,0,1776,14,0,727,1785,0,244,5.698437,3.046809,3.046809,1.000000,0.740605,-1,-1,-1,-1,-1,0.067175
29880,419,0,19074,45.522673,0.000000,30.000000,-1,54.140348,54.140348,-1,22,0,1422,23,0,772,2035,0,268,5.327939,2.909418,2.909418,1.000000,0.729591,-1,-1,-1,-1,-1,0.063911
29890,406,0,18573,45.746305,0.000000,30.000000,-1,54.130727,54.130727,-1,18,0,1499,24,0,695,1654,0,227,5.440361,2.959710,2.959710,1.000000,0.742081,-1,-1,-1,-1,-1,0.064698
29900,411,0,18628,45.323601,0.000000,30.000000,-1,54.099796,54.099796,-1,25,0,1499,23,0,712,2339,0,299,5.360010,2.961390,2.961390,1.000000,0.731381,-1,-1,-1,-1,-1,0.065339
29910,402,0,18445,45.883085,0.000000,30.000000,-1,54.096828,54.096828,-1,18,0,1713,28,0,654,2021,0,233,5.708021,3.011714,3.011714,1.000000,0.736794,-1,-1,-1,-1,-1,0.065639
29920,405,0,17908,44.217284,0.000000,30.000000,-1,54.123967,54.123967,-1,26,0,1749,16,0,753,1740,0,317,5.664026,2.838855,2.838855,1.000000,0.714309,-1,-1,-1,-1,-1,0.064202
29930,429,0,19294,44.974359,0.000000,30.000000,-1,54.090132,54.090132,-1,26,0,1663,16,0,756,1738,0,325,5.554412,2.926107,2.926107,1.000000,0.719468,-1,-1,-1,-1,-1,0.065062
29940,390,0,17912,45.928205,0.000000,30.000000,-1,54.110875,54.110875,-1,19,0,1183,22,0,688,1853,0,244,5.538239,3.081969,3.081969,1.000000,0.733321,-1,-1,-1,-1,-1,0.067104
29950,417,0,18848,45.199041,0.000000,30.000000,-1,54.127175,54.127175,-1,22,0,1511,13,0,750,2142,0,274,5.603281,3.021343,3.021343,1.000000,0.732374,-1,-1,-1,-1,-1,0.066845
29960,403,0,18211,45.188586,0.000000,30.000000,-1,54.090001,54.090001,-1,21,0,1572,26,0,718,1763,0,233,5.394122,2.872332,2.872332,1.000000,0.731424,-1,-1,-1,-1,-1,0.063563
29970,410,0,18710,45.634146,0.000000,30.000000,-1,54.148744,54.148744,-1,19,0,1532,11,0,733,1967,0,228,5.670621,3.025779,3.025779,1.000000,0.737562,-1,-1,-1,-1,-1,0.066305
29980,401,0,18433,45.967581,0.000000,30.000000,-1,54.163620,54.163620,-1,11,0,1593,22,0,671,1817,0,146,5.595042,2.964215,2.964215,1.000000,0.754746,-1,-1,-1,-1,-1,0.064485
29990,413,0,18887,45.731235,0.000000,30.000000,-1,54.166199,54.166199,-1,15,0,1853,21,0,721,1923,0,184,5.436787,2.799752,2.799752,1.000000,0.747161,-1,-1,-1,-1,-1,0.061222
30000,390,0,17779,45.587179,0.000000,30.000000,-1,54.157264,54.157264,-1,15,0,1805,18,0,646,1434,0,193,5.908861,2.958905,2.958905,1.000000,0.735407,-1,-1,-1,-1,-1,0.064907
30010,401,0,18213,45.418953,0.000000,30.000000,-1,54.178169,54.178169,-1,17,0,1633,25,0,687,1642,0,199,5.946107,3.156969,3.156969,1.000000,0.740188,-1,-1,-1,-1,-1,0.069508
30020,407,0,18315,45.000000,0.000000,30.000000,-1,54.164292,54.164292,-1,22,0,1623,22,0,666,1874,0,254,5.356697,2.837875,2.837875,1.000000,0.730527,-1,-1,-1,-1,-1,0.063064
30030,386,0,17736,45.948187,0.000000,30.000000,-1,54.183525,54.183525,-1,20,0,1261,16,0,681,1694,0,232,5.796314,3.221080,3.221080,1.000000,0.731442,-1,-1,-1,-1,-1,0.070102
30040,403,0,18327,45.476427,0.000000,30.000000,-1,54.262127,54.262127,-1,17,0,1651,19,0,665,1873,0,215,5.639825,2.950864,2.950864,1.000000,0.743967,-1,-1,-1,-1,-1,0.064888
30050,424,0,19458,45.891509,0.000000,30.000000,-1,54.270531,54.270531,-1,14,0,1917,8,0,790,1832,0,160,5.826476,3.010508,3.010508,1.000000,0.743819,-1,-1,-1,-1,-1,0.065601
30060,410,0,18589,45.339024,0.000000,30.000000,-1,54.224864,54.224864,-1,18,0,1777,28,0,712,1678,0,221,5.500872,2.867479,2.867479,1.000000,0.742130,-1,-1,-1,-1,-1,0.063245
30070,411,0,18629,45.326034,0.000000,30.000000,-1,54.221536,54.221536,-1,22,0,1669,28,0,711,2068,0,256,5.174712,2.797191,2.797191,1.000000,0.740158,-1,-1,-1,-1,-1,0.061713
30080,398,0,18048,45.346734,0.000000,30.000000,-1,54.198914,54.198914,-1,17,0,1636,16,0,704,1578,0,216,5.768336,3.033530,3.033530,1.000000,0.737067,-1,-1,-1,-1,-1,0.066896
30090,401,0,18224,45.446384,0.000000,30.000000,-1,54.154960,54.154960,-1,17,0,1497,20,0,704,2120,0,208,5.614547,2.975644,2.975644,1.000000,0.736910,-1,-1,-1,-1,-1,0.065476
30100,392,0,17952,45.795918,0.000000,30.000000,-1,54.099877,54.099877,-1,17,0,1662,12,0,716,2049,0,217,5.501585,2.907064,2.907064,1.000000,0.740332,-1,-1,-1,-1,-1,0.063479
30110,405,0,18519,45.725926,0.000000,30.000000,-1,54.125385,54.125385,-1,17,0,1607,18,0,684,1490,0,221,5.516007,2.989343,2.989343,1.000000,0.742628,-1,-1,-1,-1,-1,0.065375
30120,426,0,18878,44.314554,0.000000,30.000000,-1,54.138733,54.138733,-1,25,0,1825,14,0,789,1867,0,300,5.266716,2.701817,2.701817,1.000000,0.726545,-1,-1,-1,-1,-1,0.060969
30130,403,0,18587,46.121588,0.000000,30.000000,-1,54.081186,54.081186,-1,20,0,1569,18,0,682,1797,0,227,5.637076,2.964720,2.964720,1.000000,0.725640,-1,-1,-1,-1,-1,0.064281
30140,407,0,18347,45.078624,0.000000,30.000000,-1,54.077887,54.077887,-1,20,0,1661,19,0,743,1688,0,250,5.327094,2.910865,2.910865,1.000000,0.740032,-1,-1,-1,-1,-1,0.064573
30150,396,0,18123,45.765152,0.000000,30.000000,-1,54.065111,54.065111,-1,20,0,1550,19,0,684,1869,0,275,5.536489,2.956537,2.956537,1.000000,0.728626,-1,-1,-1,-1,-1,0.064602
30160,401,0,18229,45.458853,0.000000,30.000000,-1,54.057217,54.057217,-1,20,0,1915,21,0,709,2143,0,258,5.791144,2.972067,2.972067,1.000000,0.727353,-1,-1,-1,-1,-1,0.065379
30170,384,0,17527,45.643229,0.000000,30.000000,-1,54.069436,54.069436,-1,17,0,1588,19,0,651,1567,0,210,5.825481,3.026330,3.026330,1.000000,0.725363,-1,-1,-1,-1,-1,0.066304
30180,397,0,17922,45.143577,0.000000,30.000000,-1,54.069691,54.069691,-1,24,0,1371,19,0,692,1901,0,314,5.576761,3.060159,3.060159,1.000000,0.733228,-1,-1,-1,-1,-1,0.067787
30190,386,0,17832,46.196891,0.000000,30.000000,-1,54.085128,54.085128,-1,17,0,1608,12,0,694,1738,0,202,5.515269,3.038889,3.038889,1.000000,0.746477,-1,-1,-1,-1,-1,0.065781
30200,366,0,16496,45.071038,0.000000,30.000000,-1,54.052983,54.052983,-1,18,0,1473,24,0,613,1742,0,218,5.760562,3.080057,3.080057,1.000000,0.733661,-1,-1,-1,-1,-1,0.068338
30210,388,0,17681,45.569588,0.000000,30.000000,-1,54.089701,54.089701,-1,14,0,1650,17,0,643,1870,0,190,5.970702,3.114473,3.114473,1.000000,0.745453,-1,-1,-1,-1,-1,0.068345
30220,404,0,18271,45.225248,0.000000,30.000000,-1,54.062449,54.062449,-1,18,0,1742,24,0,683,1554,0,212,5.430138,2.810550,2.810550,1.000000,0.738407,-1,-1,-1,-1,-1,0.062146
30230,407,0,18471,45.383292,0.000000,30.000000,-1,54.077527,54.077527,-1,19,0,1530,19,0,717,2100,0,236,5.695363,3.049109,3.049109,1.000000,0.743065,-1,-1,-1,-1,-1,0.067186
30240,401,0,18466,46.049875,0.000000,30.000000,-1,54.097260,54.097260,-1,14,0,1643,17,0,759,1915,0,172,5.594110,3.030875,3.030875,1.000000,0.750531,-1,-1,-1,-1,-1,0.065817
30250,411,0,18478,44.958637,0.000000,30.000000,-1,54.065700,54.065700,-1,21,0,1822,20,0,731,1874,0,271,5.490556,2.811823,2.811823,1.000000,0.727287,-1,-1,-1,-1,-1,0.062542
30260,385,0,17695,45.961039,0.000000,30.000000,-1,54.043685,54.043685,-1,19,0,1611,19,0,659,2139,0,221,5.703607,3.065471,3.065471,1.000000,0.734259,-1,-1,-1,-1,-1,0.066697
30270,414,0,18737,45.258454,0.000000,30.000000,-1,54.055932,54.055932,-1,20,0,1722,10,0,715,2000,0,245,5.513711,3.011133,3.011133,1.000000,0.736980,-1,-1,-1,-1,-1,0.066532
30280,405,0,18025,44.506173,0.000000,30.000000,-1,54.052316,54.052316,-1,26,0,1560,16,0,691,2162,0,319,5.546929,2.959832,2.959832,1.000000,0.718401,-1,-1,-1,-1,-1,0.066504
30290,391,0,18125,46.355499,0.000000,30.000000,-1,54.078676,54.078676,-1,17,0,1385,22,0,687,1829,0,194,5.723379,3.201600,3.201600,1.000000,0.738775,-1,-1,-1,-1,-1,0.069066
30300,400,0,18127,45.317500,0.000000,30.000000,-1,54.105368,54.105368,-1,23,0,1320,19,0,695,1518,0,304,5.495328,2.990386,2.990386,1.000000,0.731076,-1,-1,-1,-1,-1,0.065987
30310,380,0,16883,44.428947,0.000000,30.000000,-1,54.061186,54.061186,-1,22,0,1666,21,0,657,1836,0,285,5.736592,3.003278,3.003278,1.000000,0.722325,-1,-1,-1,-1,-1,0.067597
30320,377,0,17614,46.721485,0.000000,30.000000,-1,54.046781,54.046781,-1,15,0,1355,24,0,617,1942,0,186,5.969832,3.229991,3.229991,1.000000,0.736410,-1,-1,-1,-1,-1,0.069133
30330,401,0,18646,46.498753,0.000000,30.000000,-1,54.090636,54.090636,-1,13,0,1727,16,0,696,1616,0,160,5.853270,3.096023,3.096023,1.000000,0.744137,-1,-1,-1,-1,-1,0.066583
30340,413,0,19030,46.077482,0.000000,30.000000,-1,54.101997,54.101997,-1,14,0,1680,24,0,744,2292,0,176,5.702394,3.008317,3.008317,1.000000,0.742902,-1,-1,-1,-1,-1,0.065288
30350,427,0,19009,44.517564,0.000000,30.000000,-1,54.143511,54.143511,-1,25,0,1659,14,0,733,1649,0,279,5.668067,2.865221,2.865221,1.000000,0.715360,-1,-1,-1,-1,-1,0.064362
30360,408,0,18815,46.115196,0.000000,30.000000,-1,54.090779,54.090779,-1,16,0,1886,17,0,707,2062,0,203,5.735986,2.923094,2.923094,1.000000,0.732901,-1,-1,-1,-1,-1,0.063387
30370,409,0,18604,45.486553,0.000000,30.000000,-1,54.086594,54.086594,-1,24,0,1608,22,0,710,2071,0,321,5.491951,2.911045,2.911045,1.000000,0.718803,-1,-1,-1,-1,-1,0.063998
30380,387,0,17631,45.558140,0.000000,30.000000,-1,54.044184,54.044184,-1,20,0,1732,15,0,687,1933,0,237,5.803659,3.016201,3.016201,1.000000,0.726810,-1,-1,-1,-1,-1,0.066206
30390,399,0,18323,45.922306,0.000000,30.000000,-1,54.073405,54.073405,-1,14,0,1641,28,0,754,2124,0,173,5.351889,2.825221,2.825221,1.000000,0.747798,-1,-1,-1,-1,-1,0.061522
30400,411,0,18596,45.245742,0.000000,30.000000,-1,54.129006,54.129006,-1,21,0,1806,21,0,699,2245,0,276,5.395780,2.830381,2.830381,1.000000,0.734596,-1,-1,-1,-1,-1,0.062556
30410,425,0,18816,44.272941,0.000000,30.000000,-1,54.139722,54.139722,-1,26,0,1730,28,0,761,1880,0,356,5.388793,2.835129,2.835129,1.000000,0.717945,-1,-1,-1,-1,-1,0.064038
30420,419,0,19131,45.658711,0.000000,30.000000,-1,54.142544,54.142544,-1,20,0,1650,22,0,729,2035,0,258,5.523475,3.002040,3.002040,1.000000,0.736106,-1,-1,-1,-1,-1,0.065750
30430,410,0,18374,44.814634,0.000000,30.000000,-1,54.144987,54.144987,-1,17,0,1764,20,0,718,1832,0,203,5.573594,2.903699,2.903699,1.000000,0.741783,-1,-1,-1,-1,-1,0.064794
30440,396,0,18274,46.146465,0.000000,30.000000,-1,54.121758,54.121758,-1,15,0,1709,20,0,713,1766,0,197,5.447337,2.806751,2.806751,1.000000,0.732053,-1,-1,-1,-1,-1,0.060823
30450,397,0,18044,45.450882,0.000000,30.000000,-1,54.129572,54.129572,-1,21,0,1389,18,0,652,2057,0,259,5.824955,3.152015,3.152015,1.000000,0.729967,-1,-1,-1,-1,-1,0.069350
30460,397,0,18105,45.604534,0.000000,30.000000,-1,54.125877,54.125877,-1,20,0,1569,16,0,747,1871,0,213,5.636045,3.036200,3.036200,1.000000,0.728257,-1,-1,-1,-1,-1,0.066577
30470,394,0,18198,46.187817,0.000000,30.000000,-1,54.157270,54.157270,-1,12,0,1546,19,0,717,1764,0,139,5.604099,3.010356,3.010356,1.000000,0.743701,-1,-1,-1,-1,-1,0.065176
30480,397,0,18073,45.523929,0.000000,30.000000,-1,54.181763,54.181763,-1,19,0,1484,18,0,711,1986,0,241,5.816288,3.086614,3.086614,1.000000,0.735776,-1,-1,-1,-1,-1,0.067802
30490,404,0,18673,46.220297,0.000000,30.000000,-1,54.231993,54.231993,-1,17,0,1630,17,0,686,2144,0,232,5.587125,2.988665,2.988665,1.000000,0.739819,-1,-1,-1,-1,-1,0.064661
30500,416,0,19055,45.805288,0.000000,30.000000,-1,54.247232,54.247232,-1,17,0,1738,18,0,703,1948,0,217,5.647419,2.985594,2.985594,1.000000,0.736377,-1,-1,-1,-1,-1,0.065180
30510,414,0,18435,44.528986,0.000000,30.000000,-1,54.263195,54.263195,-1,23,0,1553,16,0,728,2089,0,270,5.548392,2.905139,2.905139,1.000000,0.720288,-1,-1,-1,-1,-1,0.065242
30520,429,0,19460,45.361305,0.000000,30.000000,-1,54.294758,54.294758,-1,25,0,1742,18,0,729,1939,0,339,5.444492,2.889063,2.889063,1.000000,0.725192,-1,-1,-1,-1,-1,0.063690
30530,406,0,18491,45.544335,0.000000,30.000000,-1,54.294089,54.294089,-1,23,0,1490,19,0,734,1564,0,294,5.633021,2.992418,2.992418,1.000000,0.734503,-1,-1,-1,-1,-1,0.065703
30540,412,0,18826,45.694175,0.000000,30.000000,-1,54.266918,54.266918,-1,21,0,1717,22,0,730,1953,0,255,5.642433,2.949800,2.949800,1.000000,0.725755,-1,-1,-1,-1,-1,0.064555
30550,406,0,18854,46.438424,0.000000,30.000000,-1,54.252148,54.252148,-1,17,0,1535,16,0,704,1928,0,230,5.626667,3.073427,3.073427,1.000000,0.740946,-1,-1,-1,-1,-1,0.066183
30560,410,0,18148,44.263415,0.000000,30.000000,-1,54.238153,54.238153,-1,25,0,1636,15,0,745,1809,0,311,5.668102,2.957159,2.957159,1.000000,0.714711,-1,-1,-1,-1,-1,0.066808
30570,393,0,17864,45.455471,0.000000,30.000000,-1,54.239308,54.239308,-1,20,0,1453,20,0,702,2093,0,256,5.521566,2.944931,2.944931,1.000000,0.728588,-1,-1,-1,-1,-1,0.064787
30580,396,0,17899,45.199495,0.000000,30.000000,-1,54.256662,54.256662,-1,18,0,1644,23,0,639,1882,0,204,5.308686,2.830203,2.830203,1.000000,0.737936,-1,-1,-1,-1,-1,0.062616
30590,395,0,17831,45.141772,0.000000,30.000000,-1,54.276148,54.276148,-1,20,0,1648,22,0,653,1835,0,239,5.733065,3.008225,3.008225,1.000000,0.735087,-1,-1,-1,-1,-1,0.066639
30600,395,0,18077,45.764557,0.000000,30.000000,-1,54.312773,54.312773,-1,18,0,1433,25,0,655,1689,0,229,5.544693,2.949340,2.949340,1.000000,0.727883,-1,-1,-1,-1,-1,0.064446
30610,408,0,18424,45.156863,0.000000,30.000000,-1,54.303354,54.303354,-1,22,0,1863,20,0,779,2229,0,281,5.638813,2.865388,2.865388,1.000000,0.720898,-1,-1,-1,-1,-1,0.063454
30620,384,0,17293,45.033854,0.000000,30.000000,-1,54.295553,54.295553,-1,22,0,1605,24,0,621,1374,0,277,5.987639,3.100903,3.100903,1.000000,0.722537,-1,-1,-1,-1,-1,0.068857
30630,407,0,18592,45.680590,0.000000,30.000000,-1,54.274473,54.274473,-1,20,0,1594,22,0,682,2075,0,249,5.691568,3.039449,3.039449,1.000000,0.730764,-1,-1,-1,-1,-1,0.066537
30640,407,0,18545,45.565111,0.000000,30.000000,-1,54.249555,54.249555,-1,22,0,1562,14,0,705,1649,0,272,5.413153,2.869051,2.869051,1.000000,0.727724,-1,-1,-1,-1,-1,0.062966
30650,402,0,18007,44.793532,0.000000,30.000000,-1,54.273505,54.273505,-1,22,0,1670,21,0,711,1928,0,262,5.618161,2.879470,2.879470,1.000000,0.722802,-1,-1,-1,-1,-1,0.064283
30660,400,0,18304,45.760000,0.000000,30.000000,-1,54.243062,54.243062,-1,19,0,1645,27,0,674,2093,0,266,5.791594,2.991025,2.991025,1.000000,0.725569,-1,-1,-1,-1,-1,0.065363
30670,395,0,18023,45.627848,0.000000,30.000000,-1,54.242468,54.242468,-1,20,0,1602,15,0,689,1787,0,269,5.819649,2.995541,2.995541,1.000000,0.726689,-1,-1,-1,-1,-1,0.065652
30680,406,0,18390,45.295567,0.000000,30.000000,-1,54.201740,54.201740,-1,21,0,1634,16,0,691,1599,0,261,5.987257,3.134371,3.134371,1.000000,0.727128,-1,-1,-1,-1,-1,0.069198
30690,392,0,18181,46.380102,0.000000,30.000000,-1,54.244541,54.244541,-1,13,0,1610,22,0,710,1892,0,158,5.780714,3.040714,3.040714,1.000000,0.744003,-1,-1,-1,-1,-1,0.065561
30700,420,0,19252,45.838095,0.000000,30.000000,-1,54.234937,54.234937,-1,14,0,1856,20,0,715,1730,0,180,5.542427,2.756873,2.756873,1.000000,0.738819,-1,-1,-1,-1,-1,0.060144
30710,417,0,19129,45.872902,0.000000,30.000000,-1,54.300591,54.300591,-1,18,0,1679,29,0,795,2169,0,216,5.789058,3.036110,3.036110,1.000000,0.736183,-1,-1,-1,-1,-1,0.066185
30720,403,0,18241,45.263027,0.000000,30.000000,-1,54.353983,54.353983,-1,21,0,1602,25,0,723,1995,0,252,5.719219,2.998020,2.998020,1.000000,0.723455,-1,-1,-1,-1,-1,0.066236
30730,390,0,17922,45.953846,0.000000,30.000000,-1,54.303147,54.303147,-1,15,0,1517,18,0,646,1973,0,172,6.049901,3.135813,3.135813,1.000000,0.731625,-1,-1,-1,-1,-1,0.068238
30740,423,0,19202,45.394799,0.000000,30.000000,-1,54.291220,54.291220,-1,19,0,1787,20,0,746,2041,0,252,5.447850,2.752683,2.752683,1.000000,0.727855,-1,-1,-1,-1,-1,0.060639
30750,401,0,17746,44.254364,0.000000,30.000000,-1,54.280852,54.280852,-1,29,0,1628,19,0,676,1703,0,314,5.981230,3.104508,3.104508,1.000000,0.708485,-1,-1,-1,-1,-1,0.070151
30760,398,0,18335,46.067839,0.000000,30.000000,-1,54.339733,54.339733,-1,16,0,1716,18,0,654,2147,0,203,6.082186,3.202571,3.202571,1.000000,0.744746,-1,-1,-1,-1,-1,0.069519
30770,409,0,18922,46.264059,0.000000,30.000000,-1,54.271959,54.271959,-1,16,0,1838,17,0,778,1503,0,200,5.678586,2.962466,2.962466,1.000000,0.737095,-1,-1,-1,-1,-1,0.064034
30780,411,0,18654,45.386861,0.000000,30.000000,-1,54.253458,54.253458,-1,18,0,1720,24,0,700,1841,0,203,5.576463,2.833223,2.833223,1.000000,0.729674,-1,-1,-1,-1,-1,0.062424
30790,410,0,18571,45.295122,0.000000,30.000000,-1,54.290507,54.290507,-1,22,0,1795,17,0,710,2037,0,276,5.681114,2.926203,2.926203,1.000000,0.729170,-1,-1,-1,-1,-1,0.064603
30800,408,0,18557,45.482843,0.000000,30.000000,-1,54.299941,54.299941,-1,16,0,1610,18,0,641,2118,0,203,5.554946,2.884733,2.884733,1.000000,0.732791,-1,-1,-1,-1,-1,0.063425
30810,417,0,18967,45.484412,0.000000,30.000000,-1,54.332050,54.332050,-1,21,0,1739,15,0,766,2377,0,234,5.562993,2.897895,2.897895,1.000000,0.730924,-1,-1,-1,-1,-1,0.063712
30820,420,0,18566,44.204762,0.000000,30.000000,-1,54.341754,54.341754,-1,30,0,1799,18,0,710,2264,0,390,5.438960,2.745167,2.745167,1.000000,0.706776,-1,-1,-1,-1,-1,0.062101
30830,397,0,17847,44.954660,0.000000,30.000000,-1,54.320670,54.320670,-1,18,0,1746,16,0,650,2166,0,198,5.808783,2.931531,2.931531,1.000000,0.724809,-1,-1,-1,-1,-1,0.065211
30840,406,0,18290,45.049261,0.000000,30.000000,-1,54.341006,54.341006,-1,23,0,1781,20,0,733,1585,0,265,5.684288,2.890073,2.890073,1.000000,0.715638,-1,-1,-1,-1,-1,0.064154
30850,419,0,18873,45.042959,0.000000,30.000000,-1,54.341069,54.341069,-1,21,0,1594,20,0,701,1606,0,261,5.542025,2.905071,2.905071,1.000000,0.724047,-1,-1,-1,-1,-1,0.064496
30860,395,0,18403,46.589873,0.000000,30.000000,-1,54.326305,54.326305,-1,13,0,1642,29,0,713,1946,0,169,5.880462,3.012848,3.012848,1.000000,0.730540,-1,-1,-1,-1,-1,0.064667
30870,393,0,17649,44.908397,0.000000,30.000000,-1,54.333390,54.333390,-1,26,0,1244,15,0,662,1665,0,343,5.581053,3.020546,3.020546,1.000000,0.717300,-1,-1,-1,-1,-1,0.067260
30880,399,0,17954,44.997494,0.000000,30.000000,-1,54.362872,54.362872,-1,19,0,1707,24,0,635,1496,0,242,5.855598,3.052505,3.052505,1.000000,0.725490,-1,-1,-1,-1,-1,0.067837
30890,400,0,18115,45.287500,0.000000,30.000000,-1,54.341209,54.341209,-1,22,0,1816,24,0,678,1820,0,305,5.984397,3.101555,3.101555,1.000000,0.718607,-1,-1,-1,-1,-1,0.068486
30900,397,0,18004,45.350126,0.000000,30.000000,-1,54.325483,54.325483,-1,23,0,1688,17,0,639,1761,0,281,5.603079,2.961153,2.961153,1.000000,0.716228,-1,-1,-1,-1,-1,0.065295
30910,420,0,19532,46.504762,0.000000,30.000000,-1,54.335398,54.335398,-1,12,0,1795,8,0,754,2028,0,146,5.582815,2.876331,2.876331,1.000000,0.739168,-1,-1,-1,-1,-1,0.061850
30920,405,0,18670,46.098765,0.000000,30.000000,-1,54.364810,54.364810,-1,14,0,1834,20,0,713,1739,0,154,5.700249,2.861362,2.861362,1.000000,0.735871,-1,-1,-1,-1,-1,0.062070
30930,412,0,18397,44.652913,0.000000,30.000000,-1,54.359243,54.359243,-1,25,0,1751,19,0,724,2262,0,300,5.686603,2.902394,2.902394,1.000000,0.709959,-1,-1,-1,-1,-1,0.064999
30940,382,0,17971,47.044503,0.000000,30.000000,-1,54.333037,54.333037,-1,9,0,1626,19,0,704,2440,0,128,5.741896,2.980804,2.980804,1.000000,0.746998,-1,-1,-1,-1,-1,0.063361
30950,391,0,17716,45.309463,0.000000,30.000000,-1,54.333484,54.333484,-1,22,0,1598,23,0,628,1885,0,315,5.785159,3.096341,3.096341,1.000000,0.726415,-1,-1,-1,-1,-1,0.068338
30960,413,0,18180,44.019370,0.000000,30.000000,-1,54.354290,54.354290,-1,28,0,1653,18,0,651,1553,0,357,5.733049,2.967631,2.967631,1.000000,0.709818,-1,-1,-1,-1,-1,0.067416
30970,413,0,19162,46.397094,0.000000,30.000000,-1,54.345423,54.345423,-1,15,0,1647,18,0,706,1935,0,165,5.540341,2.887078,2.887078,1.000000,0.730443,-1,-1,-1,-1,-1,0.062225
30980,414,0,18374,44.381643,0.000000,30.000000,-1,54.330086,54.330086,-1,22,0,1843,15,0,672,2185,0,254,5.668685,2.868697,2.868697,1.000000,0.723904,-1,-1,-1,-1,-1,0.064637
30990,426,0,19402,45.544601,0.000000,30.000000,-1,54.341202,54.341202,-1,15,0,1731,24,0,688,1882,0,196,5.793191,2.968602,2.968602,1.000000,0.734333,-1,-1,-1,-1,-1,0.065180
31000,410,0,18847,45.968293,0.000000,30.000000,-1,54.329814,54.329814,-1,16,0,1615,23,0,733,1742,0,195,5.814010,3.069846,3.069846,1.000000,0.731346,-1,-1,-1,-1,-1,0.066782
31010,412,0,18681,45.342233,0.000000,30.000000,-1,54.291687,54.291687,-1,17,0,1819,22,0,685,1756,0,207,5.682649,2.935994,2.935994,1.000000,0.738656,-1,-1,-1,-1,-1,0.064752
31020,407,0,18246,44.830467,0.000000,30.000000,-1,54.256111,54.256111,-1,19,0,1683,23,0,683,1561,0,228,5.747506,2.885114,2.885114,1.000000,0.726323,-1,-1,-1,-1,-1,0.064356
31030,407,0,18445,45.319410,0.000000,30.000000,-1,54.220710,54.220710,-1,14,0,1664,24,0,673,2141,0,179,5.744858,2.932923,2.932923,1.000000,0.738481,-1,-1,-1,-1,-1,0.064717
31040,399,0,17738,44.456140,0.000000,30.000000,-1,54.200135,54.200135,-1,28,0,1638,21,0,696,1540,0,367,5.646287,2.929438,2.929438,1.000000,0.700881,-1,-1,-1,-1,-1,0.065895
31050,409,0,18937,46.300733,0.000000,30.000000,-1,54.207372,54.207372,-1,17,0,1713,23,0,719,1868,0,197,5.933427,3.127814,3.127814,1.000000,0.733344,-1,-1,-1,-1,-1,0.067554
31060,418,0,18989,45.428230,0.000000,30.000000,-1,54.179104,54.179104,-1,24,0,1777,20,0,724,1987,0,342,5.701686,3.001663,3.001663,1.000000,0.718695,-1,-1,-1,-1,-1,0.066075
31070,417,0,18899,45.321343,0.000000,30.000000,-1,54.175882,54.175882,-1,24,0,1564,24,0,732,1722,0,302,5.637177,2.959145,2.959145,1.000000,0.714143,-1,-1,-1,-1,-1,0.065293
31080,424,0,19362,45.665094,0.000000,30.000000,-1,54.206125,54.206125,-1,19,0,1872,31,0,800,2074,0,236,5.416176,2.814843,2.814843,1.000000,0.723521,-1,-1,-1,-1,-1,0.061641
31090,393,0,18415,46.857506,0.000000,30.000000,-1,54.237958,54.237958,-1,13,0,1534,26,0,728,1706,0,153,5.670383,3.026696,3.026696,1.000000,0.740520,-1,-1,-1,-1,-1,0.064594
31100,411,0,18942,46.087591,0.000000,30.000000,-1,54.262591,54.262591,-1,14,0,1680,33,0,737,2320,0,173,5.535484,2.907802,2.907802,1.000000,0.741543,-1,-1,-1,-1,-1,0.063093
31110,407,0,18507,45.471744,0.000000,30.000000,-1,54.272113,54.272113,-1,18,0,1720,24,0,752,1742,0,241,5.709879,2.944152,2.944152,1.000000,0.732277,-1,-1,-1,-1,-1,0.064747
31120,426,0,19510,45.798122,0.000000,30.000000,-1,54.283957,54.283957,-1,20,0,1742,14,0,744,1897,0,239,5.570846,2.967719,2.967719,1.000000,0.726402,-1,-1,-1,-1,-1,0.064800
31130,383,0,17535,45.783290,0.000000,30.000000,-1,54.283262,54.283262,-1,17,0,1559,23,0,713,1745,0,201,5.589177,2.949738,2.949738,1.000000,0.736024,-1,-1,-1,-1,-1,0.064428
31140,382,0,17288,45.256545,0.000000,30.000000,-1,54.294887,54.294887,-1,24,0,1534,29,0,632,1552,0,287,5.472906,2.899944,2.899944,1.000000,0.717756,-1,-1,-1,-1,-1,0.064078
31150,380,0,17255,45.407895,0.000000,30.000000,-1,54.359084,54.359084,-1,20,0,1452,20,0,657,1830,0,241,5.793819,3.093900,3.093900,1.000000,0.726275,-1,-1,-1,-1,-1,0.068136
31160,391,0,18059,46.186701,0.000000,30.000000,-1,54.383521,54.383521,-1,14,0,1746,14,0,678,2067,0,213,5.903816,3.151476,3.151476,1.000000,0.743238,-1,-1,-1,-1,-1,0.068233
31170,395,0,18039,45.668354,0.000000,30.000000,-1,54.385554,54.385554,-1,17,0,1473,18,0,696,1814,0,207,5.636061,3.007459,3.007459,1.000000,0.732439,-1,-1,-1,-1,-1,0.065854
31180,388,0,17878,46.077320,0.000000,30.000000,-1,54.349592,54.349592,-1,22,0,1478,21,0,659,1963,0,293,5.912885,3.246050,3.246050,1.000000,0.727946,-1,-1,-1,-1,-1,0.070448
31190,385,0,17138,44.514286,0.000000,30.000000,-1,54.374489,54.374489,-1,26,0,1424,20,0,702,1896,0,334,5.892712,3.186076,3.186076,1.000000,0.719048,-1,-1,-1,-1,-1,0.071574
31200,407,0,18363,45.117936,0.000000,30.000000,-1,54.402766,54.402766,-1,18,0,1562,22,0,679,1994,0,234,5.700830,2.918335,2.918335,1.000000,0.729917,-1,-1,-1,-1,-1,0.064682
31210,388,0,17581,45.311856,0.000000,30.000000,-1,54.406860,54.406860,-1,14,0,1774,22,0,647,1716,0,178,5.745587,2.900461,2.900461,1.000000,0.728191,-1,-1,-1,-1,-1,0.064011
31220,407,0,18327,45.029484,0.000000,30.000000,-1,54.396846,54.396846,-1,19,0,1647,19,0,687,1718,0,263,5.778682,2.982170,2.982170,1.000000,0.724985,-1,-1,-1,-1,-1,0.066227
31230,394,0,17701,44.926396,0.000000,30.000000,-1,54.437150,54.437150,-1,22,0,1643,14,0,678,1993,0,286,5.792894,3.089025,3.089025,1.000000,0.729710,-1,-1,-1,-1,-1,0.068757
31240,413,0,18665,45.193705,0.000000,30.000000,-1,54.408894,54.408894,-1,25,0,1564,17,0,706,1973,0,309,5.642482,3.005045,3.005045,1.000000,0.713577,-1,-1,-1,-1,-1,0.066493
31250,411,0,18731,45.574209,0.000000,30.000000,-1,54.389782,54.389782,-1,25,0,1559,21,0,712,2062,0,288,5.689143,3.113198,3.113198,1.000000,0.720892,-1,-1,-1,-1,-1,0.068311
31260,412,0,18631,45.220874,0.000000,30.000000,-1,54.394504,54.394504,-1,23,0,1518,25,0,711,1884,0,276,5.495554,2.917067,2.917067,1.000000,0.722709,-1,-1,-1,-1,-1,0.064507
31270,413,0,19107,46.263923,0.000000,30.000000,-1,54.406396,54.406396,-1,12,0,1746,20,0,724,1652,0,159,5.778251,2.998527,2.998527,1.000000,0.734233,-1,-1,-1,-1,-1,0.064814
31280,407,0,18503,45.461916,0.000000,30.000000,-1,54.436200,54.436200,-1,19,0,1678,22,0,739,1746,0,228,5.455504,2.766679,2.766679,1.000000,0.719322,-1,-1,-1,-1,-1,0.060857
31290,380,0,17537,46.150000,0.000000,30.000000,-1,54.439471,54.439471,-1,16,0,1550,19,0,659,1532,0,192,6.061931,3.201227,3.201227,1.000000,0.728146,-1,-1,-1,-1,-1,0.069366
31300,388,0,17656,45.505155,0.000000,30.000000,-1,54.430618,54.430618,-1,21,0,1537,22,0,698,1957,0,285,5.599310,2.941559,2.941559,1.000000,0.717225,-1,-1,-1,-1,-1,0.064642
31310,393,0,17929,45.620865,0.000000,30.000000,-1,54.393999,54.393999,-1,17,0,1715,20,0,696,1741,0,228,5.499787,2.879045,2.879045,1.000000,0.733302,-1,-1,-1,-1,-1,0.063108
31320,401,0,18773,46.815461,0.000000,30.000000,-1,54.389975,54.389975,-1,12,0,1712,18,0,688,1610,0,151,5.434469,2.821498,2.821498,1.000000,0.739095,-1,-1,-1,-1,-1,0.060269
31330,400,0,18322,45.805000,0.000000,30.000000,-1,54.385329,54.385329,-1,19,0,1610,21,0,664,1852,0,241,5.749063,3.005580,3.005580,1.000000,0.730442,-1,-1,-1,-1,-1,0.065617
31340,411,0,18749,45.618005,0.000000,30.000000,-1,54.426689,54.426689,-1,24,0,1554,28,0,733,1934,0,272,5.485002,2.899774,2.899774,1.000000,0.719599,-1,-1,-1,-1,-1,0.063566
31350,402,0,18590,46.243781,0.000000,30.000000,-1,54.518182,54.518182,-1,16,0,1427,20,0,732,2011,0,196,5.441566,2.948981,2.948981,1.000000,0.744051,-1,-1,-1,-1,-1,0.063770
31360,387,0,17757,45.883721,0.000000,30.000000,-1,54.524920,54.524920,-1,17,0,1594,20,0,671,1764,0,221,5.763930,3.010402,3.010402,1.000000,0.732607,-1,-1,-1,-1,-1,0.065609
31370,399,0,18158,45.508772,0.000000,30.000000,-1,54.546811,54.546811,-1,20,0,1630,17,0,682,1971,0,240,5.623021,2.965792,2.965792,1.000000,0.729068,-1,-1,-1,-1,-1,0.065170
31380,387,0,17434,45.049096,0.000000,30.000000,-1,54.606459,54.606459,-1,22,0,1593,14,0,630,1727,0,272,5.937556,3.110678,3.110678,1.000000,0.721830,-1,-1,-1,-1,-1,0.069051
31390,395,0,17783,45.020253,0.000000,30.000000,-1,54.633583,54.633583,-1,20,0,1714,19,0,698,1955,0,258,5.389486,2.818591,2.818591,1.000000,0.728173,-1,-1,-1,-1,-1,0.062607
31400,376,0,17397,46.268617,0.000000,30.000000,-1,54.633500,54.633500,-1,13,0,1653,16,0,694,1766,0,165,5.718281,2.953705,2.953705,1.000000,0.735491,-1,-1,-1,-1,-1,0.063838
31410,396,0,18030,45.530303,0.000000,30.000000,-1,54.664836,54.664836,-1,20,0,1809,25,0,718,1854,0,225,5.654730,2.899984,2.899984,1.000000,0.734518,-1,-1,-1,-1,-1,0.063693
31420,395,0,18027,45.637975,0.000000,30.000000,-1,54.642814,54.642814,-1,16,0,1658,11,0,716,1632,0,197,5.908100,3.105161,3.105161,1.000000,0.740232,-1,-1,-1,-1,-1,0.068039
31430,417,0,19310,46.306954,0.000000,30.000000,-1,54.683894,54.683894,-1,13,0,1834,17,0,760,2043,0,175,5.549713,2.870123,2.870123,1.000000,0.743607,-1,-1,-1,-1,-1,0.061980
31440,412,0,18183,44.133495,0.000000,30.000000,-1,54.674806,54.674806,-1,23,0,1742,16,0,690,1513,0,276,5.485576,2.781877,2.781877,1.000000,0.728765,-1,-1,-1,-1,-1,0.063033
31450,390,0,18003,46.161538,0.000000,30.000000,-1,54.692218,54.692218,-1,12,0,1559,23,0,658,1943,0,159,5.720334,3.033756,3.033756,1.000000,0.746604,-1,-1,-1,-1,-1,0.065720
31460,404,0,18595,46.027228,0.000000,30.000000,-1,54.668621,54.668621,-1,19,0,1615,13,0,657,2107,0,222,5.621432,2.943867,2.943867,1.000000,0.719862,-1,-1,-1,-1,-1,0.063959
31470,407,0,18529,45.525799,0.000000,30.000000,-1,54.659561,54.659561,-1,23,0,1577,16,0,700,1824,0,273,5.831531,3.083001,3.083001,1.000000,0.720823,-1,-1,-1,-1,-1,0.067720
31480,425,0,19885,46.788235,0.000000,30.000000,-1,54.701132,54.701132,-1,13,0,1973,15,0,769,1760,0,160,5.788559,2.996539,2.996539,1.000000,0.741559,-1,-1,-1,-1,-1,0.064045
31490,389,0,17842,45.866324,0.000000,30.000000,-1,54.785282,54.785282,-1,17,0,1740,23,0,599,2065,0,199,5.773805,3.084806,3.084806,1.000000,0.740439,-1,-1,-1,-1,-1,0.067256
31500,404,0,18550,45.915842,0.000000,30.000000,-1,54.790674,54.790674,-1,19,0,1858,24,0,701,1969,0,228,5.792082,3.066593,3.066593,1.000000,0.735420,-1,-1,-1,-1,-1,0.066787
31510,431,0,19032,44.157773,0.000000,30.000000,-1,54.787989,54.787989,-1,27,0,2184,24,0,820,2353,0,359,5.539043,2.721260,2.721260,1.000000,0.707998,-1,-1,-1,-1,-1,0.061626
31520,429,0,19694,45.906760,0.000000,30.000000,-1,54.799736,54.799736,-1,19,0,1713,18,0,805,2238,0,251,5.644822,2.920501,2.920501,1.000000,0.725160,-1,-1,-1,-1,-1,0.063618
31530,424,0,19718,46.504717,0.000000,30.000000,-1,54.840552,54.840552,-1,17,0,1740,19,0,772,1809,0,212,5.548285,2.988122,2.988122,1.000000,0.738386,-1,-1,-1,-1,-1,0.064254
31540,411,0,18917,46.026764,0.000000,30.000000,-1,54.856637,54.856637,-1,18,0,1604,17,0,757,2246,0,216,5.636607,2.924394,2.924394,1.000000,0.724274,-1,-1,-1,-1,-1,0.063537
31550,403,0,18373,45.590571,0.000000,30.000000,-1,54.860393,54.860393,-1,18,0,1830,26,0,743,1790,0,232,5.549169,2.954790,2.954790,1.000000,0.732708,-1,-1,-1,-1,-1,0.064811
31560,402,0,18780,46.716418,0.000000,30.000000,-1,54.863791,54.863791,-1,10,0,1619,19,0,749,2046,0,129,5.815164,3.156289,3.156289,1.000000,0.744760,-1,-1,-1,-1,-1,0.067563
31570,423,0,19575,46.276596,0.000000,30.000000,-1,54.846999,54.846999,-1,19,0,1582,24,0,714,2188,0,261,5.472070,2.945188,2.945188,1.000000,0.732012,-1,-1,-1,-1,-1,0.063643
31580,408,0,18662,45.740196,0.000000,30.000000,-1,54.848033,54.848033,-1,15,0,1824,28,0,742,1981,0,186,5.434827,2.869912,2.869912,1.000000,0.736219,-1,-1,-1,-1,-1,0.062744
31590,410,0,18611,45.392683,0.000000,30.000000,-1,54.852614,54.852614,-1,19,0,1871,25,0,689,1858,0,266,5.718424,2.899346,2.899346,1.000000,0.729782,-1,-1,-1,-1,-1,0.063873
31600,406,0,18420,45.369458,0.000000,30.000000,-1,54.911998,54.911998,-1,14,0,1795,15,0,720,1822,0,181,5.633147,2.918577,2.918577,1.000000,0.743104,-1,-1,-1,-1,-1,0.064329
31610,392,0,17748,45.275510,0.000000,30.000000,-1,54.942416,54.942416,-1,20,0,1489,21,0,677,1738,0,278,5.845714,3.059655,3.059655,1.000000,0.723052,-1,-1,-1,-1,-1,0.067579
31620,401,0,18005,44.900249,0.000000,30.000000,-1,54.946681,54.946681,-1,28,0,1417,18,0,686,2026,0,348,5.737485,3.142518,3.142518,1.000000,0.720095,-1,-1,-1,-1,-1,0.069989
31630,405,0,18531,45.755556,0.000000,30.000000,-1,54.945335,54.945335,-1,15,0,1718,17,0,731,1866,0,193,5.657966,2.896061,2.896061,1.000000,0.735554,-1,-1,-1,-1,-1,0.063294
31640,400,0,18019,45.047500,0.000000,30.000000,-1,54.988901,54.988901,-1,20,0,1555,21,0,693,2104,0,267,5.726366,2.942801,2.942801,1.000000,0.724456,-1,-1,-1,-1,-1,0.065327
31650,399,0,17838,44.706767,0.000000,30.000000,-1,55.041204,55.041204,-1,23,0,1552,23,0,656,1828,0,295,5.768190,3.115208,3.115208,1.000000,0.725849,-1,-1,-1,-1,-1,0.069681
31660,386,0,17670,45.777202,0.000000,30.000000,-1,55.038653,55.038653,-1,18,0,1557,19,0,679,1772,0,245,5.889862,3.100639,3.100639,1.000000,0.728419,-1,-1,-1,-1,-1,0.067733
31670,381,0,17400,45.669291,0.000000,30.000000,-1,55.095287,55.095287,-1,13,0,1532,22,0,693,1689,0,165,5.878633,3.097370,3.097370,1.000000,0.737073,-1,-1,-1,-1,-1,0.067822
31680,401,0,18585,46.346633,0.000000,30.000000,-1,55.097659,55.097659,-1,20,0,1593,18,0,685,2146,0,249,5.655441,2.996026,2.996026,1.000000,0.720922,-1,-1,-1,-1,-1,0.064644
31690,407,0,18233,44.798526,0.000000,30.000000,-1,55.094115,55.094115,-1,21,0,1705,24,0,728,2176,0,270,5.619387,2.884767,2.884767,1.000000,0.724916,-1,-1,-1,-1,-1,0.064394
31700,416,0,18821,45.242788,0.000000,30.000000,-1,55.097391,55.097391,-1,23,0,1512,17,0,695,2142,0,305,5.566796,2.952721,2.952721,1.000000,0.715795,-1,-1,-1,-1,-1,0.065264
31710,418,0,19038,45.545455,0.000000,30.000000,-1,55.093340,55.093340,-1,22,0,1413,15,0,672,2276,0,304,5.742140,3.075927,3.075927,1.000000,0.724243,-1,-1,-1,-1,-1,0.067535
31720,414,0,18995,45.881643,0.000000,30.000000,-1,55.112135,55.112135,-1,18,0,1688,20,0,739,1919,0,225,5.639574,3.034569,3.034569,1.000000,0.736680,-1,-1,-1,-1,-1,0.066139
31730,409,0,18559,45.376528,0.000000,30.000000,-1,55.122474,55.122474,-1,19,0,1786,31,0,689,2111,0,239,5.766649,2.918239,2.918239,1.000000,0.718599,-1,-1,-1,-1,-1,0.064312
31740,405,0,18325,45.246914,0.000000,30.000000,-1,55.098281,55.098281,-1,24,0,1458,20,0,686,2000,0,305,5.564354,2.896532,2.896532,1.000000,0.709669,-1,-1,-1,-1,-1,0.064016
31750,418,0,19339,46.265550,0.000000,30.000000,-1,55.117845,55.117845,-1,15,0,1765,10,0,746,1726,0,186,5.603520,2.957010,2.957010,1.000000,0.730158,-1,-1,-1,-1,-1,0.063914
31760,410,0,18625,45.426829,0.000000,30.000000,-1,55.110658,55.110658,-1,17,0,1546,24,0,744,1859,0,204,5.581534,2.924583,2.924583,1.000000,0.727806,-1,-1,-1,-1,-1,0.064380
31770,403,0,18128,44.982630,0.000000,30.000000,-1,55.110492,55.110492,-1,23,0,1743,24,0,724,2067,0,325,5.585189,2.936139,2.936139,1.000000,0.716349,-1,-1,-1,-1,-1,0.065273
31780,400,0,17707,44.267500,0.000000,30.000000,-1,55.118992,55.118992,-1,25,0,1503,12,0,671,1734,0,307,5.565522,2.944954,2.944954,1.000000,0.723515,-1,-1,-1,-1,-1,0.066526
31790,405,0,18184,44.898765,0.000000,30.000000,-1,55.108832,55.108832,-1,27,0,1718,18,0,739,2280,0,308,5.817141,3.059637,3.059637,1.000000,0.710067,-1,-1,-1,-1,-1,0.068145
31800,400,0,18531,46.327500,0.000000,30.000000,-1,55.105337,55.105337,-1,16,0,1595,19,0,674,1866,0,184,5.768640,3.040825,3.040825,1.000000,0.730390,-1,-1,-1,-1,-1,0.065638
31810,430,0,19543,45.448837,0.000000,30.000000,-1,55.121680,55.121680,-1,21,0,1719,20,0,696,1952,0,273,5.595947,2.941706,2.941706,1.000000,0.728913,-1,-1,-1,-1,-1,0.064726
31820,424,0,19383,45.714623,0.000000,30.000000,-1,55.126967,55.126967,-1,21,0,1806,24,0,782,1883,0,246,5.694951,2.901860,2.901860,1.000000,0.716611,-1,-1,-1,-1,-1,0.063478
31830,393,0,17982,45.755725,0.000000,30.000000,-1,55.147648,55.147648,-1,19,0,1710,25,0,668,1754,0,230,5.910958,3.048330,3.048330,1.000000,0.718298,-1,-1,-1,-1,-1,0.066622
31840,409,0,18578,45.422983,0.000000,30.000000,-1,55.194424,55.194424,-1,19,0,1596,9,0,698,2368,0,238,5.797114,3.074349,3.074349,1.000000,0.731328,-1,-1,-1,-1,-1,0.067683
31850,408,0,18598,45.583333,0.000000,30.000000,-1,55.186418,55.186418,-1,18,0,1609,23,0,673,1862,0,199,5.716542,3.013266,3.013266,1.000000,0.731703,-1,-1,-1,-1,-1,0.066105
31860,409,0,18268,44.665037,0.000000,30.000000,-1,55.177524,55.177524,-1,23,0,1798,21,0,744,2000,0,303,5.649408,2.819913,2.819913,1.000000,0.712281,-1,-1,-1,-1,-1,0.063135
31870,404,0,18057,44.695545,0.000000,30.000000,-1,55.167359,55.167359,-1,22,0,1658,20,0,689,1724,0,272,5.835843,2.953761,2.953761,1.000000,0.720355,-1,-1,-1,-1,-1,0.066086
31880,408,0,18396,45.088235,0.000000,30.000000,-1,55.242825,55.242825,-1,25,0,1522,13,0,709,1900,0,308,5.485989,2.932779,2.932779,1.000000,0.716217,-1,-1,-1,-1,-1,0.065045
31890,417,0,18963,45.474820,0.000000,30.000000,-1,55.252861,55.252861,-1,22,0,1597,20,0,699,2257,0,276,5.728978,3.030586,3.030586,1.000000,0.724003,-1,-1,-1,-1,-1,0.066643
31900,414,0,19309,46.640097,0.000000,30.000000,-1,55.260241,55.260241,-1,11,0,1740,19,0,800,2182,0,143,5.718638,3.029579,3.029579,1.000000,0.742773,-1,-1,-1,-1,-1,0.064957
31910,423,0,18906,44.695035,0.000000,30.000000,-1,55.225431,55.225431,-1,28,0,1581,15,0,751,2001,0,358,5.333735,2.846271,2.846271,1.000000,0.707221,-1,-1,-1,-1,-1,0.063682
31920,422,0,19225,45.556872,0.000000,30.000000,-1,55.236879,55.236879,-1,24,0,1540,17,0,775,2105,0,321,5.294983,2.838621,2.838621,1.000000,0.717592,-1,-1,-1,-1,-1,0.062309
31930,428,0,19303,45.100467,0.000000,30.000000,-1,55.270321,55.270321,-1,23,0,1858,18,0,720,2260,0,290,5.478386,2.793866,2.793866,1.000000,0.718890,-1,-1,-1,-1,-1,0.061948
31940,419,0,19289,46.035800,0.000000,30.000000,-1,55.263155,55.263155,-1,12,0,1695,20,0,742,2049,0,151,5.510419,2.865172,2.865172,1.000000,0.732918,-1,-1,-1,-1,-1,0.062238
31950,401,0,18589,46.356608,0.000000,30.000000,-1,55.264942,55.264942,-1,14,0,1628,23,0,719,1766,0,179,5.635829,2.926812,2.926812,1.000000,0.737004,-1,-1,-1,-1,-1,0.063137
31960,416,0,18769,45.117788,0.000000,30.000000,-1,55.267622,55.267622,-1,26,0,1535,18,0,690,1756,0,331,5.613622,3.031868,3.031868,1.000000,0.720379,-1,-1,-1,-1,-1,0.067199
31970,397,0,17951,45.216625,0.000000,30.000000,-1,55.261657,55.261657,-1,17,0,1758,23,0,702,1676,0,221,5.800385,2.861104,2.861104,1.000000,0.720464,-1,-1,-1,-1,-1,0.063275
31980,418,0,18805,44.988038,0.000000,30.000000,-1,55.243233,55.243233,-1,24,0,1604,9,0,698,2089,0,287,5.801639,3.046163,3.046163,1.000000,0.715717,-1,-1,-1,-1,-1,0.067711
31990,406,0,18517,45.608374,0.000000,30.000000,-1,55.221256,55.221256,-1,20,0,1930,27,0,728,1802,0,256,5.807127,2.938768,2.938768,1.000000,0.714869,-1,-1,-1,-1,-1,0.064435
32000,426,0,19058,44.737089,0.000000,30.000000,-1,55.262724,55.262724,-1,25,0,1781,14,0,735,2113,0,309,5.454308,2.792953,2.792953,1.000000,0.714834,-1,-1,-1,-1,-1,0.062430
32010,448,0,20562,45.897321,0.000000,30.000000,-1,55.274438,55.274438,-1,17,0,1868,14,0,800,2007,0,212,5.362941,2.754193,2.754193,1.000000,0.721604,-1,-1,-1,-1,-1,0.060008
32020,415,0,18861,45.448193,0.000000,30.000000,-1,55.257993,55.257993,-1,22,0,1759,29,0,749,2249,0,274,5.499439,2.806241,2.806241,1.000000,0.722436,-1,-1,-1,-1,-1,0.061746
32030,401,0,18601,46.386534,0.000000,30.000000,-1,55.282189,55.282189,-1,12,0,1623,27,0,658,2534,0,161,5.689246,2.912701,2.912701,1.000000,0.736444,-1,-1,-1,-1,-1,0.062792
32040,417,0,19018,45.606715,0.000000,30.000000,-1,55.285992,55.285992,-1,23,0,1734,16,0,777,1858,0,287,5.707612,2.987832,2.987832,1.000000,0.718023,-1,-1,-1,-1,-1,0.065513
32050,391,0,17346,44.363171,0.000000,30.000000,-1,55.319209,55.319209,-1,24,0,1579,21,0,656,1814,0,290,5.931161,2.972627,2.972627,1.000000,0.711532,-1,-1,-1,-1,-1,0.067007
32060,388,0,17534,45.190722,0.000000,30.000000,-1,55.358161,55.358161,-1,20,0,1450,17,0,651,1813,0,253,5.655733,3.031675,3.031675,1.000000,0.726286,-1,-1,-1,-1,-1,0.067086
32070,408,0,19086,46.779412,0.000000,30.000000,-1,55.344965,55.344965,-1,13,0,1800,13,0,720,2042,0,161,5.580604,2.922314,2.922314,1.000000,0.732237,-1,-1,-1,-1,-1,0.062470
32080,410,0,18648,45.482927,0.000000,30.000000,-1,55.349903,55.349903,-1,19,0,1746,17,0,686,2021,0,231,5.929015,3.108267,3.108267,1.000000,0.723486,-1,-1,-1,-1,-1,0.068339
32090,418,0,18561,44.404306,0.000000,30.000000,-1,55.351490,55.351490,-1,27,0,1614,18,0,729,1767,0,362,5.424621,2.762779,2.762779,1.000000,0.703082,-1,-1,-1,-1,-1,0.062219
32100,413,0,18719,45.324455,0.000000,30.000000,-1,55.369144,55.369144,-1,22,0,1644,17,0,741,2261,0,257,5.583297,2.861416,2.861416,1.000000,0.711545,-1,-1,-1,-1,-1,0.063132
32110,408,0,18780,46.029412,0.000000,30.000000,-1,55.380618,55.380618,-1,15,0,1649,15,0,710,1898,0,183,5.643119,2.991101,2.991101,1.000000,0.732891,-1,-1,-1,-1,-1,0.064982
32120,389,0,17633,45.329049,0.000000,30.000000,-1,55.376850,55.376850,-1,16,0,1711,27,0,719,2095,0,194,5.985189,3.031092,3.031092,1.000000,0.727013,-1,-1,-1,-1,-1,0.066869
32130,396,0,17555,44.330808,0.000000,30.000000,-1,55.378468,55.378468,-1,21,0,1685,18,0,611,1734,0,269,5.842537,2.897483,2.897483,1.000000,0.714333,-1,-1,-1,-1,-1,0.065360
32140,405,0,18397,45.424691,0.000000,30.000000,-1,55.371202,55.371202,-1,24,0,1699,16,0,690,1683,0,288,5.758731,2.968253,2.968253,1.000000,0.717595,-1,-1,-1,-1,-1,0.065344
32150,393,0,18306,46.580153,0.000000,30.000000,-1,55.358189,55.358189,-1,12,0,1765,17,0,684,1868,0,152,5.764207,2.960438,2.960438,1.000000,0.738641,-1,-1,-1,-1,-1,0.063556
32160,410,0,19163,46.739024,0.000000,30.000000,-1,55.321922,55.321922,-1,12,0,1775,15,0,691,1936,0,159,5.833724,2.995196,2.995196,1.000000,0.732896,-1,-1,-1,-1,-1,0.064083
32170,429,0,19423,45.275058,0.000000,30.000000,-1,55.337538,55.337538,-1,23,0,1665,25,0,806,2265,0,272,5.317932,2.752053,2.752053,1.000000,0.724129,-1,-1,-1,-1,-1,0.060785
32180,420,0,18755,44.654762,0.000000,30.000000,-1,55.328606,55.328606,-1,23,0,1778,27,0,718,2041,0,305,5.246725,2.689178,2.689178,1.000000,0.712780,-1,-1,-1,-1,-1,0.060222
32190,390,0,18209,46.689744,0.000000,30.000000,-1,55.309627,55.309627,-1,17,0,1577,16,0,728,1814,0,234,5.763888,3.044904,3.044904,1.000000,0.725447,-1,-1,-1,-1,-1,0.065216
32200,389,0,18334,47.131105,0.000000,30.000000,-1,55.375095,55.375095,-1,10,0,1540,15,0,683,1875,0,122,5.911029,3.150668,3.150668,1.000000,0.749955,-1,-1,-1,-1,-1,0.066849
32210,393,0,17807,45.310433,0.000000,30.000000,-1,55.375358,55.375358,-1,14,0,1581,26,0,666,2166,0,177,5.590855,2.821904,2.821904,1.000000,0.733437,-1,-1,-1,-1,-1,0.062279
32220,403,0,18289,45.382134,0.000000,30.000000,-1,55.394062,55.394062,-1,18,0,1536,27,0,672,1542,0,215,5.604009,2.907394,2.907394,1.000000,0.725839,-1,-1,-1,-1,-1,0.064065
32230,410,0,18944,46.204878,0.000000,30.000000,-1,55.408309,55.408309,-1,16,0,1645,19,0,711,1727,0,197,5.681300,2.977353,2.977353,1.000000,0.730475,-1,-1,-1,-1,-1,0.064438
32240,411,0,18867,45.905109,0.000000,30.000000,-1,55.428314,55.428314,-1,19,0,1853,19,0,754,2182,0,240,5.735189,2.948625,2.948625,1.000000,0.723536,-1,-1,-1,-1,-1,0.064233
32250,414,0,18787,45.379227,0.000000,30.000000,-1,55.453878,55.453878,-1,21,0,1640,19,0,740,1889,0,266,5.778844,2.969948,2.969948,1.000000,0.723537,-1,-1,-1,-1,-1,0.065447
32260,433,0,19968,46.115473,0.000000,30.000000,-1,55.465545,55.465545,-1,13,0,2022,16,0,761,2088,0,169,5.762294,2.956391,2.956391,1.000000,0.733678,-1,-1,-1,-1,-1,0.064108
32270,416,0,18831,45.266827,0.000000,30.000000,-1,55.488875,55.488875,-1,24,0,1411,23,0,755,1916,0,279,5.511338,2.910881,2.910881,1.000000,0.709726,-1,-1,-1,-1,-1,0.064305
32280,403,0,18278,45.354839,0.000000,30.000000,-1,55.495459,55.495459,-1,15,0,1530,21,0,633,1735,0,187,5.612127,2.909555,2.909555,1.000000,0.732481,-1,-1,-1,-1,-1,0.064151
32290,399,0,17861,44.764411,0.000000,30.000000,-1,55.539164,55.539164,-1,21,0,1587,22,0,660,1630,0,260,5.728434,2.909172,2.909172,1.000000,0.715525,-1,-1,-1,-1,-1,0.064988
32300,393,0,17941,45.651399,0.000000,30.000000,-1,55.532746,55.532746,-1,19,0,1406,19,0,660,2010,0,229,5.444293,2.928057,2.928057,1.000000,0.726656,-1,-1,-1,-1,-1,0.064139
32310,397,0,18500,46.599496,0.000000,30.000000,-1,55.527838,55.527838,-1,15,0,1517,20,0,699,1797,0,178,5.724877,3.044465,3.044465,1.000000,0.735821,-1,-1,-1,-1,-1,0.065333
32320,414,0,18776,45.352657,0.000000,30.000000,-1,55.524340,55.524340,-1,17,0,1964,14,0,806,1934,0,217,5.599843,2.686331,2.686331,1.000000,0.713849,-1,-1,-1,-1,-1,0.059232
32330,396,0,18234,46.045455,0.000000,30.000000,-1,55.517221,55.517221,-1,16,0,1531,21,0,694,1795,0,211,5.820091,3.025147,3.025147,1.000000,0.731916,-1,-1,-1,-1,-1,0.065699
32340,410,0,18532,45.200000,0.000000,30.000000,-1,55.530002,55.530002,-1,24,0,1677,22,0,726,1620,0,283,5.825037,3.079028,3.079028,1.000000,0.715251,-1,-1,-1,-1,-1,0.068120
32350,405,0,18139,44.787654,0.000000,30.000000,-1,55.533271,55.533271,-1,20,0,1767,25,0,639,1613,0,260,5.642018,2.894373,2.894373,1.000000,0.716289,-1,-1,-1,-1,-1,0.064624
32360,412,0,18585,45.109223,0.000000,30.000000,-1,55.528706,55.528706,-1,17,0,1702,20,0,695,2070,0,203,5.434850,2.759903,2.759903,1.000000,0.727603,-1,-1,-1,-1,-1,0.061183
32370,388,0,17621,45.414948,0.000000,30.000000,-1,55.508371,55.508371,-1,21,0,1528,11,0,688,1733,0,288,5.770013,3.019506,3.019506,1.000000,0.721295,-1,-1,-1,-1,-1,0.066487
32380,412,0,18371,44.589806,0.000000,30.000000,-1,55.561592,55.561592,-1,25,0,1670,11,0,706,1588,0,305,5.775291,2.988578,2.988578,1.000000,0.713826,-1,-1,-1,-1,-1,0.067024
32390,408,0,18675,45.772059,0.000000,30.000000,-1,55.594270,55.594270,-1,17,0,1402,22,0,714,1962,0,213,5.634011,2.959710,2.959710,1.000000,0.723798,-1,-1,-1,-1,-1,0.064662
32400,423,0,18817,44.484634,0.000000,30.000000,-1,55.586544,55.586544,-1,24,0,2073,23,0,777,1813,0,317,5.152881,2.528927,2.528927,1.000000,0.706280,-1,-1,-1,-1,-1,0.056849
32410,405,0,18503,45.686420,0.000000,30.000000,-1,55.594931,55.594931,-1,21,0,1461,21,0,707,1945,0,275,5.460253,2.943156,2.943156,1.000000,0.725565,-1,-1,-1,-1,-1,0.064421
32420,390,0,17750,45.512821,0.000000,30.000000,-1,55.599606,55.599606,-1,20,0,1572,21,0,655,2188,0,259,5.713646,3.021274,3.021274,1.000000,0.725833,-1,-1,-1,-1,-1,0.066383
32430,377,0,17239,45.726790,0.000000,30.000000,-1,55.605198,55.605198,-1,16,0,1547,11,0,665,1819,0,185,6.164245,3.270768,3.270768,1.000000,0.734646,-1,-1,-1,-1,-1,0.071528
32440,406,0,18708,46.078818,0.000000,30.000000,-1,55.570291,55.570291,-1,16,0,1593,18,0,665,1873,0,192,5.545372,2.919031,2.919031,1.000000,0.733442,-1,-1,-1,-1,-1,0.063349
32450,412,0,18719,45.434466,0.000000,30.000000,-1,55.605374,55.605374,-1,18,0,1645,12,0,716,1706,0,250,5.603526,2.962066,2.962066,1.000000,0.729713,-1,-1,-1,-1,-1,0.065194
32460,386,0,17365,44.987047,0.000000,30.000000,-1,55.572646,55.572646,-1,26,0,1465,23,0,673,1698,0,323,5.742448,3.075897,3.075897,1.000000,0.711583,-1,-1,-1,-1,-1,0.068373
32470,394,0,17724,44.984772,0.000000,30.000000,-1,55.575434,55.575434,-1,31,0,1387,10,0,648,2303,0,371,5.353977,2.934396,2.934396,1.000000,0.708949,-1,-1,-1,-1,-1,0.065231
32480,401,0,18038,44.982544,0.000000,30.000000,-1,55.556104,55.556104,-1,21,0,1737,13,0,728,1769,0,264,5.940470,3.005380,3.005380,1.000000,0.715362,-1,-1,-1,-1,-1,0.066812
32490,408,0,18931,46.399510,0.000000,30.000000,-1,55.512968,55.512968,-1,17,0,1613,17,0,722,1954,0,227,5.822852,3.085586,3.085586,1.000000,0.728622,-1,-1,-1,-1,-1,0.066500
32500,417,0,18953,45.450839,0.000000,30.000000,-1,55.510157,55.510157,-1,21,0,1598,20,0,714,1960,0,257,5.679651,2.883670,2.883670,1.000000,0.713389,-1,-1,-1,-1,-1,0.063446
32510,388,0,17749,45.744845,0.000000,30.000000,-1,55.522114,55.522114,-1,14,0,1713,21,0,672,1975,0,181,5.724849,2.925126,2.925126,1.000000,0.734336,-1,-1,-1,-1,-1,0.063944
32520,397,0,17952,45.219144,0.000000,30.000000,-1,55.527462,55.527462,-1,18,0,1614,22,0,703,1777,0,227,5.712261,2.853290,2.853290,1.000000,0.717167,-1,-1,-1,-1,-1,0.063099
32530,399,0,18253,45.746867,0.000000,30.000000,-1,55.524297,55.524297,-1,20,0,1459,17,0,672,2097,0,249,5.782712,3.173011,3.173011,1.000000,0.727758,-1,-1,-1,-1,-1,0.069360
32540,405,0,18458,45.575309,0.000000,30.000000,-1,55.513815,55.513815,-1,25,0,1453,16,0,696,1824,0,301,5.500192,2.925989,2.925989,1.000000,0.713016,-1,-1,-1,-1,-1,0.064201
32550,396,0,18156,45.848485,0.000000,30.000000,-1,55.526933,55.526933,-1,17,0,1523,25,0,686,1584,0,202,5.754388,3.028921,3.028921,1.000000,0.722048,-1,-1,-1,-1,-1,0.066064
32560,407,0,18340,45.061425,0.000000,30.000000,-1,55.541167,55.541167,-1,19,0,1648,20,0,664,2100,0,261,5.676863,2.938206,2.938206,1.000000,0.722670,-1,-1,-1,-1,-1,0.065204
32570,400,0,18122,45.305000,0.000000,30.000000,-1,55.530571,55.530571,-1,19,0,1549,19,0,751,2082,0,229,5.709888,2.938445,2.938445,1.000000,0.716136,-1,-1,-1,-1,-1,0.064859
32580,396,0,18092,45.686869,0.000000,30.000000,-1,55.520506,55.520506,-1,20,0,1616,14,0,643,1825,0,268,5.933073,3.161203,3.161203,1.000000,0.726790,-1,-1,-1,-1,-1,0.069193
32590,409,0,18555,45.366748,0.000000,30.000000,-1,55.585341,55.585341,-1,23,0,1576,19,0,753,2173,0,303,5.616701,2.903441,2.903441,1.000000,0.713948,-1,-1,-1,-1,-1,0.063999
32600,407,0,18686,45.911548,0.000000,30.000000,-1,55.583324,55.583324,-1,18,0,1644,11,0,683,1817,0,214,5.784225,3.032026,3.032026,1.000000,0.721995,-1,-1,-1,-1,-1,0.066041
32610,426,0,19235,45.152582,0.000000,30.000000,-1,55.568391,55.568391,-1,21,0,1557,18,0,732,1922,0,276,5.441070,2.828994,2.828994,1.000000,0.717289,-1,-1,-1,-1,-1,0.062654
32620,429,0,19754,46.046620,0.000000,30.000000,-1,55.562975,55.562975,-1,19,0,1842,25,0,781,2253,0,244,5.537112,2.875920,2.875920,1.000000,0.719011,-1,-1,-1,-1,-1,0.062457
32630,401,0,18143,45.244389,0.000000,30.000000,-1,55.582318,55.582318,-1,21,0,1584,21,0,710,1958,0,270,5.845152,3.057953,3.057953,1.000000,0.720943,-1,-1,-1,-1,-1,0.067587
32640,422,0,18913,44.817536,0.000000,30.000000,-1,55.588431,55.588431,-1,21,0,1900,22,0,697,1874,0,291,5.617911,2.769586,2.769586,1.000000,0.712351,-1,-1,-1,-1,-1,0.061797
32650,397,0,18198,45.838791,0.000000,30.000000,-1,55.561051,55.561051,-1,16,0,1671,21,0,642,2141,0,199,5.713671,2.932485,2.932485,1.000000,0.728404,-1,-1,-1,-1,-1,0.063974
32660,426,0,18996,44.591549,0.000000,30.000000,-1,55.574805,55.574805,-1,26,0,1527,24,0,774,1946,0,331,5.476742,2.885207,2.885207,1.000000,0.716426,-1,-1,-1,-1,-1,0.064703
32670,402,0,18291,45.500000,0.000000,30.000000,-1,55.586573,55.586573,-1,19,0,1570,17,0,698,2010,0,207,5.890880,2.998364,2.998364,1.000000,0.708028,-1,-1,-1,-1,-1,0.065898
32680,412,0,19032,46.194175,0.000000,30.000000,-1,55.587537,55.587537,-1,13,0,1703,16,0,710,2120,0,165,5.737676,2.994641,2.994641,1.000000,0.735182,-1,-1,-1,-1,-1,0.064827
32690,400,0,18197,45.492500,0.000000,30.000000,-1,55.615706,55.615706,-1,19,0,1615,16,0,738,1824,0,235,5.749965,2.955868,2.955868,1.000000,0.717356,-1,-1,-1,-1,-1,0.064975
32700,416,0,19222,46.206731,0.000000,30.000000,-1,55.607325,55.607325,-1,16,0,1605,22,0,682,2202,0,218,5.585323,2.892241,2.892241,1.000000,0.719233,-1,-1,-1,-1,-1,0.062593
32710,409,0,18310,44.767726,0.000000,30.000000,-1,55.610705,55.610705,-1,24,0,1692,29,0,698,2200,0,302,5.450461,2.728139,2.728139,1.000000,0.711657,-1,-1,-1,-1,-1,0.060940
32720,403,0,18097,44.905707,0.000000,30.000000,-1,55.623197,55.623197,-1,14,0,2021,20,0,667,1968,0,194,5.965093,2.894295,2.894295,1.000000,0.721647,-1,-1,-1,-1,-1,0.064453
32730,382,0,17571,45.997382,0.000000,30.000000,-1,55.635593,55.635593,-1,13,0,1696,20,0,637,2032,0,184,5.744153,2.917860,2.917860,1.000000,0.726767,-1,-1,-1,-1,-1,0.063435
32740,415,0,18136,43.701205,0.000000,30.000000,-1,55.663763,55.663763,-1,33,0,1668,18,0,688,1627,0,420,5.570505,2.801497,2.801497,1.000000,0.693588,-1,-1,-1,-1,-1,0.064106
32750,381,0,17835,46.811024,0.000000,30.000000,-1,55.683992,55.683992,-1,11,0,1559,23,0,694,1931,0,132,5.670955,2.897808,2.897808,1.000000,0.733945,-1,-1,-1,-1,-1,0.061904
32760,393,0,18007,45.819338,0.000000,30.000000,-1,55.731715,55.731715,-1,19,0,1731,20,0,673,2010,0,224,6.112527,3.144047,3.144047,1.000000,0.721040,-1,-1,-1,-1,-1,0.068618
32770,405,0,17978,44.390123,0.000000,30.000000,-1,55.721938,55.721938,-1,22,0,1622,19,0,687,1743,0,277,5.737168,2.850251,2.850251,1.000000,0.709987,-1,-1,-1,-1,-1,0.064209
32780,415,0,19243,46.368675,0.000000,30.000000,-1,55.752326,55.752326,-1,16,0,1604,14,0,736,1752,0,215,5.576751,2.963697,2.963697,1.000000,0.733093,-1,-1,-1,-1,-1,0.063916
32790,401,0,18333,45.718204,0.000000,30.000000,-1,55.741723,55.741723,-1,16,0,1657,17,0,774,1969,0,204,5.805782,2.953391,2.953391,1.000000,0.720577,-1,-1,-1,-1,-1,0.064600
32800,398,0,18179,45.675879,0.000000,30.000000,-1,55.738875,55.738875,-1,16,0,1717,17,0,650,1953,0,215,5.756258,2.944508,2.944508,1.000000,0.725728,-1,-1,-1,-1,-1,0.064465
32810,402,0,18012,44.805970,0.000000,30.000000,-1,55.755940,55.755940,-1,25,0,1538,14,0,701,1608,0,331,5.860363,3.044715,3.044715,1.000000,0.706782,-1,-1,-1,-1,-1,0.067953
32820,410,0,18470,45.048780,0.000000,30.000000,-1,55.768814,55.768814,-1,21,0,1472,21,0,670,2049,0,280,5.394232,2.924118,2.924118,1.000000,0.726601,-1,-1,-1,-1,-1,0.064910
32830,405,0,18537,45.770370,0.000000,30.000000,-1,55.781194,55.781194,-1,19,0,1569,18,0,673,2062,0,249,5.600305,2.930207,2.930207,1.000000,0.724533,-1,-1,-1,-1,-1,0.064020
32840,416,0,19025,45.733173,0.000000,30.000000,-1,55.808147,55.808147,-1,15,0,1771,19,0,722,1862,0,199,5.807790,2.930649,2.930649,1.000000,0.730711,-1,-1,-1,-1,-1,0.064081
32850,414,0,18785,45.374396,0.000000,30.000000,-1,55.845728,55.845728,-1,23,0,1587,20,0,688,1886,0,294,5.705216,2.970308,2.970308,1.000000,0.714098,-1,-1,-1,-1,-1,0.065462
32860,409,0,18656,45.613692,0.000000,30.000000,-1,55.851147,55.851147,-1,22,0,1534,18,0,744,2067,0,262,5.703189,3.030889,3.030889,1.000000,0.720126,-1,-1,-1,-1,-1,0.066447
32870,410,0,19086,46.551220,0.000000,30.000000,-1,55.851881,55.851881,-1,14,0,1721,17,0,694,1870,0,175,5.647876,2.943762,2.943762,1.000000,0.730692,-1,-1,-1,-1,-1,0.063237
32880,408,0,18616,45.627451,0.000000,30.000000,-1,55.842877,55.842877,-1,16,0,1657,24,0,683,1605,0,229,5.656377,2.873151,2.873151,1.000000,0.725412,-1,-1,-1,-1,-1,0.062970
32890,384,0,17650,45.963542,0.000000,30.000000,-1,55.844419,55.844419,-1,16,0,1496,26,0,666,2036,0,197,5.682886,2.948934,2.948934,1.000000,0.723250,-1,-1,-1,-1,-1,0.064158
32900,392,0,17978,45.862245,0.000000,30.000000,-1,55.849705,55.849705,-1,18,0,1530,20,0,685,1942,0,218,5.544092,2.972915,2.972915,1.000000,0.730865,-1,-1,-1,-1,-1,0.064823
32910,385,0,17870,46.415584,0.000000,30.000000,-1,55.892893,55.892893,-1,13,0,1713,15,0,696,1688,0,145,5.861126,2.985751,2.985751,1.000000,0.736819,-1,-1,-1,-1,-1,0.064326
32920,392,0,17933,45.747449,0.000000,30.000000,-1,55.907656,55.907656,-1,14,0,1635,20,0,667,1542,0,181,5.673352,2.873417,2.873417,1.000000,0.729932,-1,-1,-1,-1,-1,0.062810
32930,395,0,17789,45.035443,0.000000,30.000000,-1,55.928889,55.928889,-1,17,0,1730,20,0,692,1764,0,203,5.746938,2.935340,2.935340,1.000000,0.728109,-1,-1,-1,-1,-1,0.065178
32940,401,0,18316,45.675810,0.000000,30.000000,-1,56.005405,56.005405,-1,20,0,1575,13,0,680,2205,0,237,5.790014,2.954553,2.954553,1.000000,0.714348,-1,-1,-1,-1,-1,0.064685
32950,391,0,18069,46.212276,0.000000,30.000000,-1,56.019260,56.019260,-1,19,0,1363,17,0,660,1738,0,229,5.887057,3.205623,3.205623,1.000000,0.722700,-1,-1,-1,-1,-1,0.069367
32960,419,0,18633,44.470167,0.000000,30.000000,-1,56.010519,56.010519,-1,28,0,1481,12,0,761,1955,0,337,5.555261,2.885471,2.885471,1.000000,0.710192,-1,-1,-1,-1,-1,0.064886
32970,410,0,19038,46.434146,0.000000,30.000000,-1,56.013709,56.013709,-1,17,0,1515,22,0,685,2108,0,193,5.867245,3.095783,3.095783,1.000000,0.723668,-1,-1,-1,-1,-1,0.066670
32980,400,0,18281,45.702500,0.000000,30.000000,-1,56.016028,56.016028,-1,19,0,1582,22,0,700,2171,0,259,5.788802,3.049769,3.049769,1.000000,0.720398,-1,-1,-1,-1,-1,0.066731
32990,381,0,17548,46.057743,0.000000,30.000000,-1,56.048553,56.048553,-1,14,0,1564,17,0,693,1990,0,172,5.980742,3.119370,3.119370,1.000000,0.726820,-1,-1,-1,-1,-1,0.067727
33000,409,0,18986,46.420538,0.000000,30.000000,-1,56.108712,56.108712,-1,14,0,1558,25,0,775,1977,0,174,5.704511,2.996385,2.996385,1.000000,0.735752,-1,-1,-1,-1,-1,0.064549
33010,403,0,18168,45.081886,0.000000,30.000000,-1,56.128358,56.128358,-1,25,0,1458,22,0,716,1933,0,323,5.514888,2.852358,2.852358,1.000000,0.706148,-1,-1,-1,-1,-1,0.063271
33020,420,0,19168,45.638095,0.000000,30.000000,-1,56.171745,56.171745,-1,16,0,1766,10,0,738,2083,0,192,5.834072,2.927152,2.927152,1.000000,0.724428,-1,-1,-1,-1,-1,0.064138
33030,413,0,18467,44.714286,0.000000,30.000000,-1,56.198300,56.198300,-1,24,0,1614,19,0,681,1949,0,323,5.559278,2.797116,2.797116,1.000000,0.711431,-1,-1,-1,-1,-1,0.062555
33040,412,0,18862,45.781553,0.000000,30.000000,-1,56.239900,56.239900,-1,21,0,1813,15,0,695,1774,0,263,5.618637,2.879282,2.879282,1.000000,0.713147,-1,-1,-1,-1,-1,0.062892
33050,400,0,17854,44.635000,0.000000,30.000000,-1,56.249076,56.249076,-1,26,0,1563,20,0,676,1844,0,314,5.897288,3.044021,3.044021,1.000000,0.708453,-1,-1,-1,-1,-1,0.068198
33060,401,0,18386,45.850374,0.000000,30.000000,-1,56.215381,56.215381,-1,21,0,1400,14,0,694,1652,0,276,6.148425,3.292972,3.292972,1.000000,0.712815,-1,-1,-1,-1,-1,0.071820
33070,411,0,18603,45.262774,0.000000,30.000000,-1,56.224372,56.224372,-1,19,0,1599,19,0,784,1951,0,244,5.828810,2.963971,2.963971,1.000000,0.719889,-1,-1,-1,-1,-1,0.065484
33080,406,0,18587,45.780788,0.000000,30.000000,-1,56.210470,56.210470,-1,21,0,1511,16,0,683,1792,0,267,5.663566,2.967210,2.967210,1.000000,0.725177,-1,-1,-1,-1,-1,0.064813
33090,409,0,18749,45.841076,0.000000,30.000000,-1,56.241986,56.241986,-1,18,0,1578,10,0,666,2104,0,217,5.707205,3.049751,3.049751,1.000000,0.728099,-1,-1,-1,-1,-1,0.066529
33100,402,0,18563,46.176617,0.000000,30.000000,-1,56.295965,56.295965,-1,18,0,1693,17,0,704,2042,0,232,5.785367,3.034344,3.034344,1.000000,0.729063,-1,-1,-1,-1,-1,0.065712
33110,411,0,18414,44.802920,0.000000,30.000000,-1,56.261649,56.261649,-1,26,0,1697,15,0,734,2093,0,345,5.732728,2.978545,2.978545,1.000000,0.712078,-1,-1,-1,-1,-1,0.066481
33120,421,0,19169,45.532067,0.000000,30.000000,-1,56.256038,56.256038,-1,21,0,1734,16,0,749,1982,0,280,5.517490,2.807699,2.807699,1.000000,0.710492,-1,-1,-1,-1,-1,0.061664
33130,391,0,17889,45.751918,0.000000,30.000000,-1,56.294539,56.294539,-1,18,0,1276,23,0,699,2258,0,245,5.608829,3.039082,3.039082,1.000000,0.731436,-1,-1,-1,-1,-1,0.066425
33140,403,0,18365,45.570720,0.000000,30.000000,-1,56.292785,56.292785,-1,18,0,1625,21,0,748,1980,0,218,5.792621,3.032087,3.032087,1.000000,0.739883,-1,-1,-1,-1,-1,0.066536
33150,404,0,18539,45.888614,0.000000,30.000000,-1,56.291332,56.291332,-1,19,0,1643,19,0,655,1722,0,246,5.537233,2.867883,2.867883,1.000000,0.726205,-1,-1,-1,-1,-1,0.062497
33160,384,0,17247,44.914062,0.000000,30.000000,-1,56.312518,56.312518,-1,21,0,1611,19,0,682,1869,0,271,5.655441,2.867376,2.867376,1.000000,0.715703,-1,-1,-1,-1,-1,0.063841
33170,399,0,18367,46.032581,0.000000,30.000000,-1,56.313551,56.313551,-1,16,0,1581,16,0,699,2084,0,196,5.453374,2.801191,2.801191,1.000000,0.729473,-1,-1,-1,-1,-1,0.060852
33180,406,0,18179,44.775862,0.000000,30.000000,-1,56.311403,56.311403,-1,22,0,1688,19,0,705,1939,0,296,5.900798,2.952240,2.952240,1.000000,0.710473,-1,-1,-1,-1,-1,0.065934
33190,403,0,18597,46.146402,0.000000,30.000000,-1,56.350272,56.350272,-1,15,0,1545,13,0,657,2180,0,165,5.717674,2.978179,2.978179,1.000000,0.730930,-1,-1,-1,-1,-1,0.064538
33200,398,0,18086,45.442211,0.000000,30.000000,-1,56.357016,56.357016,-1,20,0,1773,18,0,687,1756,0,243,5.794965,2.954736,2.954736,1.000000,0.710116,-1,-1,-1,-1,-1,0.065022
33210,404,0,18523,45.849010,0.000000,30.000000,-1,56.344707,56.344707,-1,16,0,1663,12,0,696,2071,0,187,5.730232,3.042635,3.042635,1.000000,0.735128,-1,-1,-1,-1,-1,0.066362
33220,416,0,18810,45.216346,0.000000,30.000000,-1,56.369591,56.369591,-1,16,0,1856,17,0,735,2198,0,200,5.614696,2.862983,2.862983,1.000000,0.723608,-1,-1,-1,-1,-1,0.063317
33230,420,0,18627,44.350000,0.000000,30.000000,-1,56.401675,56.401675,-1,31,0,1706,15,0,674,1680,0,406,5.451499,2.815282,2.815282,1.000000,0.701032,-1,-1,-1,-1,-1,0.063479
33240,406,0,18611,45.839901,0.000000,30.000000,-1,56.435764,56.435764,-1,20,0,1754,15,0,676,1800,0,250,5.399520,2.769609,2.769609,1.000000,0.720338,-1,-1,-1,-1,-1,0.060419
33250,388,0,17449,44.971649,0.000000,30.000000,-1,56.455442,56.455442,-1,20,0,1449,17,0,698,1967,0,263,5.730352,2.990438,2.990438,1.000000,0.723916,-1,-1,-1,-1,-1,0.066496
33260,375,0,16922,45.125333,0.000000,30.000000,-1,56.437005,56.437005,-1,22,0,1448,25,0,634,1889,0,285,5.898213,3.049977,3.049977,1.000000,0.717885,-1,-1,-1,-1,-1,0.067589
33270,362,0,16738,46.237569,0.000000,30.000000,-1,56.412295,56.412295,-1,15,0,1404,15,0,568,1858,0,194,6.041748,3.311974,3.311974,1.000000,0.737871,-1,-1,-1,-1,-1,0.071630
33280,387,0,17432,45.043928,0.000000,30.000000,-1,56.435636,56.435636,-1,21,0,1536,17,0,629,1882,0,242,5.567403,3.043093,3.043093,1.000000,0.731439,-1,-1,-1,-1,-1,0.067558
33290,375,0,17192,45.845333,0.000000,30.000000,-1,56.453060,56.453060,-1,19,0,1394,20,0,645,1919,0,221,5.866243,3.192043,3.192043,1.000000,0.729413,-1,-1,-1,-1,-1,0.069626
33300,387,0,17589,45.449612,0.000000,30.000000,-1,56.463642,56.463642,-1,17,0,1471,20,0,667,1564,0,209,5.842950,3.109923,3.109923,1.000000,0.731805,-1,-1,-1,-1,-1,0.068426
33310,413,0,18673,45.213075,0.000000,30.000000,-1,56.533123,56.533123,-1,14,0,1817,20,0,723,2216,0,177,5.487481,2.750730,2.750730,1.000000,0.737954,-1,-1,-1,-1,-1,0.060839
33320,397,0,18151,45.720403,0.000000,30.000000,-1,56.506969,56.506969,-1,20,0,1543,22,0,685,2007,0,232,5.732138,3.119248,3.119248,1.000000,0.729081,-1,-1,-1,-1,-1,0.068224
33330,400,0,18197,45.492500,0.000000,30.000000,-1,56.497555,56.497555,-1,15,0,1660,16,0,645,2016,0,204,5.739725,2.967597,2.967597,1.000000,0.740028,-1,-1,-1,-1,-1,0.065233
33340,410,0,18175,44.329268,0.000000,30.000000,-1,56.526823,56.526823,-1,32,0,1707,19,0,733,1715,0,406,5.704048,3.053579,3.053579,1.000000,0.710353,-1,-1,-1,-1,-1,0.068884
33350,406,0,18547,45.682266,0.000000,30.000000,-1,56.509840,56.509840,-1,20,0,1675,23,0,660,2021,0,264,5.522431,2.901331,2.901331,1.000000,0.730406,-1,-1,-1,-1,-1,0.063511
33360,398,0,17942,45.080402,0.000000,30.000000,-1,56.510032,56.510032,-1,22,0,1764,19,0,683,1784,0,281,5.698494,2.904640,2.904640,1.000000,0.722980,-1,-1,-1,-1,-1,0.064432
33370,401,0,18533,46.216958,0.000000,30.000000,-1,56.480117,56.480117,-1,12,0,1585,25,0,748,2087,0,156,5.663142,2.967424,2.967424,1.000000,0.746950,-1,-1,-1,-1,-1,0.064206
33380,401,0,17784,44.349127,0.000000,30.000000,-1,56.464519,56.464519,-1,25,0,1565,20,0,673,1889,0,301,5.648051,2.983406,2.983406,1.000000,0.718727,-1,-1,-1,-1,-1,0.067271
33390,397,0,17828,44.906801,0.000000,30.000000,-1,56.466569,56.466569,-1,28,0,1694,14,0,667,2020,0,373,5.768529,3.021203,3.021203,1.000000,0.705029,-1,-1,-1,-1,-1,0.067277
33400,396,0,17741,44.800505,0.000000,30.000000,-1,56.495237,56.495237,-1,27,0,1448,10,0,684,1427,0,347,5.721059,3.005071,3.005071,1.000000,0.714444,-1,-1,-1,-1,-1,0.067077
33410,407,0,18940,46.535627,0.000000,30.000000,-1,56.503062,56.503062,-1,13,0,1782,18,0,647,2389,0,171,5.944368,3.185073,3.185073,1.000000,0.748387,-1,-1,-1,-1,-1,0.068444
33420,421,0,19402,46.085511,0.000000,30.000000,-1,56.498711,56.498711,-1,14,0,1892,21,0,761,1861,0,181,5.402407,2.886304,2.886304,1.000000,0.745198,-1,-1,-1,-1,-1,0.062629
33430,405,0,18388,45.402469,0.000000,30.000000,-1,56.537905,56.537905,-1,21,0,1477,20,0,695,1762,0,260,5.519473,2.970239,2.970239,1.000000,0.728612,-1,-1,-1,-1,-1,0.065420
33440,406,0,18450,45.443350,0.000000,30.000000,-1,56.551653,56.551653,-1,20,0,1812,24,0,688,2024,0,258,5.633108,2.951456,2.951456,1.000000,0.726481,-1,-1,-1,-1,-1,0.064948
33450,398,0,17761,44.625628,0.000000,30.000000,-1,56.536062,56.536062,-1,21,0,1399,21,0,666,1845,0,273,5.546698,2.939064,2.939064,1.000000,0.732358,-1,-1,-1,-1,-1,0.065860
33460,383,0,17437,45.527415,0.000000,30.000000,-1,56.533177,56.533177,-1,24,0,1328,19,0,629,1947,0,310,5.852212,3.352314,3.352314,1.000000,0.732829,-1,-1,-1,-1,-1,0.073633
33470,387,0,17822,46.051680,0.000000,30.000000,-1,56.535406,56.535406,-1,16,0,1367,17,0,695,1760,0,228,5.960453,3.227808,3.227808,1.000000,0.741667,-1,-1,-1,-1,-1,0.070091
33480,391,0,18072,46.219949,0.000000,30.000000,-1,56.554394,56.554394,-1,16,0,1667,27,0,708,1951,0,194,5.632688,3.027524,3.027524,1.000000,0.739673,-1,-1,-1,-1,-1,0.065503
33490,415,0,18244,43.961446,0.000000,30.000000,-1,56.605295,56.605295,-1,25,0,1640,21,0,712,2110,0,297,5.705238,2.897975,2.897975,1.000000,0.721665,-1,-1,-1,-1,-1,0.065921
33500,401,0,17962,44.793017,0.000000,30.000000,-1,56.632001,56.632001,-1,20,0,1717,14,0,666,1960,0,265,5.432566,2.829873,2.829873,1.000000,0.722943,-1,-1,-1,-1,-1,0.063177
33510,408,0,17927,43.938725,0.000000,30.000000,-1,56.609639,56.609639,-1,24,0,1731,27,0,631,1851,0,293,5.743215,2.870347,2.870347,1.000000,0.715074,-1,-1,-1,-1,-1,0.065326
33520,387,0,17788,45.963824,0.000000,30.000000,-1,56.598718,56.598718,-1,15,0,1563,26,0,706,1636,0,183,5.834009,3.064355,3.064355,1.000000,0.737869,-1,-1,-1,-1,-1,0.066669
33530,430,0,19029,44.253488,0.000000,30.000000,-1,56.639393,56.639393,-1,30,0,2017,17,0,728,2351,0,348,5.350343,2.738251,2.738251,1.000000,0.709713,-1,-1,-1,-1,-1,0.061876
33540,415,0,19000,45.783133,0.000000,30.000000,-1,56.660316,56.660316,-1,18,0,1785,19,0,742,2278,0,218,5.750910,2.968654,2.968654,1.000000,0.726644,-1,-1,-1,-1,-1,0.064842
33550,420,0,19221,45.764286,0.000000,30.000000,-1,56.657094,56.657094,-1,20,0,1492,23,0,715,2347,0,271,5.648725,2.984042,2.984042,1.000000,0.725676,-1,-1,-1,-1,-1,0.065205
33560,399,0,18424,46.175439,0.000000,30.000000,-1,56.670484,56.670484,-1,14,0,1870,24,0,770,1865,0,185,5.761146,2.965910,2.965910,1.000000,0.741399,-1,-1,-1,-1,-1,0.064231
33570,394,0,17902,45.436548,0.000000,30.000000,-1,56.692995,56.692995,-1,21,0,1326,17,0,641,1563,0,268,5.792603,3.219664,3.219664,1.000000,0.733728,-1,-1,-1,-1,-1,0.070861
33580,401,0,17966,44.802993,0.000000,30.000000,-1,56.743849,56.743849,-1,26,0,1543,27,0,731,2224,0,341,5.577805,3.019571,3.019571,1.000000,0.729104,-1,-1,-1,-1,-1,0.067397
33590,417,0,19084,45.764988,0.000000,30.000000,-1,56.773580,56.773580,-1,14,0,1874,19,0,747,2050,0,187,5.603379,2.875667,2.875667,1.000000,0.743080,-1,-1,-1,-1,-1,0.062836
33600,399,0,18167,45.531328,0.000000,30.000000,-1,56.790830,56.790830,-1,20,0,1691,16,0,716,1844,0,236,5.752461,3.038683,3.038683,1.000000,0.729059,-1,-1,-1,-1,-1,0.066738
33610,392,0,17883,45.619898,0.000000,30.000000,-1,56.815299,56.815299,-1,20,0,1636,26,0,647,1997,0,228,5.627811,3.097529,3.097529,1.000000,0.737931,-1,-1,-1,-1,-1,0.067899
33620,402,0,18267,45.440299,0.000000,30.000000,-1,56.811190,56.811190,-1,16,0,1723,18,0,704,1751,0,190,5.516014,2.864820,2.864820,1.000000,0.740918,-1,-1,-1,-1,-1,0.063046
33630,415,0,18828,45.368675,0.000000,30.000000,-1,56.846877,56.846877,-1,18,0,1702,19,0,711,2003,0,235,5.629339,3.024935,3.024935,1.000000,0.743006,-1,-1,-1,-1,-1,0.066675
33640,417,0,18763,44.995204,0.000000,30.000000,-1,56.875446,56.875446,-1,29,0,1439,23,0,709,1834,0,364,5.618176,3.110841,3.110841,1.000000,0.727431,-1,-1,-1,-1,-1,0.069137
33650,413,0,18774,45.457627,0.000000,30.000000,-1,56.900075,56.900075,-1,19,0,1859,26,0,738,1748,0,230,5.623723,2.962349,2.962349,1.000000,0.737760,-1,-1,-1,-1,-1,0.065167
33660,401,0,18103,45.144638,0.000000,30.000000,-1,56.916478,56.916478,-1,20,0,1615,27,0,676,1706,0,243,5.630021,2.962427,2.962427,1.000000,0.736218,-1,-1,-1,-1,-1,0.065621
33670,397,0,17758,44.730479,0.000000,30.000000,-1,56.953429,56.953429,-1,19,0,1666,22,0,670,1779,0,243,5.678586,2.967929,2.967929,1.000000,0.738315,-1,-1,-1,-1,-1,0.066351
33680,414,0,18932,45.729469,0.000000,30.000000,-1,56.963607,56.963607,-1,14,0,1606,15,0,651,2074,0,169,5.237853,2.817588,2.817588,1.000000,0.758415,-1,-1,-1,-1,-1,0.061614
33690,401,0,18008,44.907731,0.000000,30.000000,-1,56.980509,56.980509,-1,22,0,1792,18,0,752,1700,0,251,5.683926,3.052328,3.052328,1.000000,0.741835,-1,-1,-1,-1,-1,0.067969
33700,426,0,19069,44.762911,0.000000,30.000000,-1,56.979391,56.979391,-1,28,0,1488,18,0,664,2020,0,311,5.642146,3.136415,3.136415,1.000000,0.739959,-1,-1,-1,-1,-1,0.070067
33710,390,0,17454,44.753846,0.000000,30.000000,-1,57.025152,57.025152,-1,23,0,1657,24,0,745,1747,0,317,5.966255,3.171474,3.171474,1.000000,0.744254,-1,-1,-1,-1,-1,0.070865
33720,406,0,18833,46.386700,0.000000,30.000000,-1,57.052514,57.052514,-1,14,0,1698,18,0,655,2108,0,173,5.604555,2.993987,2.993987,1.000000,0.751792,-1,-1,-1,-1,-1,0.064544
33730,395,0,18116,45.863291,0.000000,30.000000,-1,57.056193,57.056193,-1,19,0,1457,19,0,703,2113,0,245,5.839593,3.248794,3.248794,1.000000,0.747681,-1,-1,-1,-1,-1,0.070836
33740,408,0,18645,45.698529,0.000000,30.000000,-1,57.062483,57.062483,-1,23,0,1712,16,0,706,1893,0,292,5.631276,3.064802,3.064802,1.000000,0.741784,-1,-1,-1,-1,-1,0.067066
33750,412,0,18718,45.432039,0.000000,30.000000,-1,57.040389,57.040389,-1,18,0,1877,16,0,740,2231,0,228,5.599365,2.907223,2.907223,1.000000,0.745610,-1,-1,-1,-1,-1,0.063991
33760,417,0,18920,45.371703,0.000000,30.000000,-1,57.076216,57.076216,-1,18,0,1852,19,0,715,2060,0,209,5.549928,2.916441,2.916441,1.000000,0.749020,-1,-1,-1,-1,-1,0.064279
33770,401,0,18432,45.965087,0.000000,30.000000,-1,57.097656,57.097656,-1,19,0,1634,18,0,695,2263,0,233,5.528726,3.002684,3.002684,1.000000,0.738970,-1,-1,-1,-1,-1,0.065325
33780,396,0,17827,45.017677,0.000000,30.000000,-1,57.070118,57.070118,-1,27,0,1463,15,0,682,2203,0,370,5.533807,3.058846,3.058846,1.000000,0.736289,-1,-1,-1,-1,-1,0.067948
33790,412,0,19226,46.665049,0.000000,30.000000,-1,57.063924,57.063924,-1,12,0,1945,10,0,740,2413,0,148,5.649621,3.052952,3.052952,1.000000,0.766299,-1,-1,-1,-1,-1,0.065423
33800,402,0,18210,45.298507,0.000000,30.000000,-1,57.061505,57.061505,-1,23,0,1643,28,0,653,2048,0,301,5.529470,2.985752,2.985752,1.000000,0.735564,-1,-1,-1,-1,-1,0.065913
33810,407,0,18476,45.395577,0.000000,30.000000,-1,57.070253,57.070253,-1,18,0,1717,21,0,692,1684,0,222,5.625447,3.050833,3.050833,1.000000,0.749812,-1,-1,-1,-1,-1,0.067206
33820,399,0,18267,45.781955,0.000000,30.000000,-1,57.053211,57.053211,-1,21,0,1412,13,0,665,2144,0,254,5.727275,3.219258,3.219258,1.000000,0.751184,-1,-1,-1,-1,-1,0.070317
33830,390,0,17952,46.030769,0.000000,30.000000,-1,57.028186,57.028186,-1,18,0,1619,22,0,719,1961,0,204,5.422246,2.921954,2.921954,1.000000,0.747733,-1,-1,-1,-1,-1,0.063478
33840,380,0,17478,45.994737,0.000000,30.000000,-1,57.005493,57.005493,-1,16,0,1441,20,0,635,2026,0,193,5.629039,3.134118,3.134118,1.000000,0.756474,-1,-1,-1,-1,-1,0.068141
33850,384,0,17326,45.119792,0.000000,30.000000,-1,57.052176,57.052176,-1,18,0,1791,23,0,687,1914,0,216,5.589205,2.901247,2.901247,1.000000,0.740386,-1,-1,-1,-1,-1,0.064301
33860,395,0,18032,45.650633,0.000000,30.000000,-1,57.102318,57.102318,-1,17,0,1690,17,0,671,1854,0,241,5.759899,3.144200,3.144200,1.000000,0.753442,-1,-1,-1,-1,-1,0.068875
33870,406,0,18119,44.628079,0.000000,30.000000,-1,57.100502,57.100502,-1,24,0,1682,19,0,706,1966,0,326,5.841764,3.140057,3.140057,1.000000,0.745077,-1,-1,-1,-1,-1,0.070361
33880,411,0,18381,44.722628,0.000000,30.000000,-1,57.138458,57.138458,-1,25,0,1957,22,0,708,2219,0,295,5.624146,2.891495,2.891495,1.000000,0.737508,-1,-1,-1,-1,-1,0.064654
33890,422,0,18842,44.649289,0.000000,30.000000,-1,57.139476,57.139476,-1,27,0,1781,12,0,709,1715,0,329,5.486580,2.984138,2.984138,1.000000,0.736593,-1,-1,-1,-1,-1,0.066835
33900,407,0,18453,45.339066,0.000000,30.000000,-1,57.177532,57.177532,-1,21,0,1705,17,0,695,1915,0,257,5.810593,3.176303,3.176303,1.000000,0.747266,-1,-1,-1,-1,-1,0.070057
33910,393,0,18395,46.806616,0.000000,30.000000,-1,57.206524,57.206524,-1,11,0,1577,19,0,716,1493,0,159,5.681931,3.121049,3.121049,1.000000,0.766024,-1,-1,-1,-1,-1,0.066680
33920,399,0,18161,45.516291,0.000000,30.000000,-1,57.212543,57.212543,-1,17,0,1643,16,0,642,1696,0,215,5.795988,3.186587,3.186587,1.000000,0.764965,-1,-1,-1,-1,-1,0.070010
33930,404,0,18441,45.646040,0.000000,30.000000,-1,57.222168,57.222168,-1,19,0,1873,24,0,696,2217,0,218,5.757041,3.075114,3.075114,1.000000,0.751049,-1,-1,-1,-1,-1,0.067369
33940,393,0,17888,45.516539,0.000000,30.000000,-1,57.225962,57.225962,-1,19,0,1490,25,0,649,1899,0,243,5.595127,3.141938,3.141938,1.000000,0.755065,-1,-1,-1,-1,-1,0.069028
33950,415,0,18789,45.274699,0.000000,30.000000,-1,57.223216,57.223216,-1,20,0,1672,14,0,729,2027,0,266,5.539940,2.996147,2.996147,1.000000,0.749571,-1,-1,-1,-1,-1,0.066177
33960,432,0,19794,45.819444,0.000000,30.000000,-1,57.229514,57.229514,-1,20,0,1805,21,0,749,2720,0,246,5.336537,2.877087,2.877087,1.000000,0.748760,-1,-1,-1,-1,-1,0.062792
33970,423,0,19182,45.347518,0.000000,30.000000,-1,57.227349,57.227349,-1,18,0,1917,23,0,791,1767,0,223,5.606929,2.931065,2.931065,1.000000,0.747840,-1,-1,-1,-1,-1,0.064636
33980,420,0,19045,45.345238,0.000000,30.000000,-1,57.240011,57.240011,-1,21,0,1796,24,0,722,1865,0,233,5.608163,2.927948,2.927948,1.000000,0.742315,-1,-1,-1,-1,-1,0.064570
33990,403,0,18822,46.704715,0.000000,30.000000,-1,57.249495,57.249495,-1,14,0,1501,13,0,778,1959,0,174,5.798534,3.324709,3.324709,1.000000,0.763554,-1,-1,-1,-1,-1,0.071186
34000,406,0,18377,45.263547,0.000000,30.000000,-1,57.310442,57.310442,-1,22,0,1532,16,0,688,1687,0,273,5.551785,3.071896,3.071896,1.000000,0.749248,-1,-1,-1,-1,-1,0.067867
34010,402,0,18534,46.104478,0.000000,30.000000,-1,57.309000,57.309000,-1,16,0,1565,23,0,678,2122,0,202,5.646394,3.120367,3.120367,1.000000,0.757796,-1,-1,-1,-1,-1,0.067680
34020,405,0,18690,46.148148,0.000000,30.000000,-1,57.305886,57.305886,-1,17,0,1834,16,0,679,2013,0,199,5.709259,3.115903,3.115903,1.000000,0.758699,-1,-1,-1,-1,-1,0.067520
34030,396,0,18594,46.954545,0.000000,30.000000,-1,57.310961,57.310961,-1,12,0,1585,25,0,736,2041,0,147,5.614612,3.122521,3.122521,1.000000,0.760111,-1,-1,-1,-1,-1,0.066501
34040,398,0,17865,44.886935,0.000000,30.000000,-1,57.306913,57.306913,-1,23,0,1465,26,0,661,1891,0,269,5.437714,3.080831,3.080831,1.000000,0.744352,-1,-1,-1,-1,-1,0.068635
34050,380,0,17144,45.115789,0.000000,30.000000,-1,57.298997,57.298997,-1,22,0,1417,27,0,657,1708,0,282,5.713533,3.161530,3.161530,1.000000,0.738737,-1,-1,-1,-1,-1,0.070076
34060,390,0,17365,44.525641,0.000000,30.000000,-1,57.286611,57.286611,-1,28,0,1487,11,0,655,1765,0,332,5.842172,3.279196,3.279196,1.000000,0.733286,-1,-1,-1,-1,-1,0.073647
34070,390,0,18017,46.197436,0.000000,30.000000,-1,57.255314,57.255314,-1,14,0,1603,22,0,659,1652,0,182,5.733362,3.097896,3.097896,1.000000,0.754163,-1,-1,-1,-1,-1,0.067058
34080,379,0,17139,45.221636,0.000000,30.000000,-1,57.290040,57.290040,-1,17,0,1697,20,0,615,1747,0,199,6.006861,3.231485,3.231485,1.000000,0.753102,-1,-1,-1,-1,-1,0.071459
34090,395,0,17770,44.987342,0.000000,30.000000,-1,57.304277,57.304277,-1,23,0,1622,19,0,703,1786,0,272,5.670925,3.138358,3.138358,1.000000,0.743699,-1,-1,-1,-1,-1,0.069761
34100,388,0,17298,44.582474,0.000000,30.000000,-1,57.290265,57.290265,-1,23,0,1582,14,0,674,2068,0,286,5.517473,3.053342,3.053342,1.000000,0.744050,-1,-1,-1,-1,-1,0.068487
34110,406,0,18626,45.876847,0.000000,30.000000,-1,57.285837,57.285837,-1,16,0,1684,16,0,720,1600,0,204,5.627707,3.049457,3.049457,1.000000,0.753556,-1,-1,-1,-1,-1,0.066470
34120,421,0,19128,45.434679,0.000000,30.000000,-1,57.309703,57.309703,-1,20,0,1639,13,0,742,1893,0,259,5.537996,2.994410,2.994410,1.000000,0.749259,-1,-1,-1,-1,-1,0.065906
34130,404,0,18525,45.853960,0.000000,30.000000,-1,57.350715,57.350715,-1,13,0,1705,25,0,704,2190,0,141,5.278538,2.865910,2.865910,1.000000,0.759515,-1,-1,-1,-1,-1,0.062501
34140,393,0,18144,46.167939,0.000000,30.000000,-1,57.379078,57.379078,-1,18,0,1595,21,0,664,1746,0,226,5.874261,3.199530,3.199530,1.000000,0.747569,-1,-1,-1,-1,-1,0.069302
34150,425,0,19331,45.484706,0.000000,30.000000,-1,57.405152,57.405152,-1,24,0,1555,25,0,721,2220,0,332,5.633677,3.153774,3.153774,1.000000,0.745262,-1,-1,-1,-1,-1,0.069337
34160,395,0,17989,45.541772,0.000000,30.000000,-1,57.395853,57.395853,-1,23,0,1442,25,0,712,1784,0,287,5.472167,3.132776,3.132776,1.000000,0.754700,-1,-1,-1,-1,-1,0.068789
34170,415,0,18858,45.440964,0.000000,30.000000,-1,57.405663,57.405663,-1,21,0,1690,23,0,764,1875,0,252,5.479696,3.083815,3.083815,1.000000,0.762407,-1,-1,-1,-1,-1,0.067864
34180,397,0,18370,46.272040,0.000000,30.000000,-1,57.419978,57.419978,-1,14,0,1489,20,0,684,1619,0,191,5.416419,2.967652,2.967652,1.000000,0.761537,-1,-1,-1,-1,-1,0.064135
34190,388,0,17360,44.742268,0.000000,30.000000,-1,57.422465,57.422465,-1,24,0,1688,21,0,689,1690,0,325,5.603124,3.028197,3.028197,1.000000,0.741905,-1,-1,-1,-1,-1,0.067681
34200,381,0,17247,45.267717,0.000000,30.000000,-1,57.427727,57.427727,-1,21,0,1541,15,0,656,1677,0,270,5.659939,3.025080,3.025080,1.000000,0.745566,-1,-1,-1,-1,-1,0.066826
34210,406,0,17785,43.805419,0.000000,30.000000,-1,57.446950,57.446950,-1,32,0,1625,16,0,692,1668,0,435,5.711414,3.130950,3.130950,1.000000,0.726631,-1,-1,-1,-1,-1,0.071474
34220,397,0,18503,46.607053,0.000000,30.000000,-1,57.458142,57.458142,-1,16,0,1366,17,0,701,1748,0,214,5.498700,3.161430,3.161430,1.000000,0.759099,-1,-1,-1,-1,-1,0.067832
34230,379,0,17544,46.290237,0.000000,30.000000,-1,57.436275,57.436275,-1,15,0,1430,25,0,667,1848,0,186,5.837159,3.268382,3.268382,1.000000,0.759932,-1,-1,-1,-1,-1,0.070606
34240,388,0,18075,46.585052,0.000000,30.000000,-1,57.458257,57.458257,-1,11,0,1862,25,0,687,2020,0,151,5.646161,3.050901,3.050901,1.000000,0.765712,-1,-1,-1,-1,-1,0.065491
34250,415,0,19420,46.795181,0.000000,30.000000,-1,57.483986,57.483986,-1,13,0,1481,12,0,750,2280,0,160,5.566336,3.204749,3.204749,1.000000,0.768962,-1,-1,-1,-1,-1,0.068485
34260,417,0,18752,44.968825,0.000000,30.000000,-1,57.506773,57.506773,-1,29,0,1657,23,0,722,1914,0,370,5.310503,2.876719,2.876719,1.000000,0.726802,-1,-1,-1,-1,-1,0.063971
34270,426,0,19908,46.732394,0.000000,30.000000,-1,57.524061,57.524061,-1,12,0,1614,23,0,728,1981,0,153,5.261422,2.973674,2.973674,1.000000,0.763251,-1,-1,-1,-1,-1,0.063632
34280,439,0,19975,45.501139,0.000000,30.000000,-1,57.527059,57.527059,-1,19,0,1816,19,0,797,1894,0,250,5.453931,3.028009,3.028009,1.000000,0.749836,-1,-1,-1,-1,-1,0.066548
34290,444,0,19937,44.903153,0.000000,30.000000,-1,57.538195,57.538195,-1,24,0,1837,24,0,752,2156,0,280,5.326426,2.822008,2.822008,1.000000,0.739292,-1,-1,-1,-1,-1,0.062847
34300,419,0,19066,45.503580,0.000000,30.000000,-1,57.506923,57.506923,-1,24,0,1504,20,0,735,1853,0,307,5.491683,3.000418,3.000418,1.000000,0.737741,-1,-1,-1,-1,-1,0.065938
34310,426,0,19435,45.622066,0.000000,30.000000,-1,57.502804,57.502804,-1,20,0,1557,21,0,754,2063,0,257,5.437840,3.050870,3.050870,1.000000,0.759131,-1,-1,-1,-1,-1,0.066873
34320,400,0,17983,44.957500,0.000000,30.000000,-1,57.548963,57.548963,-1,20,0,1842,22,0,688,1889,0,260,5.549000,2.960762,2.960762,1.000000,0.749521,-1,-1,-1,-1,-1,0.065857
34330,393,0,18106,46.071247,0.000000,30.000000,-1,57.594389,57.594389,-1,17,0,1594,13,0,685,1825,0,207,5.662120,3.193327,3.193327,1.000000,0.759896,-1,-1,-1,-1,-1,0.069313
34340,383,0,17779,46.420366,0.000000,30.000000,-1,57.599584,57.599584,-1,12,0,1608,25,0,706,1999,0,133,5.642450,3.117466,3.117466,1.000000,0.767339,-1,-1,-1,-1,-1,0.067157
34350,390,0,18143,46.520513,0.000000,30.000000,-1,57.610538,57.610538,-1,16,0,1497,21,0,669,1950,0,199,5.850221,3.351244,3.351244,1.000000,0.763560,-1,-1,-1,-1,-1,0.072038
34360,405,0,18192,44.918519,0.000000,30.000000,-1,57.594712,57.594712,-1,23,0,1511,16,0,700,1642,0,292,5.344540,3.051228,3.051228,1.000000,0.758444,-1,-1,-1,-1,-1,0.067928
34370,406,0,18586,45.778325,0.000000,30.000000,-1,57.533950,57.533950,-1,16,0,1596,34,0,674,1920,0,187,5.453701,3.002081,3.002081,1.000000,0.765181,-1,-1,-1,-1,-1,0.065579
34380,414,0,18551,44.809179,0.000000,30.000000,-1,57.516738,57.516738,-1,24,0,1464,13,0,701,2162,0,290,5.466601,3.137033,3.137033,1.000000,0.755615,-1,-1,-1,-1,-1,0.070009
34390,403,0,18438,45.751861,0.000000,30.000000,-1,57.538616,57.538616,-1,16,0,1765,23,0,731,1928,0,192,5.616181,3.093142,3.093142,1.000000,0.766074,-1,-1,-1,-1,-1,0.067607
34400,395,0,18068,45.741772,0.000000,30.000000,-1,57.533983,57.533983,-1,18,0,1700,18,0,669,1937,0,234,5.574334,3.119458,3.119458,1.000000,0.760588,-1,-1,-1,-1,-1,0.068197
34410,399,0,18168,45.533835,0.000000,30.000000,-1,57.567756,57.567756,-1,17,0,1660,19,0,705,2048,0,205,5.618686,3.112427,3.112427,1.000000,0.764559,-1,-1,-1,-1,-1,0.068354
34420,395,0,18252,46.207595,0.000000,30.000000,-1,57.593688,57.593688,-1,16,0,1404,14,0,680,1762,0,210,5.771200,3.263399,3.263399,1.000000,0.773935,-1,-1,-1,-1,-1,0.070625
34430,407,0,18582,45.656020,0.000000,30.000000,-1,57.613282,57.613282,-1,18,0,1654,19,0,757,1688,0,222,5.396722,3.027111,3.027111,1.000000,0.772458,-1,-1,-1,-1,-1,0.066303
34440,421,0,18873,44.828979,0.000000,30.000000,-1,57.606051,57.606051,-1,28,0,1606,20,0,743,1632,0,364,5.306815,3.028554,3.028554,1.000000,0.747751,-1,-1,-1,-1,-1,0.067558
34450,416,0,18807,45.209135,0.000000,30.000000,-1,57.636997,57.636997,-1,20,0,1723,19,0,756,2084,0,270,5.438610,2.972714,2.972714,1.000000,0.759933,-1,-1,-1,-1,-1,0.065755
34460,404,0,18744,46.396040,0.000000,30.000000,-1,57.674989,57.674989,-1,21,0,1680,21,0,725,2108,0,248,5.449572,3.137651,3.137651,1.000000,0.759200,-1,-1,-1,-1,-1,0.067628
34470,388,0,18168,46.824742,0.000000,30.000000,-1,57.665896,57.665896,-1,11,0,1643,18,0,699,1965,0,166,5.809164,3.291106,3.291106,1.000000,0.778873,-1,-1,-1,-1,-1,0.070286
34480,403,0,18316,45.449132,0.000000,30.000000,-1,57.688687,57.688687,-1,18,0,1668,23,0,713,2022,0,217,5.537571,3.123069,3.123069,1.000000,0.772314,-1,-1,-1,-1,-1,0.068716
34490,401,0,18583,46.341646,0.000000,30.000000,-1,57.721412,57.721412,-1,9,0,1741,14,0,669,1914,0,119,5.293338,2.989288,2.989288,1.000000,0.792456,-1,-1,-1,-1,-1,0.064505
34500,386,0,17534,45.424870,0.000000,30.000000,-1,57.745580,57.745580,-1,17,0,1490,20,0,668,1630,0,206,5.528320,3.175603,3.175603,1.000000,0.776994,-1,-1,-1,-1,-1,0.069909
34510,398,0,18286,45.944724,0.000000,30.000000,-1,57.760363,57.760363,-1,18,0,1320,20,0,658,1423,0,234,5.492623,3.285075,3.285075,1.000000,0.776621,-1,-1,-1,-1,-1,0.071501
34520,397,0,18143,45.700252,0.000000,30.000000,-1,57.783388,57.783388,-1,19,0,1607,19,0,701,1596,0,221,5.700273,3.240113,3.240113,1.000000,0.777838,-1,-1,-1,-1,-1,0.070899
34530,409,0,18571,45.405868,0.000000,30.000000,-1,57.771149,57.771149,-1,19,0,1615,27,0,718,2179,0,237,5.414105,3.058650,3.058650,1.000000,0.766817,-1,-1,-1,-1,-1,0.067362
34540,392,0,17563,44.803571,0.000000,30.000000,-1,57.788362,57.788362,-1,29,0,1587,19,0,701,1698,0,359,5.659750,3.197757,3.197757,1.000000,0.750000,-1,-1,-1,-1,-1,0.071373
34550,401,0,18554,46.269327,0.000000,30.000000,-1,57.832273,57.832273,-1,17,0,1494,19,0,683,1650,0,226,5.802318,3.427940,3.427940,1.000000,0.780353,-1,-1,-1,-1,-1,0.074087
34560,394,0,18201,46.195431,0.000000,30.000000,-1,57.827262,57.827262,-1,14,0,1529,25,0,737,1996,0,194,5.785617,3.375974,3.375974,1.000000,0.797349,-1,-1,-1,-1,-1,0.073080
34570,409,0,18397,44.980440,0.000000,30.000000,-1,57.843290,57.843290,-1,26,0,1825,14,0,735,1784,0,307,5.350327,3.027191,3.027191,1.000000,0.760577,-1,-1,-1,-1,-1,0.067300
34580,423,0,19042,45.016548,0.000000,30.000000,-1,57.883678,57.883678,-1,24,0,1671,21,0,707,1886,0,338,5.588564,3.222479,3.222479,1.000000,0.770046,-1,-1,-1,-1,-1,0.071584
34590,421,0,19034,45.211401,0.000000,30.000000,-1,57.923505,57.923505,-1,24,0,1573,21,0,772,1873,0,293,5.435467,3.186352,3.186352,1.000000,0.769233,-1,-1,-1,-1,-1,0.070477
34600,424,0,19481,45.945755,0.000000,30.000000,-1,57.932909,57.932909,-1,22,0,1767,17,0,720,1755,0,329,5.212852,3.030746,3.030746,1.000000,0.770497,-1,-1,-1,-1,-1,0.065964
34610,395,0,18266,46.243038,0.000000,30.000000,-1,57.887332,57.887332,-1,13,0,1446,22,0,739,1768,0,161,5.451004,3.172263,3.172263,1.000000,0.794168,-1,-1,-1,-1,-1,0.068600
34620,407,0,18750,46.068796,0.000000,30.000000,-1,57.865653,57.865653,-1,18,0,1537,16,0,723,1765,0,202,5.682549,3.241050,3.241050,1.000000,0.776308,-1,-1,-1,-1,-1,0.070352
34630,397,0,18060,45.491184,0.000000,30.000000,-1,57.935548,57.935548,-1,21,0,1661,18,0,701,1882,0,260,5.725393,3.253316,3.253316,1.000000,0.766515,-1,-1,-1,-1,-1,0.071515
34640,414,0,18825,45.471014,0.000000,30.000000,-1,57.937636,57.937636,-1,22,0,1672,16,0,737,2100,0,293,5.454550,3.129186,3.129186,1.000000,0.768452,-1,-1,-1,-1,-1,0.068817
34650,389,0,17888,45.984576,0.000000,30.000000,-1,57.949407,57.949407,-1,16,0,1526,31,0,705,1398,0,209,5.755422,3.278486,3.278486,1.000000,0.781977,-1,-1,-1,-1,-1,0.071295
34660,414,0,18685,45.132850,0.000000,30.000000,-1,57.984961,57.984961,-1,24,0,1827,28,0,706,2059,0,312,5.629165,3.203823,3.203823,1.000000,0.763899,-1,-1,-1,-1,-1,0.070986
34670,416,0,18457,44.367788,0.000000,30.000000,-1,58.009427,58.009427,-1,32,0,1630,21,0,726,2227,0,398,5.357493,3.016915,3.016915,1.000000,0.741181,-1,-1,-1,-1,-1,0.067998
34680,406,0,18579,45.761084,0.000000,30.000000,-1,58.027612,58.027612,-1,17,0,1703,16,0,724,1903,0,222,5.577186,3.116575,3.116575,1.000000,0.775434,-1,-1,-1,-1,-1,0.068105
34690,403,0,18101,44.915633,0.000000,30.000000,-1,58.035744,58.035744,-1,26,0,1666,13,0,763,1948,0,326,5.520658,3.175549,3.175549,1.000000,0.760719,-1,-1,-1,-1,-1,0.070700
34700,395,0,17898,45.311392,0.000000,30.000000,-1,58.091966,58.091966,-1,25,0,1418,17,0,671,2042,0,321,5.450116,3.223905,3.223905,1.000000,0.765213,-1,-1,-1,-1,-1,0.071150
34710,387,0,17532,45.302326,0.000000,30.000000,-1,58.127139,58.127139,-1,20,0,1723,20,0,678,1844,0,242,5.534686,3.105280,3.105280,1.000000,0.769695,-1,-1,-1,-1,-1,0.068546
34720,394,0,17909,45.454315,0.000000,30.000000,-1,58.133229,58.133229,-1,17,0,1620,20,0,684,1574,0,235,5.664567,3.201217,3.201217,1.000000,0.772440,-1,-1,-1,-1,-1,0.070427
34730,415,0,18721,45.110843,0.000000,30.000000,-1,58.143689,58.143689,-1,22,0,1549,14,0,673,1886,0,290,5.720176,3.338631,3.338631,1.000000,0.780561,-1,-1,-1,-1,-1,0.074010
34740,434,0,19533,45.006912,0.000000,30.000000,-1,58.141760,58.141760,-1,24,0,2028,20,0,742,1708,0,295,5.312590,2.953593,2.953593,1.000000,0.765982,-1,-1,-1,-1,-1,0.065625
34750,415,0,19096,46.014458,0.000000,30.000000,-1,58.108400,58.108400,-1,16,0,1605,21,0,740,1908,0,190,5.210304,3.008858,3.008858,1.000000,0.778853,-1,-1,-1,-1,-1,0.065389
34760,392,0,17609,44.920918,0.000000,30.000000,-1,58.077347,58.077347,-1,20,0,1363,21,0,719,1642,0,260,5.399088,3.086578,3.086578,1.000000,0.775850,-1,-1,-1,-1,-1,0.068711
34770,413,0,18539,44.888620,0.000000,30.000000,-1,58.104105,58.104105,-1,26,0,1614,19,0,699,2011,0,339,5.628940,3.177124,3.177124,1.000000,0.759403,-1,-1,-1,-1,-1,0.070778
34780,418,0,18917,45.255981,0.000000,30.000000,-1,58.092509,58.092509,-1,21,0,1732,18,0,746,2262,0,281,5.397034,3.018436,3.018436,1.000000,0.764156,-1,-1,-1,-1,-1,0.066697
34790,412,0,18791,45.609223,0.000000,30.000000,-1,58.114363,58.114363,-1,16,0,1810,18,0,690,1817,0,187,5.787671,3.237063,3.237063,1.000000,0.777482,-1,-1,-1,-1,-1,0.070974
34800,393,0,17878,45.491094,0.000000,30.000000,-1,58.157792,58.157792,-1,20,0,1726,16,0,664,1722,0,242,5.724442,3.266652,3.266652,1.000000,0.776037,-1,-1,-1,-1,-1,0.071809
34810,406,0,18344,45.182266,0.000000,30.000000,-1,58.190198,58.190198,-1,13,0,1688,12,0,708,1911,0,151,5.443592,3.018055,3.018055,1.000000,0.794572,-1,-1,-1,-1,-1,0.066797
34820,407,0,18553,45.584767,0.000000,30.000000,-1,58.187247,58.187247,-1,19,0,1785,21,0,685,2046,0,250,5.646356,3.206809,3.206809,1.000000,0.780931,-1,-1,-1,-1,-1,0.070348
34830,393,0,18113,46.089059,0.000000,30.000000,-1,58.235687,58.235687,-1,17,0,1356,21,0,689,1692,0,227,5.685987,3.453236,3.453236,1.000000,0.790203,-1,-1,-1,-1,-1,0.074925
34840,388,0,17342,44.695876,0.000000,30.000000,-1,58.238092,58.238092,-1,26,0,1564,20,0,675,1811,0,347,5.622174,3.285902,3.285902,1.000000,0.766333,-1,-1,-1,-1,-1,0.073517
34850,387,0,17731,45.816537,0.000000,30.000000,-1,58.251029,58.251029,-1,15,0,1672,24,0,635,1821,0,191,5.536902,3.154127,3.154127,1.000000,0.779935,-1,-1,-1,-1,-1,0.068843
34860,401,0,17934,44.723192,0.000000,30.000000,-1,58.221144,58.221144,-1,24,0,1598,18,0,615,1623,0,303,5.447450,3.147195,3.147195,1.000000,0.765797,-1,-1,-1,-1,-1,0.070371
34870,400,0,18641,46.602500,0.000000,30.000000,-1,58.181374,58.181374,-1,11,0,1782,20,0,708,1660,0,112,5.734115,3.258207,3.258207,1.000000,0.793971,-1,-1,-1,-1,-1,0.069915
34880,386,0,17912,46.404145,0.000000,30.000000,-1,58.177925,58.177925,-1,16,0,1616,6,0,712,1929,0,190,5.709879,3.336013,3.336013,1.000000,0.785220,-1,-1,-1,-1,-1,0.071890
34890,396,0,18105,45.719697,0.000000,30.000000,-1,58.198398,58.198398,-1,22,0,1735,20,0,687,2025,0,264,5.639860,3.228226,3.228226,1.000000,0.769402,-1,-1,-1,-1,-1,0.070609
34900,420,0,19153,45.602381,0.000000,30.000000,-1,58.220801,58.220801,-1,20,0,1865,16,0,726,1890,0,254,5.126213,2.970499,2.970499,1.000000,0.777229,-1,-1,-1,-1,-1,0.065139
34910,413,0,18481,44.748184,0.000000,30.000000,-1,58.256750,58.256750,-1,26,0,1703,19,0,662,1866,0,319,5.540733,3.164214,3.164214,1.000000,0.762910,-1,-1,-1,-1,-1,0.070712
34920,408,0,18420,45.147059,0.000000,30.000000,-1,58.259066,58.259066,-1,24,0,1693,22,0,725,2233,0,335,5.408726,3.081237,3.081237,1.000000,0.759833,-1,-1,-1,-1,-1,0.068249
34930,391,0,17818,45.570332,0.000000,30.000000,-1,58.252666,58.252666,-1,24,0,1248,17,0,669,2135,0,318,5.485295,3.307665,3.307665,1.000000,0.765656,-1,-1,-1,-1,-1,0.072584
34940,399,0,17991,45.090226,0.000000,30.000000,-1,58.260186,58.260186,-1,20,0,1727,24,0,696,1687,0,254,5.512673,3.128931,3.128931,1.000000,0.776445,-1,-1,-1,-1,-1,0.069393
34950,407,0,18238,44.810811,0.000000,30.000000,-1,58.288080,58.288080,-1,21,0,1818,15,0,723,1799,0,254,5.327674,2.962779,2.962779,1.000000,0.766760,-1,-1,-1,-1,-1,0.066117
34960,399,0,18349,45.987469,0.000000,30.000000,-1,58.298817,58.298817,-1,14,0,1762,14,0,675,1679,0,156,5.449368,3.080887,3.080887,1.000000,0.784495,-1,-1,-1,-1,-1,0.066994
34970,404,0,18460,45.693069,0.000000,30.000000,-1,58.340628,58.340628,-1,17,0,1744,27,0,678,1773,0,191,5.711037,3.170387,3.170387,1.000000,0.775741,-1,-1,-1,-1,-1,0.069384
34980,420,0,19130,45.547619,0.000000,30.000000,-1,58.343701,58.343701,-1,17,0,1809,19,0,745,1862,0,206,5.472545,3.049677,3.049677,1.000000,0.785907,-1,-1,-1,-1,-1,0.066956
34990,422,0,18873,44.722749,0.000000,30.000000,-1,58.369629,58.369629,-1,22,0,1891,21,0,712,1763,0,271,5.667717,3.061182,3.061182,1.000000,0.765334,-1,-1,-1,-1,-1,0.068448
35000,388,0,17756,45.762887,0.000000,30.000000,-1,58.427743,58.427743,-1,20,0,1582,21,0,721,2020,0,264,5.452905,3.188050,3.188050,1.000000,0.775075,-1,-1,-1,-1,-1,0.069665
35010,399,0,18201,45.616541,0.000000,30.000000,-1,58.472721,58.472721,-1,21,0,1502,16,0,653,1569,0,246,5.434699,3.224926,3.224926,1.000000,0.778741,-1,-1,-1,-1,-1,0.070696
35020,376,0,17164,45.648936,0.000000,30.000000,-1,58.494290,58.494290,-1,17,0,1575,27,0,661,1635,0,218,5.293964,2.962051,2.962051,1.000000,0.775421,-1,-1,-1,-1,-1,0.064888
35030,394,0,17999,45.682741,0.000000,30.000000,-1,58.484694,58.484694,-1,19,0,1621,22,0,688,1897,0,218,5.433395,3.052766,3.052766,1.000000,0.769214,-1,-1,-1,-1,-1,0.066825
35040,400,0,18027,45.067500,0.000000,30.000000,-1,58.488212,58.488212,-1,24,0,1396,16,0,696,1597,0,304,5.544778,3.177722,3.177722,1.000000,0.765894,-1,-1,-1,-1,-1,0.070510
35050,413,0,18861,45.668281,0.000000,30.000000,-1,58.489317,58.489317,-1,22,0,1870,20,0,774,2078,0,272,5.452928,3.062465,3.062465,1.000000,0.771230,-1,-1,-1,-1,-1,0.067059
35060,394,0,17898,45.426396,0.000000,30.000000,-1,58.490166,58.490166,-1,20,0,1678,20,0,665,1790,0,262,5.413383,3.085771,3.085771,1.000000,0.773360,-1,-1,-1,-1,-1,0.067929
35070,398,0,18187,45.695980,0.000000,30.000000,-1,58.488646,58.488646,-1,23,0,1725,12,0,696,1659,0,297,5.288543,3.076876,3.076876,1.000000,0.770760,-1,-1,-1,-1,-1,0.067334
35080,407,0,18472,45.385749,0.000000,30.000000,-1,58.522737,58.522737,-1,21,0,1611,18,0,715,1795,0,252,5.279243,3.095509,3.095509,1.000000,0.773991,-1,-1,-1,-1,-1,0.068204
35090,400,0,18369,45.922500,0.000000,30.000000,-1,58.549241,58.549241,-1,16,0,1583,20,0,711,1749,0,207,5.493228,3.148201,3.148201,1.000000,0.784277,-1,-1,-1,-1,-1,0.068555
35100,393,0,18224,46.371501,0.000000,30.000000,-1,58.538027,58.538027,-1,15,0,1366,20,0,679,1805,0,175,5.602067,3.358069,3.358069,1.000000,0.788345,-1,-1,-1,-1,-1,0.072417
35110,418,0,19073,45.629187,0.000000,30.000000,-1,58.506265,58.506265,-1,19,0,1718,22,0,767,2038,0,235,5.556699,3.223319,3.223319,1.000000,0.782199,-1,-1,-1,-1,-1,0.070642
35120,423,0,19401,45.865248,0.000000,30.000000,-1,58.481470,58.481470,-1,20,0,1686,16,0,723,2219,0,243,5.429796,3.080842,3.080842,1.000000,0.769759,-1,-1,-1,-1,-1,0.067172
35130,416,0,19310,46.418269,0.000000,30.000000,-1,58.463439,58.463439,-1,15,0,1689,23,0,761,2039,0,192,5.292099,3.032077,3.032077,1.000000,0.786010,-1,-1,-1,-1,-1,0.065321
35140,403,0,18589,46.126551,0.000000,30.000000,-1,58.463876,58.463876,-1,16,0,1670,13,0,730,1721,0,201,5.639530,3.210008,3.210008,1.000000,0.778585,-1,-1,-1,-1,-1,0.069591
35150,409,0,19054,46.586797,0.000000,30.000000,-1,58.436916,58.436916,-1,15,0,1644,22,0,721,2183,0,183,5.394775,3.120884,3.120884,1.000000,0.779006,-1,-1,-1,-1,-1,0.066991
35160,401,0,18527,46.201995,0.000000,30.000000,-1,58.438549,58.438549,-1,15,0,1608,21,0,689,1871,0,172,5.487710,3.209357,3.209357,1.000000,0.779292,-1,-1,-1,-1,-1,0.069464
35170,393,0,18043,45.910941,0.000000,30.000000,-1,58.437122,58.437122,-1,21,0,1357,21,0,666,2128,0,269,5.852747,3.436603,3.436603,1.000000,0.761127,-1,-1,-1,-1,-1,0.074854
35180,408,0,18710,45.857843,0.000000,30.000000,-1,58.466809,58.466809,-1,16,0,1781,23,0,692,1846,0,215,5.526620,3.103748,3.103748,1.000000,0.775374,-1,-1,-1,-1,-1,0.067682
35190,410,0,18662,45.517073,0.000000,30.000000,-1,58.500750,58.500750,-1,17,0,1845,15,0,737,1520,0,203,5.855178,3.198829,3.198829,1.000000,0.773921,-1,-1,-1,-1,-1,0.070278
35200,409,0,18845,46.075795,0.000000,30.000000,-1,58.542531,58.542531,-1,20,0,1652,19,0,688,2337,0,271,5.609838,3.245908,3.245908,1.000000,0.768268,-1,-1,-1,-1,-1,0.070447
35210,395,0,18190,46.050633,0.000000,30.000000,-1,58.567784,58.567784,-1,13,0,1580,26,0,703,2032,0,174,5.634860,3.133555,3.133555,1.000000,0.776346,-1,-1,-1,-1,-1,0.068046
35220,404,0,17829,44.131188,0.000000,30.000000,-1,58.600987,58.600987,-1,24,0,1714,29,0,666,2025,0,301,5.411970,2.961218,2.961218,1.000000,0.756117,-1,-1,-1,-1,-1,0.067100
35230,407,0,18476,45.395577,0.000000,30.000000,-1,58.618207,58.618207,-1,18,0,1595,24,0,685,1713,0,220,5.287817,2.915647,2.915647,1.000000,0.766658,-1,-1,-1,-1,-1,0.064228
35240,411,0,18768,45.664234,0.000000,30.000000,-1,58.616155,58.616155,-1,17,0,1700,21,0,703,2299,0,214,5.466141,3.131240,3.131240,1.000000,0.781546,-1,-1,-1,-1,-1,0.068571
35250,389,0,17697,45.493573,0.000000,30.000000,-1,58.610386,58.610386,-1,21,0,1486,24,0,702,1753,0,261,5.808481,3.355187,3.355187,1.000000,0.772490,-1,-1,-1,-1,-1,0.073751
35260,402,0,18423,45.828358,0.000000,30.000000,-1,58.636976,58.636976,-1,19,0,1636,24,0,726,1795,0,225,5.708683,3.254833,3.254833,1.000000,0.777060,-1,-1,-1,-1,-1,0.071022
35270,419,0,19116,45.622912,0.000000,30.000000,-1,58.647782,58.647782,-1,17,0,1890,14,0,713,2163,0,197,5.550806,3.034146,3.034146,1.000000,0.771865,-1,-1,-1,-1,-1,0.066505
35280,412,0,18977,46.060680,0.000000,30.000000,-1,58.665806,58.665806,-1,17,0,1632,29,0,721,2034,0,232,5.378123,3.134013,3.134013,1.000000,0.776182,-1,-1,-1,-1,-1,0.068041
35290,403,0,18735,46.488834,0.000000,30.000000,-1,58.649106,58.649106,-1,17,0,1343,14,0,675,1756,0,211,5.338999,3.219904,3.219904,1.000000,0.774301,-1,-1,-1,-1,-1,0.069262
35300,401,0,18192,45.366584,0.000000,30.000000,-1,58.638907,58.638907,-1,20,0,1553,19,0,711,1795,0,253,5.884683,3.321468,3.321468,1.000000,0.775603,-1,-1,-1,-1,-1,0.073214
35310,414,0,18380,44.396135,0.000000,30.000000,-1,58.628727,58.628727,-1,26,0,1736,23,0,747,1803,0,314,5.544854,3.074711,3.074711,1.000000,0.763321,-1,-1,-1,-1,-1,0.069256
35320,405,0,18603,45.933333,0.000000,30.000000,-1,58.631242,58.631242,-1,20,0,1748,15,0,691,1746,0,256,5.661773,3.267210,3.267210,1.000000,0.772251,-1,-1,-1,-1,-1,0.071129
35330,404,0,18540,45.891089,0.000000,30.000000,-1,58.633333,58.633333,-1,20,0,1524,18,0,709,1762,0,258,5.290429,3.117457,3.117457,1.000000,0.776192,-1,-1,-1,-1,-1,0.067932
35340,390,0,17806,45.656410,0.000000,30.000000,-1,58.637594,58.637594,-1,19,0,1639,17,0,703,1523,0,250,5.608031,3.174447,3.174447,1.000000,0.772266,-1,-1,-1,-1,-1,0.069529
35350,384,0,17783,46.309896,0.000000,30.000000,-1,58.672834,58.672834,-1,19,0,1430,16,0,687,1997,0,260,5.634845,3.416432,3.416432,1.000000,0.776788,-1,-1,-1,-1,-1,0.073773
35360,408,0,18819,46.125000,0.000000,30.000000,-1,58.680536,58.680536,-1,19,0,1550,23,0,798,1935,0,249,5.250230,3.053108,3.053108,1.000000,0.770055,-1,-1,-1,-1,-1,0.066192
35370,428,0,19211,44.885514,0.000000,30.000000,-1,58.636198,58.636198,-1,28,0,1632,17,0,792,2054,0,370,5.339953,3.074655,3.074655,1.000000,0.748772,-1,-1,-1,-1,-1,0.068500
35380,403,0,18451,45.784119,0.000000,30.000000,-1,58.638394,58.638394,-1,17,0,1522,14,0,761,1893,0,181,5.497785,3.113523,3.113523,1.000000,0.780471,-1,-1,-1,-1,-1,0.068004
35390,401,0,17880,44.588529,0.000000,30.000000,-1,58.606655,58.606655,-1,25,0,1621,22,0,703,1849,0,332,5.664342,3.203488,3.203488,1.000000,0.764484,-1,-1,-1,-1,-1,0.071846
35400,384,0,17373,45.242188,0.000000,30.000000,-1,58.595522,58.595522,-1,18,0,1951,16,0,679,1869,0,240,6.022777,3.234168,3.234168,1.000000,0.763956,-1,-1,-1,-1,-1,0.071486
35410,414,0,18547,44.799517,0.000000,30.000000,-1,58.619615,58.619615,-1,26,0,1778,19,0,677,1981,0,359,5.416191,3.055744,3.055744,1.000000,0.755578,-1,-1,-1,-1,-1,0.068209
35420,401,0,18483,46.092269,0.000000,30.000000,-1,58.602824,58.602824,-1,18,0,1709,17,0,743,2228,0,240,5.172935,2.876762,2.876762,1.000000,0.764997,-1,-1,-1,-1,-1,0.062413
35430,383,0,17821,46.530026,0.000000,30.000000,-1,58.607542,58.607542,-1,13,0,1462,18,0,663,2143,0,165,5.709501,3.338864,3.338864,1.000000,0.786862,-1,-1,-1,-1,-1,0.071757
35440,400,0,18171,45.427500,0.000000,30.000000,-1,58.643223,58.643223,-1,22,0,1484,19,0,616,1922,0,269,5.838106,3.350227,3.350228,1.000000,0.764126,-1,-1,-1,-1,-1,0.073749
35450,389,0,17783,45.714653,0.000000,30.000000,-1,58.661025,58.661025,-1,16,0,1839,24,0,707,1791,0,205,5.433574,2.945420,2.945420,1.000000,0.772586,-1,-1,-1,-1,-1,0.064431
35460,388,0,17593,45.342784,0.000000,30.000000,-1,58.674814,58.674814,-1,25,0,1705,24,0,679,1521,0,315,5.685672,3.232958,3.232958,1.000000,0.756355,-1,-1,-1,-1,-1,0.071300
35470,429,0,19735,46.002331,0.000000,30.000000,-1,58.668102,58.668102,-1,16,0,1882,20,0,767,2213,0,220,5.381720,2.923641,2.923641,1.000000,0.770372,-1,-1,-1,-1,-1,0.063554
35480,402,0,18280,45.472637,0.000000,30.000000,-1,58.696772,58.696772,-1,21,0,1607,20,0,736,1473,0,269,5.593444,3.163722,3.163722,1.000000,0.764722,-1,-1,-1,-1,-1,0.069574
35490,422,0,19093,45.244076,0.000000,30.000000,-1,58.699785,58.699785,-1,23,0,1463,25,0,661,2141,0,282,5.344231,3.054099,3.054099,1.000000,0.752249,-1,-1,-1,-1,-1,0.067503
35500,435,0,19843,45.616092,0.000000,30.000000,-1,58.659426,58.659426,-1,25,0,1881,12,0,809,2705,0,313,5.521689,3.090681,3.090681,1.000000,0.744630,-1,-1,-1,-1,-1,0.067754
35510,428,0,19492,45.542056,0.000000,30.000000,-1,58.670378,58.670378,-1,22,0,1782,20,0,725,1999,0,271,5.455017,3.029296,3.029296,1.000000,0.748640,-1,-1,-1,-1,-1,0.066516
35520,437,0,19951,45.654462,0.000000,30.000000,-1,58.673149,58.673149,-1,23,0,1852,18,0,762,1879,0,300,5.367163,2.977612,2.977612,1.000000,0.750520,-1,-1,-1,-1,-1,0.065221
35530,416,0,18911,45.459135,0.000000,30.000000,-1,58.708529,58.708529,-1,21,0,1573,31,0,739,1967,0,259,5.246878,2.944399,2.944399,1.000000,0.756866,-1,-1,-1,-1,-1,0.064770
35540,408,0,18515,45.379902,0.000000,30.000000,-1,58.647259,58.647259,-1,19,0,1613,17,0,735,1911,0,260,5.356234,2.962918,2.962918,1.000000,0.755866,-1,-1,-1,-1,-1,0.065291
35550,406,0,18229,44.899015,0.000000,30.000000,-1,58.639256,58.639256,-1,23,0,1681,23,0,729,1795,0,284,5.364394,2.924370,2.924370,1.000000,0.751181,-1,-1,-1,-1,-1,0.065132
35560,395,0,18533,46.918987,0.000000,30.000000,-1,58.643231,58.643231,-1,8,0,1750,21,0,669,2330,0,102,5.440068,3.000077,3.000077,1.000000,0.772498,-1,-1,-1,-1,-1,0.063942
35570,385,0,17595,45.701299,0.000000,30.000000,-1,58.681500,58.681500,-1,19,0,1620,21,0,673,1690,0,248,5.654955,3.161742,3.161742,1.000000,0.763809,-1,-1,-1,-1,-1,0.069183
35580,381,0,17370,45.590551,0.000000,30.000000,-1,58.660046,58.660046,-1,21,0,1260,21,0,667,2033,0,275,5.462888,3.152535,3.152535,1.000000,0.756114,-1,-1,-1,-1,-1,0.069149
35590,377,0,17495,46.405836,0.000000,30.000000,-1,58.658645,58.658645,-1,15,0,1451,25,0,701,1768,0,197,5.729600,3.271410,3.271410,1.000000,0.769180,-1,-1,-1,-1,-1,0.070496
35600,425,0,19301,45.414118,0.000000,30.000000,-1,58.688876,58.688876,-1,21,0,1494,16,0,735,2202,0,257,5.277694,2.967889,2.967889,1.000000,0.758081,-1,-1,-1,-1,-1,0.065352
35610,420,0,18864,44.914286,0.000000,30.000000,-1,58.695558,58.695558,-1,27,0,1608,24,0,764,2313,0,317,5.413442,2.933383,2.933383,1.000000,0.732593,-1,-1,-1,-1,-1,0.065311
35620,419,0,19142,45.684964,0.000000,30.000000,-1,58.663880,58.663880,-1,19,0,1362,15,0,703,2243,0,243,5.508372,3.177672,3.177672,1.000000,0.761317,-1,-1,-1,-1,-1,0.069556
35630,411,0,18313,44.557178,0.000000,30.000000,-1,58.712117,58.712117,-1,25,0,1476,20,0,742,2065,0,336,5.300429,2.978565,2.978565,1.000000,0.747162,-1,-1,-1,-1,-1,0.066848
35640,406,0,18540,45.665025,0.000000,30.000000,-1,58.738673,58.738673,-1,21,0,1610,15,0,715,2207,0,232,5.502679,3.131030,3.131030,1.000000,0.755506,-1,-1,-1,-1,-1,0.068565
35650,397,0,18363,46.254408,0.000000,30.000000,-1,58.760224,58.760224,-1,16,0,1464,24,0,708,1668,0,208,5.519856,3.198208,3.198208,1.000000,0.764148,-1,-1,-1,-1,-1,0.069144
35660,403,0,18711,46.429280,0.000000,30.000000,-1,58.755545,58.755545,-1,15,0,1521,15,0,759,2227,0,198,5.474998,3.110610,3.110610,1.000000,0.767158,-1,-1,-1,-1,-1,0.066997
35670,407,0,18453,45.339066,0.000000,30.000000,-1,58.719666,58.719666,-1,20,0,1647,19,0,726,1545,0,220,5.434718,3.030007,3.030007,1.000000,0.761042,-1,-1,-1,-1,-1,0.066830
35680,409,0,18653,45.606357,0.000000,30.000000,-1,58.687611,58.687611,-1,15,0,1736,20,0,716,1605,0,176,5.662725,3.112453,3.112453,1.000000,0.770968,-1,-1,-1,-1,-1,0.068246
35690,391,0,18187,46.514066,0.000000,30.000000,-1,58.709683,58.709683,-1,15,0,1417,18,0,679,1830,0,164,5.794211,3.409540,3.409540,1.000000,0.781873,-1,-1,-1,-1,-1,0.073301
35700,398,0,18178,45.673367,0.000000,30.000000,-1,58.657553,58.657553,-1,18,0,1557,24,0,663,1835,0,223,5.648847,3.243951,3.243951,1.000000,0.765428,-1,-1,-1,-1,-1,0.071025
35710,404,0,18448,45.663366,0.000000,30.000000,-1,58.626897,58.626897,-1,13,0,1655,21,0,731,1871,0,162,5.626851,3.071758,3.071758,1.000000,0.771848,-1,-1,-1,-1,-1,0.067270
35720,405,0,18897,46.659259,0.000000,30.000000,-1,58.617347,58.617347,-1,11,0,1581,20,0,689,1862,0,148,5.471793,3.054133,3.054133,1.000000,0.783535,-1,-1,-1,-1,-1,0.065456
35730,405,0,18514,45.713580,0.000000,30.000000,-1,58.631684,58.631684,-1,18,0,1710,27,0,737,1901,0,225,5.591200,3.148247,3.148247,1.000000,0.769064,-1,-1,-1,-1,-1,0.068869
35740,393,0,18340,46.666667,0.000000,30.000000,-1,58.642530,58.642530,-1,15,0,1376,20,0,646,1969,0,177,5.784434,3.414524,3.414524,1.000000,0.771162,-1,-1,-1,-1,-1,0.073168
35750,389,0,18017,46.316195,0.000000,30.000000,-1,58.632902,58.632902,-1,13,0,1592,22,0,700,1654,0,161,6.034165,3.354499,3.354499,1.000000,0.770805,-1,-1,-1,-1,-1,0.072426
35760,418,0,19316,46.210526,0.000000,30.000000,-1,58.626217,58.626217,-1,21,0,1668,15,0,749,2141,0,245,5.452110,3.051877,3.051877,1.000000,0.752830,-1,-1,-1,-1,-1,0.066043
35770,421,0,19449,46.197150,0.000000,30.000000,-1,58.633143,58.633143,-1,13,0,1730,14,0,774,2028,0,172,5.723041,3.166790,3.166790,1.000000,0.768166,-1,-1,-1,-1,-1,0.068549
35780,430,0,19703,45.820930,0.000000,30.000000,-1,58.635639,58.635639,-1,18,0,1705,21,0,754,1921,0,229,5.234117,2.961785,2.961785,1.000000,0.764916,-1,-1,-1,-1,-1,0.064638
35790,402,0,18557,46.161692,0.000000,30.000000,-1,58.623592,58.623592,-1,14,0,1719,23,0,739,1764,0,185,5.447223,2.976492,2.976492,1.000000,0.763204,-1,-1,-1,-1,-1,0.064480
35800,397,0,18061,45.493703,0.000000,30.000000,-1,58.619788,58.619788,-1,18,0,1685,17,0,697,2044,0,210,5.519421,3.013205,3.013205,1.000000,0.756417,-1,-1,-1,-1,-1,0.066233
35810,403,0,18675,46.339950,0.000000,30.000000,-1,58.619973,58.619973,-1,15,0,1600,20,0,664,1953,0,182,5.519796,3.100788,3.100788,1.000000,0.765975,-1,-1,-1,-1,-1,0.066914
35820,431,0,19629,45.542923,0.000000,30.000000,-1,58.584594,58.584594,-1,18,0,1767,14,0,764,2404,0,226,5.378704,2.922257,2.922257,1.000000,0.759396,-1,-1,-1,-1,-1,0.064165
35830,408,0,18721,45.884804,0.000000,30.000000,-1,58.600075,58.600075,-1,19,0,1690,17,0,804,2022,0,235,5.572187,3.103584,3.103584,1.000000,0.758093,-1,-1,-1,-1,-1,0.067639
35840,419,0,19074,45.522673,0.000000,30.000000,-1,58.609573,58.609573,-1,19,0,1781,19,0,719,2031,0,257,5.427475,2.977003,2.977003,1.000000,0.756379,-1,-1,-1,-1,-1,0.065396
35850,415,0,18747,45.173494,0.000000,30.000000,-1,58.649864,58.649864,-1,20,0,1567,15,0,710,2052,0,273,5.465412,2.975935,2.975935,1.000000,0.751015,-1,-1,-1,-1,-1,0.065878
35860,413,0,18486,44.760291,0.000000,30.000000,-1,58.683274,58.683274,-1,24,0,1827,15,0,712,1982,0,299,5.693639,3.080545,3.080545,1.000000,0.738869,-1,-1,-1,-1,-1,0.068823
35870,414,0,18873,45.586957,0.000000,30.000000,-1,58.711705,58.711705,-1,17,0,1614,27,0,703,2176,0,243,5.328392,2.912118,2.912118,1.000000,0.759186,-1,-1,-1,-1,-1,0.063881
35880,405,0,18388,45.402469,0.000000,30.000000,-1,58.712040,58.712040,-1,20,0,1871,16,0,731,2012,0,244,5.523626,2.989249,2.989249,1.000000,0.751263,-1,-1,-1,-1,-1,0.065839
35890,412,0,18396,44.650485,0.000000,30.000000,-1,58.716351,58.716351,-1,28,0,1825,16,0,713,2405,0,364,5.654744,3.065089,3.065089,1.000000,0.732914,-1,-1,-1,-1,-1,0.068646
35900,394,0,18360,46.598985,0.000000,30.000000,-1,58.706863,58.706863,-1,15,0,1399,14,0,631,1873,0,185,5.783263,3.290583,3.290583,1.000000,0.765597,-1,-1,-1,-1,-1,0.070615
35910,401,0,18467,46.052369,0.000000,30.000000,-1,58.689988,58.689988,-1,15,0,1729,16,0,719,1680,0,184,5.764422,3.184218,3.184218,1.000000,0.766398,-1,-1,-1,-1,-1,0.069143
35920,410,0,18615,45.402439,0.000000,30.000000,-1,58.722428,58.722428,-1,22,0,1706,15,0,722,1729,0,272,5.680082,3.151857,3.151857,1.000000,0.749924,-1,-1,-1,-1,-1,0.069420
35930,403,0,18009,44.687345,0.000000,30.000000,-1,58.751347,58.751347,-1,27,0,1296,27,0,719,1727,0,360,5.369140,3.039895,3.039895,1.000000,0.738621,-1,-1,-1,-1,-1,0.068026
35940,412,0,18939,45.968447,0.000000,30.000000,-1,58.745552,58.745552,-1,17,0,1541,25,0,669,2217,0,203,5.405720,3.088444,3.088444,1.000000,0.766106,-1,-1,-1,-1,-1,0.067186
35950,414,0,18868,45.574879,0.000000,30.000000,-1,58.751484,58.751484,-1,18,0,1618,24,0,767,1705,0,240,5.384599,2.951782,2.951782,1.000000,0.759566,-1,-1,-1,-1,-1,0.064768
35960,409,0,18677,45.665037,0.000000,30.000000,-1,58.791348,58.791348,-1,19,0,1565,26,0,696,1957,0,239,5.530261,3.135241,3.135241,1.000000,0.758801,-1,-1,-1,-1,-1,0.068657
35970,423,0,19054,45.044917,0.000000,30.000000,-1,58.794111,58.794111,-1,20,0,1666,23,0,711,2102,0,254,5.356333,2.875458,2.875458,1.000000,0.750117,-1,-1,-1,-1,-1,0.063835
35980,409,0,18306,44.757946,0.000000,30.000000,-1,58.780127,58.780127,-1,23,0,1682,18,0,732,1888,0,299,5.739674,3.155541,3.155541,1.000000,0.752327,-1,-1,-1,-1,-1,0.070502
35990,412,0,18572,45.077670,0.000000,30.000000,-1,58.784945,58.784945,-1,22,0,1529,20,0,720,2263,0,288,5.249814,2.909340,2.909340,1.000000,0.746674,-1,-1,-1,-1,-1,0.064541
36000,406,0,18461,45.470443,0.000000,30.000000,-1,58.810411,58.810411,-1,18,0,1707,14,0,734,1856,0,212,5.645270,3.066318,3.066318,1.000000,0.760225,-1,-1,-1,-1,-1,0.067435
36010,400,0,18430,46.075000,0.000000,30.000000,-1,58.813945,58.813945,-1,19,0,1407,20,0,717,2015,0,270,5.596750,3.187655,3.187655,1.000000,0.758165,-1,-1,-1,-1,-1,0.069184
36020,418,0,18892,45.196172,0.000000,30.000000,-1,58.795575,58.795575,-1,20,0,1827,18,0,789,1784,0,223,5.747859,3.004590,3.004590,1.000000,0.742796,-1,-1,-1,-1,-1,0.066479
36030,391,0,17328,44.317136,0.000000,30.000000,-1,58.794379,58.794379,-1,26,0,1736,29,0,605,1655,0,314,5.490425,2.938268,2.938268,1.000000,0.737478,-1,-1,-1,-1,-1,0.066301
36040,398,0,18141,45.580402,0.000000,30.000000,-1,58.797034,58.797034,-1,20,0,1850,19,0,724,1771,0,247,5.586522,3.042456,3.042456,1.000000,0.749320,-1,-1,-1,-1,-1,0.066749
36050,393,0,17785,45.254453,0.000000,30.000000,-1,58.813607,58.813607,-1,20,0,1620,16,0,614,1682,0,253,5.634052,3.087080,3.087080,1.000000,0.754080,-1,-1,-1,-1,-1,0.068216
36060,396,0,18153,45.840909,0.000000,30.000000,-1,58.868507,58.868507,-1,18,0,1489,13,0,677,1831,0,220,5.730047,3.233396,3.233396,1.000000,0.762594,-1,-1,-1,-1,-1,0.070535
36070,422,0,18843,44.651659,0.000000,30.000000,-1,58.876559,58.876559,-1,23,0,1850,17,0,701,1889,0,274,5.299289,2.844471,2.844471,1.000000,0.748275,-1,-1,-1,-1,-1,0.063704
36080,393,0,17968,45.720102,0.000000,30.000000,-1,58.893533,58.893533,-1,20,0,1746,21,0,676,1886,0,269,5.794562,3.111836,3.111836,1.000000,0.743504,-1,-1,-1,-1,-1,0.068063
36090,411,0,18603,45.262774,0.000000,30.000000,-1,58.910445,58.910445,-1,21,0,1823,21,0,703,2083,0,254,5.542755,3.023692,3.023692,1.000000,0.748462,-1,-1,-1,-1,-1,0.066803
36100,391,0,18022,46.092072,0.000000,30.000000,-1,58.910998,58.910998,-1,14,0,1544,27,0,651,1827,0,182,5.310383,2.944093,2.944093,1.000000,0.762378,-1,-1,-1,-1,-1,0.063874
36110,404,0,18401,45.547030,0.000000,30.000000,-1,58.881528,58.881528,-1,19,0,1729,25,0,669,2089,0,243,5.467798,2.977805,2.977805,1.000000,0.756419,-1,-1,-1,-1,-1,0.065379
36120,400,0,17908,44.770000,0.000000,30.000000,-1,58.911771,58.911771,-1,20,0,1753,24,0,697,1934,0,245,5.777160,3.113733,3.113733,1.000000,0.754575,-1,-1,-1,-1,-1,0.069550
36130,385,0,17614,45.750649,0.000000,30.000000,-1,58.884580,58.884580,-1,21,0,1541,25,0,647,1698,0,268,5.588854,3.055426,3.055426,1.000000,0.740364,-1,-1,-1,-1,-1,0.066784
36140,407,0,18152,44.599509,0.000000,30.000000,-1,58.867453,58.867453,-1,26,0,1713,20,0,681,2034,0,345,5.545832,3.020214,3.020214,1.000000,0.746167,-1,-1,-1,-1,-1,0.067719
36150,391,0,18242,46.654731,0.000000,30.000000,-1,58.884333,58.884333,-1,12,0,1500,22,0,722,1517,0,158,5.542482,3.155849,3.155849,1.000000,0.765603,-1,-1,-1,-1,-1,0.067643
36160,390,0,17626,45.194872,0.000000,30.000000,-1,58.894417,58.894417,-1,21,0,1642,23,0,718,1799,0,293,5.599222,3.027396,3.027396,1.000000,0.740468,-1,-1,-1,-1,-1,0.066985
36170,395,0,18169,45.997468,0.000000,30.000000,-1,58.888767,58.888767,-1,17,0,1611,11,0,666,1831,0,221,5.743975,3.136556,3.136556,1.000000,0.753149,-1,-1,-1,-1,-1,0.068190
36180,368,0,16712,45.413043,0.000000,30.000000,-1,58.915151,58.915151,-1,20,0,1499,19,0,644,1484,0,258,5.945257,3.283004,3.283004,1.000000,0.748990,-1,-1,-1,-1,-1,0.072292
36190,406,0,18755,46.194581,0.000000,30.000000,-1,58.903386,58.903386,-1,19,0,1461,19,0,731,1931,0,265,5.531552,3.132652,3.132652,1.000000,0.752045,-1,-1,-1,-1,-1,0.067814
36200,403,0,18339,45.506203,0.000000,30.000000,-1,58.937238,58.937238,-1,18,0,1603,21,0,696,1746,0,224,5.421560,2.916264,2.916264,1.000000,0.748785,-1,-1,-1,-1,-1,0.064085
36210,417,0,18885,45.287770,0.000000,30.000000,-1,58.927773,58.927773,-1,20,0,1923,14,0,713,2123,0,249,5.804851,3.107905,3.107905,1.000000,0.743778,-1,-1,-1,-1,-1,0.068626
36220,413,0,19001,46.007264,0.000000,30.000000,-1,58.913478,58.913478,-1,18,0,1739,15,0,724,1802,0,225,5.724994,3.099865,3.099865,1.000000,0.744071,-1,-1,-1,-1,-1,0.067378
36230,422,0,19498,46.203791,0.000000,30.000000,-1,58.933070,58.933070,-1,11,0,1804,24,0,679,1805,0,145,5.474674,2.947973,2.947973,1.000000,0.761450,-1,-1,-1,-1,-1,0.063804
36240,443,0,19610,44.266366,0.000000,30.000000,-1,58.947068,58.947068,-1,29,0,1937,22,0,754,2086,0,356,5.214460,2.763827,2.763827,1.000000,0.727112,-1,-1,-1,-1,-1,0.062436
36250,384,0,17376,45.250000,0.000000,30.000000,-1,58.943946,58.943946,-1,22,0,1548,20,0,691,1842,0,265,5.709352,3.093289,3.093289,1.000000,0.737843,-1,-1,-1,-1,-1,0.068360
36260,383,0,17569,45.872063,0.000000,30.000000,-1,58.928909,58.928909,-1,14,0,1694,13,0,622,2375,0,174,5.993587,3.217031,3.217031,1.000000,0.757758,-1,-1,-1,-1,-1,0.070131
36270,395,0,18367,46.498734,0.000000,30.000000,-1,58.916862,58.916862,-1,12,0,1660,28,0,672,1854,0,151,5.465248,2.949580,2.949580,1.000000,0.761918,-1,-1,-1,-1,-1,0.063434
36280,396,0,17737,44.790404,0.000000,30.000000,-1,58.908609,58.908609,-1,25,0,1717,24,0,689,1881,0,301,5.559134,2.971650,2.971650,1.000000,0.735215,-1,-1,-1,-1,-1,0.066346
36290,429,0,19275,44.930070,0.000000,30.000000,-1,58.922646,58.922646,-1,23,0,1636,11,0,760,2042,0,286,5.590765,3.054145,3.054145,1.000000,0.747388,-1,-1,-1,-1,-1,0.067976
36300,412,0,18644,45.252427,0.000000,30.000000,-1,58.915362,58.915362,-1,24,0,1602,18,0,705,2091,0,287,5.364690,2.983322,2.983322,1.000000,0.746373,-1,-1,-1,-1,-1,0.065926
36310,420,0,19090,45.452381,0.000000,30.000000,-1,58.888633,58.888633,-1,22,0,1640,17,0,778,1756,0,264,5.747755,3.149297,3.149297,1.000000,0.750153,-1,-1,-1,-1,-1,0.069288
36320,399,0,18609,46.639098,0.000000,30.000000,-1,58.904240,58.904240,-1,14,0,1700,23,0,740,2011,0,202,5.588434,3.105683,3.105683,1.000000,0.761527,-1,-1,-1,-1,-1,0.066590
36330,396,0,17689,44.669192,0.000000,30.000000,-1,58.904460,58.904460,-1,24,0,1656,22,0,698,2165,0,296,5.527488,2.980468,2.980468,1.000000,0.739237,-1,-1,-1,-1,-1,0.066723
36340,407,0,18690,45.921376,0.000000,30.000000,-1,58.913911,58.913911,-1,21,0,1500,21,0,746,2010,0,262,5.462450,3.065689,3.065689,1.000000,0.746118,-1,-1,-1,-1,-1,0.066760
36350,424,0,19058,44.948113,0.000000,30.000000,-1,58.888183,58.888183,-1,20,0,1752,22,0,780,2478,0,241,5.357336,2.849818,2.849818,1.000000,0.744049,-1,-1,-1,-1,-1,0.063402
36360,413,0,19054,46.135593,0.000000,30.000000,-1,58.865960,58.865960,-1,14,0,1427,22,0,677,1825,0,176,5.412030,3.054418,3.054418,1.000000,0.756059,-1,-1,-1,-1,-1,0.066205
36370,403,0,18958,47.042184,0.000000,30.000000,-1,58.816225,58.816225,-1,11,0,1350,17,0,707,1975,0,125,5.790146,3.315254,3.315254,1.000000,0.769905,-1,-1,-1,-1,-1,0.070474
36380,402,0,18265,45.435323,0.000000,30.000000,-1,58.792226,58.792226,-1,16,0,1665,25,0,752,1589,0,210,5.668218,3.160969,3.160969,1.000000,0.756271,-1,-1,-1,-1,-1,0.069571
36390,395,0,18177,46.017722,0.000000,30.000000,-1,58.821643,58.821643,-1,21,0,1534,19,0,625,1698,0,288,5.610681,3.171115,3.171115,1.000000,0.746690,-1,-1,-1,-1,-1,0.068911
36400,404,0,18180,45.000000,0.000000,30.000000,-1,58.817382,58.817382,-1,17,0,1956,29,0,688,1747,0,210,5.488568,2.883898,2.883898,1.000000,0.753222,-1,-1,-1,-1,-1,0.064087
36410,411,0,18795,45.729927,0.000000,30.000000,-1,58.816228,58.816228,-1,25,0,1557,18,0,678,1655,0,305,5.489566,3.051507,3.051507,1.000000,0.735211,-1,-1,-1,-1,-1,0.066729
36420,393,0,17715,45.076336,0.000000,30.000000,-1,58.864409,58.864409,-1,22,0,1427,24,0,681,1738,0,311,5.709909,3.217148,3.217148,1.000000,0.742652,-1,-1,-1,-1,-1,0.071371
36430,396,0,17655,44.583333,0.000000,30.000000,-1,58.856754,58.856754,-1,24,0,1736,15,0,695,1650,0,305,5.831318,3.131765,3.131765,1.000000,0.735482,-1,-1,-1,-1,-1,0.070245
36440,381,0,17865,46.889764,0.000000,30.000000,-1,58.844165,58.844165,-1,13,0,1492,19,0,680,1857,0,175,5.949078,3.297954,3.297954,1.000000,0.757208,-1,-1,-1,-1,-1,0.070334
36450,426,0,19039,44.692488,0.000000,30.000000,-1,58.840748,58.840748,-1,31,0,1784,21,0,789,1870,0,402,5.553842,3.056933,3.056933,1.000000,0.730014,-1,-1,-1,-1,-1,0.068399
36460,423,0,19118,45.196217,0.000000,30.000000,-1,58.821582,58.821582,-1,24,0,1539,14,0,711,2056,0,314,5.472569,3.005198,3.005198,1.000000,0.741427,-1,-1,-1,-1,-1,0.066492
36470,424,0,19449,45.870283,0.000000,30.000000,-1,58.816752,58.816752,-1,19,0,1633,27,0,715,2131,0,267,5.582095,3.088614,3.088614,1.000000,0.754821,-1,-1,-1,-1,-1,0.067334
36480,424,0,19297,45.511792,0.000000,30.000000,-1,58.825051,58.825051,-1,19,0,2001,15,0,765,2350,0,257,5.576705,2.933066,2.933066,1.000000,0.740608,-1,-1,-1,-1,-1,0.064446
36490,408,0,18888,46.294118,0.000000,30.000000,-1,58.778484,58.778484,-1,18,0,1815,22,0,703,2257,0,200,5.642581,3.043110,3.043110,1.000000,0.739720,-1,-1,-1,-1,-1,0.065734
36500,397,0,18152,45.722922,0.000000,30.000000,-1,58.781842,58.781842,-1,20,0,1425,22,0,717,1630,0,267,5.568712,3.153550,3.153550,1.000000,0.748494,-1,-1,-1,-1,-1,0.068971
36510,389,0,17792,45.737789,0.000000,30.000000,-1,58.732408,58.732408,-1,17,0,1513,33,0,656,1690,0,205,5.588092,3.119644,3.119644,1.000000,0.757686,-1,-1,-1,-1,-1,0.068207
36520,399,0,18191,45.591479,0.000000,30.000000,-1,58.710571,58.710571,-1,18,0,1698,22,0,653,1934,0,237,5.827626,3.245295,3.245295,1.000000,0.758876,-1,-1,-1,-1,-1,0.071182
36530,416,0,18826,45.254808,0.000000,30.000000,-1,58.709338,58.709338,-1,22,0,1990,23,0,728,1944,0,284,5.610865,2.929656,2.929656,1.000000,0.744358,-1,-1,-1,-1,-1,0.064737
36540,388,0,17618,45.407216,0.000000,30.000000,-1,58.663810,58.663810,-1,20,0,1503,22,0,669,1489,0,244,5.784951,3.194062,3.194062,1.000000,0.745068,-1,-1,-1,-1,-1,0.070343
36550,407,0,18162,44.624079,0.000000,30.000000,-1,58.604559,58.604559,-1,26,0,1562,12,0,661,2087,0,325,5.561985,3.153295,3.153295,1.000000,0.746111,-1,-1,-1,-1,-1,0.070664
36560,411,0,18486,44.978102,0.000000,30.000000,-1,58.609867,58.609867,-1,19,0,1837,22,0,742,1846,0,233,5.536594,2.951106,2.951106,1.000000,0.743267,-1,-1,-1,-1,-1,0.065612
36570,405,0,18359,45.330864,0.000000,30.000000,-1,58.649164,58.649164,-1,21,0,1598,22,0,656,1956,0,257,5.753124,3.156870,3.156870,1.000000,0.747259,-1,-1,-1,-1,-1,0.069641
36580,411,0,18880,45.936740,0.000000,30.000000,-1,58.614036,58.614036,-1,19,0,1713,23,0,781,1745,0,243,5.442676,3.015614,3.015614,1.000000,0.760385,-1,-1,-1,-1,-1,0.065647
36590,397,0,18504,46.609572,0.000000,30.000000,-1,58.591332,58.591332,-1,14,0,1667,18,0,781,1756,0,176,5.678960,3.118689,3.118689,1.000000,0.759720,-1,-1,-1,-1,-1,0.066911
36600,386,0,17817,46.158031,0.000000,30.000000,-1,58.594039,58.594039,-1,14,0,1912,23,0,709,1960,0,173,5.685026,3.014024,3.014024,1.000000,0.755151,-1,-1,-1,-1,-1,0.065298
36610,405,0,18223,44.995062,0.000000,30.000000,-1,58.617407,58.617407,-1,22,0,1520,24,0,696,1792,0,263,5.443635,2.971298,2.971298,1.000000,0.739291,-1,-1,-1,-1,-1,0.066036
36620,372,0,16738,44.994624,0.000000,30.000000,-1,58.597443,58.597443,-1,18,0,1252,20,0,596,1792,0,212,5.696229,3.235350,3.235350,1.000000,0.761573,-1,-1,-1,-1,-1,0.071905
36630,373,0,16769,44.957105,0.000000,30.000000,-1,58.574632,58.574632,-1,19,0,1576,18,0,666,1938,0,244,5.783468,3.196617,3.196617,1.000000,0.744858,-1,-1,-1,-1,-1,0.071104
36640,372,0,17262,46.403226,0.000000,30.000000,-1,58.611922,58.611922,-1,13,0,1485,21,0,659,1756,0,176,5.761530,3.210180,3.210180,1.000000,0.751656,-1,-1,-1,-1,-1,0.069180
36650,382,0,17427,45.620419,0.000000,30.000000,-1,58.648419,58.648419,-1,19,0,1555,23,0,624,1633,0,244,5.439572,2.978217,2.978217,1.000000,0.752322,-1,-1,-1,-1,-1,0.065283
36660,408,0,17862,43.779412,0.000000,30.000000,-1,58.629605,58.629605,-1,26,0,1566,18,0,701,2063,0,333,5.556289,2.968162,2.968162,1.000000,0.738985,-1,-1,-1,-1,-1,0.067798
36670,390,0,18074,46.343590,0.000000,30.000000,-1,58.650990,58.650990,-1,13,0,1398,22,0,669,1929,0,161,5.213040,2.929206,2.929206,1.000000,0.761368,-1,-1,-1,-1,-1,0.063206
36680,397,0,17906,45.103275,0.000000,30.000000,-1,58.663074,58.663074,-1,22,0,1806,16,0,710,1691,0,272,5.798739,3.118977,3.118977,1.000000,0.747984,-1,-1,-1,-1,-1,0.069152
36690,392,0,18270,46.607143,0.000000,30.000000,-1,58.644007,58.644007,-1,10,0,1724,18,0,649,1650,0,125,5.804122,3.144007,3.144007,1.000000,0.767540,-1,-1,-1,-1,-1,0.067458
36700,411,0,18933,46.065693,0.000000,30.000000,-1,58.670047,58.670047,-1,16,0,1667,14,0,700,1694,0,195,5.626072,3.124304,3.124304,1.000000,0.759623,-1,-1,-1,-1,-1,0.067823
36710,402,0,17818,44.323383,0.000000,30.000000,-1,58.656976,58.656976,-1,24,0,1676,20,0,688,1891,0,299,5.590913,3.002666,3.002666,1.000000,0.745204,-1,-1,-1,-1,-1,0.067745
36720,384,0,17725,46.158854,0.000000,30.000000,-1,58.654556,58.654556,-1,13,0,1413,18,0,626,1717,0,169,5.729093,3.236061,3.236061,1.000000,0.759467,-1,-1,-1,-1,-1,0.070107
36730,412,0,19094,46.344660,0.000000,30.000000,-1,58.632398,58.632398,-1,15,0,1745,11,0,716,2037,0,194,5.557435,3.035780,3.035780,1.000000,0.756461,-1,-1,-1,-1,-1,0.065504
36740,384,0,17647,45.955729,0.000000,30.000000,-1,58.649402,58.649402,-1,15,0,1592,19,0,736,1283,0,188,5.825940,3.201218,3.201218,1.000000,0.761087,-1,-1,-1,-1,-1,0.069659
36750,394,0,18133,46.022843,0.000000,30.000000,-1,58.665086,58.665086,-1,15,0,1660,16,0,681,1692,0,193,5.766220,3.192809,3.192809,1.000000,0.764087,-1,-1,-1,-1,-1,0.069374
36760,398,0,17892,44.954774,0.000000,30.000000,-1,58.637156,58.637156,-1,22,0,1390,25,0,667,1662,0,278,5.549217,3.068514,3.068514,1.000000,0.742747,-1,-1,-1,-1,-1,0.068258
36770,400,0,18184,45.460000,0.000000,30.000000,-1,58.635284,58.635284,-1,25,0,1398,23,0,663,1839,0,324,5.595623,3.136996,3.136996,1.000000,0.732929,-1,-1,-1,-1,-1,0.069006
36780,383,0,17876,46.673629,0.000000,30.000000,-1,58.648859,58.648859,-1,15,0,1531,21,0,679,1716,0,169,5.758079,3.234585,3.234585,1.000000,0.762028,-1,-1,-1,-1,-1,0.069302
36790,398,0,18192,45.708543,0.000000,30.000000,-1,58.649846,58.649846,-1,18,0,1709,23,0,718,1934,0,233,5.864398,3.204398,3.204398,1.000000,0.749617,-1,-1,-1,-1,-1,0.070105
36800,397,0,18034,45.425693,0.000000,30.000000,-1,58.638682,58.638682,-1,22,0,1530,19,0,721,1359,0,289,5.730715,3.168529,3.168529,1.000000,0.740730,-1,-1,-1,-1,-1,0.069752
36810,403,0,18465,45.818859,0.000000,30.000000,-1,58.669754,58.669754,-1,18,0,1620,11,0,686,1643,0,229,5.979132,3.264045,3.264045,1.000000,0.750831,-1,-1,-1,-1,-1,0.071238
36820,432,0,19363,44.821759,0.000000,30.000000,-1,58.687910,58.687910,-1,24,0,1775,12,0,779,2337,0,294,5.374672,2.872572,2.872572,1.000000,0.738765,-1,-1,-1,-1,-1,0.064089
36830,437,0,19918,45.578947,0.000000,30.000000,-1,58.719701,58.719701,-1,19,0,1739,28,0,764,2302,0,238,5.275937,2.796037,2.796037,1.000000,0.746759,-1,-1,-1,-1,-1,0.061345
36840,415,0,19180,46.216867,0.000000,30.000000,-1,58.724974,58.724974,-1,14,0,1692,18,0,749,2014,0,185,5.446470,2.997133,2.997133,1.000000,0.765004,-1,-1,-1,-1,-1,0.064849
36850,421,0,18715,44.453682,0.000000,30.000000,-1,58.732193,58.732193,-1,23,0,1531,30,0,687,2080,0,304,5.751223,3.114139,3.114139,1.000000,0.745926,-1,-1,-1,-1,-1,0.070054
36860,406,0,18648,45.931034,0.000000,30.000000,-1,58.735199,58.735199,-1,19,0,1766,25,0,757,2095,0,234,5.694488,3.048534,3.048534,1.000000,0.742658,-1,-1,-1,-1,-1,0.066372
36870,406,0,18377,45.263547,0.000000,30.000000,-1,58.750231,58.750231,-1,27,0,1523,15,0,686,1609,0,363,5.751229,3.198884,3.198884,1.000000,0.734873,-1,-1,-1,-1,-1,0.070672
36880,410,0,18608,45.385366,0.000000,30.000000,-1,58.741724,58.741724,-1,22,0,1706,21,0,715,1724,0,276,5.505559,3.026962,3.026962,1.000000,0.749311,-1,-1,-1,-1,-1,0.066695
36890,424,0,19185,45.247642,0.000000,30.000000,-1,58.757988,58.757988,-1,22,0,1534,16,0,765,2516,0,288,5.430259,3.051996,3.051996,1.000000,0.749654,-1,-1,-1,-1,-1,0.067451
36900,414,0,18896,45.642512,0.000000,30.000000,-1,58.767305,58.767305,-1,19,0,1555,13,0,732,2002,0,223,5.667842,3.138806,3.138806,1.000000,0.754510,-1,-1,-1,-1,-1,0.068769
36910,421,0,19093,45.351544,0.000000,30.000000,-1,58.728854,58.728854,-1,23,0,1538,16,0,731,1733,0,288,5.329897,2.954667,2.954667,1.000000,0.748030,-1,-1,-1,-1,-1,0.065150
36920,416,0,19079,45.862981,0.000000,30.000000,-1,58.746528,58.746528,-1,22,0,1667,17,0,780,1902,0,283,5.544844,3.047303,3.047303,1.000000,0.743798,-1,-1,-1,-1,-1,0.066444
36930,405,0,18421,45.483951,0.000000,30.000000,-1,58.714348,58.714348,-1,23,0,1886,17,0,657,2190,0,278,5.662382,3.049375,3.049375,1.000000,0.746304,-1,-1,-1,-1,-1,0.067043
36940,422,0,18866,44.706161,0.000000,30.000000,-1,58.680324,58.680324,-1,26,0,1890,19,0,692,1670,0,321,5.418432,2.879695,2.879695,1.000000,0.731299,-1,-1,-1,-1,-1,0.064414
36950,405,0,18465,45.592593,0.000000,30.000000,-1,58.713350,58.713350,-1,20,0,1613,26,0,691,1893,0,264,5.440764,2.974325,2.974325,1.000000,0.745587,-1,-1,-1,-1,-1,0.065237
36960,395,0,18468,46.754430,0.000000,30.000000,-1,58.696502,58.696502,-1,12,0,1427,21,0,691,1962,0,167,5.360956,3.078164,3.078164,1.000000,0.772885,-1,-1,-1,-1,-1,0.065837
36970,408,0,18169,44.531863,0.000000,30.000000,-1,58.736970,58.736970,-1,28,0,1530,17,0,704,1870,0,364,5.554919,3.165669,3.165669,1.000000,0.742152,-1,-1,-1,-1,-1,0.071088
36980,394,0,17988,45.654822,0.000000,30.000000,-1,58.758005,58.758005,-1,17,0,1388,25,0,687,2117,0,206,5.826676,3.252790,3.252790,1.000000,0.750774,-1,-1,-1,-1,-1,0.071247
36990,427,0,19074,44.669789,0.000000,30.000000,-1,58.752752,58.752752,-1,25,0,1702,14,0,774,2271,0,318,5.475532,3.004561,3.004561,1.000000,0.742584,-1,-1,-1,-1,-1,0.067262
37000,416,0,19123,45.968750,0.000000,30.000000,-1,58.745124,58.745124,-1,16,0,1686,13,0,791,1950,0,193,5.504810,2.943908,2.943908,1.000000,0.749635,-1,-1,-1,-1,-1,0.064042
37010,405,0,18498,45.674074,0.000000,30.000000,-1,58.785166,58.785166,-1,20,0,1756,19,0,680,2083,0,255,5.615533,3.118153,3.118153,1.000000,0.748201,-1,-1,-1,-1,-1,0.068270
37020,406,0,18785,46.268473,0.000000,30.000000,-1,58.860846,58.860846,-1,11,0,1664,20,0,733,1668,0,133,5.374067,2.991227,2.991227,1.000000,0.772121,-1,-1,-1,-1,-1,0.064649
37030,406,0,18691,46.036946,0.000000,30.000000,-1,58.923546,58.923546,-1,14,0,1707,19,0,737,1676,0,168,5.587709,3.056673,3.056673,1.000000,0.753101,-1,-1,-1,-1,-1,0.066396
37040,403,0,18580,46.104218,0.000000,30.000000,-1,58.962756,58.962756,-1,12,0,1683,13,0,688,1731,0,166,5.939792,3.262619,3.262619,1.000000,0.760193,-1,-1,-1,-1,-1,0.070766
37050,421,0,19228,45.672209,0.000000,30.000000,-1,58.926097,58.926097,-1,19,0,1642,27,0,757,1889,0,260,5.524956,2.992086,2.992086,1.000000,0.754758,-1,-1,-1,-1,-1,0.065512
37060,412,0,18778,45.577670,0.000000,30.000000,-1,58.949089,58.949089,-1,21,0,1784,16,0,701,2309,0,280,5.680467,3.089182,3.089182,1.000000,0.742738,-1,-1,-1,-1,-1,0.067778
37070,391,0,17567,44.928389,0.000000,30.000000,-1,58.976832,58.976832,-1,24,0,1535,29,0,692,1694,0,288,5.779436,3.157477,3.157477,1.000000,0.735507,-1,-1,-1,-1,-1,0.070278
37080,389,0,17644,45.357326,0.000000,30.000000,-1,58.991442,58.991442,-1,21,0,1672,22,0,696,1698,0,258,5.761755,3.117974,3.117974,1.000000,0.743374,-1,-1,-1,-1,-1,0.068742
37090,410,0,18604,45.375610,0.000000,30.000000,-1,58.981456,58.981456,-1,21,0,1964,15,0,680,2077,0,267,5.868183,3.155278,3.155278,1.000000,0.736986,-1,-1,-1,-1,-1,0.069537
37100,428,0,19630,45.864486,0.000000,30.000000,-1,58.991289,58.991289,-1,23,0,1821,8,0,722,2059,0,255,5.411459,2.863853,2.863853,1.000000,0.734969,-1,-1,-1,-1,-1,0.062442
37110,410,0,18447,44.992683,0.000000,30.000000,-1,59.014582,59.014582,-1,24,0,1805,28,0,712,2394,0,311,5.689518,3.015360,3.015360,1.000000,0.733959,-1,-1,-1,-1,-1,0.067019
37120,413,0,19005,46.016949,0.000000,30.000000,-1,59.007261,59.007261,-1,18,0,1580,22,0,743,2288,0,218,5.429716,2.929675,2.929675,1.000000,0.745671,-1,-1,-1,-1,-1,0.063665
37130,401,0,18360,45.785536,0.000000,30.000000,-1,59.008932,59.008932,-1,19,0,1607,31,0,703,2040,0,237,5.502193,2.960638,2.960638,1.000000,0.742110,-1,-1,-1,-1,-1,0.064663
37140,402,0,17791,44.256219,0.000000,30.000000,-1,58.995841,58.995841,-1,23,0,1502,26,0,669,1966,0,305,5.553699,2.996585,2.996585,1.000000,0.740511,-1,-1,-1,-1,-1,0.067710
37150,422,0,18786,44.516588,0.000000,30.000000,-1,58.991856,58.991856,-1,24,0,1670,19,0,748,1776,0,293,5.457812,2.915185,2.915185,1.000000,0.735883,-1,-1,-1,-1,-1,0.065485
37160,384,0,17269,44.971354,0.000000,30.000000,-1,59.009786,59.009786,-1,17,0,1543,25,0,678,1977,0,206,5.471134,2.871314,2.871314,1.000000,0.743413,-1,-1,-1,-1,-1,0.063848
37170,404,0,18126,44.866337,0.000000,30.000000,-1,58.970705,58.970705,-1,24,0,1557,19,0,697,1752,0,294,5.488437,3.051167,3.051167,1.000000,0.736037,-1,-1,-1,-1,-1,0.068006
37180,387,0,17935,46.343669,0.000000,30.000000,-1,58.956788,58.956788,-1,17,0,1521,25,0,704,1582,0,228,5.804887,3.231289,3.231289,1.000000,0.746110,-1,-1,-1,-1,-1,0.069724
37190,392,0,18033,46.002551,0.000000,30.000000,-1,58.988687,58.988687,-1,17,0,1434,22,0,661,1838,0,220,5.627817,3.124977,3.124977,1.000000,0.751331,-1,-1,-1,-1,-1,0.067931
37200,416,0,18634,44.793269,0.000000,30.000000,-1,58.967264,58.967264,-1,26,0,1633,12,0,703,1818,0,339,5.549175,3.059341,3.059341,1.000000,0.733542,-1,-1,-1,-1,-1,0.068299
37210,410,0,18115,44.182927,0.000000,30.000000,-1,58.932818,58.932818,-1,33,0,1585,20,0,706,1981,0,431,5.847876,3.156189,3.156189,1.000000,0.717014,-1,-1,-1,-1,-1,0.071435
37220,415,0,19007,45.800000,0.000000,30.000000,-1,58.955858,58.955858,-1,19,0,1598,20,0,765,1698,0,263,5.545732,3.044285,3.044285,1.000000,0.738175,-1,-1,-1,-1,-1,0.066469
37230,419,0,19102,45.589499,0.000000,30.000000,-1,58.984609,58.984609,-1,19,0,1684,10,0,725,2437,0,244,5.316148,2.853758,2.853758,1.000000,0.743990,-1,-1,-1,-1,-1,0.062597
37240,387,0,17569,45.397933,0.000000,30.000000,-1,58.958450,58.958450,-1,23,0,1484,23,0,652,1842,0,300,5.764366,3.206410,3.206410,1.000000,0.740373,-1,-1,-1,-1,-1,0.070629
37250,416,0,18749,45.069712,0.000000,30.000000,-1,58.963731,58.963731,-1,22,0,1685,17,0,680,1905,0,284,5.515356,2.946411,2.946411,1.000000,0.740538,-1,-1,-1,-1,-1,0.065375
37260,422,0,19596,46.436019,0.000000,30.000000,-1,58.987089,58.987089,-1,11,0,1634,23,0,741,2290,0,129,5.301498,2.836564,2.836564,1.000000,0.757571,-1,-1,-1,-1,-1,0.061085
37270,421,0,18726,44.479810,0.000000,30.000000,-1,59.007530,59.007530,-1,23,0,1513,29,0,740,1934,0,300,5.179581,2.790276,2.790276,1.000000,0.735987,-1,-1,-1,-1,-1,0.062731
37280,404,0,18375,45.482673,0.000000,30.000000,-1,59.032435,59.032435,-1,23,0,1675,25,0,707,1775,0,294,5.628628,3.042105,3.042105,1.000000,0.733053,-1,-1,-1,-1,-1,0.066885
37290,409,0,18928,46.278729,0.000000,30.000000,-1,59.022454,59.022454,-1,16,0,1661,22,0,710,2216,0,213,5.431023,2.973215,2.973215,1.000000,0.748760,-1,-1,-1,-1,-1,0.064246
37300,409,0,18809,45.987775,0.000000,30.000000,-1,59.009038,59.009038,-1,16,0,1476,13,0,739,1830,0,206,5.817959,3.249686,3.249686,1.000000,0.753936,-1,-1,-1,-1,-1,0.070664
37310,414,0,18941,45.751208,0.000000,30.000000,-1,58.981627,58.981627,-1,21,0,1723,14,0,757,1952,0,261,5.521621,2.946173,2.946173,1.000000,0.737595,-1,-1,-1,-1,-1,0.064396
37320,410,0,18794,45.839024,0.000000,30.000000,-1,58.955518,58.955518,-1,18,0,1776,22,0,731,2111,0,224,5.647460,3.045687,3.045687,1.000000,0.747383,-1,-1,-1,-1,-1,0.066443
37330,418,0,18764,44.889952,0.000000,30.000000,-1,58.957259,58.957259,-1,23,0,1740,20,0,749,2062,0,283,5.502090,2.973303,2.973303,1.000000,0.734795,-1,-1,-1,-1,-1,0.066235
37340,393,0,18194,46.295165,0.000000,30.000000,-1,58.978949,58.978949,-1,17,0,1281,18,0,685,2010,0,196,5.535630,3.140488,3.140488,1.000000,0.751179,-1,-1,-1,-1,-1,0.067836
37350,409,0,18574,45.413203,0.000000,30.000000,-1,59.005222,59.005222,-1,21,0,1868,16,0,690,2129,0,251,5.668261,3.012785,3.012785,1.000000,0.746326,-1,-1,-1,-1,-1,0.066342
37360,417,0,18714,44.877698,0.000000,30.000000,-1,59.058833,59.058833,-1,24,0,1762,21,0,737,1887,0,317,5.380082,2.900608,2.900608,1.000000,0.736202,-1,-1,-1,-1,-1,0.064634
37370,413,0,18992,45.985472,0.000000,30.000000,-1,59.056603,59.056603,-1,15,0,1678,16,0,710,1702,0,190,5.699766,3.044036,3.044036,1.000000,0.753430,-1,-1,-1,-1,-1,0.066196
37380,395,0,18434,46.668354,0.000000,30.000000,-1,59.016112,59.016112,-1,12,0,1587,15,0,693,1989,0,146,5.673718,3.176071,3.176071,1.000000,0.773488,-1,-1,-1,-1,-1,0.068056
37390,413,0,19221,46.539952,0.000000,30.000000,-1,58.995266,58.995266,-1,13,0,1691,20,0,751,1983,0,168,5.570778,3.037316,3.037316,1.000000,0.761702,-1,-1,-1,-1,-1,0.065263
37400,415,0,18953,45.669880,0.000000,30.000000,-1,59.050124,59.050124,-1,22,0,1620,17,0,674,2100,0,270,5.361629,2.922192,2.922192,1.000000,0.743024,-1,-1,-1,-1,-1,0.063985
37410,394,0,17792,45.157360,0.000000,30.000000,-1,59.078406,59.078406,-1,19,0,1447,23,0,657,1505,0,241,5.426852,3.043154,3.043154,1.000000,0.750167,-1,-1,-1,-1,-1,0.067390
37420,402,0,18134,45.109453,0.000000,30.000000,-1,59.057185,59.057185,-1,25,0,1599,26,0,660,2103,0,321,5.563351,3.095399,3.095399,1.000000,0.740089,-1,-1,-1,-1,-1,0.068620
37430,403,0,18546,46.019851,0.000000,30.000000,-1,59.003667,59.003667,-1,14,0,1825,21,0,747,2342,0,171,5.398860,2.886559,2.886559,1.000000,0.755721,-1,-1,-1,-1,-1,0.062724
37440,402,0,18517,46.062189,0.000000,30.000000,-1,59.008047,59.008047,-1,16,0,1759,16,0,696,1893,0,198,5.747480,3.165930,3.165930,1.000000,0.758288,-1,-1,-1,-1,-1,0.068732
37450,393,0,17854,45.430025,0.000000,30.000000,-1,59.020668,59.020668,-1,23,0,1708,20,0,682,1600,0,281,5.875046,3.180933,3.180933,1.000000,0.739531,-1,-1,-1,-1,-1,0.070018
37460,412,0,19085,46.322816,0.000000,30.000000,-1,59.024469,59.024469,-1,14,0,1572,16,0,674,1952,0,169,5.711034,3.238862,3.238862,1.000000,0.764702,-1,-1,-1,-1,-1,0.069919
37470,405,0,18551,45.804938,0.000000,30.000000,-1,58.987710,58.987710,-1,16,0,1584,21,0,697,1924,0,191,5.703845,3.078519,3.078519,1.000000,0.754755,-1,-1,-1,-1,-1,0.067209
37480,425,0,19368,45.571765,0.000000,30.000000,-1,58.998916,58.998916,-1,17,0,1682,16,0,754,2276,0,222,5.472462,3.027146,3.027146,1.000000,0.763818,-1,-1,-1,-1,-1,0.066426
37490,419,0,18980,45.298329,0.000000,30.000000,-1,58.997787,58.997787,-1,23,0,1884,20,0,711,1791,0,294,5.246080,2.795970,2.795970,1.000000,0.737866,-1,-1,-1,-1,-1,0.061723
37500,432,0,19041,44.076389,0.000000,30.000000,-1,59.060291,59.060291,-1,24,0,1789,14,0,736,2125,0,319,5.496724,2.855569,2.855569,1.000000,0.737669,-1,-1,-1,-1,-1,0.064787
37510,410,0,18824,45.912195,0.000000,30.000000,-1,59.053442,59.053442,-1,20,0,1487,28,0,716,1821,0,265,5.327755,3.018470,3.018470,1.000000,0.751288,-1,-1,-1,-1,-1,0.065744
37520,393,0,17902,45.552163,0.000000,30.000000,-1,59.058262,59.058262,-1,16,0,1702,10,0,710,1822,0,209,5.858299,3.132977,3.132977,1.000000,0.752985,-1,-1,-1,-1,-1,0.068778
37530,382,0,17129,44.840314,0.000000,30.000000,-1,59.020200,59.020200,-1,23,0,1456,18,0,651,1404,0,292,5.499489,3.058103,3.058103,1.000000,0.744170,-1,-1,-1,-1,-1,0.068200
37540,388,0,17790,45.850515,0.000000,30.000000,-1,59.014896,59.014896,-1,20,0,1413,21,0,690,1751,0,245,5.453929,3.036007,3.036007,1.000000,0.743604,-1,-1,-1,-1,-1,0.066215
37550,387,0,18049,46.638243,0.000000,30.000000,-1,59.006372,59.006372,-1,14,0,1502,17,0,643,1719,0,188,5.792947,3.261070,3.261070,1.000000,0.761916,-1,-1,-1,-1,-1,0.069923
37560,407,0,18739,46.041769,0.000000,30.000000,-1,59.022733,59.022733,-1,15,0,1560,17,0,726,1581,0,201,5.583271,3.064558,3.064558,1.000000,0.758775,-1,-1,-1,-1,-1,0.066560
37570,429,0,19238,44.843823,0.000000,30.000000,-1,59.002079,59.002079,-1,26,0,1809,18,0,713,2467,0,319,5.278326,2.894668,2.894668,1.000000,0.743463,-1,-1,-1,-1,-1,0.064550
37580,423,0,18916,44.718676,0.000000,30.000000,-1,58.989586,58.989586,-1,22,0,1618,27,0,770,2097,0,284,5.372148,2.917507,2.917507,1.000000,0.748407,-1,-1,-1,-1,-1,0.065241
37590,375,0,17236,45.962667,0.000000,30.000000,-1,58.983639,58.983639,-1,15,0,1409,20,0,623,1757,0,199,5.621396,3.175641,3.175641,1.000000,0.758840,-1,-1,-1,-1,-1,0.069092
37600,400,0,18556,46.390000,0.000000,30.000000,-1,58.981569,58.981569,-1,12,0,1558,17,0,723,1885,0,157,5.733467,3.224629,3.224629,1.000000,0.774129,-1,-1,-1,-1,-1,0.069511
37610,397,0,18212,45.874055,0.000000,30.000000,-1,58.965902,58.965902,-1,19,0,1686,17,0,697,1510,0,245,5.664641,3.151600,3.151600,1.000000,0.753667,-1,-1,-1,-1,-1,0.068701
37620,398,0,18242,45.834171,0.000000,30.000000,-1,58.916676,58.916676,-1,17,0,1440,18,0,712,1978,0,210,5.506435,3.105075,3.105075,1.000000,0.755680,-1,-1,-1,-1,-1,0.067746
37630,390,0,17784,45.600000,0.000000,30.000000,-1,58.880229,58.880229,-1,23,0,1330,23,0,640,2043,0,297,5.425938,3.073207,3.073207,1.000000,0.750882,-1,-1,-1,-1,-1,0.067395
37640,395,0,18083,45.779747,0.000000,30.000000,-1,58.916386,58.916386,-1,16,0,1881,20,0,737,1889,0,211,5.777915,3.130946,3.130946,1.000000,0.758879,-1,-1,-1,-1,-1,0.068392
37650,385,0,17678,45.916883,0.000000,30.000000,-1,58.888562,58.888562,-1,20,0,1437,14,0,632,1673,0,255,5.867844,3.343288,3.343288,1.000000,0.751471,-1,-1,-1,-1,-1,0.072812
37660,392,0,17648,45.020408,0.000000,30.000000,-1,58.844458,58.844458,-1,28,0,1570,25,0,699,1468,0,334,5.711424,3.227351,3.227351,1.000000,0.739335,-1,-1,-1,-1,-1,0.071686
37670,398,0,17991,45.203518,0.000000,30.000000,-1,58.863487,58.863487,-1,19,0,1493,14,0,673,1748,0,215,5.937048,3.185709,3.185709,1.000000,0.753727,-1,-1,-1,-1,-1,0.070475
37680,417,0,18949,45.441247,0.000000,30.000000,-1,58.903689,58.903689,-1,22,0,1743,22,0,677,1997,0,307,5.584585,3.064153,3.064153,1.000000,0.742759,-1,-1,-1,-1,-1,0.067431
37690,414,0,18653,45.055556,0.000000,30.000000,-1,58.909505,58.909505,-1,22,0,1484,14,0,743,2076,0,313,5.745058,3.252641,3.252641,1.000000,0.748954,-1,-1,-1,-1,-1,0.072192
37700,410,0,18674,45.546341,0.000000,30.000000,-1,58.961176,58.961176,-1,21,0,1788,25,0,699,1500,0,268,5.534511,2.998010,2.998010,1.000000,0.747154,-1,-1,-1,-1,-1,0.065823
37710,401,0,17985,44.850374,0.000000,30.000000,-1,58.982708,58.982708,-1,22,0,1487,22,0,733,1937,0,267,5.604527,3.094776,3.094776,1.000000,0.748055,-1,-1,-1,-1,-1,0.069002
37720,418,0,19302,46.177033,0.000000,30.000000,-1,59.000466,59.000466,-1,18,0,1667,18,0,714,1973,0,214,5.460631,3.046546,3.046546,1.000000,0.749454,-1,-1,-1,-1,-1,0.065975
37730,414,0,19292,46.599034,0.000000,30.000000,-1,59.026332,59.026332,-1,15,0,1736,12,0,737,1990,0,200,5.639537,3.080270,3.080270,1.000000,0.760539,-1,-1,-1,-1,-1,0.066102
37740,407,0,18720,45.995086,0.000000,30.000000,-1,59.057051,59.057051,-1,20,0,1670,21,0,788,1943,0,229,5.818341,3.226821,3.226821,1.000000,0.747059,-1,-1,-1,-1,-1,0.070156
37750,410,0,19039,46.436585,0.000000,30.000000,-1,59.054520,59.054520,-1,14,0,1684,17,0,756,1963,0,182,5.441172,2.980780,2.980780,1.000000,0.763066,-1,-1,-1,-1,-1,0.064190
37760,418,0,18911,45.241627,0.000000,30.000000,-1,59.043573,59.043573,-1,21,0,1709,20,0,714,2121,0,262,5.471647,3.028125,3.028125,1.000000,0.744293,-1,-1,-1,-1,-1,0.066932
37770,419,0,18761,44.775656,0.000000,30.000000,-1,59.044294,59.044294,-1,25,0,1581,17,0,746,1991,0,341,5.285011,2.901942,2.901942,1.000000,0.741400,-1,-1,-1,-1,-1,0.064811
37780,389,0,17770,45.681234,0.000000,30.000000,-1,59.069274,59.069274,-1,22,0,1277,24,0,717,2033,0,287,5.526731,3.202489,3.202489,1.000000,0.751083,-1,-1,-1,-1,-1,0.070105
37790,396,0,18182,45.914141,0.000000,30.000000,-1,59.027830,59.027830,-1,17,0,1589,18,0,691,1672,0,208,5.654296,3.152221,3.152221,1.000000,0.766092,-1,-1,-1,-1,-1,0.068655
37800,414,0,19022,45.946860,0.000000,30.000000,-1,58.975134,58.975134,-1,19,0,1599,26,0,711,2084,0,237,5.432605,2.962667,2.962667,1.000000,0.753507,-1,-1,-1,-1,-1,0.064480
37810,409,0,18699,45.718826,0.000000,30.000000,-1,58.946949,58.946949,-1,20,0,1499,17,0,719,2223,0,243,5.643271,3.125735,3.125735,1.000000,0.751782,-1,-1,-1,-1,-1,0.068369
37820,385,0,17777,46.174026,0.000000,30.000000,-1,58.949035,58.949035,-1,14,0,1594,26,0,663,1946,0,176,5.537658,3.083121,3.083121,1.000000,0.770059,-1,-1,-1,-1,-1,0.066772
37830,425,0,19430,45.717647,0.000000,30.000000,-1,58.945857,58.945857,-1,16,0,1958,20,0,734,2180,0,203,5.505474,2.944498,2.944498,1.000000,0.763518,-1,-1,-1,-1,-1,0.064406
37840,395,0,17982,45.524051,0.000000,30.000000,-1,58.988822,58.988822,-1,19,0,1735,27,0,672,1742,0,242,5.615187,3.040931,3.040931,1.000000,0.748397,-1,-1,-1,-1,-1,0.066798
37850,409,0,18862,46.117359,0.000000,30.000000,-1,58.954088,58.954088,-1,15,0,1541,16,0,693,1905,0,185,5.617165,3.101661,3.101661,1.000000,0.766232,-1,-1,-1,-1,-1,0.067256
37860,393,0,17738,45.134860,0.000000,30.000000,-1,58.968542,58.968542,-1,20,0,1581,20,0,685,1754,0,275,5.371200,2.954985,2.954985,1.000000,0.755349,-1,-1,-1,-1,-1,0.065470
37870,384,0,17230,44.869792,0.000000,30.000000,-1,58.957632,58.957632,-1,21,0,1487,24,0,624,1739,0,257,5.592386,3.143354,3.143354,1.000000,0.750154,-1,-1,-1,-1,-1,0.070055
37880,386,0,17633,45.681347,0.000000,30.000000,-1,58.887937,58.887937,-1,18,0,1408,25,0,669,2016,0,240,5.495038,2.994373,2.994373,1.000000,0.751587,-1,-1,-1,-1,-1,0.065549
37890,394,0,17488,44.385787,0.000000,30.000000,-1,58.890839,58.890839,-1,26,0,1359,24,0,673,1483,0,324,5.576314,3.111503,3.111503,1.000000,0.742857,-1,-1,-1,-1,-1,0.070101
37900,411,0,18552,45.138686,0.000000,30.000000,-1,58.868747,58.868747,-1,24,0,1620,29,0,730,1599,0,298,5.583264,3.029063,3.029063,1.000000,0.736599,-1,-1,-1,-1,-1,0.067106
37910,409,0,18454,45.119804,0.000000,30.000000,-1,58.864636,58.864636,-1,22,0,1659,14,0,690,2010,0,272,5.434257,2.979062,2.979062,1.000000,0.754875,-1,-1,-1,-1,-1,0.066026
37920,415,0,19013,45.814458,0.000000,30.000000,-1,58.893494,58.893494,-1,19,0,1688,19,0,744,2027,0,229,5.604116,3.032028,3.032028,1.000000,0.750148,-1,-1,-1,-1,-1,0.066181
37930,388,0,17961,46.291237,0.000000,30.000000,-1,58.890819,58.890819,-1,15,0,1545,16,0,630,1726,0,205,5.750760,3.234267,3.234267,1.000000,0.767860,-1,-1,-1,-1,-1,0.069868
37940,408,0,18416,45.137255,0.000000,30.000000,-1,58.899435,58.899435,-1,27,0,1562,15,0,687,1862,0,347,5.545945,3.132277,3.132277,1.000000,0.739884,-1,-1,-1,-1,-1,0.069394
37950,411,0,18280,44.476886,0.000000,30.000000,-1,58.841958,58.841958,-1,22,0,1869,15,0,735,1704,0,275,5.621030,2.937538,2.937538,1.000000,0.743098,-1,-1,-1,-1,-1,0.066046
37960,397,0,17855,44.974811,0.000000,30.000000,-1,58.852310,58.852310,-1,24,0,1572,24,0,642,1745,0,337,5.637371,3.083032,3.083032,1.000000,0.732320,-1,-1,-1,-1,-1,0.068550
37970,397,0,18164,45.753149,0.000000,30.000000,-1,58.878276,58.878276,-1,22,0,1604,16,0,670,1980,0,264,5.555745,3.098867,3.098867,1.000000,0.745620,-1,-1,-1,-1,-1,0.067730
37980,390,0,17838,45.738462,0.000000,30.000000,-1,58.911930,58.911930,-1,21,0,1569,25,0,701,1875,0,226,5.714210,3.205876,3.205876,1.000000,0.745214,-1,-1,-1,-1,-1,0.070091
37990,402,0,18393,45.753731,0.000000,30.000000,-1,58.917305,58.917305,-1,18,0,1375,14,0,702,2219,0,228,5.455650,3.075859,3.075859,1.000000,0.756089,-1,-1,-1,-1,-1,0.067226
38000,408,0,18212,44.637255,0.000000,30.000000,-1,58.924610,58.924610,-1,18,0,1928,20,0,678,2027,0,225,5.486186,2.836177,2.836177,1.000000,0.748983,-1,-1,-1,-1,-1,0.063538
38010,402,0,18169,45.196517,0.000000,30.000000,-1,58.904122,58.904122,-1,19,0,1636,24,0,638,2065,0,243,5.530177,2.975628,2.975628,1.000000,0.750307,-1,-1,-1,-1,-1,0.065838
38020,405,0,18823,46.476543,0.000000,30.000000,-1,58.886681,58.886681,-1,18,0,1518,15,0,718,2221,0,242,5.427068,3.121806,3.121806,1.000000,0.757481,-1,-1,-1,-1,-1,0.067169
38030,410,0,18898,46.092683,0.000000,30.000000,-1,58.861837,58.861837,-1,20,0,1495,12,0,727,1670,0,261,5.704185,3.219393,3.219393,1.000000,0.747307,-1,-1,-1,-1,-1,0.069846
38040,416,0,18734,45.033654,0.000000,30.000000,-1,58.883207,58.883207,-1,20,0,1677,18,0,704,1724,0,237,5.435295,2.853167,2.853167,1.000000,0.743288,-1,-1,-1,-1,-1,0.063356
38050,409,0,18382,44.943765,0.000000,30.000000,-1,58.934773,58.934773,-1,22,0,1724,14,0,704,1964,0,285,5.647352,3.086726,3.086726,1.000000,0.752091,-1,-1,-1,-1,-1,0.068680
38060,407,0,18574,45.636364,0.000000,30.000000,-1,58.953537,58.953537,-1,22,0,1724,16,0,702,1952,0,276,5.633949,3.008733,3.008733,1.000000,0.740286,-1,-1,-1,-1,-1,0.065928
38070,401,0,18563,46.291771,0.000000,30.000000,-1,58.979206,58.979206,-1,13,0,1731,22,0,718,2129,0,168,5.564073,3.068987,3.068987,1.000000,0.763072,-1,-1,-1,-1,-1,0.066297
38080,415,0,18742,45.161446,0.000000,30.000000,-1,59.009391,59.009391,-1,23,0,1774,20,0,724,2241,0,298,5.537869,3.022239,3.022239,1.000000,0.747270,-1,-1,-1,-1,-1,0.066921
38090,395,0,18254,46.212658,0.000000,30.000000,-1,59.023337,59.023337,-1,18,0,1435,21,0,689,2237,0,253,5.236561,2.921064,2.921064,1.000000,0.750817,-1,-1,-1,-1,-1,0.063209
38100,391,0,18088,46.260870,0.000000,30.000000,-1,59.024878,59.024878,-1,19,0,1525,16,0,723,1680,0,230,5.604405,3.126809,3.126809,1.000000,0.752467,-1,-1,-1,-1,-1,0.067591
38110,410,0,18632,45.443902,0.000000,30.000000,-1,59.021790,59.021790,-1,22,0,1649,24,0,716,2009,0,299,5.488874,2.974192,2.974192,1.000000,0.744239,-1,-1,-1,-1,-1,0.065448
38120,424,0,19620,46.273585,0.000000,30.000000,-1,59.050153,59.050153,-1,14,0,1915,14,0,703,2007,0,178,5.576968,2.994068,2.994068,1.000000,0.759840,-1,-1,-1,-1,-1,0.064704
38130,414,0,18962,45.801932,0.000000,30.000000,-1,59.046198,59.046198,-1,20,0,1444,24,0,758,1737,0,240,5.330787,2.997638,2.997638,1.000000,0.754620,-1,-1,-1,-1,-1,0.065448
38140,405,0,18353,45.316049,0.000000,30.000000,-1,59.052689,59.052689,-1,23,0,1611,24,0,695,1819,0,305,5.455865,2.960596,2.960596,1.000000,0.737349,-1,-1,-1,-1,-1,0.065332
38150,396,0,17930,45.277778,0.000000,30.000000,-1,59.078360,59.078360,-1,21,0,1562,16,0,688,2094,0,266,5.523291,3.007714,3.007714,1.000000,0.744977,-1,-1,-1,-1,-1,0.066428
38160,410,0,18415,44.914634,0.000000,30.000000,-1,59.064241,59.064241,-1,21,0,1814,15,0,667,1693,0,267,5.487775,2.918496,2.918496,1.000000,0.743704,-1,-1,-1,-1,-1,0.064979
38170,408,0,18451,45.223039,0.000000,30.000000,-1,59.079399,59.079399,-1,23,0,1623,19,0,693,2193,0,275,5.756247,3.100779,3.100779,1.000000,0.738871,-1,-1,-1,-1,-1,0.068566
38180,393,0,17928,45.618321,0.000000,30.000000,-1,59.074743,59.074743,-1,19,0,1828,23,0,720,1901,0,232,5.683202,3.025995,3.025995,1.000000,0.742498,-1,-1,-1,-1,-1,0.066333
38190,385,0,17901,46.496104,0.000000,30.000000,-1,59.081560,59.081560,-1,14,0,1628,20,0,660,1746,0,176,5.521311,3.050221,3.050221,1.000000,0.757950,-1,-1,-1,-1,-1,0.065602
38200,413,0,18602,45.041162,0.000000,30.000000,-1,59.057521,59.057521,-1,21,0,1833,25,0,729,2118,0,262,5.379920,2.878353,2.878353,1.000000,0.744020,-1,-1,-1,-1,-1,0.063905
38210,415,0,18628,44.886747,0.000000,30.000000,-1,59.041175,59.041175,-1,24,0,1668,22,0,714,1958,0,284,5.350880,2.900641,2.900641,1.000000,0.739317,-1,-1,-1,-1,-1,0.064621
38220,417,0,18882,45.280576,0.000000,30.000000,-1,59.082301,59.082301,-1,22,0,1638,20,0,704,1995,0,289,5.631705,3.101366,3.101366,1.000000,0.757234,-1,-1,-1,-1,-1,0.068492
38230,409,0,18576,45.418093,0.000000,30.000000,-1,59.077519,59.077519,-1,24,0,1719,23,0,742,1937,0,292,5.564262,3.021720,3.021720,1.000000,0.737093,-1,-1,-1,-1,-1,0.066531
38240,402,0,18767,46.684080,0.000000,30.000000,-1,59.083711,59.083711,-1,18,0,1525,21,0,721,2053,0,203,5.454616,3.149387,3.149387,1.000000,0.755540,-1,-1,-1,-1,-1,0.067462
38250,405,0,18847,46.535802,0.000000,30.000000,-1,59.074282,59.074282,-1,12,0,1597,18,0,717,1930,0,138,5.686022,3.236730,3.236730,1.000000,0.773850,-1,-1,-1,-1,-1,0.069554
38260,399,0,17988,45.082707,0.000000,30.000000,-1,59.088948,59.088948,-1,22,0,1701,16,0,707,1976,0,280,5.430269,2.989113,2.989113,1.000000,0.745230,-1,-1,-1,-1,-1,0.066303
38270,397,0,18087,45.559194,0.000000,30.000000,-1,59.067783,59.067783,-1,18,0,1686,22,0,687,1954,0,201,5.449955,2.960625,2.960625,1.000000,0.749444,-1,-1,-1,-1,-1,0.064984
38280,408,0,18435,45.183824,0.000000,30.000000,-1,59.031191,59.031191,-1,24,0,1681,14,0,667,1728,0,316,5.752918,3.202848,3.202848,1.000000,0.746915,-1,-1,-1,-1,-1,0.070885
38290,400,0,18469,46.172500,0.000000,30.000000,-1,59.005306,59.005306,-1,17,0,1574,14,0,706,1789,0,201,5.970907,3.274927,3.274927,1.000000,0.757273,-1,-1,-1,-1,-1,0.070928
38300,406,0,18539,45.662562,0.000000,30.000000,-1,58.963968,58.963968,-1,16,0,1729,22,0,723,1780,0,202,5.357124,2.846958,2.846958,1.000000,0.748491,-1,-1,-1,-1,-1,0.062348
38310,418,0,18872,45.148325,0.000000,30.000000,-1,59.001272,59.001272,-1,20,0,1794,18,0,686,2255,0,253,5.502041,2.981782,2.981782,1.000000,0.744444,-1,-1,-1,-1,-1,0.066044
38320,399,0,18036,45.203008,0.000000,30.000000,-1,59.018408,59.018408,-1,17,0,1959,23,0,713,2001,0,213,5.709716,2.908139,2.908139,1.000000,0.749397,-1,-1,-1,-1,-1,0.064335
38330,424,0,19070,44.976415,0.000000,30.000000,-1,58.996801,58.996801,-1,23,0,1761,20,0,714,2139,0,316,5.553414,2.998922,2.998922,1.000000,0.739933,-1,-1,-1,-1,-1,0.066678
38340,396,0,18401,46.467172,0.000000,30.000000,-1,59.045378,59.045378,-1,14,0,1489,17,0,677,1869,0,188,5.616535,3.126731,3.126731,1.000000,0.760197,-1,-1,-1,-1,-1,0.067289
38350,415,0,19120,46.072289,0.000000,30.000000,-1,59.037709,59.037709,-1,18,0,1666,15,0,740,2504,0,232,5.185427,2.862594,2.862594,1.000000,0.749550,-1,-1,-1,-1,-1,0.062133
38360,390,0,17844,45.753846,0.000000,30.000000,-1,59.080531,59.080531,-1,16,0,1670,29,0,717,1740,0,185,5.719939,3.051856,3.051856,1.000000,0.744864,-1,-1,-1,-1,-1,0.066702
38370,409,0,18393,44.970660,0.000000,30.000000,-1,59.098788,59.098788,-1,22,0,1608,19,0,696,1663,0,264,5.471153,2.978027,2.978027,1.000000,0.744534,-1,-1,-1,-1,-1,0.066222
38380,421,0,18805,44.667458,0.000000,30.000000,-1,59.125073,59.125073,-1,27,0,1676,17,0,750,2255,0,327,5.600089,2.972470,2.972470,1.000000,0.728342,-1,-1,-1,-1,-1,0.066547
38390,403,0,18415,45.694789,0.000000,30.000000,-1,59.110182,59.110182,-1,15,0,1758,25,0,737,1732,0,202,5.409837,2.813488,2.813488,1.000000,0.756898,-1,-1,-1,-1,-1,0.061571
38400,418,0,18765,44.892344,0.000000,30.000000,-1,59.085638,59.085638,-1,20,0,1834,15,0,697,2342,0,259,5.772572,3.028635,3.028635,1.000000,0.742619,-1,-1,-1,-1,-1,0.067464
38410,405,0,18560,45.827160,0.000000,30.000000,-1,59.073330,59.073330,-1,20,0,1571,19,0,707,1766,0,248,5.321374,2.939708,2.939708,1.000000,0.748633,-1,-1,-1,-1,-1,0.064148
38420,404,0,18557,45.933168,0.000000,30.000000,-1,59.090909,59.090909,-1,13,0,1620,12,0,658,1638,0,159,5.622452,2.977383,2.977383,1.000000,0.757039,-1,-1,-1,-1,-1,0.064820
38430,416,0,18764,45.105769,0.000000,30.000000,-1,59.104455,59.104455,-1,22,0,1650,21,0,751,2114,0,279,5.486789,2.921406,2.921406,1.000000,0.736399,-1,-1,-1,-1,-1,0.064768
38440,401,0,18365,45.798005,0.000000,30.000000,-1,59.138524,59.138524,-1,18,0,1568,27,0,718,1806,0,250,5.577155,3.024397,3.024397,1.000000,0.744364,-1,-1,-1,-1,-1,0.066038
38450,380,0,17616,46.357895,0.000000,30.000000,-1,59.135672,59.135672,-1,15,0,1466,24,0,679,1884,0,196,5.738328,3.119065,3.119065,1.000000,0.743560,-1,-1,-1,-1,-1,0.067282
38460,400,0,17897,44.742500,0.000000,30.000000,-1,59.155501,59.155501,-1,23,0,1662,13,0,717,1698,0,305,5.557932,3.022067,3.022068,1.000000,0.734450,-1,-1,-1,-1,-1,0.067544
38470,402,0,18595,46.256219,0.000000,30.000000,-1,59.210272,59.210272,-1,16,0,1671,13,0,698,1800,0,219,5.825262,3.140741,3.140741,1.000000,0.746335,-1,-1,-1,-1,-1,0.067899
38480,424,0,19069,44.974057,0.000000,30.000000,-1,59.206041,59.206041,-1,21,0,1765,14,0,743,1577,0,259,5.634960,3.099542,3.099542,1.000000,0.742449,-1,-1,-1,-1,-1,0.068918
38490,414,0,18697,45.161836,0.000000,30.000000,-1,59.218538,59.218538,-1,20,0,1841,22,0,723,1505,0,245,5.330117,2.783487,2.783487,1.000000,0.737131,-1,-1,-1,-1,-1,0.061634
38500,425,0,19186,45.143529,0.000000,30.000000,-1,59.208485,59.208485,-1,20,0,1608,17,0,801,2040,0,245,5.430881,2.913321,2.913321,1.000000,0.741870,-1,-1,-1,-1,-1,0.064535
38510,422,0,19089,45.234597,0.000000,30.000000,-1,59.205301,59.205301,-1,27,0,1678,19,0,731,1776,0,351,5.501778,2.935257,2.935257,1.000000,0.725090,-1,-1,-1,-1,-1,0.064890
38520,417,0,19106,45.817746,0.000000,30.000000,-1,59.218675,59.218675,-1,19,0,1811,19,0,716,1823,0,250,5.519191,3.038534,3.038534,1.000000,0.748979,-1,-1,-1,-1,-1,0.066318
38530,407,0,18217,44.759214,0.000000,30.000000,-1,59.185321,59.185321,-1,27,0,1419,22,0,687,2024,0,340,5.639738,3.037693,3.037693,1.000000,0.732039,-1,-1,-1,-1,-1,0.067867
38540,406,0,18819,46.352217,0.000000,30.000000,-1,59.178171,59.178171,-1,15,0,1553,24,0,751,2160,0,167,5.571698,3.068970,3.068970,1.000000,0.754227,-1,-1,-1,-1,-1,0.066210
38550,409,0,18562,45.383863,0.000000,30.000000,-1,59.185163,59.185163,-1,25,0,1481,17,0,755,1962,0,316,5.345848,2.983760,2.983760,1.000000,0.734833,-1,-1,-1,-1,-1,0.065745
38560,385,0,17302,44.940260,0.000000,30.000000,-1,59.218819,59.218819,-1,25,0,1453,21,0,641,1618,0,325,5.687554,3.121475,3.121475,1.000000,0.727586,-1,-1,-1,-1,-1,0.069458
38570,386,0,17897,46.365285,0.000000,30.000000,-1,59.243616,59.243616,-1,16,0,1375,20,0,670,1941,0,211,5.752779,3.189671,3.189671,1.000000,0.751451,-1,-1,-1,-1,-1,0.068794
38580,407,0,18227,44.783784,0.000000,30.000000,-1,59.242717,59.242717,-1,23,0,1778,23,0,711,1916,0,307,5.519938,2.921504,2.921504,1.000000,0.734526,-1,-1,-1,-1,-1,0.065236
38590,413,0,18526,44.857143,0.000000,30.000000,-1,59.252078,59.252078,-1,24,0,1626,13,0,724,2145,0,286,5.641353,2.991069,2.991069,1.000000,0.726494,-1,-1,-1,-1,-1,0.066680
38600,409,0,19067,46.618582,0.000000,30.000000,-1,59.269576,59.269576,-1,11,0,1827,25,0,755,2125,0,137,5.404112,2.857269,2.857269,1.000000,0.755723,-1,-1,-1,-1,-1,0.061290
38610,384,0,17360,45.208333,0.000000,30.000000,-1,59.276843,59.276843,-1,19,0,1664,14,0,711,1348,0,244,5.919314,3.061217,3.061217,1.000000,0.735819,-1,-1,-1,-1,-1,0.067714
38620,393,0,18093,46.038168,0.000000,30.000000,-1,59.292986,59.292986,-1,17,0,1502,16,0,674,2002,0,189,5.513376,2.973235,2.973235,1.000000,0.744506,-1,-1,-1,-1,-1,0.064582
38630,425,0,19129,45.009412,0.000000,30.000000,-1,59.285221,59.285221,-1,23,0,1681,21,0,758,2222,0,306,5.472561,3.015693,3.015693,1.000000,0.741478,-1,-1,-1,-1,-1,0.067001
38640,396,0,18361,46.366162,0.000000,30.000000,-1,59.283917,59.283917,-1,14,0,1498,22,0,735,2074,0,181,5.756184,3.082802,3.082802,1.000000,0.745252,-1,-1,-1,-1,-1,0.066488
38650,401,0,18029,44.960100,0.000000,30.000000,-1,59.268734,59.268734,-1,25,0,1632,21,0,686,1622,0,302,5.728680,3.089810,3.089810,1.000000,0.728049,-1,-1,-1,-1,-1,0.068723
38660,394,0,18307,46.464467,0.000000,30.000000,-1,59.287704,59.287704,-1,13,0,1825,26,0,669,1374,0,172,5.830516,3.043366,3.043366,1.000000,0.739042,-1,-1,-1,-1,-1,0.065499
38670,397,0,18018,45.385390,0.000000,30.000000,-1,59.255300,59.255300,-1,20,0,1500,15,0,648,1798,0,262,5.571395,3.044534,3.044534,1.000000,0.735048,-1,-1,-1,-1,-1,0.067082
38680,417,0,18512,44.393285,0.000000,30.000000,-1,59.232174,59.232174,-1,18,0,2006,19,0,735,1950,0,241,5.551620,2.790278,2.790278,1.000000,0.738858,-1,-1,-1,-1,-1,0.062854
38690,412,0,18876,45.815534,0.000000,30.000000,-1,59.278714,59.278714,-1,17,0,1606,16,0,711,2005,0,224,5.527788,2.973021,2.973021,1.000000,0.738945,-1,-1,-1,-1,-1,0.064891
38700,408,0,18504,45.352941,0.000000,30.000000,-1,59.308366,59.308366,-1,23,0,1672,17,0,737,1900,0,282,5.574367,2.961639,2.961639,1.000000,0.731850,-1,-1,-1,-1,-1,0.065302
38710,418,0,19059,45.595694,0.000000,30.000000,-1,59.267800,59.267800,-1,18,0,1896,16,0,726,2186,0,205,5.742717,3.026023,3.026023,1.000000,0.735096,-1,-1,-1,-1,-1,0.066366
38720,408,0,18775,46.017157,0.000000,30.000000,-1,59.286445,59.286445,-1,14,0,1736,20,0,741,1980,0,170,5.659915,3.026359,3.026359,1.000000,0.742214,-1,-1,-1,-1,-1,0.065766
38730,390,0,18106,46.425641,0.000000,30.000000,-1,59.319673,59.319673,-1,12,0,1626,20,0,720,1962,0,156,5.886052,3.142153,3.142153,1.000000,0.739671,-1,-1,-1,-1,-1,0.067681
38740,410,0,18612,45.395122,0.000000,30.000000,-1,59.365624,59.365624,-1,19,0,1606,15,0,715,1955,0,248,5.528555,2.981434,2.981434,1.000000,0.737851,-1,-1,-1,-1,-1,0.065677
38750,398,0,18052,45.356784,0.000000,30.000000,-1,59.392588,59.392588,-1,23,0,1588,15,0,681,1526,0,271,5.684838,2.954848,2.954848,1.000000,0.719636,-1,-1,-1,-1,-1,0.065147
38760,390,0,17944,46.010256,0.000000,30.000000,-1,59.381074,59.381074,-1,16,0,1682,23,0,671,1344,0,207,5.886063,3.053253,3.053253,1.000000,0.733362,-1,-1,-1,-1,-1,0.066360
38770,409,0,18505,45.244499,0.000000,30.000000,-1,59.371359,59.371359,-1,21,0,1564,18,0,722,2054,0,256,5.405862,2.820299,2.820299,1.000000,0.724995,-1,-1,-1,-1,-1,0.062335
38780,411,0,18946,46.097324,0.000000,30.000000,-1,59.362768,59.362768,-1,20,0,1657,28,0,691,1901,0,231,5.723380,3.033233,3.033233,1.000000,0.722464,-1,-1,-1,-1,-1,0.065801
38790,409,0,18974,46.391198,0.000000,30.000000,-1,59.360810,59.360810,-1,14,0,1569,20,0,750,2239,0,167,5.476722,2.957321,2.957321,1.000000,0.747086,-1,-1,-1,-1,-1,0.063747
38800,423,0,19265,45.543735,0.000000,30.000000,-1,59.400156,59.400156,-1,15,0,1848,21,0,779,2319,0,186,5.682151,2.907177,2.907177,1.000000,0.739772,-1,-1,-1,-1,-1,0.063833
38810,434,0,19840,45.714286,0.000000,30.000000,-1,59.349446,59.349446,-1,14,0,1823,23,0,782,2038,0,181,5.453110,2.759475,2.759475,1.000000,0.744108,-1,-1,-1,-1,-1,0.060364
38820,401,0,17970,44.812968,0.000000,30.000000,-1,59.326989,59.326989,-1,21,0,1686,16,0,692,2017,0,292,5.566519,2.821084,2.821084,1.000000,0.722904,-1,-1,-1,-1,-1,0.062952
38830,417,0,19166,45.961631,0.000000,30.000000,-1,59.376657,59.376657,-1,18,0,1539,18,0,711,2085,0,234,5.488924,2.955463,2.955463,1.000000,0.737006,-1,-1,-1,-1,-1,0.064303
38840,398,0,18199,45.726131,0.000000,30.000000,-1,59.388373,59.388373,-1,21,0,1550,14,0,692,1777,0,238,5.927296,3.121160,3.121160,1.000000,0.725276,-1,-1,-1,-1,-1,0.068258
38850,402,0,18324,45.582090,0.000000,30.000000,-1,59.376774,59.376774,-1,17,0,1815,23,0,680,2092,0,219,5.720604,2.997473,2.997473,1.000000,0.739580,-1,-1,-1,-1,-1,0.065760
38860,402,0,18557,46.161692,0.000000,30.000000,-1,59.342458,59.342458,-1,19,0,1423,22,0,643,1813,0,236,5.606749,3.001875,3.001875,1.000000,0.731336,-1,-1,-1,-1,-1,0.065030
38870,400,0,18346,45.865000,0.000000,30.000000,-1,59.314728,59.314728,-1,13,0,1653,19,0,722,1669,0,164,5.599363,2.936828,2.936828,1.000000,0.749614,-1,-1,-1,-1,-1,0.064032
38880,402,0,17900,44.527363,0.000000,30.000000,-1,59.365028,59.365028,-1,25,0,1698,18,0,661,1955,0,348,5.854178,3.000714,3.000714,1.000000,0.717100,-1,-1,-1,-1,-1,0.067390
38890,395,0,17933,45.400000,0.000000,30.000000,-1,59.352646,59.352646,-1,19,0,1563,25,0,662,1658,0,228,5.762404,3.123632,3.123632,1.000000,0.738111,-1,-1,-1,-1,-1,0.068802
38900,384,0,17453,45.450521,0.000000,30.000000,-1,59.359136,59.359136,-1,21,0,1702,20,0,690,1656,0,247,5.693046,3.043065,3.043065,1.000000,0.731136,-1,-1,-1,-1,-1,0.066953
38910,378,0,17093,45.219577,0.000000,30.000000,-1,59.400164,59.400164,-1,21,0,1321,24,0,661,1751,0,254,6.029121,3.257475,3.257475,1.000000,0.733891,-1,-1,-1,-1,-1,0.072037
38920,414,0,18832,45.487923,0.000000,30.000000,-1,59.496973,59.496973,-1,15,0,1863,17,0,681,1991,0,199,5.699200,2.929625,2.929625,1.000000,0.744126,-1,-1,-1,-1,-1,0.064404
38930,412,0,18634,45.228155,0.000000,30.000000,-1,59.498283,59.498283,-1,14,0,1720,19,0,715,2167,0,168,5.631843,2.848912,2.848912,1.000000,0.741605,-1,-1,-1,-1,-1,0.062990
38940,418,0,19217,45.973684,0.000000,30.000000,-1,59.482281,59.482281,-1,19,0,1618,21,0,730,1680,0,249,5.337636,2.900345,2.900345,1.000000,0.734695,-1,-1,-1,-1,-1,0.063087
38950,404,0,17908,44.326733,0.000000,30.000000,-1,59.487827,59.487827,-1,26,0,1798,11,0,709,1737,0,293,5.676994,2.981776,2.981776,1.000000,0.725231,-1,-1,-1,-1,-1,0.067268
38960,407,0,18682,45.901720,0.000000,30.000000,-1,59.485922,59.485922,-1,17,0,1397,25,0,690,2021,0,209,5.463119,3.055094,3.055094,1.000000,0.747591,-1,-1,-1,-1,-1,0.066557
38970,399,0,17996,45.102757,0.000000,30.000000,-1,59.493165,59.493165,-1,26,0,1536,16,0,732,2306,0,324,5.487893,2.897714,2.897714,1.000000,0.720100,-1,-1,-1,-1,-1,0.064247
38980,385,0,17525,45.519481,0.000000,30.000000,-1,59.511327,59.511327,-1,18,0,1680,15,0,652,1867,0,231,6.155612,3.273825,3.273825,1.000000,0.731009,-1,-1,-1,-1,-1,0.071921
38990,399,0,17955,45.000000,0.000000,30.000000,-1,59.440212,59.440212,-1,24,0,1656,21,0,654,1711,0,278,5.649760,3.055515,3.055515,1.000000,0.727856,-1,-1,-1,-1,-1,0.067900
39000,397,0,17684,44.544081,0.000000,30.000000,-1,59.451595,59.451595,-1,23,0,1671,23,0,636,1820,0,284,5.778911,2.938973,2.938973,1.000000,0.719523,-1,-1,-1,-1,-1,0.065979
39010,418,0,18945,45.322967,0.000000,30.000000,-1,59.440802,59.440802,-1,19,0,1521,23,0,741,2138,0,274,5.861972,3.094054,3.094054,1.000000,0.739048,-1,-1,-1,-1,-1,0.068267
39020,410,0,18634,45.448780,0.000000,30.000000,-1,59.428732,59.428732,-1,17,0,1510,23,0,676,1744,0,204,5.582329,2.927776,2.927776,1.000000,0.741561,-1,-1,-1,-1,-1,0.064419
39030,424,0,19491,45.969340,0.000000,30.000000,-1,59.433020,59.433020,-1,21,0,1721,16,0,719,1982,0,253,5.588302,3.001096,3.001096,1.000000,0.734856,-1,-1,-1,-1,-1,0.065285
39040,406,0,18499,45.564039,0.000000,30.000000,-1,59.427266,59.427266,-1,17,0,1734,26,0,674,2422,0,202,5.630016,2.938832,2.938832,1.000000,0.731406,-1,-1,-1,-1,-1,0.064499
39050,400,0,18073,45.182500,0.000000,30.000000,-1,59.445305,59.445305,-1,24,0,1442,14,0,750,1727,0,303,5.701524,3.093118,3.093118,1.000000,0.724150,-1,-1,-1,-1,-1,0.068458
39060,394,0,17912,45.461929,0.000000,30.000000,-1,59.441603,59.441603,-1,20,0,1630,13,0,671,1832,0,262,5.923212,3.175894,3.175894,1.000000,0.734983,-1,-1,-1,-1,-1,0.069858
39070,401,0,18388,45.855362,0.000000,30.000000,-1,59.498586,59.498586,-1,16,0,1646,22,0,686,1977,0,187,5.532482,2.928864,2.928864,1.000000,0.732964,-1,-1,-1,-1,-1,0.063872
39080,393,0,17425,44.338422,0.000000,30.000000,-1,59.482869,59.482869,-1,21,0,1907,22,0,667,1962,0,254,5.803219,2.840547,2.840547,1.000000,0.722070,-1,-1,-1,-1,-1,0.064065
39090,401,0,18180,45.336658,0.000000,30.000000,-1,59.498790,59.498790,-1,17,0,1811,25,0,652,2215,0,218,5.566500,2.840459,2.840459,1.000000,0.728666,-1,-1,-1,-1,-1,0.062653
39100,379,0,17563,46.340369,0.000000,30.000000,-1,59.520241,59.520241,-1,15,0,1651,19,0,637,1947,0,195,5.605960,3.007559,3.007559,1.000000,0.751214,-1,-1,-1,-1,-1,0.064901
39110,371,0,16990,45.795148,0.000000,30.000000,-1,59.499235,59.499235,-1,17,0,1501,23,0,620,1118,0,217,6.066029,3.252929,3.252929,1.000000,0.742621,-1,-1,-1,-1,-1,0.071032
39120,403,0,18608,46.173697,0.000000,30.000000,-1,59.476999,59.476999,-1,15,0,1634,14,0,687,1641,0,202,5.747208,3.117142,3.117142,1.000000,0.747520,-1,-1,-1,-1,-1,0.067509
39130,405,0,18487,45.646914,0.000000,30.000000,-1,59.477200,59.477200,-1,17,0,1502,24,0,736,1856,0,232,5.556996,3.006907,3.006907,1.000000,0.743059,-1,-1,-1,-1,-1,0.065873
39140,407,0,18419,45.255528,0.000000,30.000000,-1,59.493295,59.493295,-1,19,0,1567,21,0,735,1937,0,243,5.491971,2.865348,2.865348,1.000000,0.730010,-1,-1,-1,-1,-1,0.063315
39150,405,0,18291,45.162963,0.000000,30.000000,-1,59.517796,59.517796,-1,22,0,1677,17,0,677,1606,0,237,5.556172,2.890977,2.890977,1.000000,0.722092,-1,-1,-1,-1,-1,0.064012
39160,422,0,19066,45.180095,0.000000,30.000000,-1,59.491818,59.491818,-1,17,0,1978,21,0,709,1843,0,218,5.696938,2.869639,2.869639,1.000000,0.732154,-1,-1,-1,-1,-1,0.063516
39170,404,0,18215,45.086634,0.000000,30.000000,-1,59.573483,59.573483,-1,21,0,1629,17,0,708,1499,0,238,5.527319,2.851865,2.851865,1.000000,0.718823,-1,-1,-1,-1,-1,0.063253
39180,406,0,18302,45.078818,0.000000,30.000000,-1,59.609769,59.609769,-1,23,0,1543,16,0,656,1808,0,303,6.054333,3.153502,3.153502,1.000000,0.720477,-1,-1,-1,-1,-1,0.069955
39190,420,0,18977,45.183333,0.000000,30.000000,-1,59.632186,59.632186,-1,19,0,1625,18,0,761,2109,0,247,5.444567,2.829413,2.829413,1.000000,0.727411,-1,-1,-1,-1,-1,0.062621
39200,413,0,19236,46.576271,0.000000,30.000000,-1,59.599501,59.599501,-1,13,0,1637,17,0,717,1984,0,178,5.664327,3.014965,3.014965,1.000000,0.741367,-1,-1,-1,-1,-1,0.064732
39210,423,0,19559,46.238771,0.000000,30.000000,-1,59.638223,59.638223,-1,22,0,1640,20,0,760,1993,0,271,5.420807,2.966112,2.966112,1.000000,0.733037,-1,-1,-1,-1,-1,0.064148
39220,429,0,19204,44.764569,0.000000,30.000000,-1,59.695793,59.695793,-1,21,0,2341,24,0,723,2017,0,289,5.484023,2.710190,2.710190,1.000000,0.728373,-1,-1,-1,-1,-1,0.060543
39230,412,0,18639,45.240291,0.000000,30.000000,-1,59.693438,59.693438,-1,20,0,1733,10,0,690,1853,0,263,5.690572,3.038161,3.038161,1.000000,0.733814,-1,-1,-1,-1,-1,0.067156
39240,403,0,18351,45.535980,0.000000,30.000000,-1,59.705357,59.705357,-1,24,0,1467,12,0,716,1818,0,285,5.846978,3.227464,3.227464,1.000000,0.729082,-1,-1,-1,-1,-1,0.070877
39250,399,0,18166,45.528822,0.000000,30.000000,-1,59.719201,59.719201,-1,23,0,1475,28,0,697,1601,0,310,5.504498,3.054340,3.054340,1.000000,0.727037,-1,-1,-1,-1,-1,0.067086
39260,425,0,19536,45.967059,0.000000,30.000000,-1,59.761671,59.761671,-1,20,0,1715,15,0,747,2150,0,251,5.789856,3.161517,3.161517,1.000000,0.737740,-1,-1,-1,-1,-1,0.068778
39270,405,0,18299,45.182716,0.000000,30.000000,-1,59.753484,59.753484,-1,15,0,2004,18,0,699,1855,0,202,5.598538,2.787705,2.787705,1.000000,0.733292,-1,-1,-1,-1,-1,0.061698
39280,393,0,18062,45.959288,0.000000,30.000000,-1,59.757834,59.757834,-1,17,0,1710,11,0,641,1845,0,187,5.906970,3.034506,3.034506,1.000000,0.724216,-1,-1,-1,-1,-1,0.066026
39290,397,0,17883,45.045340,0.000000,30.000000,-1,59.814740,59.814740,-1,27,0,1507,16,0,729,1983,0,335,6.035273,3.145248,3.145248,1.000000,0.703268,-1,-1,-1,-1,-1,0.069824
39300,388,0,17815,45.914948,0.000000,30.000000,-1,59.831434,59.831434,-1,16,0,1671,19,0,669,1711,0,210,5.825782,3.065664,3.065664,1.000000,0.738635,-1,-1,-1,-1,-1,0.066768
39310,389,0,17827,45.827763,0.000000,30.000000,-1,59.881696,59.881696,-1,17,0,1648,21,0,683,1685,0,250,5.848921,3.104929,3.104929,1.000000,0.736097,-1,-1,-1,-1,-1,0.067752
39320,389,0,17730,45.578406,0.000000,30.000000,-1,59.879131,59.879131,-1,18,0,1437,22,0,630,1865,0,234,5.717285,3.033603,3.033603,1.000000,0.729066,-1,-1,-1,-1,-1,0.066558
39330,400,0,18354,45.885000,0.000000,30.000000,-1,59.893102,59.893102,-1,16,0,1514,20,0,734,2156,0,205,5.331861,2.885461,2.885461,1.000000,0.743369,-1,-1,-1,-1,-1,0.062885
39340,410,0,18660,45.512195,0.000000,30.000000,-1,59.909432,59.909432,-1,20,0,1660,14,0,724,2036,0,254,5.425690,2.809908,2.809908,1.000000,0.722788,-1,-1,-1,-1,-1,0.061740
39350,407,0,18649,45.820639,0.000000,30.000000,-1,59.907073,59.907073,-1,16,0,1706,22,0,679,1837,0,190,5.812260,3.022652,3.022652,1.000000,0.732801,-1,-1,-1,-1,-1,0.065967
39360,419,0,19266,45.980907,0.000000,30.000000,-1,59.945707,59.945707,-1,19,0,1763,21,0,731,1956,0,272,5.633628,2.962349,2.962349,1.000000,0.734684,-1,-1,-1,-1,-1,0.064426
39370,414,0,18696,45.159420,0.000000,30.000000,-1,59.987537,59.987537,-1,19,0,1874,20,0,738,1990,0,272,5.783196,2.844824,2.844824,1.000000,0.709674,-1,-1,-1,-1,-1,0.062995
39380,413,0,18887,45.731235,0.000000,30.000000,-1,59.984646,59.984646,-1,22,0,1675,22,0,697,2282,0,285,5.330093,2.846893,2.846893,1.000000,0.734696,-1,-1,-1,-1,-1,0.062253
39390,406,0,18273,45.007389,0.000000,30.000000,-1,59.966344,59.966344,-1,24,0,1691,24,0,759,1960,0,314,5.623320,2.866104,2.866104,1.000000,0.714166,-1,-1,-1,-1,-1,0.063681
39400,412,0,18846,45.742718,0.000000,30.000000,-1,59.964820,59.964820,-1,20,0,1823,19,0,726,1766,0,269,5.670090,2.898680,2.898680,1.000000,0.727759,-1,-1,-1,-1,-1,0.063369
39410,379,0,17062,45.018470,0.000000,30.000000,-1,59.983648,59.983648,-1,18,0,1558,16,0,640,1745,0,222,5.552939,2.891024,2.891024,1.000000,0.727044,-1,-1,-1,-1,-1,0.064219
39420,364,0,17013,46.739011,0.000000,30.000000,-1,59.977605,59.977605,-1,13,0,1550,15,0,611,1816,0,152,6.063613,3.149103,3.149103,1.000000,0.739040,-1,-1,-1,-1,-1,0.067376
39430,400,0,17902,44.755000,0.000000,30.000000,-1,59.915875,59.915875,-1,24,0,1593,16,0,671,1811,0,294,5.673945,3.057008,3.057008,1.000000,0.730470,-1,-1,-1,-1,-1,0.068305
39440,398,0,18335,46.067839,0.000000,30.000000,-1,59.939678,59.939678,-1,20,0,1481,15,0,650,1573,0,261,5.540169,2.997519,2.997519,1.000000,0.729207,-1,-1,-1,-1,-1,0.065068
39450,422,0,19125,45.319905,0.000000,30.000000,-1,59.960627,59.960627,-1,19,0,1648,20,0,694,2365,0,249,5.739968,3.052517,3.052517,1.000000,0.743490,-1,-1,-1,-1,-1,0.067355
39460,417,0,19050,45.683453,0.000000,30.000000,-1,59.986037,59.986037,-1,21,0,1735,14,0,756,2080,0,262,5.659176,2.957131,2.957131,1.000000,0.721656,-1,-1,-1,-1,-1,0.064731
39470,419,0,19206,45.837709,0.000000,30.000000,-1,60.033219,60.033219,-1,22,0,1515,20,0,772,2081,0,297,5.745822,3.092683,3.092683,1.000000,0.736050,-1,-1,-1,-1,-1,0.067470
39480,421,0,19143,45.470309,0.000000,30.000000,-1,60.008567,60.008567,-1,18,0,1728,12,0,752,1931,0,215,5.612671,2.971803,2.971803,1.000000,0.736604,-1,-1,-1,-1,-1,0.065357
39490,434,0,19661,45.301843,0.000000,30.000000,-1,59.990540,59.990540,-1,20,0,1487,22,0,736,1896,0,257,5.457069,2.911594,2.911594,1.000000,0.734319,-1,-1,-1,-1,-1,0.064271
39500,419,0,18864,45.021480,0.000000,30.000000,-1,60.014525,60.014525,-1,26,0,1501,17,0,747,2444,0,328,5.560706,2.997426,2.997426,1.000000,0.726364,-1,-1,-1,-1,-1,0.066578
39510,425,0,19369,45.574118,0.000000,30.000000,-1,60.005473,60.005473,-1,18,0,1860,17,0,739,1558,0,225,5.821174,3.018490,3.018490,1.000000,0.738351,-1,-1,-1,-1,-1,0.066233
39520,403,0,18674,46.337469,0.000000,30.000000,-1,60.006587,60.006587,-1,12,0,1695,22,0,724,1787,0,142,5.673167,2.970222,2.970222,1.000000,0.745149,-1,-1,-1,-1,-1,0.064100
39530,402,0,18140,45.124378,0.000000,30.000000,-1,60.045810,60.045810,-1,26,0,1531,20,0,716,1794,0,334,5.733726,3.136091,3.136091,1.000000,0.721269,-1,-1,-1,-1,-1,0.069499
39540,401,0,18409,45.907731,0.000000,30.000000,-1,60.013037,60.013037,-1,14,0,1727,20,0,710,1594,0,166,5.629053,2.986788,2.986788,1.000000,0.745347,-1,-1,-1,-1,-1,0.065061
39550,391,0,17871,45.705882,0.000000,30.000000,-1,60.003245,60.003245,-1,19,0,1739,22,0,708,1919,0,247,5.745014,2.946315,2.946315,1.000000,0.722406,-1,-1,-1,-1,-1,0.064462
39560,407,0,18393,45.191646,0.000000,30.000000,-1,60.005437,60.005437,-1,20,0,1782,14,0,705,1719,0,245,6.021336,3.113799,3.113799,1.000000,0.733074,-1,-1,-1,-1,-1,0.068902
39570,426,0,18714,43.929577,0.000000,30.000000,-1,60.033611,60.033611,-1,32,0,1703,19,0,694,1580,0,407,5.547655,2.958437,2.958437,1.000000,0.715687,-1,-1,-1,-1,-1,0.067345
39580,391,0,18182,46.501279,0.000000,30.000000,-1,60.034980,60.034980,-1,15,0,1508,14,0,709,1736,0,187,5.871401,3.160995,3.160995,1.000000,0.746201,-1,-1,-1,-1,-1,0.067977
39590,425,0,19113,44.971765,0.000000,30.000000,-1,60.040130,60.040130,-1,25,0,1588,16,0,743,2020,0,315,4.973055,2.611016,2.611016,1.000000,0.718070,-1,-1,-1,-1,-1,0.058059
39600,398,0,18264,45.889447,0.000000,30.000000,-1,60.073423,60.073423,-1,16,0,1719,20,0,742,2099,0,206,5.701812,3.024079,3.024079,1.000000,0.744330,-1,-1,-1,-1,-1,0.065899
39610,386,0,17522,45.393782,0.000000,30.000000,-1,60.073850,60.073850,-1,24,0,1506,14,0,646,1853,0,326,5.791212,3.196082,3.196082,1.000000,0.725274,-1,-1,-1,-1,-1,0.070408
39620,380,0,17418,45.836842,0.000000,30.000000,-1,60.032208,60.032208,-1,15,0,1609,20,0,644,2231,0,187,5.591271,2.931160,2.931160,1.000000,0.734470,-1,-1,-1,-1,-1,0.063948
39630,397,0,18106,45.607053,0.000000,30.000000,-1,60.026952,60.026952,-1,12,0,1924,26,0,729,1909,0,152,6.043104,2.970330,2.970330,1.000000,0.740614,-1,-1,-1,-1,-1,0.065129
39640,420,0,19081,45.430952,0.000000,30.000000,-1,60.048530,60.048530,-1,16,0,1711,14,0,719,2126,0,188,5.596822,2.842407,2.842407,1.000000,0.735835,-1,-1,-1,-1,-1,0.062565
39650,395,0,17728,44.881013,0.000000,30.000000,-1,60.034747,60.034747,-1,24,0,1760,30,0,716,1822,0,280,5.606327,2.904342,2.904342,1.000000,0.724426,-1,-1,-1,-1,-1,0.064712
39660,404,0,18714,46.321782,0.000000,30.000000,-1,60.007107,60.007107,-1,14,0,1376,17,0,675,2125,0,173,5.361419,2.967435,2.967435,1.000000,0.754657,-1,-1,-1,-1,-1,0.064061
39670,401,0,18258,45.531172,0.000000,30.000000,-1,60.008325,60.008325,-1,21,0,1746,21,0,715,1872,0,262,5.631606,3.040999,3.040999,1.000000,0.736613,-1,-1,-1,-1,-1,0.066789
39680,417,0,18482,44.321343,0.000000,30.000000,-1,60.036738,60.036738,-1,21,0,1712,24,0,696,1685,0,266,5.422357,2.785440,2.785440,1.000000,0.725573,-1,-1,-1,-1,-1,0.062846
39690,403,0,18532,45.985112,0.000000,30.000000,-1,60.053259,60.053259,-1,14,0,1690,16,0,731,2155,0,171,5.787092,2.982021,2.982021,1.000000,0.737142,-1,-1,-1,-1,-1,0.064848
39700,396,0,18212,45.989899,0.000000,30.000000,-1,60.068471,60.068471,-1,19,0,1533,19,0,663,1601,0,223,5.908154,3.219912,3.219912,1.000000,0.740486,-1,-1,-1,-1,-1,0.070013
39710,394,0,18056,45.827411,0.000000,30.000000,-1,60.094262,60.094262,-1,17,0,1645,22,0,725,1840,0,217,5.784269,3.041691,3.041691,1.000000,0.736934,-1,-1,-1,-1,-1,0.066373
39720,406,0,18488,45.536946,0.000000,30.000000,-1,60.128624,60.128624,-1,19,0,1441,23,0,671,2209,0,244,5.687877,3.010926,3.010926,1.000000,0.727769,-1,-1,-1,-1,-1,0.066121
39730,414,0,18656,45.062802,0.000000,30.000000,-1,60.115298,60.115298,-1,21,0,1792,18,0,728,1893,0,283,5.882568,2.963647,2.963647,1.000000,0.727575,-1,-1,-1,-1,-1,0.065767
39740,435,0,19784,45.480460,0.000000,30.000000,-1,60.106854,60.106854,-1,24,0,1682,16,0,789,1900,0,300,5.326775,2.839618,2.839618,1.000000,0.724083,-1,-1,-1,-1,-1,0.062436
39750,399,0,18355,46.002506,0.000000,30.000000,-1,60.099591,60.099591,-1,16,0,1588,21,0,681,1912,0,204,5.288608,2.855124,2.855124,1.000000,0.743090,-1,-1,-1,-1,-1,0.062065
39760,392,0,17589,44.869898,0.000000,30.000000,-1,60.092728,60.092728,-1,23,0,1600,16,0,653,1818,0,286,5.503596,2.930563,2.930563,1.000000,0.724486,-1,-1,-1,-1,-1,0.065312
39770,404,0,18084,44.762376,0.000000,30.000000,-1,60.061712,60.061712,-1,23,0,1700,28,0,651,2058,0,285,5.346379,2.803078,2.803078,1.000000,0.729843,-1,-1,-1,-1,-1,0.062621
39780,407,0,18217,44.759214,0.000000,30.000000,-1,60.085030,60.085030,-1,23,0,1603,18,0,735,1717,0,326,5.545931,2.878896,2.878896,1.000000,0.720883,-1,-1,-1,-1,-1,0.064320
39790,393,0,17909,45.569975,0.000000,30.000000,-1,60.111397,60.111397,-1,18,0,1527,19,0,625,1758,0,217,5.743544,3.079187,3.079187,1.000000,0.737159,-1,-1,-1,-1,-1,0.067571
39800,401,0,18352,45.765586,0.000000,30.000000,-1,60.122929,60.122929,-1,21,0,1448,14,0,721,2373,0,278,5.596427,3.014664,3.014664,1.000000,0.733713,-1,-1,-1,-1,-1,0.065872
39810,401,0,18110,45.162095,0.000000,30.000000,-1,60.161568,60.161568,-1,22,0,1531,22,0,650,1784,0,282,5.588697,3.046441,3.046441,1.000000,0.735736,-1,-1,-1,-1,-1,0.067456
39820,412,0,18509,44.924757,0.000000,30.000000,-1,60.180129,60.180129,-1,27,0,1553,21,0,669,1869,0,356,5.629659,3.074803,3.074803,1.000000,0.726197,-1,-1,-1,-1,-1,0.068443
39830,390,0,18023,46.212821,0.000000,30.000000,-1,60.162459,60.162459,-1,15,0,1468,24,0,751,1795,0,197,5.831249,3.075954,3.075954,1.000000,0.737324,-1,-1,-1,-1,-1,0.066561
39840,418,0,19047,45.566986,0.000000,30.000000,-1,60.158345,60.158345,-1,20,0,1543,19,0,758,1931,0,259,5.523489,3.034725,3.034725,1.000000,0.738130,-1,-1,-1,-1,-1,0.066599
39850,421,0,19143,45.470309,0.000000,30.000000,-1,60.101760,60.101760,-1,18,0,1689,13,0,719,1999,0,247,5.475225,2.926426,2.926426,1.000000,0.733555,-1,-1,-1,-1,-1,0.064359
39860,395,0,17808,45.083544,0.000000,30.000000,-1,60.099730,60.099730,-1,24,0,1583,28,0,667,1734,0,296,5.845824,3.157793,3.157793,1.000000,0.728042,-1,-1,-1,-1,-1,0.070043
39870,383,0,17160,44.804178,0.000000,30.000000,-1,60.085431,60.085431,-1,23,0,1429,18,0,682,2138,0,265,5.750093,3.091882,3.091882,1.000000,0.723719,-1,-1,-1,-1,-1,0.069009
39880,407,0,18835,46.277641,0.000000,30.000000,-1,60.088930,60.088930,-1,16,0,1714,24,0,688,1866,0,216,5.933516,3.170029,3.170029,1.000000,0.742895,-1,-1,-1,-1,-1,0.068500
39890,414,0,18930,45.724638,0.000000,30.000000,-1,60.060961,60.060961,-1,19,0,1876,14,0,771,2005,0,240,5.562548,2.875456,2.875456,1.000000,0.729106,-1,-1,-1,-1,-1,0.062886
39900,404,0,18347,45.413366,0.000000,30.000000,-1,60.044258,60.044258,-1,20,0,1636,22,0,669,2176,0,265,5.577260,2.968237,2.968237,1.000000,0.724221,-1,-1,-1,-1,-1,0.065360
39910,428,0,19237,44.946262,0.000000,30.000000,-1,60.015543,60.015543,-1,19,0,1725,23,0,726,1949,0,242,5.632074,2.902973,2.902973,1.000000,0.731049,-1,-1,-1,-1,-1,0.064588
39920,409,0,18757,45.860636,0.000000,30.000000,-1,60.004905,60.004905,-1,18,0,1638,21,0,672,2277,0,237,5.532128,2.900751,2.900751,1.000000,0.729781,-1,-1,-1,-1,-1,0.063251
39930,410,0,18789,45.826829,0.000000,30.000000,-1,60.025547,60.025547,-1,19,0,1765,19,0,751,1905,0,235,5.565583,2.946903,2.946903,1.000000,0.731217,-1,-1,-1,-1,-1,0.064305
39940,381,0,17286,45.370079,0.000000,30.000000,-1,59.999769,59.999769,-1,20,0,1538,12,0,640,1603,0,244,6.005010,3.199090,3.199090,1.000000,0.732074,-1,-1,-1,-1,-1,0.070511
39950,379,0,17384,45.868074,0.000000,30.000000,-1,60.021169,60.021169,-1,18,0,1643,17,0,627,1684,0,219,6.071298,3.200344,3.200344,1.000000,0.738344,-1,-1,-1,-1,-1,0.069773
39960,397,0,17727,44.652393,0.000000,30.000000,-1,59.975292,59.975292,-1,23,0,1448,15,0,648,1995,0,311,5.333824,2.877643,2.877643,1.000000,0.720444,-1,-1,-1,-1,-1,0.064445
39970,373,0,16474,44.166220,0.000000,30.000000,-1,59.973352,59.973352,-1,23,0,1476,13,0,608,1806,0,282,5.807038,3.028402,3.028402,1.000000,0.717180,-1,-1,-1,-1,-1,0.068568
39980,381,0,17546,46.052493,0.000000,30.000000,-1,59.922375,59.922375,-1,16,0,1391,18,0,634,1739,0,216,5.193908,2.859898,2.859898,1.000000,0.742291,-1,-1,-1,-1,-1,0.062101
39990,375,0,16724,44.597333,0.000000,30.000000,-1,59.951268,59.951268,-1,25,0,1530,22,0,670,1494,0,311,5.839372,3.111740,3.111740,1.000000,0.725194,-1,-1,-1,-1,-1,0.069774
40000,396,0,17572,44.373737,0.000000,30.000000,-1,59.971773,59.971773,-1,23,0,1502,21,0,638,1587,0,292,5.641117,3.043708,3.043708,1.000000,0.731173,-1,-1,-1,-1,-1,0.068593
40010,381,0,17536,46.026247,0.000000,30.000000,-1,59.984033,59.984033,-1,14,0,1708,21,0,663,2225,0,159,5.962777,3.143460,3.143460,1.000000,0.740590,-1,-1,-1,-1,-1,0.068297
40020,401,0,18061,45.039900,0.000000,30.000000,-1,60.010741,60.010741,-1,25,0,1580,24,0,694,1807,0,330,5.732542,3.077041,3.077041,1.000000,0.721539,-1,-1,-1,-1,-1,0.068318
40030,397,0,18478,46.544081,0.000000,30.000000,-1,60.018833,60.018833,-1,14,0,1476,9,0,649,1534,0,200,5.597855,3.051659,3.051659,1.000000,0.742347,-1,-1,-1,-1,-1,0.065565
40040,387,0,17618,45.524548,0.000000,30.000000,-1,60.038824,60.038824,-1,19,0,1478,17,0,695,1892,0,242,5.723134,3.126380,3.126380,1.000000,0.737510,-1,-1,-1,-1,-1,0.068675
40050,388,0,17811,45.904639,0.000000,30.000000,-1,60.026388,60.026388,-1,15,0,1518,15,0,608,1788,0,183,5.901128,3.069294,3.069294,1.000000,0.739820,-1,-1,-1,-1,-1,0.066862
40060,382,0,17850,46.727749,0.000000,30.000000,-1,60.032549,60.032549,-1,5,0,1633,18,0,687,1731,0,71,5.773387,2.989765,2.989765,1.000000,0.763463,-1,-1,-1,-1,-1,0.063983
40070,385,0,17566,45.625974,0.000000,30.000000,-1,60.061198,60.061198,-1,15,0,1683,17,0,659,1526,0,197,5.781991,2.960866,2.960866,1.000000,0.734372,-1,-1,-1,-1,-1,0.064894
40080,387,0,17674,45.669251,0.000000,30.000000,-1,60.059579,60.059579,-1,21,0,1472,25,0,698,2140,0,259,5.637898,3.077249,3.077249,1.000000,0.730903,-1,-1,-1,-1,-1,0.067381
40090,391,0,17952,45.913043,0.000000,30.000000,-1,60.057877,60.057877,-1,22,0,1476,17,0,707,2091,0,264,5.708009,3.150474,3.150474,1.000000,0.731629,-1,-1,-1,-1,-1,0.068618
40100,391,0,18186,46.511509,0.000000,30.000000,-1,60.043825,60.043825,-1,17,0,1342,17,0,661,1987,0,200,5.789988,3.171405,3.171405,1.000000,0.741160,-1,-1,-1,-1,-1,0.068185
40110,396,0,17390,43.914141,0.000000,30.000000,-1,60.051696,60.051696,-1,24,0,1382,27,0,681,1882,0,293,5.533238,2.944516,2.944516,1.000000,0.726029,-1,-1,-1,-1,-1,0.067052
40120,410,0,18785,45.817073,0.000000,30.000000,-1,60.098057,60.098057,-1,15,0,1897,17,0,698,2080,0,184,5.902131,3.045372,3.045372,1.000000,0.737264,-1,-1,-1,-1,-1,0.066468
40130,389,0,17428,44.802057,0.000000,30.000000,-1,60.105577,60.105577,-1,24,0,1455,24,0,674,1631,0,309,5.802751,3.136776,3.136776,1.000000,0.724622,-1,-1,-1,-1,-1,0.070014
40140,376,0,17050,45.345745,0.000000,30.000000,-1,60.091789,60.091789,-1,20,0,1623,18,0,674,1922,0,283,5.839088,3.161419,3.161419,1.000000,0.739893,-1,-1,-1,-1,-1,0.069718
40150,400,0,17938,44.845000,0.000000,30.000000,-1,60.049169,60.049169,-1,22,0,1735,15,0,747,1972,0,279,5.529614,2.875883,2.875883,1.000000,0.729139,-1,-1,-1,-1,-1,0.064129
40160,393,0,18081,46.007634,0.000000,30.000000,-1,60.076544,60.076544,-1,15,0,1608,25,0,663,2285,0,183,5.595981,2.990230,2.990230,1.000000,0.744316,-1,-1,-1,-1,-1,0.064994
40170,430,0,19622,45.632558,0.000000,30.000000,-1,60.036897,60.036897,-1,18,0,1861,20,0,745,1939,0,215,5.331884,2.704274,2.704274,1.000000,0.733013,-1,-1,-1,-1,-1,0.059262
40180,406,0,18197,44.820197,0.000000,30.000000,-1,60.007529,60.007529,-1,23,0,1612,16,0,749,1529,0,307,5.743385,3.052768,3.052768,1.000000,0.728252,-1,-1,-1,-1,-1,0.068111
40190,418,0,18756,44.870813,0.000000,30.000000,-1,59.997867,59.997867,-1,26,0,1507,11,0,737,2105,0,356,5.682184,3.045089,3.045089,1.000000,0.726097,-1,-1,-1,-1,-1,0.067863
40200,429,0,19709,45.941725,0.000000,30.000000,-1,60.028058,60.028058,-1,19,0,1690,20,0,783,2120,0,234,5.465653,2.948377,2.948377,1.000000,0.742830,-1,-1,-1,-1,-1,0.064176
40210,411,0,18534,45.094891,0.000000,30.000000,-1,60.041114,60.041114,-1,20,0,1480,21,0,739,1996,0,225,5.443401,2.896420,2.896420,1.000000,0.731577,-1,-1,-1,-1,-1,0.064229
40220,429,0,19655,45.815851,0.000000,30.000000,-1,60.076062,60.076062,-1,20,0,1717,17,0,741,1779,0,250,5.609903,3.001485,3.001485,1.000000,0.735457,-1,-1,-1,-1,-1,0.065512
40230,427,0,19521,45.716628,0.000000,30.000000,-1,60.069720,60.069720,-1,17,0,1775,22,0,820,2059,0,239,5.051345,2.660878,2.660878,1.000000,0.740430,-1,-1,-1,-1,-1,0.058204
40240,406,0,18746,46.172414,0.000000,30.000000,-1,60.059746,60.059746,-1,16,0,1778,21,0,721,1773,0,202,5.622326,2.974554,2.974554,1.000000,0.743717,-1,-1,-1,-1,-1,0.064423
40250,397,0,17798,44.831234,0.000000,30.000000,-1,60.045623,60.045623,-1,22,0,1738,24,0,695,1879,0,277,5.988116,3.052667,3.052667,1.000000,0.722497,-1,-1,-1,-1,-1,0.068092
40260,391,0,17799,45.521739,0.000000,30.000000,-1,60.090960,60.090960,-1,18,0,1485,15,0,643,2143,0,228,5.679556,2.991129,2.991129,1.000000,0.733949,-1,-1,-1,-1,-1,0.065708
40270,392,0,18111,46.201531,0.000000,30.000000,-1,60.114516,60.114516,-1,17,0,1530,16,0,732,1643,0,216,6.191611,3.357344,3.357344,1.000000,0.738616,-1,-1,-1,-1,-1,0.072667
40280,407,0,18495,45.442260,0.000000,30.000000,-1,60.090295,60.090295,-1,15,0,1812,17,0,700,2108,0,181,5.516812,2.878531,2.878531,1.000000,0.741412,-1,-1,-1,-1,-1,0.063345
40290,393,0,18055,45.941476,0.000000,30.000000,-1,60.064691,60.064691,-1,19,0,1698,17,0,717,1715,0,239,6.007785,3.091451,3.091451,1.000000,0.728484,-1,-1,-1,-1,-1,0.067291
40300,384,0,17536,45.666667,0.000000,30.000000,-1,60.064211,60.064211,-1,16,0,1471,23,0,643,1984,0,226,5.897330,3.160830,3.160830,1.000000,0.746058,-1,-1,-1,-1,-1,0.069215
40310,413,0,19023,46.060533,0.000000,30.000000,-1,60.126478,60.126478,-1,17,0,1780,15,0,683,2293,0,204,5.612483,3.065368,3.065368,1.000000,0.739333,-1,-1,-1,-1,-1,0.066551
40320,391,0,18022,46.092072,0.000000,30.000000,-1,60.145433,60.145433,-1,17,0,1752,20,0,710,1913,0,225,5.877161,3.053663,3.053663,1.000000,0.735238,-1,-1,-1,-1,-1,0.066251
40330,408,0,18667,45.752451,0.000000,30.000000,-1,60.144747,60.144747,-1,16,0,1767,16,0,685,1649,0,204,5.512918,2.846093,2.846093,1.000000,0.741924,-1,-1,-1,-1,-1,0.062206
40340,409,0,18653,45.606357,0.000000,30.000000,-1,60.167051,60.167051,-1,18,0,1729,20,0,719,1896,0,214,5.616163,2.929652,2.929652,1.000000,0.734173,-1,-1,-1,-1,-1,0.064238
40350,418,0,19066,45.612440,0.000000,30.000000,-1,60.215147,60.215147,-1,21,0,1560,24,0,687,1880,0,255,5.483766,2.976361,2.976361,1.000000,0.743608,-1,-1,-1,-1,-1,0.065253
40360,419,0,18985,45.310263,0.000000,30.000000,-1,60.235344,60.235344,-1,26,0,1661,17,0,693,1960,0,340,5.665722,3.042313,3.042313,1.000000,0.727664,-1,-1,-1,-1,-1,0.067144
40370,397,0,18353,46.229219,0.000000,30.000000,-1,60.234567,60.234567,-1,15,0,1649,21,0,778,1839,0,211,5.665012,2.962072,2.962072,1.000000,0.740894,-1,-1,-1,-1,-1,0.064074
40380,407,0,18755,46.081081,0.000000,30.000000,-1,60.206292,60.206292,-1,14,0,1578,12,0,689,1845,0,173,5.495323,2.940269,2.940269,1.000000,0.744791,-1,-1,-1,-1,-1,0.063806
40390,401,0,18435,45.972569,0.000000,30.000000,-1,60.226200,60.226200,-1,19,0,1882,23,0,752,1873,0,243,5.608743,2.921598,2.921598,1.000000,0.728620,-1,-1,-1,-1,-1,0.063551
40400,397,0,18115,45.629723,0.000000,30.000000,-1,60.172730,60.172730,-1,23,0,1489,18,0,724,2257,0,300,5.637927,3.058127,3.058127,1.000000,0.728410,-1,-1,-1,-1,-1,0.067020
40410,413,0,18749,45.397094,0.000000,30.000000,-1,60.207478,60.207478,-1,17,0,1714,16,0,694,2453,0,183,5.500414,2.957789,2.957789,1.000000,0.746889,-1,-1,-1,-1,-1,0.065154
40420,401,0,17920,44.688279,0.000000,30.000000,-1,60.242132,60.242132,-1,24,0,1570,14,0,732,1559,0,309,5.727190,2.978545,2.978545,1.000000,0.724449,-1,-1,-1,-1,-1,0.066652
40430,388,0,18009,46.414948,0.000000,30.000000,-1,60.220612,60.220612,-1,16,0,1493,29,0,680,1894,0,219,5.710511,3.100363,3.100363,1.000000,0.734146,-1,-1,-1,-1,-1,0.066797
40440,386,0,17880,46.321244,0.000000,30.000000,-1,60.213031,60.213031,-1,14,0,1641,18,0,705,2020,0,179,5.861293,3.181145,3.181145,1.000000,0.753696,-1,-1,-1,-1,-1,0.068676
40450,392,0,17785,45.369898,0.000000,30.000000,-1,60.231487,60.231487,-1,20,0,1575,9,0,698,1582,0,254,5.681013,3.037525,3.037525,1.000000,0.728559,-1,-1,-1,-1,-1,0.066950
40460,397,0,18281,46.047859,0.000000,30.000000,-1,60.188502,60.188502,-1,16,0,1652,22,0,663,2253,0,206,5.846657,3.172655,3.172655,1.000000,0.741382,-1,-1,-1,-1,-1,0.068899
40470,402,0,18205,45.286070,0.000000,30.000000,-1,60.157539,60.157539,-1,23,0,1601,18,0,735,1637,0,292,5.879332,3.120550,3.120550,1.000000,0.731101,-1,-1,-1,-1,-1,0.068907
40480,411,0,18712,45.527981,0.000000,30.000000,-1,60.153110,60.153110,-1,23,0,1567,18,0,694,2100,0,275,5.497748,2.939397,2.939397,1.000000,0.731497,-1,-1,-1,-1,-1,0.064562
40490,403,0,18608,46.173697,0.000000,30.000000,-1,60.168046,60.168046,-1,13,0,1676,25,0,727,1488,0,149,5.511122,2.917154,2.917154,1.000000,0.750194,-1,-1,-1,-1,-1,0.063178
40500,404,0,18628,46.108911,0.000000,30.000000,-1,60.118317,60.118317,-1,13,0,1549,20,0,662,1687,0,168,5.605263,2.937523,2.937523,1.000000,0.741260,-1,-1,-1,-1,-1,0.063708
40510,404,0,18230,45.123762,0.000000,30.000000,-1,60.131322,60.131322,-1,24,0,1637,19,0,721,1700,0,308,5.519343,2.889898,2.889898,1.000000,0.729142,-1,-1,-1,-1,-1,0.064044
40520,397,0,18148,45.712846,0.000000,30.000000,-1,60.094115,60.094115,-1,18,0,1544,20,0,660,2145,0,230,5.540545,3.001017,3.001017,1.000000,0.739778,-1,-1,-1,-1,-1,0.065649
40530,387,0,17756,45.881137,0.000000,30.000000,-1,60.044492,60.044492,-1,14,0,1627,21,0,720,2089,0,191,5.838750,3.071303,3.071303,1.000000,0.745464,-1,-1,-1,-1,-1,0.066940
40540,406,0,18282,45.029557,0.000000,30.000000,-1,60.030303,60.030303,-1,24,0,1551,17,0,676,2334,0,313,5.454893,2.941483,2.941483,1.000000,0.728822,-1,-1,-1,-1,-1,0.065323
40550,393,0,17878,45.491094,0.000000,30.000000,-1,60.010180,60.010180,-1,20,0,1621,22,0,736,1684,0,245,5.859362,3.122462,3.122462,1.000000,0.731411,-1,-1,-1,-1,-1,0.068639
40560,393,0,17613,44.816794,0.000000,30.000000,-1,59.986203,59.986203,-1,27,0,1595,23,0,654,2079,0,350,5.634272,3.039544,3.039544,1.000000,0.720958,-1,-1,-1,-1,-1,0.067822
40570,377,0,17145,45.477454,0.000000,30.000000,-1,59.952989,59.952989,-1,18,0,1555,18,0,605,2133,0,201,5.869194,3.092113,3.092113,1.000000,0.727936,-1,-1,-1,-1,-1,0.067992
40580,401,0,18115,45.174564,0.000000,30.000000,-1,59.913221,59.913221,-1,23,0,1579,8,0,689,1623,0,282,5.677667,2.977005,2.977005,1.000000,0.721171,-1,-1,-1,-1,-1,0.065900
40590,395,0,18233,46.159494,0.000000,30.000000,-1,59.875336,59.875336,-1,17,0,1470,19,0,673,1986,0,212,5.940175,3.251989,3.251989,1.000000,0.746673,-1,-1,-1,-1,-1,0.070451
40600,408,0,18823,46.134804,0.000000,30.000000,-1,59.863093,59.863093,-1,14,0,1480,25,0,771,2015,0,180,5.645469,3.036876,3.036876,1.000000,0.750297,-1,-1,-1,-1,-1,0.065826
40610,405,0,18181,44.891358,0.000000,30.000000,-1,59.828722,59.828722,-1,21,0,1736,18,0,720,1913,0,268,5.819692,3.020637,3.020637,1.000000,0.737761,-1,-1,-1,-1,-1,0.067288
40620,404,0,18269,45.220297,0.000000,30.000000,-1,59.878318,59.878318,-1,25,0,1606,9,0,674,1833,0,326,5.503757,2.964183,2.964183,1.000000,0.724973,-1,-1,-1,-1,-1,0.065550
40630,408,0,18326,44.916667,0.000000,30.000000,-1,59.804158,59.804158,-1,17,0,1879,16,0,766,2103,0,209,5.479908,2.751884,2.751884,1.000000,0.734083,-1,-1,-1,-1,-1,0.061266
40640,383,0,17145,44.765013,0.000000,30.000000,-1,59.825430,59.825430,-1,24,0,1580,26,0,615,1627,0,275,5.961975,3.106781,3.106781,1.000000,0.723560,-1,-1,-1,-1,-1,0.069402
40650,394,0,17212,43.685279,0.000000,30.000000,-1,59.828143,59.828143,-1,29,0,1490,22,0,701,1717,0,352,5.577653,2.875816,2.875816,1.000000,0.708351,-1,-1,-1,-1,-1,0.065830
40660,405,0,18478,45.624691,0.000000,30.000000,-1,59.844031,59.844031,-1,16,0,1910,20,0,694,2089,0,175,5.637993,2.884758,2.884758,1.000000,0.734926,-1,-1,-1,-1,-1,0.063228
40670,386,0,17553,45.474093,0.000000,30.000000,-1,59.844186,59.844186,-1,21,0,1609,19,0,643,2153,0,259,5.869094,3.094883,3.094883,1.000000,0.724178,-1,-1,-1,-1,-1,0.068058
40680,405,0,18235,45.024691,0.000000,30.000000,-1,59.884398,59.884398,-1,24,0,1676,27,0,731,2232,0,289,5.508692,2.880256,2.880256,1.000000,0.727669,-1,-1,-1,-1,-1,0.063971
40690,369,0,16854,45.674797,0.000000,30.000000,-1,59.859677,59.859677,-1,19,0,1519,17,0,648,1279,0,240,6.022905,3.241129,3.241129,1.000000,0.731384,-1,-1,-1,-1,-1,0.070961
40700,395,0,17895,45.303797,0.000000,30.000000,-1,59.879855,59.879855,-1,26,0,1416,18,0,641,1941,0,349,5.564976,3.097472,3.097472,1.000000,0.723410,-1,-1,-1,-1,-1,0.068371
40710,386,0,17409,45.101036,0.000000,30.000000,-1,59.875984,59.875984,-1,16,0,1928,22,0,646,1858,0,202,5.797105,2.942840,2.942840,1.000000,0.735993,-1,-1,-1,-1,-1,0.065250
40720,404,0,18293,45.279703,0.000000,30.000000,-1,59.886131,59.886131,-1,21,0,1785,16,0,686,1964,0,262,5.539719,2.941304,2.941304,1.000000,0.732337,-1,-1,-1,-1,-1,0.064959
40730,411,0,18493,44.995134,0.000000,30.000000,-1,59.879955,59.879955,-1,25,0,1510,17,0,709,1870,0,261,5.294769,2.855233,2.855233,1.000000,0.725229,-1,-1,-1,-1,-1,0.063456
40740,398,0,18038,45.321608,0.000000,30.000000,-1,59.875873,59.875873,-1,21,0,1520,16,0,684,1549,0,281,5.869281,3.131557,3.131557,1.000000,0.732481,-1,-1,-1,-1,-1,0.069096
40750,387,0,17961,46.410853,0.000000,30.000000,-1,59.920160,59.920160,-1,18,0,1352,20,0,634,2125,0,230,5.865357,3.268149,3.268149,1.000000,0.739721,-1,-1,-1,-1,-1,0.070418
40760,391,0,18188,46.516624,0.000000,30.000000,-1,59.902298,59.902298,-1,16,0,1562,14,0,723,1666,0,217,5.767664,3.052273,3.052273,1.000000,0.736928,-1,-1,-1,-1,-1,0.065617
40770,388,0,17642,45.469072,0.000000,30.000000,-1,59.945754,59.945754,-1,20,0,1567,25,0,703,1852,0,269,5.383058,2.917506,2.917506,1.000000,0.737995,-1,-1,-1,-1,-1,0.064165
40780,401,0,18469,46.057357,0.000000,30.000000,-1,59.931128,59.931128,-1,17,0,1587,12,0,755,1818,0,215,5.608241,2.988184,2.988184,1.000000,0.734623,-1,-1,-1,-1,-1,0.064880
40790,406,0,18497,45.559113,0.000000,30.000000,-1,59.872628,59.872628,-1,20,0,1783,15,0,713,2059,0,243,5.740490,3.029390,3.029390,1.000000,0.734266,-1,-1,-1,-1,-1,0.066494
40800,385,0,18089,46.984416,0.000000,30.000000,-1,59.873183,59.873183,-1,10,0,1833,17,0,687,1638,0,132,5.719524,2.940010,2.940010,1.000000,0.752280,-1,-1,-1,-1,-1,0.062574
40810,401,0,17966,44.802993,0.000000,30.000000,-1,59.876044,59.876044,-1,23,0,1784,26,0,713,2025,0,290,5.570031,2.881815,2.881815,1.000000,0.724873,-1,-1,-1,-1,-1,0.064322
40820,384,0,17761,46.252604,0.000000,30.000000,-1,59.834581,59.834581,-1,13,0,1568,32,0,611,1665,0,164,5.825892,3.144718,3.144718,1.000000,0.751091,-1,-1,-1,-1,-1,0.067990
40830,400,0,17961,44.902500,0.000000,30.000000,-1,59.839096,59.839096,-1,22,0,1777,23,0,739,1743,0,289,5.268256,2.674363,2.674363,1.000000,0.722169,-1,-1,-1,-1,-1,0.059559
40840,399,0,18036,45.203008,0.000000,30.000000,-1,59.859947,59.859947,-1,22,0,1620,19,0,630,1848,0,288,5.633619,2.966711,2.966711,1.000000,0.727479,-1,-1,-1,-1,-1,0.065631
40850,426,0,19315,45.340376,0.000000,30.000000,-1,59.840953,59.840953,-1,25,0,1678,19,0,729,1863,0,314,5.370379,2.920948,2.920948,1.000000,0.733922,-1,-1,-1,-1,-1,0.064423
40860,397,0,18069,45.513854,0.000000,30.000000,-1,59.798716,59.798716,-1,20,0,1656,27,0,688,2060,0,247,5.409711,2.809793,2.809793,1.000000,0.723784,-1,-1,-1,-1,-1,0.061735
40870,413,0,19091,46.225182,0.000000,30.000000,-1,59.826567,59.826567,-1,19,0,1750,14,0,743,2191,0,265,5.800076,3.088544,3.088544,1.000000,0.734382,-1,-1,-1,-1,-1,0.066815
40880,404,0,18472,45.722772,0.000000,30.000000,-1,59.812798,59.812798,-1,20,0,1319,10,0,710,2293,0,234,5.559661,2.976289,2.976289,1.000000,0.725673,-1,-1,-1,-1,-1,0.065094
40890,406,0,18481,45.519704,0.000000,30.000000,-1,59.855094,59.855094,-1,20,0,1631,15,0,742,2265,0,252,5.470575,2.920230,2.920230,1.000000,0.733453,-1,-1,-1,-1,-1,0.064153
40900,396,0,18076,45.646465,0.000000,30.000000,-1,59.841171,59.841171,-1,16,0,1661,24,0,703,2038,0,215,5.806474,3.060288,3.060288,1.000000,0.736190,-1,-1,-1,-1,-1,0.067043
40910,410,0,18762,45.760976,0.000000,30.000000,-1,59.834186,59.834186,-1,23,0,1633,14,0,733,2095,0,293,5.641237,3.055163,3.055163,1.000000,0.725598,-1,-1,-1,-1,-1,0.066763
40920,408,0,18510,45.367647,0.000000,30.000000,-1,59.847380,59.847380,-1,23,0,1655,18,0,732,1893,0,288,5.337398,2.853895,2.853895,1.000000,0.728177,-1,-1,-1,-1,-1,0.062906
40930,415,0,18943,45.645783,0.000000,30.000000,-1,59.789368,59.789368,-1,21,0,1660,25,0,744,1981,0,249,5.310980,2.905543,2.905543,1.000000,0.740554,-1,-1,-1,-1,-1,0.063654
40940,414,0,18937,45.741546,0.000000,30.000000,-1,59.735808,59.735808,-1,16,0,1671,24,0,711,1977,0,216,5.455648,2.866586,2.866586,1.000000,0.736496,-1,-1,-1,-1,-1,0.062669
40950,416,0,18707,44.968750,0.000000,30.000000,-1,59.728872,59.728872,-1,23,0,1614,26,0,780,2041,0,300,5.496497,2.906090,2.906090,1.000000,0.723181,-1,-1,-1,-1,-1,0.064625
40960,403,0,18255,45.297767,0.000000,30.000000,-1,59.739250,59.739250,-1,20,0,1676,23,0,680,2036,0,259,5.733578,2.974091,2.974091,1.000000,0.717837,-1,-1,-1,-1,-1,0.065656
40970,400,0,18505,46.262500,0.000000,30.000000,-1,59.763685,59.763685,-1,16,0,1656,14,0,685,1972,0,198,5.873292,3.131708,3.131708,1.000000,0.740716,-1,-1,-1,-1,-1,0.067694
40980,409,0,18726,45.784841,0.000000,30.000000,-1,59.753711,59.753711,-1,15,0,1771,19,0,685,1890,0,168,5.496444,2.883751,2.883751,1.000000,0.742884,-1,-1,-1,-1,-1,0.062985
40990,408,0,18527,45.409314,0.000000,30.000000,-1,59.770875,59.770875,-1,21,0,1642,23,0,728,1616,0,254,5.439094,2.833957,2.833957,1.000000,0.726185,-1,-1,-1,-1,-1,0.062409
41000,406,0,18126,44.645320,0.000000,30.000000,-1,59.752234,59.752234,-1,22,0,1753,31,0,690,1534,0,282,5.710036,2.905141,2.905141,1.000000,0.727805,-1,-1,-1,-1,-1,0.065072
41010,430,0,19402,45.120930,0.000000,30.000000,-1,59.730956,59.730956,-1,23,0,1706,13,0,727,1843,0,277,5.509953,2.929693,2.929693,1.000000,0.728612,-1,-1,-1,-1,-1,0.064930
41020,419,0,19069,45.510740,0.000000,30.000000,-1,59.743143,59.743143,-1,24,0,1437,22,0,742,2193,0,322,5.544741,3.012596,3.012596,1.000000,0.723153,-1,-1,-1,-1,-1,0.066195
41030,404,0,18611,46.066832,0.000000,30.000000,-1,59.711300,59.711300,-1,18,0,1639,18,0,695,1754,0,233,5.833258,3.047459,3.047459,1.000000,0.733287,-1,-1,-1,-1,-1,0.066153
41040,370,0,17180,46.432432,0.000000,30.000000,-1,59.788068,59.788068,-1,18,0,1396,20,0,649,1724,0,232,5.970502,3.243719,3.243719,1.000000,0.736533,-1,-1,-1,-1,-1,0.069859
41050,359,0,16386,45.643454,0.000000,30.000000,-1,59.788600,59.788600,-1,14,0,1414,23,0,616,1571,0,183,5.850588,3.134556,3.134556,1.000000,0.744469,-1,-1,-1,-1,-1,0.068675
41060,358,0,16188,45.217877,0.000000,30.000000,-1,59.757969,59.757969,-1,22,0,1385,19,0,589,1657,0,278,6.091158,3.301765,3.301765,1.000000,0.726999,-1,-1,-1,-1,-1,0.073019
41070,416,0,18837,45.281250,0.000000,30.000000,-1,59.752031,59.752031,-1,23,0,1656,15,0,754,2088,0,293,5.603696,2.981812,2.981812,1.000000,0.729243,-1,-1,-1,-1,-1,0.065851
41080,391,0,17950,45.907928,0.000000,30.000000,-1,59.759610,59.759610,-1,12,0,1574,14,0,691,1494,0,130,5.778106,3.079646,3.079646,1.000000,0.743711,-1,-1,-1,-1,-1,0.067083
41090,396,0,17972,45.383838,0.000000,30.000000,-1,59.780548,59.780548,-1,24,0,1418,18,0,701,1904,0,305,5.721556,3.127049,3.127049,1.000000,0.725350,-1,-1,-1,-1,-1,0.068902
41100,416,0,18911,45.459135,0.000000,30.000000,-1,59.801808,59.801808,-1,18,0,1737,21,0,711,1761,0,226,5.433439,2.844148,2.844148,1.000000,0.733509,-1,-1,-1,-1,-1,0.062565
41110,411,0,18908,46.004866,0.000000,30.000000,-1,59.791252,59.791252,-1,20,0,1440,13,0,718,2137,0,256,5.574543,3.016930,3.016930,1.000000,0.733001,-1,-1,-1,-1,-1,0.065578
41120,415,0,18957,45.679518,0.000000,30.000000,-1,59.745055,59.745055,-1,18,0,1673,25,0,760,2169,0,248,5.200554,2.755385,2.755385,1.000000,0.733021,-1,-1,-1,-1,-1,0.060320
41130,414,0,18421,44.495169,0.000000,30.000000,-1,59.750828,59.750828,-1,30,0,1617,16,0,728,1754,0,381,5.748591,3.054952,3.054952,1.000000,0.715224,-1,-1,-1,-1,-1,0.068658
41140,401,0,18341,45.738155,0.000000,30.000000,-1,59.721716,59.721716,-1,15,0,1727,23,0,682,1702,0,170,5.619186,2.913530,2.913530,1.000000,0.743467,-1,-1,-1,-1,-1,0.063700
41150,391,0,18394,47.043478,0.000000,30.000000,-1,59.764217,59.764217,-1,10,0,1452,15,0,685,1793,0,118,5.692267,3.078650,3.078650,1.000000,0.748859,-1,-1,-1,-1,-1,0.065443
41160,397,0,18178,45.788413,0.000000,30.000000,-1,59.734734,59.734734,-1,14,0,1886,24,0,727,1755,0,182,5.745219,2.942559,2.942559,1.000000,0.740355,-1,-1,-1,-1,-1,0.064264
41170,386,0,17671,45.779793,0.000000,30.000000,-1,59.684625,59.684625,-1,17,0,1380,21,0,654,1757,0,204,5.799093,3.221077,3.221077,1.000000,0.740681,-1,-1,-1,-1,-1,0.070360
41180,392,0,18135,46.262755,0.000000,30.000000,-1,59.745685,59.745685,-1,17,0,1569,16,0,674,1702,0,233,5.531742,2.933030,2.933030,1.000000,0.734444,-1,-1,-1,-1,-1,0.063399
41190,403,0,18683,46.359801,0.000000,30.000000,-1,59.815608,59.815608,-1,16,0,1630,20,0,752,2006,0,192,5.853476,3.090280,3.090280,1.000000,0.739453,-1,-1,-1,-1,-1,0.066659
41200,408,0,18683,45.791667,0.000000,30.000000,-1,59.827597,59.827597,-1,21,0,1527,18,0,702,1879,0,276,5.584334,2.958033,2.958033,1.000000,0.722908,-1,-1,-1,-1,-1,0.064598
41210,399,0,18313,45.897243,0.000000,30.000000,-1,59.795446,59.795446,-1,16,0,1685,19,0,709,1758,0,201,5.751432,3.014769,3.014769,1.000000,0.738064,-1,-1,-1,-1,-1,0.065685
41220,398,0,18082,45.432161,0.000000,30.000000,-1,59.820042,59.820042,-1,15,0,1553,25,0,668,1696,0,199,5.762423,3.018385,3.018385,1.000000,0.736811,-1,-1,-1,-1,-1,0.066437
41230,384,0,17260,44.947917,0.000000,30.000000,-1,59.783024,59.783024,-1,22,0,1656,20,0,679,1762,0,270,6.183176,3.218651,3.218651,1.000000,0.723694,-1,-1,-1,-1,-1,0.071608
41240,395,0,18452,46.713924,0.000000,30.000000,-1,59.826469,59.826469,-1,17,0,1681,24,0,643,1781,0,210,5.781919,3.097587,3.097587,1.000000,0.729171,-1,-1,-1,-1,-1,0.066310
41250,413,0,19165,46.404358,0.000000,30.000000,-1,59.846491,59.846491,-1,11,0,1655,16,0,712,2079,0,142,5.775233,3.011519,3.011519,1.000000,0.747857,-1,-1,-1,-1,-1,0.064897
41260,409,0,18595,45.464548,0.000000,30.000000,-1,59.846357,59.846357,-1,16,0,1930,21,0,691,2197,0,185,5.678858,2.890824,2.890824,1.000000,0.736690,-1,-1,-1,-1,-1,0.063584
41270,416,0,18467,44.391827,0.000000,30.000000,-1,59.870526,59.870526,-1,29,0,1747,17,0,736,1804,0,360,5.685648,2.966595,2.966595,1.000000,0.713025,-1,-1,-1,-1,-1,0.066828
41280,398,0,18008,45.246231,0.000000,30.000000,-1,59.905820,59.905820,-1,24,0,1696,24,0,715,1938,0,317,5.714361,2.963791,2.963791,1.000000,0.714288,-1,-1,-1,-1,-1,0.065504
41290,413,0,18592,45.016949,0.000000,30.000000,-1,59.932444,59.932444,-1,24,0,1544,17,0,675,1947,0,312,5.823636,3.086737,3.086737,1.000000,0.724823,-1,-1,-1,-1,-1,0.068568
41300,395,0,17930,45.392405,0.000000,30.000000,-1,59.925432,59.925432,-1,21,0,1613,23,0,696,1662,0,258,5.815046,3.090439,3.090439,1.000000,0.723549,-1,-1,-1,-1,-1,0.068083
41310,414,0,18729,45.239130,0.000000,30.000000,-1,59.928079,59.928079,-1,25,0,1463,28,0,709,2130,0,347,5.357527,2.973161,2.973161,1.000000,0.727956,-1,-1,-1,-1,-1,0.065721
41320,400,0,18330,45.825000,0.000000,30.000000,-1,59.947900,59.947900,-1,17,0,1694,22,0,657,1936,0,230,5.637275,3.029867,3.029868,1.000000,0.736757,-1,-1,-1,-1,-1,0.066118
41330,429,0,19426,45.282051,0.000000,30.000000,-1,59.951405,59.951405,-1,27,0,1689,17,0,752,1851,0,340,5.417421,2.912083,2.912083,1.000000,0.726139,-1,-1,-1,-1,-1,0.064310
41340,423,0,18911,44.706856,0.000000,30.000000,-1,59.918566,59.918566,-1,27,0,1687,21,0,739,1671,0,355,5.214480,2.738351,2.738351,1.000000,0.719928,-1,-1,-1,-1,-1,0.061251
41350,417,0,19044,45.669065,0.000000,30.000000,-1,59.908213,59.908213,-1,20,0,1762,18,0,761,1822,0,230,5.571690,2.900047,2.900047,1.000000,0.724466,-1,-1,-1,-1,-1,0.063501
41360,398,0,18440,46.331658,0.000000,30.000000,-1,59.872126,59.872126,-1,13,0,1527,25,0,670,1733,0,152,5.525362,2.983731,2.983731,1.000000,0.740818,-1,-1,-1,-1,-1,0.064399
41370,392,0,18061,46.073980,0.000000,30.000000,-1,59.873983,59.873983,-1,8,0,1804,16,0,673,1955,0,99,5.754702,2.946099,2.946099,1.000000,0.749305,-1,-1,-1,-1,-1,0.063943
41380,399,0,18351,45.992481,0.000000,30.000000,-1,59.923056,59.923056,-1,13,0,1689,18,0,692,1624,0,168,5.930763,3.068163,3.068163,1.000000,0.748393,-1,-1,-1,-1,-1,0.066710
41390,387,0,17480,45.167959,0.000000,30.000000,-1,59.977231,59.977231,-1,20,0,1577,21,0,674,1432,0,267,5.700319,3.032424,3.032424,1.000000,0.728948,-1,-1,-1,-1,-1,0.067137
41400,396,0,18050,45.580808,0.000000,30.000000,-1,59.989252,59.989252,-1,23,0,1420,14,0,655,1851,0,269,5.855496,3.188396,3.188396,1.000000,0.723449,-1,-1,-1,-1,-1,0.069950
41410,410,0,19017,46.382927,0.000000,30.000000,-1,59.992691,59.992691,-1,17,0,1396,11,0,741,2223,0,212,5.908634,3.259291,3.259291,1.000000,0.741079,-1,-1,-1,-1,-1,0.070269
41420,400,0,17993,44.982500,0.000000,30.000000,-1,59.981270,59.981270,-1,20,0,1742,23,0,660,1973,0,237,5.463113,2.854983,2.854983,1.000000,0.730154,-1,-1,-1,-1,-1,0.063469
41430,400,0,18082,45.205000,0.000000,30.000000,-1,59.942429,59.942429,-1,23,0,1851,17,0,676,2001,0,317,5.756122,2.928878,2.928878,1.000000,0.722869,-1,-1,-1,-1,-1,0.064791
41440,397,0,18200,45.843829,0.000000,30.000000,-1,59.946648,59.946648,-1,19,0,1842,11,0,653,2348,0,224,5.892813,3.159244,3.159244,1.000000,0.737135,-1,-1,-1,-1,-1,0.068913
41450,400,0,18007,45.017500,0.000000,30.000000,-1,59.926751,59.926751,-1,23,0,1699,15,0,703,1888,0,278,5.746251,3.085356,3.085356,1.000000,0.739298,-1,-1,-1,-1,-1,0.068537
41460,417,0,19211,46.069544,0.000000,30.000000,-1,59.971787,59.971787,-1,15,0,1798,18,0,712,1876,0,205,5.692169,2.977524,2.977524,1.000000,0.738556,-1,-1,-1,-1,-1,0.064631
41470,396,0,17728,44.767677,0.000000,30.000000,-1,59.953633,59.953633,-1,25,0,1817,24,0,695,1773,0,326,5.802888,3.082273,3.082273,1.000000,0.726470,-1,-1,-1,-1,-1,0.068850
41480,409,0,18749,45.841076,0.000000,30.000000,-1,59.906875,59.906875,-1,16,0,1719,16,0,710,1755,0,203,5.718205,2.970700,2.970700,1.000000,0.737721,-1,-1,-1,-1,-1,0.064804
41490,394,0,18023,45.743655,0.000000,30.000000,-1,59.924374,59.924374,-1,13,0,1849,14,0,707,1980,0,155,6.024496,3.043670,3.043670,1.000000,0.740906,-1,-1,-1,-1,-1,0.066538
41500,395,0,18211,46.103797,0.000000,30.000000,-1,59.932129,59.932129,-1,15,0,1586,19,0,709,1775,0,173,5.762316,3.117672,3.117672,1.000000,0.745320,-1,-1,-1,-1,-1,0.067623
41510,389,0,18026,46.339332,0.000000,30.000000,-1,59.935926,59.935926,-1,13,0,1433,19,0,625,1938,0,171,5.944504,3.231772,3.231772,1.000000,0.749372,-1,-1,-1,-1,-1,0.069741
41520,421,0,18750,44.536817,0.000000,30.000000,-1,59.918720,59.918720,-1,27,0,1839,19,0,789,1940,0,342,5.757567,2.935907,2.935907,1.000000,0.713814,-1,-1,-1,-1,-1,0.065921
41530,399,0,18241,45.716792,0.000000,30.000000,-1,59.887232,59.887232,-1,17,0,1670,14,0,675,2065,0,238,5.693723,3.076894,3.076894,1.000000,0.740117,-1,-1,-1,-1,-1,0.067303
41540,394,0,18106,45.954315,0.000000,30.000000,-1,59.894565,59.894565,-1,17,0,1440,23,0,714,1844,0,215,5.963394,3.258385,3.258385,1.000000,0.738187,-1,-1,-1,-1,-1,0.070905
41550,381,0,18011,47.272966,0.000000,30.000000,-1,59.936539,59.936539,-1,8,0,1627,18,0,675,1936,0,97,5.997151,3.230883,3.230883,1.000000,0.753260,-1,-1,-1,-1,-1,0.068345
41560,421,0,19121,45.418052,0.000000,30.000000,-1,59.932378,59.932378,-1,17,0,1805,16,0,738,2085,0,203,5.712275,2.892860,2.892860,1.000000,0.737008,-1,-1,-1,-1,-1,0.063694
41570,428,0,19380,45.280374,0.000000,30.000000,-1,59.935707,59.935707,-1,23,0,1865,19,0,752,2046,0,298,5.680258,2.908304,2.908304,1.000000,0.723311,-1,-1,-1,-1,-1,0.064229
41580,409,0,18932,46.288509,0.000000,30.000000,-1,59.887598,59.887598,-1,17,0,1777,22,0,694,1798,0,224,5.838262,3.072438,3.072438,1.000000,0.731249,-1,-1,-1,-1,-1,0.066376
41590,399,0,18205,45.626566,0.000000,30.000000,-1,59.910904,59.910904,-1,16,0,1630,27,0,730,1714,0,213,5.609074,2.984315,2.984315,1.000000,0.739691,-1,-1,-1,-1,-1,0.065407
41600,401,0,18061,45.039900,0.000000,30.000000,-1,59.905432,59.905432,-1,22,0,1597,17,0,775,2071,0,252,5.747654,3.006571,3.006571,1.000000,0.723728,-1,-1,-1,-1,-1,0.066754
41610,390,0,17884,45.856410,0.000000,30.000000,-1,59.948390,59.948390,-1,17,0,1361,23,0,664,1759,0,212,5.606994,3.057109,3.057109,1.000000,0.738562,-1,-1,-1,-1,-1,0.066667
41620,402,0,18355,45.659204,0.000000,30.000000,-1,59.906129,59.906129,-1,19,0,1459,15,0,728,1595,0,218,5.704660,3.057837,3.057837,1.000000,0.732692,-1,-1,-1,-1,-1,0.066971
41630,405,0,18020,44.493827,0.000000,30.000000,-1,59.914373,59.914373,-1,23,0,1900,24,0,682,1525,0,299,5.548325,2.793298,2.793298,1.000000,0.719725,-1,-1,-1,-1,-1,0.062779
41640,368,0,17217,46.785326,0.000000,30.000000,-1,59.899228,59.899228,-1,12,0,1415,15,0,679,1635,0,172,5.761144,3.088494,3.088494,1.000000,0.744645,-1,-1,-1,-1,-1,0.066014
41650,382,0,17726,46.403141,0.000000,30.000000,-1,59.906634,59.906634,-1,12,0,1608,19,0,617,1786,0,158,5.849119,3.031148,3.031148,1.000000,0.738059,-1,-1,-1,-1,-1,0.065322
41660,390,0,17717,45.428205,0.000000,30.000000,-1,59.887396,59.887396,-1,13,0,1855,13,0,712,1803,0,137,5.530335,2.794289,2.794289,1.000000,0.743140,-1,-1,-1,-1,-1,0.061510
41670,386,0,17459,45.230570,0.000000,30.000000,-1,59.884415,59.884415,-1,20,0,1729,17,0,658,1709,0,246,5.851248,3.066405,3.066405,1.000000,0.724920,-1,-1,-1,-1,-1,0.067795
41680,407,0,18515,45.491400,0.000000,30.000000,-1,59.906616,59.906616,-1,17,0,1554,12,0,703,1897,0,193,5.541770,2.934811,2.934811,1.000000,0.734507,-1,-1,-1,-1,-1,0.064514
41690,399,0,18239,45.711779,0.000000,30.000000,-1,59.884807,59.884807,-1,17,0,1447,22,0,651,1947,0,198,5.674668,3.081627,3.081627,1.000000,0.740083,-1,-1,-1,-1,-1,0.067414
41700,418,0,19114,45.727273,0.000000,30.000000,-1,59.877995,59.877995,-1,19,0,1670,22,0,761,1834,0,220,5.372619,2.845882,2.845882,1.000000,0.736317,-1,-1,-1,-1,-1,0.062236
41710,408,0,18361,45.002451,0.000000,30.000000,-1,59.889167,59.889167,-1,22,0,1578,24,0,718,1779,0,270,5.618219,2.973751,2.973751,1.000000,0.723515,-1,-1,-1,-1,-1,0.066080
41720,406,0,18936,46.640394,0.000000,30.000000,-1,59.937262,59.937262,-1,14,0,1617,25,0,704,1808,0,185,5.540268,2.893816,2.893816,1.000000,0.740972,-1,-1,-1,-1,-1,0.062045
41730,410,0,18394,44.863415,0.000000,30.000000,-1,59.914374,59.914374,-1,28,0,1621,19,0,712,2158,0,346,5.645124,3.006909,3.006909,1.000000,0.713243,-1,-1,-1,-1,-1,0.067024
41740,404,0,18454,45.678218,0.000000,30.000000,-1,59.913244,59.913244,-1,17,0,1690,27,0,720,1693,0,218,5.533677,2.822758,2.822758,1.000000,0.720836,-1,-1,-1,-1,-1,0.061797
41750,404,0,18532,45.871287,0.000000,30.000000,-1,59.917710,59.917710,-1,20,0,1603,16,0,767,2156,0,254,5.603539,2.946791,2.946791,1.000000,0.721782,-1,-1,-1,-1,-1,0.064240
41760,401,0,18362,45.790524,0.000000,30.000000,-1,59.874850,59.874850,-1,18,0,1590,24,0,691,2189,0,205,5.642613,2.974178,2.974178,1.000000,0.730242,-1,-1,-1,-1,-1,0.064952
41770,385,0,17162,44.576623,0.000000,30.000000,-1,59.920872,59.920872,-1,25,0,1360,16,0,700,2088,0,346,5.753530,3.015116,3.015116,1.000000,0.714005,-1,-1,-1,-1,-1,0.067639
41780,381,0,17637,46.291339,0.000000,30.000000,-1,59.994443,59.994443,-1,14,0,1572,19,0,674,1917,0,181,5.979167,3.128820,3.128820,1.000000,0.737845,-1,-1,-1,-1,-1,0.067590
41790,405,0,18632,46.004938,0.000000,30.000000,-1,60.026728,60.026728,-1,15,0,1590,21,0,721,1756,0,187,5.608449,2.997371,2.997371,1.000000,0.743782,-1,-1,-1,-1,-1,0.065153
41800,414,0,18557,44.823671,0.000000,30.000000,-1,60.065689,60.065689,-1,20,0,1877,24,0,756,2075,0,262,5.621437,2.766071,2.766071,1.000000,0.717585,-1,-1,-1,-1,-1,0.061710
41810,397,0,18302,46.100756,0.000000,30.000000,-1,60.058518,60.058518,-1,14,0,1403,25,0,633,1976,0,166,5.918700,3.053232,3.053232,1.000000,0.739780,-1,-1,-1,-1,-1,0.066230
41820,406,0,18259,44.972906,0.000000,30.000000,-1,60.133742,60.133742,-1,27,0,1615,25,0,690,1674,0,334,5.539991,2.853218,2.853218,1.000000,0.699813,-1,-1,-1,-1,-1,0.063443
41830,393,0,18273,46.496183,0.000000,30.000000,-1,60.132709,60.132709,-1,15,0,1509,19,0,656,1691,0,184,5.810915,3.072582,3.072582,1.000000,0.727009,-1,-1,-1,-1,-1,0.066082
41840,400,0,18166,45.415000,0.000000,30.000000,-1,60.130188,60.130188,-1,21,0,1657,18,0,674,1833,0,259,5.912035,3.058025,3.058025,1.000000,0.722447,-1,-1,-1,-1,-1,0.067335
41850,416,0,19129,45.983173,0.000000,30.000000,-1,60.146270,60.146270,-1,22,0,1529,14,0,734,1810,0,278,5.457496,3.018237,3.018237,1.000000,0.731076,-1,-1,-1,-1,-1,0.065638
41860,394,0,17967,45.601523,0.000000,30.000000,-1,60.124617,60.124617,-1,23,0,1453,25,0,730,2141,0,297,5.567765,2.980036,2.980036,1.000000,0.712527,-1,-1,-1,-1,-1,0.065349
41870,406,0,18729,46.130542,0.000000,30.000000,-1,60.066207,60.066207,-1,15,0,1456,21,0,645,1797,0,153,5.536650,2.961004,2.961004,1.000000,0.726478,-1,-1,-1,-1,-1,0.064188
41880,394,0,18106,45.954315,0.000000,30.000000,-1,60.068707,60.068707,-1,17,0,1568,16,0,770,1788,0,194,5.685753,3.059836,3.059836,1.000000,0.735181,-1,-1,-1,-1,-1,0.066584
41890,394,0,18280,46.395939,0.000000,30.000000,-1,60.100930,60.100930,-1,18,0,1435,13,0,661,2049,0,238,5.776737,3.137815,3.137815,1.000000,0.729324,-1,-1,-1,-1,-1,0.067631
41900,404,0,18322,45.351485,0.000000,30.000000,-1,60.105229,60.105229,-1,17,0,1831,26,0,765,2193,0,230,5.774330,2.868881,2.868881,1.000000,0.726118,-1,-1,-1,-1,-1,0.063259
41910,398,0,17920,45.025126,0.000000,30.000000,-1,60.116685,60.116685,-1,23,0,1621,20,0,706,1743,0,312,5.835557,3.002343,3.002343,1.000000,0.716882,-1,-1,-1,-1,-1,0.066682
41920,410,0,19297,47.065854,0.000000,30.000000,-1,60.103021,60.103021,-1,13,0,1573,24,0,729,2231,0,147,5.664295,3.015147,3.015147,1.000000,0.736381,-1,-1,-1,-1,-1,0.064062
41930,395,0,17598,44.551899,0.000000,30.000000,-1,60.092738,60.092738,-1,25,0,1693,20,0,715,2242,0,319,5.774845,2.982178,2.982178,1.000000,0.708368,-1,-1,-1,-1,-1,0.066937
41940,376,0,17077,45.417553,0.000000,30.000000,-1,60.103531,60.103531,-1,16,0,1427,15,0,651,2164,0,199,5.647513,2.981286,2.981286,1.000000,0.732481,-1,-1,-1,-1,-1,0.065642
41950,384,0,17693,46.075521,0.000000,30.000000,-1,60.098627,60.098627,-1,17,0,1581,22,0,687,1815,0,225,5.940981,3.177199,3.177199,1.000000,0.728138,-1,-1,-1,-1,-1,0.068956
41960,409,0,18464,45.144254,0.000000,30.000000,-1,60.113572,60.113572,-1,22,0,1692,16,0,763,1857,0,280,5.743068,3.033274,3.033274,1.000000,0.727177,-1,-1,-1,-1,-1,0.067191
41970,415,0,19457,46.884337,0.000000,30.000000,-1,60.075911,60.075911,-1,12,0,1677,28,0,693,2059,0,146,5.654022,2.926816,2.926816,1.000000,0.731532,-1,-1,-1,-1,-1,0.062426
41980,418,0,18962,45.363636,0.000000,30.000000,-1,60.089548,60.089548,-1,19,0,1942,25,0,752,1728,0,232,5.636479,2.842103,2.842103,1.000000,0.721999,-1,-1,-1,-1,-1,0.062652
41990,414,0,18397,44.437198,0.000000,30.000000,-1,60.104147,60.104147,-1,27,0,1455,16,0,699,1864,0,327,5.576236,2.939522,2.939522,1.000000,0.712906,-1,-1,-1,-1,-1,0.066150
42000,420,0,18868,44.923810,0.000000,30.000000,-1,60.043725,60.043725,-1,28,0,1763,16,0,753,2428,0,341,5.534321,2.871858,2.871858,1.000000,0.710596,-1,-1,-1,-1,-1,0.063927
42010,403,0,18290,45.384615,0.000000,30.000000,-1,60.007436,60.007436,-1,20,0,1592,18,0,710,1933,0,250,5.574994,2.946098,2.946098,1.000000,0.721517,-1,-1,-1,-1,-1,0.064914
42020,404,0,18382,45.500000,0.000000,30.000000,-1,60.058046,60.058046,-1,20,0,1762,16,0,690,1776,0,268,5.681220,3.011555,3.011555,1.000000,0.725540,-1,-1,-1,-1,-1,0.066188
42030,426,0,19474,45.713615,0.000000,30.000000,-1,60.026291,60.026291,-1,17,0,1688,21,0,748,2215,0,203,5.684511,2.914639,2.914639,1.000000,0.733019,-1,-1,-1,-1,-1,0.063759
42040,428,0,19159,44.764019,0.000000,30.000000,-1,59.947701,59.947701,-1,21,0,1905,27,0,757,1693,0,279,5.374993,2.730703,2.730703,1.000000,0.714723,-1,-1,-1,-1,-1,0.061002
42050,417,0,18891,45.302158,0.000000,30.000000,-1,59.930867,59.930867,-1,25,0,1677,25,0,733,2373,0,328,5.401670,2.842649,2.842649,1.000000,0.716847,-1,-1,-1,-1,-1,0.062749
42060,409,0,19195,46.931540,0.000000,30.000000,-1,59.935191,59.935191,-1,16,0,1548,20,0,733,2181,0,198,5.830009,3.084417,3.084417,1.000000,0.729802,-1,-1,-1,-1,-1,0.065722
42070,435,0,19995,45.965517,0.000000,30.000000,-1,59.933033,59.933033,-1,15,0,1890,16,0,789,2439,0,186,5.468695,2.782317,2.782317,1.000000,0.733919,-1,-1,-1,-1,-1,0.060531
42080,398,0,17913,45.007538,0.000000,30.000000,-1,59.858706,59.858706,-1,20,0,1700,21,0,717,1824,0,253,5.579805,2.787867,2.787867,1.000000,0.707496,-1,-1,-1,-1,-1,0.061942
42090,400,0,18142,45.355000,0.000000,30.000000,-1,59.887388,59.887388,-1,18,0,1622,21,0,734,1825,0,217,5.650188,2.845645,2.845645,1.000000,0.720771,-1,-1,-1,-1,-1,0.062742
42100,403,0,18414,45.692308,0.000000,30.000000,-1,59.861084,59.861084,-1,17,0,1647,24,0,682,2048,0,210,5.553127,2.919046,2.919046,1.000000,0.723753,-1,-1,-1,-1,-1,0.063885
42110,408,0,18319,44.899510,0.000000,30.000000,-1,59.899558,59.899558,-1,24,0,1674,12,0,730,1970,0,280,5.825106,2.999473,2.999473,1.000000,0.713674,-1,-1,-1,-1,-1,0.066804
42120,393,0,18403,46.826972,0.000000,30.000000,-1,59.894039,59.894039,-1,9,0,1878,23,0,688,1635,0,116,5.559574,2.839554,2.839554,1.000000,0.741642,-1,-1,-1,-1,-1,0.060639
42130,442,0,19504,44.126697,0.000000,30.000000,-1,59.875308,59.875308,-1,26,0,1895,12,0,789,1733,0,310,5.490305,2.658765,2.658765,1.000000,0.705123,-1,-1,-1,-1,-1,0.060253
42140,415,0,19044,45.889157,0.000000,30.000000,-1,59.818158,59.818158,-1,13,0,1706,27,0,704,1841,0,140,5.510239,2.745067,2.745067,1.000000,0.736595,-1,-1,-1,-1,-1,0.059820
42150,420,0,19438,46.280952,0.000000,30.000000,-1,59.839798,59.839798,-1,16,0,1660,22,0,745,2217,0,212,5.388715,2.800174,2.800174,1.000000,0.737694,-1,-1,-1,-1,-1,0.060504
42160,387,0,17464,45.126615,0.000000,30.000000,-1,59.816651,59.816651,-1,15,0,1812,18,0,659,2084,0,174,5.927825,2.930856,2.930856,1.000000,0.725115,-1,-1,-1,-1,-1,0.064947
42170,405,0,18167,44.856790,0.000000,30.000000,-1,59.844443,59.844443,-1,25,0,1543,21,0,695,2377,0,317,5.747467,3.038777,3.038777,1.000000,0.713931,-1,-1,-1,-1,-1,0.067744
42180,385,0,17677,45.914286,0.000000,30.000000,-1,59.819936,59.819936,-1,17,0,1646,20,0,696,1829,0,200,5.855014,3.048140,3.048140,1.000000,0.719741,-1,-1,-1,-1,-1,0.066388
42190,409,0,18572,45.408313,0.000000,30.000000,-1,59.812406,59.812406,-1,20,0,1683,18,0,664,1737,0,258,5.549392,2.915272,2.915272,1.000000,0.728758,-1,-1,-1,-1,-1,0.064201
42200,398,0,18104,45.487437,0.000000,30.000000,-1,59.778612,59.778612,-1,16,0,1570,20,0,712,2065,0,209,5.628431,2.848118,2.848118,1.000000,0.725834,-1,-1,-1,-1,-1,0.062613
42210,405,0,18537,45.770370,0.000000,30.000000,-1,59.777472,59.777472,-1,13,0,1806,18,0,734,2128,0,171,5.829647,2.936921,2.936921,1.000000,0.729950,-1,-1,-1,-1,-1,0.064166
42220,405,0,18576,45.866667,0.000000,30.000000,-1,59.791882,59.791882,-1,18,0,1661,9,0,741,1994,0,229,5.777230,3.043816,3.043816,1.000000,0.731418,-1,-1,-1,-1,-1,0.066362
42230,393,0,17692,45.017812,0.000000,30.000000,-1,59.831901,59.831901,-1,26,0,1550,14,0,683,1510,0,335,5.505551,2.966883,2.966883,1.000000,0.716078,-1,-1,-1,-1,-1,0.065905
42240,407,0,18628,45.769042,0.000000,30.000000,-1,59.850762,59.850762,-1,16,0,1716,25,0,750,1866,0,197,5.922037,3.066146,3.066146,1.000000,0.734612,-1,-1,-1,-1,-1,0.066992
42250,415,0,18708,45.079518,0.000000,30.000000,-1,59.837556,59.837556,-1,21,0,1586,15,0,671,2072,0,271,5.865480,2.966648,2.966648,1.000000,0.726403,-1,-1,-1,-1,-1,0.065809
42260,402,0,18213,45.305970,0.000000,30.000000,-1,59.824466,59.824466,-1,18,0,1675,19,0,657,1908,0,237,5.697609,2.869318,2.869318,1.000000,0.719809,-1,-1,-1,-1,-1,0.063332
42270,403,0,18296,45.399504,0.000000,30.000000,-1,59.819141,59.819141,-1,20,0,1740,19,0,686,2054,0,263,5.634006,2.883738,2.883738,1.000000,0.726659,-1,-1,-1,-1,-1,0.063519
42280,418,0,18825,45.035885,0.000000,30.000000,-1,59.812324,59.812324,-1,23,0,1692,21,0,697,1966,0,275,5.507507,2.831465,2.831465,1.000000,0.719865,-1,-1,-1,-1,-1,0.062871
42290,417,0,18775,45.023981,0.000000,30.000000,-1,59.876644,59.876644,-1,26,0,1757,17,0,734,2016,0,316,5.572903,2.851386,2.851386,1.000000,0.709924,-1,-1,-1,-1,-1,0.063330
42300,401,0,18065,45.049875,0.000000,30.000000,-1,59.823637,59.823637,-1,25,0,1498,13,0,714,1989,0,309,5.810628,3.121090,3.121090,1.000000,0.719512,-1,-1,-1,-1,-1,0.069281
42310,410,0,18989,46.314634,0.000000,30.000000,-1,59.810153,59.810153,-1,15,0,1626,14,0,741,2266,0,186,5.626242,2.941702,2.941702,1.000000,0.739157,-1,-1,-1,-1,-1,0.063516
42320,401,0,18069,45.059850,0.000000,30.000000,-1,59.788588,59.788588,-1,23,0,1650,21,0,697,2040,0,324,5.494617,2.868404,2.868404,1.000000,0.718310,-1,-1,-1,-1,-1,0.063658
42330,400,0,17679,44.197500,0.000000,30.000000,-1,59.736241,59.736241,-1,27,0,1419,18,0,690,2015,0,357,5.462443,2.885652,2.885652,1.000000,0.707540,-1,-1,-1,-1,-1,0.065290
42340,384,0,17809,46.377604,0.000000,30.000000,-1,59.761020,59.761020,-1,15,0,1522,13,0,656,2021,0,192,5.722376,2.995009,2.995009,1.000000,0.731914,-1,-1,-1,-1,-1,0.064579
42350,395,0,18000,45.569620,0.000000,30.000000,-1,59.699778,59.699778,-1,22,0,1585,20,0,646,2184,0,300,5.863415,3.090171,3.090171,1.000000,0.729147,-1,-1,-1,-1,-1,0.067812
42360,390,0,17957,46.043590,0.000000,30.000000,-1,59.699616,59.699616,-1,15,0,1561,20,0,645,1733,0,190,5.684712,2.950208,2.950208,1.000000,0.728656,-1,-1,-1,-1,-1,0.064074
42370,393,0,17653,44.918575,0.000000,30.000000,-1,59.732340,59.732340,-1,27,0,1451,19,0,686,2329,0,342,5.613108,3.046531,3.046531,1.000000,0.716966,-1,-1,-1,-1,-1,0.067823
42380,392,0,17875,45.599490,0.000000,30.000000,-1,59.704671,59.704671,-1,17,0,1653,21,0,662,1645,0,225,5.781933,2.958956,2.958956,1.000000,0.720908,-1,-1,-1,-1,-1,0.064890
42390,396,0,17811,44.977273,0.000000,30.000000,-1,59.684689,59.684689,-1,23,0,1268,24,0,701,1739,0,280,5.500693,2.927959,2.927959,1.000000,0.720731,-1,-1,-1,-1,-1,0.065099
42400,389,0,17906,46.030848,0.000000,30.000000,-1,59.632302,59.632302,-1,17,0,1492,20,0,671,1703,0,213,5.907517,3.114763,3.114763,1.000000,0.729109,-1,-1,-1,-1,-1,0.067667
42410,389,0,17821,45.812339,0.000000,30.000000,-1,59.617698,59.617698,-1,15,0,1444,20,0,642,1888,0,185,5.931191,3.143115,3.143115,1.000000,0.736374,-1,-1,-1,-1,-1,0.068608
42420,405,0,17885,44.160494,0.000000,30.000000,-1,59.579536,59.579536,-1,25,0,1546,21,0,680,1986,0,333,5.541543,2.915188,2.915188,1.000000,0.715310,-1,-1,-1,-1,-1,0.066013
42430,405,0,18253,45.069136,0.000000,30.000000,-1,59.566647,59.566647,-1,23,0,1352,15,0,685,1679,0,297,5.669288,3.001964,3.001964,1.000000,0.715573,-1,-1,-1,-1,-1,0.066608
42440,407,0,18484,45.415233,0.000000,30.000000,-1,59.559132,59.559132,-1,19,0,1739,13,0,733,2258,0,242,5.591090,2.867492,2.867492,1.000000,0.717651,-1,-1,-1,-1,-1,0.063139
42450,433,0,19457,44.935335,0.000000,30.000000,-1,59.578301,59.578301,-1,24,0,1702,16,0,744,1868,0,297,5.598465,2.820209,2.820209,1.000000,0.708954,-1,-1,-1,-1,-1,0.062761
42460,409,0,18350,44.865526,0.000000,30.000000,-1,59.578801,59.578801,-1,25,0,1544,24,0,710,2161,0,302,5.713940,2.925599,2.925599,1.000000,0.706817,-1,-1,-1,-1,-1,0.065208
42470,391,0,17896,45.769821,0.000000,30.000000,-1,59.503185,59.503185,-1,21,0,1439,16,0,718,1818,0,280,5.844668,3.149364,3.149364,1.000000,0.721888,-1,-1,-1,-1,-1,0.068809
42480,394,0,18210,46.218274,0.000000,30.000000,-1,59.446623,59.446623,-1,15,0,1672,23,0,674,1784,0,180,5.850246,3.081226,3.081226,1.000000,0.732307,-1,-1,-1,-1,-1,0.066667
42490,380,0,17637,46.413158,0.000000,30.000000,-1,59.420366,59.420366,-1,16,0,1355,26,0,639,1809,0,193,5.952888,3.221674,3.221674,1.000000,0.737897,-1,-1,-1,-1,-1,0.069413
42500,403,0,18459,45.803970,0.000000,30.000000,-1,59.416870,59.416870,-1,22,0,1695,20,0,702,1844,0,272,5.733878,3.072219,3.072219,1.000000,0.722708,-1,-1,-1,-1,-1,0.067073
42510,396,0,17969,45.376263,0.000000,30.000000,-1,59.412655,59.412655,-1,15,0,1835,26,0,682,1967,0,206,5.645670,2.904595,2.904595,1.000000,0.730247,-1,-1,-1,-1,-1,0.064011
42520,410,0,18433,44.958537,0.000000,30.000000,-1,59.472522,59.472522,-1,21,0,1611,21,0,697,2299,0,256,5.603219,2.944458,2.944458,1.000000,0.722638,-1,-1,-1,-1,-1,0.065493
42530,428,0,19589,45.768692,0.000000,30.000000,-1,59.515851,59.515851,-1,16,0,1844,14,0,753,1949,0,178,5.518408,2.793564,2.793564,1.000000,0.725702,-1,-1,-1,-1,-1,0.061037
42540,411,0,18585,45.218978,0.000000,30.000000,-1,59.493570,59.493570,-1,17,0,2000,27,0,684,2229,0,222,5.506556,2.704196,2.704196,1.000000,0.717639,-1,-1,-1,-1,-1,0.059802
42550,408,0,18635,45.674020,0.000000,30.000000,-1,59.504856,59.504856,-1,22,0,1552,15,0,722,1852,0,263,5.662110,2.920173,2.920173,1.000000,0.713381,-1,-1,-1,-1,-1,0.063935
42560,390,0,17772,45.569231,0.000000,30.000000,-1,59.452284,59.452284,-1,16,0,1639,18,0,659,1591,0,201,5.483812,2.912342,2.912342,1.000000,0.737762,-1,-1,-1,-1,-1,0.063910
42570,378,0,17317,45.812169,0.000000,30.000000,-1,59.495294,59.495294,-1,14,0,1483,21,0,688,2254,0,183,5.765185,2.972469,2.972469,1.000000,0.722595,-1,-1,-1,-1,-1,0.064884
42580,406,0,18444,45.428571,0.000000,30.000000,-1,59.491162,59.491162,-1,15,0,1776,17,0,684,1921,0,176,5.679386,2.872807,2.872807,1.000000,0.728247,-1,-1,-1,-1,-1,0.063238
42590,403,0,18231,45.238213,0.000000,30.000000,-1,59.473589,59.473589,-1,16,0,1828,11,0,681,2144,0,210,5.927574,2.905346,2.905346,1.000000,0.723824,-1,-1,-1,-1,-1,0.064223
42600,423,0,19217,45.430260,0.000000,30.000000,-1,59.453192,59.453192,-1,20,0,1806,20,0,741,1859,0,251,5.750858,2.896558,2.896558,1.000000,0.723344,-1,-1,-1,-1,-1,0.063758
42610,388,0,17728,45.690722,0.000000,30.000000,-1,59.412286,59.412286,-1,20,0,1478,26,0,633,1792,0,229,5.711661,3.072704,3.072704,1.000000,0.717843,-1,-1,-1,-1,-1,0.067250
42620,386,0,17526,45.404145,0.000000,30.000000,-1,59.456579,59.456579,-1,15,0,1650,18,0,673,1799,0,186,5.794463,2.890461,2.890461,1.000000,0.724054,-1,-1,-1,-1,-1,0.063661
42630,391,0,18094,46.276215,0.000000,30.000000,-1,59.447828,59.447828,-1,10,0,1773,21,0,657,2017,0,124,6.055858,2.971727,2.971727,1.000000,0.730830,-1,-1,-1,-1,-1,0.064217
42640,403,0,18391,45.635236,0.000000,30.000000,-1,59.473819,59.473819,-1,14,0,1693,23,0,668,1802,0,181,5.797312,2.868233,2.868233,1.000000,0.724414,-1,-1,-1,-1,-1,0.062851
42650,401,0,18297,45.628429,0.000000,30.000000,-1,59.442859,59.442859,-1,18,0,1681,17,0,692,2196,0,225,5.896187,2.990585,2.990585,1.000000,0.712462,-1,-1,-1,-1,-1,0.065542
42660,411,0,18668,45.420925,0.000000,30.000000,-1,59.439844,59.439844,-1,20,0,1728,20,0,770,1949,0,255,5.668779,2.904503,2.904503,1.000000,0.716165,-1,-1,-1,-1,-1,0.063946
42670,423,0,19071,45.085106,0.000000,30.000000,-1,59.487809,59.487809,-1,22,0,1829,17,0,745,1923,0,274,5.675296,2.854536,2.854536,1.000000,0.715060,-1,-1,-1,-1,-1,0.063314
42680,417,0,19395,46.510791,0.000000,30.000000,-1,59.481103,59.481103,-1,11,0,1829,18,0,721,2132,0,132,6.018181,2.989926,2.989926,1.000000,0.728490,-1,-1,-1,-1,-1,0.064285
42690,413,0,18802,45.525424,0.000000,30.000000,-1,59.433730,59.433730,-1,24,0,1633,22,0,768,1930,0,299,5.746798,2.901305,2.901305,1.000000,0.702288,-1,-1,-1,-1,-1,0.063729
42700,415,0,19024,45.840964,0.000000,30.000000,-1,59.502313,59.502313,-1,20,0,1653,15,0,710,2299,0,250,5.815131,2.934267,2.934267,1.000000,0.706299,-1,-1,-1,-1,-1,0.064010
42710,409,0,18855,46.100244,0.000000,30.000000,-1,59.543675,59.543675,-1,23,0,1440,22,0,756,2220,0,294,5.460239,3.010712,3.010712,1.000000,0.719486,-1,-1,-1,-1,-1,0.065308
42720,415,0,18771,45.231325,0.000000,30.000000,-1,59.569229,59.569229,-1,14,0,1772,15,0,753,1746,0,186,5.314786,2.653889,2.653889,1.000000,0.729247,-1,-1,-1,-1,-1,0.058674
42730,392,0,18135,46.262755,0.000000,30.000000,-1,59.515964,59.515964,-1,15,0,1423,9,0,676,1467,0,175,6.041024,3.244691,3.244691,1.000000,0.729139,-1,-1,-1,-1,-1,0.070136
42740,427,0,19493,45.651054,0.000000,30.000000,-1,59.574155,59.574155,-1,18,0,1723,15,0,763,2167,0,249,5.558175,2.911734,2.911734,1.000000,0.727870,-1,-1,-1,-1,-1,0.063782
42750,414,0,18631,45.002415,0.000000,30.000000,-1,59.536955,59.536955,-1,23,0,1784,20,0,710,2264,0,284,5.793631,2.911453,2.911453,1.000000,0.711526,-1,-1,-1,-1,-1,0.064695
42760,384,0,17468,45.489583,0.000000,30.000000,-1,59.597378,59.597378,-1,21,0,1376,26,0,725,2056,0,264,5.857818,3.042418,3.042418,1.000000,0.710828,-1,-1,-1,-1,-1,0.066882
42770,401,0,18195,45.374065,0.000000,30.000000,-1,59.542402,59.542402,-1,20,0,1576,16,0,648,1651,0,219,5.810300,2.999105,2.999105,1.000000,0.712460,-1,-1,-1,-1,-1,0.066097
42780,403,0,18666,46.317618,0.000000,30.000000,-1,59.475303,59.475303,-1,15,0,1778,15,0,692,2142,0,195,5.836007,2.926370,2.926370,1.000000,0.714210,-1,-1,-1,-1,-1,0.063180
42790,407,0,18544,45.562654,0.000000,30.000000,-1,59.485764,59.485764,-1,15,0,1695,13,0,687,1957,0,185,5.678879,2.811352,2.811352,1.000000,0.720658,-1,-1,-1,-1,-1,0.061703
42800,380,0,17477,45.992105,0.000000,30.000000,-1,59.446186,59.446186,-1,19,0,1360,27,0,692,1480,0,243,5.931809,3.250021,3.250021,1.000000,0.728481,-1,-1,-1,-1,-1,0.070665
42810,414,0,18760,45.314010,0.000000,30.000000,-1,59.437420,59.437420,-1,20,0,1638,10,0,762,1925,0,254,5.547351,2.827965,2.827965,1.000000,0.720110,-1,-1,-1,-1,-1,0.062408
42820,420,0,18770,44.690476,0.000000,30.000000,-1,59.428769,59.428769,-1,28,0,1645,19,0,756,1915,0,344,5.628397,2.848984,2.848984,1.000000,0.700492,-1,-1,-1,-1,-1,0.063749
42830,425,0,19930,46.894118,0.000000,30.000000,-1,59.422178,59.422178,-1,11,0,1685,16,0,784,2024,0,140,5.362749,2.792881,2.792881,1.000000,0.732475,-1,-1,-1,-1,-1,0.059557
42840,415,0,18632,44.896386,0.000000,30.000000,-1,59.414663,59.414663,-1,24,0,1759,20,0,825,2072,0,289,5.636725,2.881347,2.881347,1.000000,0.710234,-1,-1,-1,-1,-1,0.064178
42850,414,0,18601,44.929952,0.000000,30.000000,-1,59.483684,59.483684,-1,26,0,1528,17,0,696,2279,0,360,5.389344,2.816660,2.816660,1.000000,0.704447,-1,-1,-1,-1,-1,0.062690
42860,389,0,17771,45.683805,0.000000,30.000000,-1,59.488549,59.488549,-1,22,0,1488,22,0,690,1556,0,269,5.852094,3.103103,3.103103,1.000000,0.714710,-1,-1,-1,-1,-1,0.067926
42870,402,0,18777,46.708955,0.000000,30.000000,-1,59.534004,59.534004,-1,12,0,1547,25,0,725,1700,0,161,5.935458,3.065489,3.065489,1.000000,0.732659,-1,-1,-1,-1,-1,0.065630
42880,411,0,18502,45.017032,0.000000,30.000000,-1,59.527348,59.527348,-1,22,0,1704,17,0,767,2113,0,283,5.886188,3.008378,3.008378,1.000000,0.715906,-1,-1,-1,-1,-1,0.066828
42890,392,0,17837,45.502551,0.000000,30.000000,-1,59.493076,59.493076,-1,18,0,1651,18,0,658,1903,0,234,5.804272,2.922647,2.922647,1.000000,0.710209,-1,-1,-1,-1,-1,0.064230
42900,401,0,18393,45.867830,0.000000,30.000000,-1,59.516338,59.516338,-1,20,0,1362,14,0,687,2005,0,263,5.708999,3.037230,3.037230,1.000000,0.720126,-1,-1,-1,-1,-1,0.066217
42910,410,0,18404,44.887805,0.000000,30.000000,-1,59.492067,59.492067,-1,22,0,1800,18,0,747,1830,0,265,5.696176,2.908702,2.908702,1.000000,0.712088,-1,-1,-1,-1,-1,0.064799
42920,401,0,18747,46.750623,0.000000,30.000000,-1,59.487331,59.487331,-1,11,0,1853,18,0,675,1744,0,137,5.843131,3.019434,3.019434,1.000000,0.736689,-1,-1,-1,-1,-1,0.064586
42930,405,0,18435,45.518519,0.000000,30.000000,-1,59.502468,59.502468,-1,16,0,1639,17,0,723,2101,0,213,5.698485,2.936201,2.936201,1.000000,0.728342,-1,-1,-1,-1,-1,0.064506
42940,381,0,17197,45.136483,0.000000,30.000000,-1,59.464849,59.464849,-1,20,0,1636,13,0,612,1947,0,242,6.083657,3.020455,3.020455,1.000000,0.704793,-1,-1,-1,-1,-1,0.066918
42950,383,0,17299,45.167102,0.000000,30.000000,-1,59.484479,59.484479,-1,24,0,1414,20,0,688,1740,0,286,5.837112,3.098484,3.098484,1.000000,0.714268,-1,-1,-1,-1,-1,0.068600
42960,398,0,18217,45.771357,0.000000,30.000000,-1,59.418675,59.418675,-1,17,0,1792,20,0,687,1698,0,217,5.973452,2.933703,2.933703,1.000000,0.715032,-1,-1,-1,-1,-1,0.064095
42970,407,0,18682,45.901720,0.000000,30.000000,-1,59.425169,59.425169,-1,20,0,1636,14,0,692,2044,0,243,5.798245,2.996303,2.996303,1.000000,0.713649,-1,-1,-1,-1,-1,0.065276
42980,418,0,19006,45.468900,0.000000,30.000000,-1,59.429180,59.429180,-1,22,0,1624,26,0,740,1855,0,255,5.405726,2.806509,2.806509,1.000000,0.710715,-1,-1,-1,-1,-1,0.061724
42990,395,0,17799,45.060759,0.000000,30.000000,-1,59.406821,59.406821,-1,20,0,1607,21,0,691,1868,0,269,6.023080,3.083129,3.083129,1.000000,0.717393,-1,-1,-1,-1,-1,0.068422
43000,402,0,18421,45.823383,0.000000,30.000000,-1,59.373161,59.373161,-1,18,0,1765,20,0,712,1891,0,202,5.688323,2.896550,2.896550,1.000000,0.712261,-1,-1,-1,-1,-1,0.063211
43010,415,0,18860,45.445783,0.000000,30.000000,-1,59.349099,59.349099,-1,18,0,1777,26,0,702,2110,0,236,5.513247,2.815554,2.815554,1.000000,0.716112,-1,-1,-1,-1,-1,0.061954
43020,394,0,18132,46.020305,0.000000,30.000000,-1,59.365707,59.365707,-1,17,0,1590,23,0,717,1675,0,211,5.630902,2.895083,2.895083,1.000000,0.715182,-1,-1,-1,-1,-1,0.062909
43030,406,0,18363,45.229064,0.000000,30.000000,-1,59.353210,59.353210,-1,19,0,1769,14,0,702,2043,0,250,5.585557,2.809411,2.809411,1.000000,0.711702,-1,-1,-1,-1,-1,0.062115
43040,394,0,17957,45.576142,0.000000,30.000000,-1,59.347330,59.347330,-1,20,0,1561,18,0,715,2033,0,240,5.820823,3.048043,3.048043,1.000000,0.720158,-1,-1,-1,-1,-1,0.066878
43050,404,0,18142,44.905941,0.000000,30.000000,-1,59.344670,59.344670,-1,26,0,1571,14,0,706,2014,0,329,5.723593,2.915846,2.915846,1.000000,0.703702,-1,-1,-1,-1,-1,0.064932
43060,390,0,18014,46.189744,0.000000,30.000000,-1,59.388087,59.388087,-1,11,0,1495,27,0,719,1869,0,121,5.850586,3.001673,3.001673,1.000000,0.725201,-1,-1,-1,-1,-1,0.064986
43070,403,0,18004,44.674938,0.000000,30.000000,-1,59.462064,59.462064,-1,22,0,1595,16,0,669,1825,0,295,5.974810,3.083798,3.083798,1.000000,0.715814,-1,-1,-1,-1,-1,0.069027
43080,387,0,17478,45.162791,0.000000,30.000000,-1,59.453198,59.453198,-1,21,0,1629,18,0,668,1579,0,240,5.979423,3.104987,3.104987,1.000000,0.715875,-1,-1,-1,-1,-1,0.068751
43090,389,0,17872,45.943445,0.000000,30.000000,-1,59.429946,59.429946,-1,17,0,1530,9,0,682,1803,0,219,5.826153,3.044456,3.044456,1.000000,0.724220,-1,-1,-1,-1,-1,0.066265
43100,406,0,18489,45.539409,0.000000,30.000000,-1,59.503651,59.503651,-1,17,0,1788,17,0,704,1600,0,200,5.941460,3.014792,3.014792,1.000000,0.721405,-1,-1,-1,-1,-1,0.066202
43110,405,0,18604,45.935802,0.000000,30.000000,-1,59.473877,59.473877,-1,12,0,1832,28,0,698,1834,0,152,5.922258,2.961692,2.961692,1.000000,0.731235,-1,-1,-1,-1,-1,0.064475
43120,410,0,18515,45.158537,0.000000,30.000000,-1,59.461464,59.461464,-1,15,0,1917,21,0,732,1842,0,181,5.694081,2.861203,2.861203,1.000000,0.730545,-1,-1,-1,-1,-1,0.063359
43130,407,0,18750,46.068796,0.000000,30.000000,-1,59.481867,59.481867,-1,19,0,1442,16,0,684,1773,0,237,5.634269,3.029239,3.029239,1.000000,0.723724,-1,-1,-1,-1,-1,0.065755
43140,417,0,18670,44.772182,0.000000,30.000000,-1,59.518961,59.518961,-1,25,0,1772,19,0,758,2561,0,319,5.413138,2.796790,2.796790,1.000000,0.715092,-1,-1,-1,-1,-1,0.062467
43150,394,0,17842,45.284264,0.000000,30.000000,-1,59.515077,59.515077,-1,17,0,1933,16,0,733,2113,0,214,5.562400,2.722125,2.722125,1.000000,0.717983,-1,-1,-1,-1,-1,0.060112
43160,380,0,17628,46.389474,0.000000,30.000000,-1,59.475947,59.475947,-1,11,0,1696,19,0,623,1633,0,132,5.986870,3.007240,3.007240,1.000000,0.725538,-1,-1,-1,-1,-1,0.064826
43170,398,0,18100,45.477387,0.000000,30.000000,-1,59.443094,59.443094,-1,18,0,1591,29,0,676,2096,0,243,5.583582,2.865808,2.865808,1.000000,0.714514,-1,-1,-1,-1,-1,0.063016
43180,385,0,17904,46.503896,0.000000,30.000000,-1,59.438338,59.438338,-1,17,0,1387,21,0,661,1497,0,216,6.081776,3.217049,3.217049,1.000000,0.720146,-1,-1,-1,-1,-1,0.069178
43190,404,0,18916,46.821782,0.000000,30.000000,-1,59.473937,59.473937,-1,13,0,1627,13,0,725,2022,0,153,5.767593,3.060613,3.060613,1.000000,0.733057,-1,-1,-1,-1,-1,0.065367
43200,424,0,18878,44.523585,0.000000,30.000000,-1,59.467687,59.467687,-1,24,0,1798,18,0,728,1755,0,306,5.778537,2.894138,2.894138,1.000000,0.708108,-1,-1,-1,-1,-1,0.065002
43210,414,0,18328,44.270531,0.000000,30.000000,-1,59.427433,59.427433,-1,27,0,1769,21,0,689,2250,0,344,5.934964,3.044448,3.044448,1.000000,0.711637,-1,-1,-1,-1,-1,0.068769
43220,429,0,19533,45.531469,0.000000,30.000000,-1,59.498336,59.498336,-1,22,0,1868,18,0,719,2241,0,293,5.538066,2.820575,2.820575,1.000000,0.706608,-1,-1,-1,-1,-1,0.061948
43230,417,0,19322,46.335731,0.000000,30.000000,-1,59.539644,59.539644,-1,19,0,1672,19,0,692,2070,0,251,5.557017,2.940719,2.940719,1.000000,0.718602,-1,-1,-1,-1,-1,0.063465
43240,421,0,18930,44.964371,0.000000,30.000000,-1,59.545114,59.545114,-1,26,0,1596,25,0,810,1911,0,305,5.502993,2.897867,2.897867,1.000000,0.709330,-1,-1,-1,-1,-1,0.064448
43250,398,0,18196,45.718593,0.000000,30.000000,-1,59.518521,59.518521,-1,17,0,1750,23,0,696,2079,0,240,5.913129,2.999769,2.999769,1.000000,0.717547,-1,-1,-1,-1,-1,0.065614
43260,418,0,18661,44.643541,0.000000,30.000000,-1,59.490167,59.490167,-1,20,0,1848,16,0,746,1513,0,258,5.573784,2.783985,2.783985,1.000000,0.719555,-1,-1,-1,-1,-1,0.062360
43270,389,0,17527,45.056555,0.000000,30.000000,-1,59.567524,59.567524,-1,23,0,1577,13,0,652,1719,0,271,5.983851,3.093393,3.093393,1.000000,0.711151,-1,-1,-1,-1,-1,0.068656
43280,380,0,17753,46.718421,0.000000,30.000000,-1,59.625584,59.625584,-1,13,0,1380,21,0,667,1830,0,162,5.845006,3.151611,3.151611,1.000000,0.739169,-1,-1,-1,-1,-1,0.067460
43290,385,0,17475,45.389610,0.000000,30.000000,-1,59.580143,59.580143,-1,17,0,1420,16,0,679,1448,0,202,5.664649,2.952667,2.952667,1.000000,0.722833,-1,-1,-1,-1,-1,0.065052
43300,378,0,17525,46.362434,0.000000,30.000000,-1,59.580999,59.580999,-1,16,0,1491,24,0,670,2019,0,196,5.996727,3.005037,3.005037,1.000000,0.717817,-1,-1,-1,-1,-1,0.064816
43310,401,0,18087,45.104738,0.000000,30.000000,-1,59.560402,59.560402,-1,18,0,1416,20,0,733,1585,0,232,5.852052,3.089938,3.089938,1.000000,0.726987,-1,-1,-1,-1,-1,0.068506
43320,405,0,18500,45.679012,0.000000,30.000000,-1,59.515459,59.515459,-1,19,0,1536,22,0,706,1969,0,228,5.936317,3.086552,3.086552,1.000000,0.721505,-1,-1,-1,-1,-1,0.067570
43330,419,0,19095,45.572792,0.000000,30.000000,-1,59.531343,59.531343,-1,22,0,1563,14,0,706,2071,0,239,5.686252,3.042468,3.042468,1.000000,0.718883,-1,-1,-1,-1,-1,0.066761
43340,430,0,19606,45.595349,0.000000,30.000000,-1,59.536927,59.536927,-1,18,0,1843,11,0,739,2228,0,242,5.705454,2.920571,2.920571,1.000000,0.726688,-1,-1,-1,-1,-1,0.064054
43350,403,0,18468,45.826303,0.000000,30.000000,-1,59.553335,59.553335,-1,13,0,1870,26,0,740,1844,0,159,5.879774,2.885026,2.885026,1.000000,0.726828,-1,-1,-1,-1,-1,0.062956
43360,415,0,18450,44.457831,0.000000,30.000000,-1,59.553767,59.553767,-1,18,0,1737,15,0,708,1936,0,216,5.664932,2.825067,2.825067,1.000000,0.723467,-1,-1,-1,-1,-1,0.063545
43370,405,0,18595,45.913580,0.000000,30.000000,-1,59.544501,59.544501,-1,17,0,1714,20,0,704,2374,0,225,5.618056,2.876477,2.876477,1.000000,0.719492,-1,-1,-1,-1,-1,0.062650
43380,404,0,18683,46.245050,0.000000,30.000000,-1,59.585506,59.585506,-1,15,0,1702,19,0,761,2131,0,190,5.673914,2.919733,2.919733,1.000000,0.723348,-1,-1,-1,-1,-1,0.063136
43390,405,0,18081,44.644444,0.000000,30.000000,-1,59.609535,59.609535,-1,20,0,1828,24,0,669,1970,0,272,5.822966,2.877661,2.877661,1.000000,0.714144,-1,-1,-1,-1,-1,0.064457
43400,402,0,18553,46.151741,0.000000,30.000000,-1,59.631003,59.631003,-1,15,0,1685,17,0,676,1739,0,219,5.653573,2.888538,2.888538,1.000000,0.722527,-1,-1,-1,-1,-1,0.062588
43410,392,0,17826,45.474490,0.000000,30.000000,-1,59.719062,59.719062,-1,18,0,1573,19,0,716,2250,0,251,5.631202,3.016635,3.016635,1.000000,0.732141,-1,-1,-1,-1,-1,0.066337
43420,398,0,18280,45.929648,0.000000,30.000000,-1,59.736926,59.736926,-1,17,0,1549,22,0,716,2099,0,217,5.667802,2.951366,2.951366,1.000000,0.722900,-1,-1,-1,-1,-1,0.064258
43430,414,0,18704,45.178744,0.000000,30.000000,-1,59.748075,59.748075,-1,22,0,1868,13,0,771,2058,0,272,5.407463,2.747242,2.747242,1.000000,0.710048,-1,-1,-1,-1,-1,0.060808
43440,420,0,18992,45.219048,0.000000,30.000000,-1,59.742207,59.742207,-1,22,0,1698,19,0,687,2147,0,260,5.704425,2.934067,2.934067,1.000000,0.709973,-1,-1,-1,-1,-1,0.064886
43450,393,0,18020,45.852417,0.000000,30.000000,-1,59.718368,59.718368,-1,16,0,1698,26,0,694,2183,0,227,5.645771,2.816667,2.816667,1.000000,0.718855,-1,-1,-1,-1,-1,0.061429
43460,404,0,18326,45.361386,0.000000,30.000000,-1,59.684219,59.684219,-1,18,0,1652,22,0,698,2115,0,231,5.737714,2.906676,2.906676,1.000000,0.718149,-1,-1,-1,-1,-1,0.064078
43470,398,0,18230,45.804020,0.000000,30.000000,-1,59.643280,59.643280,-1,17,0,1581,26,0,711,1929,0,216,5.661525,2.893751,2.893751,1.000000,0.713192,-1,-1,-1,-1,-1,0.063177
43480,407,0,18709,45.968059,0.000000,30.000000,-1,59.653055,59.653055,-1,16,0,1620,27,0,685,2078,0,190,5.676632,2.972719,2.972719,1.000000,0.727720,-1,-1,-1,-1,-1,0.064669
43490,421,0,18967,45.052257,0.000000,30.000000,-1,59.666737,59.666737,-1,29,0,1437,24,0,708,2364,0,382,5.267220,2.868625,2.868625,1.000000,0.707181,-1,-1,-1,-1,-1,0.063673
43500,407,0,18271,44.891892,0.000000,30.000000,-1,59.670899,59.670899,-1,23,0,1652,18,0,695,1677,0,291,5.648831,2.819404,2.819404,1.000000,0.712318,-1,-1,-1,-1,-1,0.062804
43510,406,0,18456,45.458128,0.000000,30.000000,-1,59.679671,59.679671,-1,15,0,1649,19,0,722,1835,0,181,5.812614,2.956797,2.956797,1.000000,0.724085,-1,-1,-1,-1,-1,0.065044
43520,392,0,17911,45.691327,0.000000,30.000000,-1,59.709006,59.709006,-1,18,0,1444,15,0,687,2042,0,236,5.978157,3.119632,3.119632,1.000000,0.715906,-1,-1,-1,-1,-1,0.068276
43530,392,0,17953,45.798469,0.000000,30.000000,-1,59.773018,59.773018,-1,17,0,1800,27,0,695,2031,0,209,5.761673,2.926131,2.926131,1.000000,0.720120,-1,-1,-1,-1,-1,0.063891
43540,423,0,19283,45.586288,0.000000,30.000000,-1,59.803713,59.803713,-1,11,0,1867,21,0,769,1833,0,130,5.582505,2.662682,2.662682,1.000000,0.722245,-1,-1,-1,-1,-1,0.058410
43550,418,0,18895,45.203349,0.000000,30.000000,-1,59.832866,59.832866,-1,19,0,1764,23,0,736,2529,0,241,5.739072,2.833496,2.833496,1.000000,0.715265,-1,-1,-1,-1,-1,0.062683
43560,406,0,18306,45.088670,0.000000,30.000000,-1,59.834480,59.834480,-1,20,0,1611,20,0,737,1684,0,250,5.746705,2.924536,2.924536,1.000000,0.719861,-1,-1,-1,-1,-1,0.064862
43570,389,0,17752,45.634961,0.000000,30.000000,-1,59.795910,59.795910,-1,14,0,1540,17,0,697,1745,0,181,5.772929,2.975143,2.975143,1.000000,0.732331,-1,-1,-1,-1,-1,0.065194
43580,384,0,17680,46.041667,0.000000,30.000000,-1,59.739480,59.739480,-1,14,0,1626,17,0,708,1844,0,164,5.986103,3.130093,3.130093,1.000000,0.732946,-1,-1,-1,-1,-1,0.067984
43590,406,0,18836,46.394089,0.000000,30.000000,-1,59.746815,59.746815,-1,19,0,1552,13,0,726,1978,0,215,5.554893,2.982991,2.982991,1.000000,0.726416,-1,-1,-1,-1,-1,0.064297
43600,410,0,18578,45.312195,0.000000,30.000000,-1,59.758962,59.758962,-1,17,0,1577,17,0,730,1893,0,204,5.663059,2.995013,2.995013,1.000000,0.731626,-1,-1,-1,-1,-1,0.066097
43610,416,0,19125,45.973558,0.000000,30.000000,-1,59.731608,59.731608,-1,21,0,1520,18,0,774,1727,0,259,5.605098,3.036500,3.036500,1.000000,0.725399,-1,-1,-1,-1,-1,0.066049
43620,407,0,18679,45.894349,0.000000,30.000000,-1,59.732855,59.732855,-1,17,0,1494,16,0,712,1800,0,234,5.924294,3.146959,3.146959,1.000000,0.730750,-1,-1,-1,-1,-1,0.068570
43630,399,0,17578,44.055138,0.000000,30.000000,-1,59.767835,59.767835,-1,26,0,1551,19,0,657,1839,0,320,5.574566,2.859137,2.859137,1.000000,0.709425,-1,-1,-1,-1,-1,0.064899
43640,394,0,17886,45.395939,0.000000,30.000000,-1,59.851169,59.851169,-1,22,0,1675,19,0,724,1772,0,259,5.750883,2.931617,2.931617,1.000000,0.717864,-1,-1,-1,-1,-1,0.064579
43650,387,0,18041,46.617571,0.000000,30.000000,-1,59.891359,59.891359,-1,14,0,1675,19,0,696,1607,0,191,5.965366,3.125566,3.125566,1.000000,0.734629,-1,-1,-1,-1,-1,0.067047
43660,409,0,18433,45.068460,0.000000,30.000000,-1,59.967775,59.967775,-1,22,0,1533,17,0,722,1674,0,321,5.901421,3.120002,3.120002,1.000000,0.723060,-1,-1,-1,-1,-1,0.069228
43670,401,0,18025,44.950125,0.000000,30.000000,-1,60.009820,60.009820,-1,25,0,1420,24,0,719,1889,0,303,5.612240,3.035308,3.035308,1.000000,0.713212,-1,-1,-1,-1,-1,0.067526
43680,406,0,18992,46.778325,0.000000,30.000000,-1,59.994313,59.994313,-1,17,0,1336,19,0,746,1603,0,191,5.698780,3.127398,3.127398,1.000000,0.725868,-1,-1,-1,-1,-1,0.066856
43690,422,0,19192,45.478673,0.000000,30.000000,-1,59.972072,59.972072,-1,21,0,1703,22,0,740,1810,0,262,5.741328,2.983677,2.983677,1.000000,0.726760,-1,-1,-1,-1,-1,0.065606
43700,403,0,18394,45.642680,0.000000,30.000000,-1,59.945689,59.945689,-1,20,0,1622,27,0,699,2138,0,241,5.662089,2.919147,2.919147,1.000000,0.712262,-1,-1,-1,-1,-1,0.063957
43710,401,0,18706,46.648379,0.000000,30.000000,-1,59.994547,59.994547,-1,13,0,1557,15,0,741,1936,0,173,5.769948,2.996232,2.996232,1.000000,0.727527,-1,-1,-1,-1,-1,0.064230
43720,391,0,17835,45.613811,0.000000,30.000000,-1,59.972358,59.972358,-1,17,0,1692,12,0,660,1774,0,222,5.969433,3.055412,3.055412,1.000000,0.729413,-1,-1,-1,-1,-1,0.066984
43730,406,0,18076,44.522167,0.000000,30.000000,-1,59.986557,59.986557,-1,24,0,1713,18,0,672,1906,0,299,5.492713,2.788075,2.788075,1.000000,0.703381,-1,-1,-1,-1,-1,0.062622
43740,386,0,17551,45.468912,0.000000,30.000000,-1,60.012991,60.012991,-1,17,0,1397,12,0,649,1851,0,225,5.960583,3.066927,3.066927,1.000000,0.719986,-1,-1,-1,-1,-1,0.067451
43750,397,0,18505,46.612091,0.000000,30.000000,-1,60.033775,60.033775,-1,15,0,1510,16,0,725,1841,0,193,5.575675,2.972484,2.972484,1.000000,0.729122,-1,-1,-1,-1,-1,0.063771
43760,410,0,18578,45.312195,0.000000,30.000000,-1,60.072667,60.072667,-1,22,0,1566,22,0,676,2506,0,268,5.516004,2.764716,2.764716,1.000000,0.710780,-1,-1,-1,-1,-1,0.061015
43770,396,0,18085,45.669192,0.000000,30.000000,-1,60.068233,60.068233,-1,16,0,1804,20,0,740,1997,0,198,5.726402,2.786224,2.786224,1.000000,0.718304,-1,-1,-1,-1,-1,0.061009
43780,388,0,17536,45.195876,0.000000,30.000000,-1,60.057425,60.057425,-1,18,0,1621,23,0,649,1887,0,221,5.664838,2.827430,2.827430,1.000000,0.713708,-1,-1,-1,-1,-1,0.062559
43790,400,0,18317,45.792500,0.000000,30.000000,-1,60.063384,60.063384,-1,15,0,1929,14,0,643,1849,0,184,5.786255,2.847197,2.847197,1.000000,0.715381,-1,-1,-1,-1,-1,0.062176
43800,402,0,18335,45.609453,0.000000,30.000000,-1,60.094573,60.094573,-1,19,0,1592,16,0,745,2393,0,239,5.923770,3.033112,3.033112,1.000000,0.713860,-1,-1,-1,-1,-1,0.066502
43810,420,0,19145,45.583333,0.000000,30.000000,-1,60.116950,60.116950,-1,18,0,1596,23,0,769,2184,0,227,5.414165,2.777842,2.777842,1.000000,0.721777,-1,-1,-1,-1,-1,0.060940
43820,420,0,19177,45.659524,0.000000,30.000000,-1,60.113730,60.113730,-1,17,0,1548,17,0,660,1962,0,229,5.319198,2.760848,2.760848,1.000000,0.717573,-1,-1,-1,-1,-1,0.060466
43830,404,0,18481,45.745050,0.000000,30.000000,-1,60.132569,60.132569,-1,19,0,1482,23,0,708,1795,0,216,5.462771,2.837323,2.837323,1.000000,0.720289,-1,-1,-1,-1,-1,0.062025
43840,385,0,17476,45.392208,0.000000,30.000000,-1,60.244163,60.244163,-1,15,0,1721,20,0,679,1992,0,203,6.047739,2.959188,2.959188,1.000000,0.715173,-1,-1,-1,-1,-1,0.065192
43850,389,0,17597,45.236504,0.000000,30.000000,-1,60.272035,60.272035,-1,24,0,1396,12,0,677,2086,0,294,5.751040,2.967897,2.967897,1.000000,0.700428,-1,-1,-1,-1,-1,0.065608
43860,393,0,17852,45.424936,0.000000,30.000000,-1,60.233643,60.233643,-1,20,0,1452,19,0,673,1721,0,280,5.974255,3.099536,3.099536,1.000000,0.721016,-1,-1,-1,-1,-1,0.068234
43870,394,0,17672,44.852792,0.000000,30.000000,-1,60.164950,60.164950,-1,24,0,1627,15,0,674,1720,0,328,5.753571,2.956364,2.956364,1.000000,0.712840,-1,-1,-1,-1,-1,0.065913
43880,403,0,18634,46.238213,0.000000,30.000000,-1,60.123269,60.123269,-1,16,0,1654,26,0,723,2081,0,196,5.685506,2.896793,2.896793,1.000000,0.723882,-1,-1,-1,-1,-1,0.062649
43890,423,0,19009,44.938534,0.000000,30.000000,-1,60.202641,60.202641,-1,22,0,1849,23,0,714,1752,0,289,5.784316,2.933347,2.933347,1.000000,0.714747,-1,-1,-1,-1,-1,0.065275
43900,441,0,19890,45.102041,0.000000,30.000000,-1,60.131423,60.131423,-1,21,0,2068,20,0,770,2127,0,237,5.473838,2.635654,2.635654,1.000000,0.709491,-1,-1,-1,-1,-1,0.058438
43910,411,0,19029,46.299270,0.000000,30.000000,-1,60.150507,60.150507,-1,18,0,1456,22,0,765,1805,0,213,5.764805,2.989453,2.989453,1.000000,0.718466,-1,-1,-1,-1,-1,0.064568
43920,421,0,19281,45.798100,0.000000,30.000000,-1,60.112079,60.112079,-1,17,0,1733,18,0,767,1950,0,225,5.736208,2.960602,2.960602,1.000000,0.719049,-1,-1,-1,-1,-1,0.064645
43930,419,0,18830,44.940334,0.000000,30.000000,-1,60.104089,60.104089,-1,20,0,1671,16,0,754,1811,0,278,5.697329,2.854893,2.854893,1.000000,0.710859,-1,-1,-1,-1,-1,0.063526
43940,376,0,17468,46.457447,0.000000,30.000000,-1,60.041733,60.041733,-1,11,0,1596,34,0,647,1709,0,144,5.928843,3.064824,3.064824,1.000000,0.729272,-1,-1,-1,-1,-1,0.065971
43950,396,0,18281,46.164141,0.000000,30.000000,-1,59.964225,59.964225,-1,15,0,1597,18,0,709,1682,0,193,5.842056,3.046832,3.046832,1.000000,0.724560,-1,-1,-1,-1,-1,0.066000
43960,392,0,17884,45.622449,0.000000,30.000000,-1,59.989432,59.989432,-1,17,0,1700,15,0,666,2007,0,242,6.149538,3.041363,3.041363,1.000000,0.716437,-1,-1,-1,-1,-1,0.066664
43970,403,0,18446,45.771712,0.000000,30.000000,-1,60.040768,60.040768,-1,15,0,1654,19,0,701,1926,0,202,5.529842,2.813062,2.813062,1.000000,0.728906,-1,-1,-1,-1,-1,0.061459
43980,400,0,18243,45.607500,0.000000,30.000000,-1,60.054377,60.054377,-1,20,0,1732,11,0,688,1948,0,264,5.881680,3.003439,3.003439,1.000000,0.705840,-1,-1,-1,-1,-1,0.065854
43990,407,0,18609,45.722359,0.000000,30.000000,-1,60.042936,60.042936,-1,14,0,1628,30,0,665,1915,0,186,5.433755,2.682309,2.682309,1.000000,0.714496,-1,-1,-1,-1,-1,0.058665
44000,402,0,18491,45.997512,0.000000,30.000000,-1,60.040452,60.040452,-1,14,0,1717,23,0,722,2134,0,188,5.840220,2.952424,2.952424,1.000000,0.716925,-1,-1,-1,-1,-1,0.064187
44010,413,0,18626,45.099274,0.000000,30.000000,-1,60.072104,60.072104,-1,23,0,1693,21,0,763,1962,0,299,5.542682,2.747299,2.747299,1.000000,0.695248,-1,-1,-1,-1,-1,0.060917
44020,406,0,18689,46.032020,0.000000,30.000000,-1,60.064209,60.064209,-1,18,0,1757,18,0,757,1954,0,222,5.532615,2.860066,2.860066,1.000000,0.721349,-1,-1,-1,-1,-1,0.062132
44030,397,0,18133,45.675063,0.000000,30.000000,-1,60.085535,60.085535,-1,16,0,2001,29,0,691,1838,0,189,5.634203,2.696252,2.696252,1.000000,0.701446,-1,-1,-1,-1,-1,0.059031
44040,384,0,17633,45.919271,0.000000,30.000000,-1,60.105200,60.105200,-1,18,0,1529,10,0,647,1891,0,241,5.837970,3.014956,3.014956,1.000000,0.720616,-1,-1,-1,-1,-1,0.065658
44050,390,0,17770,45.564103,0.000000,30.000000,-1,60.131739,60.131739,-1,21,0,1373,11,0,673,1736,0,256,5.628496,2.947206,2.947206,1.000000,0.710702,-1,-1,-1,-1,-1,0.064683
44060,397,0,17923,45.146096,0.000000,30.000000,-1,60.116164,60.116164,-1,21,0,1846,19,0,701,1572,0,255,5.827269,2.905848,2.905848,1.000000,0.709324,-1,-1,-1,-1,-1,0.064365
44070,389,0,17712,45.532134,0.000000,30.000000,-1,60.100384,60.100384,-1,14,0,1407,18,0,655,1709,0,170,5.717476,2.917608,2.917608,1.000000,0.729375,-1,-1,-1,-1,-1,0.064078
44080,405,0,18333,45.266667,0.000000,30.000000,-1,60.158348,60.158348,-1,19,0,1589,29,0,675,1780,0,233,5.591887,2.956026,2.956026,1.000000,0.723694,-1,-1,-1,-1,-1,0.065302
44090,413,0,19249,46.607748,0.000000,30.000000,-1,60.175905,60.175905,-1,10,0,1912,11,0,789,1900,0,115,5.984027,2.964049,2.964049,1.000000,0.731855,-1,-1,-1,-1,-1,0.063596
44100,427,0,19612,45.929742,0.000000,30.000000,-1,60.219152,60.219152,-1,16,0,1846,24,0,719,1983,0,177,5.452481,2.768886,2.768886,1.000000,0.721887,-1,-1,-1,-1,-1,0.060285
44110,417,0,18898,45.318945,0.000000,30.000000,-1,60.234258,60.234258,-1,21,0,1907,24,0,772,1960,0,247,5.810123,2.878926,2.878926,1.000000,0.709091,-1,-1,-1,-1,-1,0.063526
44120,406,0,18416,45.359606,0.000000,30.000000,-1,60.257385,60.257385,-1,18,0,1814,20,0,748,1876,0,232,5.827001,2.806141,2.806141,1.000000,0.711514,-1,-1,-1,-1,-1,0.061864
44130,400,0,17773,44.432500,0.000000,30.000000,-1,60.226130,60.226130,-1,26,0,1638,33,0,700,2041,0,351,5.826711,2.903964,2.903964,1.000000,0.702754,-1,-1,-1,-1,-1,0.065357
44140,416,0,18714,44.985577,0.000000,30.000000,-1,60.203377,60.203377,-1,21,0,1686,21,0,696,1817,0,264,5.700855,2.844474,2.844474,1.000000,0.710453,-1,-1,-1,-1,-1,0.063231
44150,404,0,18714,46.321782,0.000000,30.000000,-1,60.192423,60.192423,-1,11,0,1624,23,0,734,1674,0,144,5.822302,2.914850,2.914850,1.000000,0.728668,-1,-1,-1,-1,-1,0.062926
44160,414,0,19035,45.978261,0.000000,30.000000,-1,60.191332,60.191332,-1,16,0,1839,16,0,769,2094,0,206,5.888352,2.928878,2.928878,1.000000,0.723214,-1,-1,-1,-1,-1,0.063701
44170,413,0,18900,45.762712,0.000000,30.000000,-1,60.243915,60.243915,-1,19,0,1636,24,0,713,1958,0,255,5.688951,2.897179,2.897179,1.000000,0.711702,-1,-1,-1,-1,-1,0.063309
44180,396,0,17617,44.487374,0.000000,30.000000,-1,60.261793,60.261793,-1,18,0,1756,23,0,676,1376,0,204,5.917380,2.803639,2.803639,1.000000,0.705529,-1,-1,-1,-1,-1,0.063021
44190,403,0,18408,45.677419,0.000000,30.000000,-1,60.239896,60.239896,-1,21,0,1532,21,0,685,1681,0,229,5.592805,2.896856,2.896856,1.000000,0.700307,-1,-1,-1,-1,-1,0.063420
44200,395,0,17857,45.207595,0.000000,30.000000,-1,60.353755,60.353755,-1,22,0,1586,13,0,715,1834,0,268,5.921682,2.934074,2.934074,1.000000,0.702769,-1,-1,-1,-1,-1,0.064902
44210,410,0,18673,45.543902,0.000000,30.000000,-1,60.350453,60.350453,-1,20,0,1747,19,0,689,1975,0,256,5.503470,2.746240,2.746240,1.000000,0.701741,-1,-1,-1,-1,-1,0.060299
44220,403,0,18378,45.602978,0.000000,30.000000,-1,60.338829,60.338829,-1,18,0,1448,23,0,703,2120,0,209,5.583159,2.820126,2.820126,1.000000,0.715483,-1,-1,-1,-1,-1,0.061841
44230,415,0,18983,45.742169,0.000000,30.000000,-1,60.351104,60.351104,-1,18,0,1505,19,0,668,1935,0,233,5.671957,2.975318,2.975318,1.000000,0.719096,-1,-1,-1,-1,-1,0.065045
44240,415,0,18685,45.024096,0.000000,30.000000,-1,60.406850,60.406850,-1,25,0,1537,22,0,719,2080,0,336,5.388407,2.696389,2.696389,1.000000,0.698513,-1,-1,-1,-1,-1,0.059888
44250,403,0,18007,44.682382,0.000000,30.000000,-1,60.456711,60.456711,-1,22,0,1789,19,0,712,1809,0,292,5.760278,2.834251,2.834251,1.000000,0.700130,-1,-1,-1,-1,-1,0.063431
44260,400,0,18548,46.370000,0.000000,30.000000,-1,60.495903,60.495903,-1,15,0,1456,23,0,666,1744,0,204,5.705619,2.948726,2.948726,1.000000,0.719825,-1,-1,-1,-1,-1,0.063591
44270,414,0,19154,46.265700,0.000000,30.000000,-1,60.578156,60.578156,-1,13,0,1620,16,0,771,1690,0,170,5.485883,2.808458,2.808458,1.000000,0.725358,-1,-1,-1,-1,-1,0.060703
44280,408,0,18750,45.955882,0.000000,30.000000,-1,60.623093,60.623093,-1,16,0,1634,10,0,701,1779,0,194,5.703439,2.965270,2.965270,1.000000,0.722608,-1,-1,-1,-1,-1,0.064524
44290,404,0,18384,45.504950,0.000000,30.000000,-1,60.583986,60.583986,-1,17,0,1738,31,0,749,2003,0,228,5.772813,2.865801,2.865801,1.000000,0.713022,-1,-1,-1,-1,-1,0.062978
44300,389,0,17496,44.976864,0.000000,30.000000,-1,60.623000,60.623000,-1,20,0,1539,14,0,651,2215,0,240,5.532373,2.723840,2.723840,1.000000,0.700619,-1,-1,-1,-1,-1,0.060561
44310,397,0,18077,45.534005,0.000000,30.000000,-1,60.674614,60.674614,-1,21,0,1564,21,0,640,1881,0,279,5.439228,2.866398,2.866398,1.000000,0.718080,-1,-1,-1,-1,-1,0.062951
44320,382,0,17558,45.963351,0.000000,30.000000,-1,60.718533,60.718533,-1,18,0,1422,15,0,622,2186,0,227,5.876175,3.168764,3.168764,1.000000,0.722765,-1,-1,-1,-1,-1,0.068941
44330,398,0,18078,45.422111,0.000000,30.000000,-1,60.710587,60.710587,-1,16,0,1858,17,0,687,1843,0,206,5.559129,2.802680,2.802680,1.000000,0.719406,-1,-1,-1,-1,-1,0.061703
44340,394,0,17636,44.761421,0.000000,30.000000,-1,60.730154,60.730154,-1,22,0,1629,21,0,657,2007,0,309,5.860173,2.903786,2.903786,1.000000,0.705452,-1,-1,-1,-1,-1,0.064873
44350,396,0,17978,45.398990,0.000000,30.000000,-1,60.797252,60.797252,-1,20,0,1691,19,0,692,1804,0,254,5.916941,3.044338,3.044338,1.000000,0.713810,-1,-1,-1,-1,-1,0.067057
44360,418,0,18985,45.418660,0.000000,30.000000,-1,60.816487,60.816487,-1,22,0,1654,14,0,738,2090,0,306,5.550225,2.779691,2.779691,1.000000,0.706754,-1,-1,-1,-1,-1,0.061202
44370,419,0,19361,46.207637,0.000000,30.000000,-1,60.768710,60.768710,-1,15,0,1678,11,0,700,2350,0,180,5.811524,3.000273,3.000273,1.000000,0.722126,-1,-1,-1,-1,-1,0.064930
44380,423,0,19634,46.416076,0.000000,30.000000,-1,60.801569,60.801569,-1,15,0,1628,18,0,755,2332,0,198,5.782667,2.977774,2.977774,1.000000,0.718650,-1,-1,-1,-1,-1,0.064154
44390,395,0,18126,45.888608,0.000000,30.000000,-1,60.807845,60.807845,-1,18,0,1709,20,0,698,1852,0,226,5.888002,2.961787,2.961787,1.000000,0.714072,-1,-1,-1,-1,-1,0.064543
44400,395,0,17762,44.967089,0.000000,30.000000,-1,60.838475,60.838475,-1,13,0,1702,25,0,655,1797,0,178,5.755856,2.829798,2.829798,1.000000,0.715746,-1,-1,-1,-1,-1,0.062930
44410,410,0,18600,45.365854,0.000000,30.000000,-1,60.818656,60.818656,-1,21,0,1685,27,0,723,2005,0,274,5.843993,2.868899,2.868899,1.000000,0.700191,-1,-1,-1,-1,-1,0.063239
44420,425,0,19255,45.305882,0.000000,30.000000,-1,60.834952,60.834952,-1,21,0,1550,15,0,713,2064,0,264,5.391697,2.812897,2.812897,1.000000,0.715391,-1,-1,-1,-1,-1,0.062087
44430,401,0,18071,45.064838,0.000000,30.000000,-1,60.867910,60.867910,-1,21,0,1574,22,0,696,1763,0,234,5.715432,2.883310,2.883310,1.000000,0.706906,-1,-1,-1,-1,-1,0.063981
44440,399,0,18008,45.132832,0.000000,30.000000,-1,60.852343,60.852343,-1,22,0,1749,15,0,674,1934,0,272,5.876358,2.878864,2.878864,1.000000,0.711783,-1,-1,-1,-1,-1,0.063786
44450,390,0,18024,46.215385,0.000000,30.000000,-1,60.881769,60.881769,-1,14,0,1663,23,0,651,1762,0,185,6.033822,3.073015,3.073015,1.000000,0.729739,-1,-1,-1,-1,-1,0.066493
44460,390,0,17800,45.641026,0.000000,30.000000,-1,60.927022,60.927022,-1,18,0,1532,18,0,680,1799,0,212,5.624369,2.876974,2.876974,1.000000,0.714867,-1,-1,-1,-1,-1,0.063035
44470,391,0,17664,45.176471,0.000000,30.000000,-1,60.904212,60.904212,-1,22,0,1717,19,0,683,1540,0,295,6.109517,3.108483,3.108483,1.000000,0.707848,-1,-1,-1,-1,-1,0.068808
44480,414,0,18818,45.454106,0.000000,30.000000,-1,60.914072,60.914072,-1,15,0,1859,19,0,740,2005,0,191,5.689137,2.763704,2.763704,1.000000,0.715001,-1,-1,-1,-1,-1,0.060802
44490,396,0,18358,46.358586,0.000000,30.000000,-1,60.886317,60.886317,-1,19,0,1603,22,0,691,1782,0,240,5.739755,2.929316,2.929316,1.000000,0.713058,-1,-1,-1,-1,-1,0.063188
44500,393,0,17800,45.292621,0.000000,30.000000,-1,60.802303,60.802303,-1,23,0,1720,18,0,631,1498,0,278,5.841144,2.903433,2.903433,1.000000,0.690816,-1,-1,-1,-1,-1,0.064104
44510,401,0,18504,46.144638,0.000000,30.000000,-1,60.779615,60.779615,-1,12,0,1774,16,0,682,1729,0,158,5.739808,2.819211,2.819211,1.000000,0.714332,-1,-1,-1,-1,-1,0.061095
44520,399,0,17963,45.020050,0.000000,30.000000,-1,60.842120,60.842120,-1,21,0,1538,19,0,678,2022,0,283,5.950028,2.979796,2.979796,1.000000,0.708031,-1,-1,-1,-1,-1,0.066188
44530,397,0,18019,45.387909,0.000000,30.000000,-1,60.844331,60.844331,-1,19,0,1720,21,0,673,1952,0,233,5.675718,2.793515,2.793515,1.000000,0.704209,-1,-1,-1,-1,-1,0.061548
44540,394,0,17927,45.500000,0.000000,30.000000,-1,60.813298,60.813298,-1,16,0,1655,15,0,695,1875,0,195,5.888363,2.931313,2.931313,1.000000,0.717069,-1,-1,-1,-1,-1,0.064424
44550,416,0,19082,45.870192,0.000000,30.000000,-1,60.806100,60.806100,-1,16,0,2062,15,0,719,2176,0,209,5.651147,2.775764,2.775764,1.000000,0.707997,-1,-1,-1,-1,-1,0.060513
44560,416,0,19140,46.009615,0.000000,30.000000,-1,60.777011,60.777011,-1,15,0,1457,25,0,715,1997,0,204,5.588678,2.940626,2.940626,1.000000,0.730988,-1,-1,-1,-1,-1,0.063913
44570,414,0,19008,45.913043,0.000000,30.000000,-1,60.789931,60.789931,-1,18,0,1670,32,0,819,2109,0,224,5.728319,2.870025,2.870025,1.000000,0.701580,-1,-1,-1,-1,-1,0.062510
44580,409,0,18371,44.916870,0.000000,30.000000,-1,60.769582,60.769582,-1,19,0,1534,16,0,697,1808,0,242,5.882499,2.906960,2.906960,1.000000,0.697984,-1,-1,-1,-1,-1,0.064719
44590,420,0,18676,44.466667,0.000000,30.000000,-1,60.808096,60.808096,-1,26,0,1691,15,0,735,1927,0,324,5.592680,2.765256,2.765256,1.000000,0.695767,-1,-1,-1,-1,-1,0.062187
44600,401,0,18221,45.438903,0.000000,30.000000,-1,60.790846,60.790846,-1,20,0,1581,16,0,749,2085,0,254,5.678000,2.900732,2.900732,1.000000,0.710939,-1,-1,-1,-1,-1,0.063838
44610,407,0,18851,46.316953,0.000000,30.000000,-1,60.751631,60.751631,-1,15,0,1582,17,0,666,2026,0,181,5.650952,2.958853,2.958853,1.000000,0.725972,-1,-1,-1,-1,-1,0.063883
44620,392,0,17824,45.469388,0.000000,30.000000,-1,60.766214,60.766214,-1,15,0,1652,17,0,657,1723,0,179,6.082586,3.027958,3.027958,1.000000,0.726190,-1,-1,-1,-1,-1,0.066593
44630,407,0,18646,45.813268,0.000000,30.000000,-1,60.750778,60.750778,-1,14,0,1895,21,0,678,1860,0,162,5.772118,2.826572,2.826572,1.000000,0.728094,-1,-1,-1,-1,-1,0.061698
44640,426,0,19452,45.661972,0.000000,30.000000,-1,60.759099,60.759099,-1,25,0,1545,16,0,813,2015,0,293,5.639061,2.962772,2.962772,1.000000,0.706678,-1,-1,-1,-1,-1,0.064885
44650,404,0,18599,46.037129,0.000000,30.000000,-1,60.789612,60.789612,-1,15,0,1717,21,0,756,1854,0,210,5.694976,2.937744,2.937744,1.000000,0.731646,-1,-1,-1,-1,-1,0.063812
44660,396,0,18037,45.547980,0.000000,30.000000,-1,60.829517,60.829517,-1,13,0,1998,23,0,659,2102,0,171,5.532550,2.673832,2.673832,1.000000,0.726897,-1,-1,-1,-1,-1,0.058704
44670,404,0,18218,45.094059,0.000000,30.000000,-1,60.876880,60.876880,-1,23,0,1624,22,0,731,1875,0,291,5.545013,2.825528,2.825528,1.000000,0.701999,-1,-1,-1,-1,-1,0.062659
44680,401,0,18486,46.099751,0.000000,30.000000,-1,60.852104,60.852104,-1,14,0,1685,20,0,740,1688,0,161,5.683254,2.892568,2.892568,1.000000,0.729530,-1,-1,-1,-1,-1,0.062746
44690,385,0,17632,45.797403,0.000000,30.000000,-1,60.864394,60.864394,-1,21,0,1399,17,0,636,1889,0,280,5.780539,3.015813,3.015813,1.000000,0.710223,-1,-1,-1,-1,-1,0.065851
44700,385,0,17437,45.290909,0.000000,30.000000,-1,60.867007,60.867007,-1,21,0,1533,16,0,690,1761,0,271,5.944209,3.107739,3.107739,1.000000,0.711594,-1,-1,-1,-1,-1,0.068617
44710,408,0,17865,43.786765,0.000000,30.000000,-1,60.915925,60.915925,-1,29,0,1691,17,0,675,1250,0,371,5.855881,2.910459,2.910459,1.000000,0.694477,-1,-1,-1,-1,-1,0.066469
44720,400,0,17719,44.297500,0.000000,30.000000,-1,60.977651,60.977651,-1,26,0,1631,16,0,674,1641,0,321,5.550279,2.796387,2.796388,1.000000,0.699896,-1,-1,-1,-1,-1,0.063127
44730,407,0,18173,44.651106,0.000000,30.000000,-1,61.033401,61.033401,-1,25,0,1754,12,0,695,1820,0,339,5.788918,2.912966,2.912966,1.000000,0.696228,-1,-1,-1,-1,-1,0.065238
44740,406,0,18433,45.401478,0.000000,30.000000,-1,61.043509,61.043509,-1,17,0,1740,21,0,701,1922,0,202,6.034991,3.014739,3.014739,1.000000,0.719575,-1,-1,-1,-1,-1,0.066402
44750,395,0,17334,43.883544,0.000000,30.000000,-1,61.055556,61.055556,-1,31,0,1416,19,0,679,1930,0,377,5.812361,2.982334,2.982334,1.000000,0.687817,-1,-1,-1,-1,-1,0.067960
44760,392,0,17987,45.885204,0.000000,30.000000,-1,61.090732,61.090732,-1,15,0,1667,15,0,651,1599,0,188,5.896302,2.951973,2.951973,1.000000,0.716731,-1,-1,-1,-1,-1,0.064334
44770,397,0,18010,45.365239,0.000000,30.000000,-1,61.083898,61.083898,-1,18,0,1440,16,0,691,2324,0,196,5.739394,2.907481,2.907481,1.000000,0.716464,-1,-1,-1,-1,-1,0.064091
44780,401,0,18665,46.546135,0.000000,30.000000,-1,61.075596,61.075596,-1,8,0,1683,20,0,717,2040,0,81,5.722653,2.902312,2.902312,1.000000,0.734426,-1,-1,-1,-1,-1,0.062353
44790,411,0,18726,45.562044,0.000000,30.000000,-1,61.158710,61.158710,-1,22,0,1637,21,0,706,2081,0,284,5.683456,2.870651,2.870651,1.000000,0.706193,-1,-1,-1,-1,-1,0.063005
44800,410,0,18561,45.270732,0.000000,30.000000,-1,61.152578,61.152578,-1,17,0,2015,23,0,740,1698,0,227,5.795770,2.725543,2.725543,1.000000,0.705394,-1,-1,-1,-1,-1,0.060205
44810,396,0,18083,45.664141,0.000000,30.000000,-1,61.104076,61.104076,-1,14,0,1619,18,0,706,2140,0,169,5.621947,2.810713,2.810713,1.000000,0.709578,-1,-1,-1,-1,-1,0.061552
44820,399,0,17977,45.055138,0.000000,30.000000,-1,61.060021,61.060021,-1,20,0,1604,21,0,681,1779,0,248,5.768509,2.868201,2.868201,1.000000,0.704372,-1,-1,-1,-1,-1,0.063660
44830,391,0,18311,46.831202,0.000000,30.000000,-1,61.104090,61.104090,-1,14,0,1453,20,0,734,2022,0,165,5.864573,3.009315,3.009315,1.000000,0.714003,-1,-1,-1,-1,-1,0.064259
44840,394,0,18033,45.769036,0.000000,30.000000,-1,61.140576,61.140576,-1,19,0,1565,20,0,704,1714,0,236,5.788868,2.908558,2.908558,1.000000,0.703429,-1,-1,-1,-1,-1,0.063549
44850,404,0,18638,46.133663,0.000000,30.000000,-1,61.149372,61.149372,-1,18,0,1449,18,0,698,1875,0,228,5.788396,2.978106,2.978106,1.000000,0.708508,-1,-1,-1,-1,-1,0.064554
44860,405,0,18736,46.261728,0.000000,30.000000,-1,61.252082,61.252082,-1,14,0,1705,26,0,663,1888,0,175,5.769214,2.844210,2.844210,1.000000,0.714551,-1,-1,-1,-1,-1,0.061481
44870,390,0,17119,43.894872,0.000000,30.000000,-1,61.298031,61.298031,-1,26,0,1525,17,0,694,1676,0,324,5.763251,2.878018,2.878018,1.000000,0.694004,-1,-1,-1,-1,-1,0.065566
44880,396,0,17908,45.222222,0.000000,30.000000,-1,61.221186,61.221186,-1,22,0,1419,22,0,653,2042,0,241,5.616039,2.860392,2.860392,1.000000,0.699882,-1,-1,-1,-1,-1,0.063252
44890,383,0,17294,45.154047,0.000000,30.000000,-1,61.171736,61.171736,-1,22,0,1549,21,0,637,1698,0,280,5.601000,2.847962,2.847962,1.000000,0.710689,-1,-1,-1,-1,-1,0.063072
44900,399,0,18049,45.235589,0.000000,30.000000,-1,61.229154,61.229154,-1,18,0,1630,16,0,642,1520,0,200,6.005205,3.008520,3.008520,1.000000,0.707024,-1,-1,-1,-1,-1,0.066508
44910,365,0,17105,46.863014,0.000000,30.000000,-1,61.174101,61.174101,-1,12,0,1427,19,0,630,1642,0,147,6.049731,3.101476,3.101476,1.000000,0.724360,-1,-1,-1,-1,-1,0.066182
44920,391,0,17914,45.815857,0.000000,30.000000,-1,61.188177,61.188177,-1,17,0,1383,20,0,640,1843,0,207,5.907801,3.163810,3.163810,1.000000,0.731777,-1,-1,-1,-1,-1,0.069055
44930,391,0,17842,45.631714,0.000000,30.000000,-1,61.220435,61.220435,-1,15,0,1751,14,0,692,1958,0,195,5.705331,2.895570,2.895570,1.000000,0.722677,-1,-1,-1,-1,-1,0.063455
44940,372,0,16607,44.642473,0.000000,30.000000,-1,61.241043,61.241043,-1,26,0,1521,15,0,585,1548,0,330,5.834334,3.002712,3.002712,1.000000,0.699832,-1,-1,-1,-1,-1,0.067261
44950,386,0,17778,46.056995,0.000000,30.000000,-1,61.282484,61.282484,-1,17,0,1576,18,0,712,1935,0,214,5.757162,2.924555,2.924555,1.000000,0.710308,-1,-1,-1,-1,-1,0.063499
44960,395,0,17700,44.810127,0.000000,30.000000,-1,61.271582,61.271582,-1,22,0,1610,21,0,633,2092,0,265,5.814683,2.913828,2.913828,1.000000,0.712381,-1,-1,-1,-1,-1,0.065026
44970,397,0,17972,45.269521,0.000000,30.000000,-1,61.215558,61.215558,-1,22,0,1522,24,0,688,1661,0,258,5.819676,2.964719,2.964719,1.000000,0.711021,-1,-1,-1,-1,-1,0.065490
44980,391,0,18120,46.342711,0.000000,30.000000,-1,61.199669,61.199669,-1,16,0,1580,20,0,711,1991,0,196,5.827741,3.051324,3.051324,1.000000,0.728413,-1,-1,-1,-1,-1,0.065843
44990,400,0,18314,45.785000,0.000000,30.000000,-1,61.211641,61.211641,-1,15,0,1915,21,0,697,1645,0,193,6.123276,2.933867,2.933867,1.000000,0.712434,-1,-1,-1,-1,-1,0.064079
45000,393,0,17594,44.768448,0.000000,30.000000,-1,61.193418,61.193418,-1,26,0,1450,29,0,676,1508,0,308,5.569330,2.998100,2.998100,1.000000,0.707764,-1,-1,-1,-1,-1,0.066969
45010,386,0,17829,46.189119,0.000000,30.000000,-1,61.171014,61.171014,-1,16,0,1523,17,0,629,1472,0,228,6.060239,3.125426,3.125426,1.000000,0.722834,-1,-1,-1,-1,-1,0.067666
45020,394,0,17965,45.596447,0.000000,30.000000,-1,61.136710,61.136710,-1,19,0,1655,21,0,689,2009,0,254,5.803376,2.938587,2.938587,1.000000,0.714813,-1,-1,-1,-1,-1,0.064448
45030,419,0,19026,45.408115,0.000000,30.000000,-1,61.132398,61.132398,-1,18,0,1611,20,0,724,2161,0,218,5.449149,2.782013,2.782013,1.000000,0.720583,-1,-1,-1,-1,-1,0.061267
45040,401,0,18218,45.431421,0.000000,30.000000,-1,61.076792,61.076792,-1,19,0,1537,27,0,731,1916,0,240,5.467500,2.834364,2.834364,1.000000,0.710899,-1,-1,-1,-1,-1,0.062388
45050,387,0,18312,47.317829,0.000000,30.000000,-1,61.093818,61.093818,-1,11,0,1477,22,0,708,1788,0,143,5.791937,3.077387,3.077387,1.000000,0.737443,-1,-1,-1,-1,-1,0.065037
45060,394,0,18025,45.748731,0.000000,30.000000,-1,61.048044,61.048044,-1,18,0,1764,27,0,725,1593,0,243,5.613169,2.844651,2.844651,1.000000,0.720792,-1,-1,-1,-1,-1,0.062180
45070,388,0,17698,45.613402,0.000000,30.000000,-1,61.017573,61.017573,-1,17,0,1666,16,0,687,1819,0,238,5.847620,2.940672,2.940672,1.000000,0.721069,-1,-1,-1,-1,-1,0.064469
45080,398,0,18246,45.844221,0.000000,30.000000,-1,60.968815,60.968815,-1,17,0,1469,19,0,675,2014,0,218,5.907899,3.111982,3.111982,1.000000,0.723874,-1,-1,-1,-1,-1,0.067882
45090,413,0,18992,45.985472,0.000000,30.000000,-1,60.999842,60.999842,-1,14,0,1901,28,0,733,1932,0,165,5.760146,2.814742,2.814742,1.000000,0.722200,-1,-1,-1,-1,-1,0.061209
45100,398,0,18485,46.444724,0.000000,30.000000,-1,61.023965,61.023965,-1,15,0,1406,17,0,738,1624,0,181,5.600146,2.986238,2.986238,1.000000,0.731947,-1,-1,-1,-1,-1,0.064297
45110,401,0,18094,45.122195,0.000000,30.000000,-1,61.038853,61.038853,-1,19,0,1670,17,0,706,1967,0,257,5.847290,2.954396,2.954396,1.000000,0.718763,-1,-1,-1,-1,-1,0.065475
45120,416,0,18728,45.019231,0.000000,30.000000,-1,61.033533,61.033533,-1,24,0,1870,13,0,731,1830,0,316,5.794636,2.969100,2.969100,1.000000,0.715308,-1,-1,-1,-1,-1,0.065952
45130,398,0,17977,45.168342,0.000000,30.000000,-1,61.055460,61.055460,-1,23,0,1494,16,0,656,1676,0,310,5.554234,2.935716,2.935716,1.000000,0.725102,-1,-1,-1,-1,-1,0.064995
45140,403,0,18241,45.263027,0.000000,30.000000,-1,61.058330,61.058330,-1,19,0,1730,16,0,638,2098,0,271,5.697975,2.882670,2.882670,1.000000,0.721744,-1,-1,-1,-1,-1,0.063687
45150,433,0,19400,44.803695,0.000000,30.000000,-1,61.108711,61.108711,-1,28,0,1685,21,0,794,1993,0,358,5.518140,2.847196,2.847196,1.000000,0.704247,-1,-1,-1,-1,-1,0.063548
45160,413,0,18871,45.692494,0.000000,30.000000,-1,61.167400,61.167400,-1,16,0,1614,21,0,675,1720,0,201,5.479839,2.788927,2.788927,1.000000,0.723791,-1,-1,-1,-1,-1,0.061037
45170,402,0,18064,44.935323,0.000000,30.000000,-1,61.175875,61.175875,-1,22,0,1760,20,0,675,1902,0,228,5.483091,2.706793,2.706793,1.000000,0.703278,-1,-1,-1,-1,-1,0.060238
45180,391,0,17848,45.647059,0.000000,30.000000,-1,61.197837,61.197837,-1,20,0,1414,13,0,618,1929,0,241,5.777436,3.088719,3.088719,1.000000,0.724971,-1,-1,-1,-1,-1,0.067665
45190,397,0,17548,44.201511,0.000000,30.000000,-1,61.180818,61.180818,-1,29,0,1606,16,0,699,1883,0,359,5.839472,3.108950,3.108950,1.000000,0.704019,-1,-1,-1,-1,-1,0.070336
45200,397,0,18006,45.355164,0.000000,30.000000,-1,61.190492,61.190492,-1,21,0,1650,19,0,639,1717,0,251,5.710712,2.966030,2.966030,1.000000,0.714530,-1,-1,-1,-1,-1,0.065396
45210,411,0,18464,44.924574,0.000000,30.000000,-1,61.199794,61.199794,-1,26,0,1697,22,0,782,2067,0,334,5.813360,2.953991,2.953991,1.000000,0.707620,-1,-1,-1,-1,-1,0.065754
45220,392,0,18213,46.461735,0.000000,30.000000,-1,61.247900,61.247900,-1,16,0,1382,19,0,668,2098,0,193,5.692446,3.085616,3.085616,1.000000,0.734753,-1,-1,-1,-1,-1,0.066412
45230,408,0,18710,45.857843,0.000000,30.000000,-1,61.267878,61.267878,-1,22,0,1536,15,0,712,1955,0,280,5.763531,3.064725,3.064725,1.000000,0.718087,-1,-1,-1,-1,-1,0.066831
45240,407,0,18179,44.665848,0.000000,30.000000,-1,61.260135,61.260135,-1,24,0,1818,21,0,690,1616,0,285,5.797940,2.935885,2.935885,1.000000,0.713421,-1,-1,-1,-1,-1,0.065730
45250,408,0,18297,44.845588,0.000000,30.000000,-1,61.253539,61.253539,-1,27,0,1597,25,0,656,2039,0,346,5.644726,2.896007,2.896007,1.000000,0.709160,-1,-1,-1,-1,-1,0.064577
45260,410,0,18491,45.100000,0.000000,30.000000,-1,61.241361,61.241361,-1,26,0,1741,19,0,696,2079,0,290,5.437656,2.864609,2.864609,1.000000,0.713713,-1,-1,-1,-1,-1,0.063517
45270,415,0,18792,45.281928,0.000000,30.000000,-1,61.244519,61.244519,-1,16,0,1946,15,0,798,1670,0,195,5.701160,2.835156,2.835156,1.000000,0.721380,-1,-1,-1,-1,-1,0.062611
45280,399,0,18122,45.418546,0.000000,30.000000,-1,61.229114,61.229114,-1,16,0,1697,20,0,657,1858,0,222,5.794365,2.960021,2.960021,1.000000,0.739025,-1,-1,-1,-1,-1,0.065172
45290,424,0,19278,45.466981,0.000000,30.000000,-1,61.211692,61.211692,-1,24,0,1591,23,0,740,2565,0,299,5.489655,2.884054,2.884054,1.000000,0.719295,-1,-1,-1,-1,-1,0.063432
45300,400,0,18305,45.762500,0.000000,30.000000,-1,61.252882,61.252882,-1,16,0,1518,30,0,775,1678,0,189,5.536706,2.878413,2.878413,1.000000,0.731305,-1,-1,-1,-1,-1,0.062899
45310,411,0,18476,44.953771,0.000000,30.000000,-1,61.268511,61.268511,-1,21,0,1698,21,0,728,1807,0,263,5.872216,3.027505,3.027505,1.000000,0.725151,-1,-1,-1,-1,-1,0.067347
45320,395,0,18412,46.612658,0.000000,30.000000,-1,61.273789,61.273789,-1,16,0,1415,22,0,668,1700,0,208,5.800487,3.132384,3.132384,1.000000,0.736356,-1,-1,-1,-1,-1,0.067200
45330,405,0,18720,46.222222,0.000000,30.000000,-1,61.311432,61.311432,-1,16,0,1461,17,0,707,2081,0,184,5.694410,3.056207,3.056207,1.000000,0.739851,-1,-1,-1,-1,-1,0.066120
45340,412,0,18622,45.199029,0.000000,30.000000,-1,61.298142,61.298142,-1,19,0,1698,21,0,709,2394,0,265,5.641606,2.921501,2.921501,1.000000,0.727890,-1,-1,-1,-1,-1,0.064636
45350,413,0,18388,44.523002,0.000000,30.000000,-1,61.288775,61.288775,-1,21,0,1768,23,0,682,2117,0,249,5.626162,2.792840,2.792840,1.000000,0.716345,-1,-1,-1,-1,-1,0.062728
45360,418,0,19230,46.004785,0.000000,30.000000,-1,61.284399,61.284399,-1,19,0,1584,23,0,687,1605,0,249,5.605049,2.992240,2.992240,1.000000,0.719296,-1,-1,-1,-1,-1,0.065042
45370,426,0,19032,44.676056,0.000000,30.000000,-1,61.271648,61.271648,-1,25,0,1682,17,0,784,2086,0,308,5.455232,2.799463,2.799463,1.000000,0.713187,-1,-1,-1,-1,-1,0.062661
45380,425,0,19786,46.555294,0.000000,30.000000,-1,61.267310,61.267310,-1,10,0,1714,24,0,729,2255,0,112,5.511725,2.861664,2.861664,1.000000,0.746334,-1,-1,-1,-1,-1,0.061468
45390,425,0,19429,45.715294,0.000000,30.000000,-1,61.287869,61.287869,-1,17,0,1846,17,0,738,2143,0,209,5.326255,2.754977,2.754977,1.000000,0.729153,-1,-1,-1,-1,-1,0.060264
45400,417,0,18824,45.141487,0.000000,30.000000,-1,61.314120,61.314120,-1,20,0,1781,13,0,741,1980,0,278,5.335275,2.790909,2.790909,1.000000,0.724857,-1,-1,-1,-1,-1,0.061826
45410,390,0,17894,45.882051,0.000000,30.000000,-1,61.304348,61.304348,-1,13,0,1696,25,0,652,1930,0,155,5.552461,2.839114,2.839114,1.000000,0.735330,-1,-1,-1,-1,-1,0.061879
45420,410,0,18787,45.821951,0.000000,30.000000,-1,61.275829,61.275829,-1,15,0,2006,21,0,716,2325,0,175,5.596376,2.742300,2.742300,1.000000,0.723468,-1,-1,-1,-1,-1,0.059847
45430,381,0,17252,45.280840,0.000000,30.000000,-1,61.335555,61.335555,-1,25,0,1349,16,0,647,1914,0,334,5.676318,3.027969,3.027969,1.000000,0.711939,-1,-1,-1,-1,-1,0.066871
45440,392,0,17910,45.688776,0.000000,30.000000,-1,61.300223,61.300223,-1,19,0,1637,12,0,655,1609,0,237,5.764214,3.054542,3.054542,1.000000,0.731711,-1,-1,-1,-1,-1,0.066855
45450,394,0,17602,44.675127,0.000000,30.000000,-1,61.298432,61.298432,-1,26,0,1685,18,0,655,2296,0,335,5.877290,3.040646,3.040646,1.000000,0.714857,-1,-1,-1,-1,-1,0.068061
45460,392,0,17282,44.086735,0.000000,30.000000,-1,61.264668,61.264668,-1,27,0,1596,16,0,669,1761,0,341,6.069301,3.034440,3.034440,1.000000,0.705266,-1,-1,-1,-1,-1,0.068829
45470,391,0,18041,46.140665,0.000000,30.000000,-1,61.227925,61.227925,-1,17,0,1494,17,0,646,2013,0,212,5.758438,3.137190,3.137190,1.000000,0.728565,-1,-1,-1,-1,-1,0.067992
45480,401,0,18167,45.304239,0.000000,30.000000,-1,61.204216,61.204216,-1,23,0,1559,16,0,695,1920,0,272,5.598924,2.998808,2.998808,1.000000,0.716886,-1,-1,-1,-1,-1,0.066193
45490,413,0,19156,46.382567,0.000000,30.000000,-1,61.204270,61.204270,-1,15,0,1916,14,0,768,1977,0,177,5.887211,3.056061,3.056061,1.000000,0.731108,-1,-1,-1,-1,-1,0.065888
45500,425,0,19344,45.515294,0.000000,30.000000,-1,61.182227,61.182227,-1,22,0,1589,19,0,744,2278,0,272,5.411382,2.899206,2.899206,1.000000,0.731525,-1,-1,-1,-1,-1,0.063697
45510,415,0,19019,45.828916,0.000000,30.000000,-1,61.171776,61.171776,-1,12,0,1784,16,0,731,1995,0,158,5.490686,2.788143,2.788143,1.000000,0.734662,-1,-1,-1,-1,-1,0.060838
45520,406,0,18623,45.869458,0.000000,30.000000,-1,61.130699,61.130699,-1,17,0,1533,25,0,676,1900,0,232,5.555861,2.991641,2.991641,1.000000,0.730995,-1,-1,-1,-1,-1,0.065221
45530,399,0,18555,46.503759,0.000000,30.000000,-1,61.150741,61.150741,-1,11,0,1697,23,0,693,1836,0,142,5.909256,3.103276,3.103276,1.000000,0.747266,-1,-1,-1,-1,-1,0.066732
45540,376,0,17267,45.922872,0.000000,30.000000,-1,61.201946,61.201946,-1,12,0,1597,22,0,674,1757,0,134,5.975349,3.029020,3.029020,1.000000,0.735709,-1,-1,-1,-1,-1,0.065959
45550,391,0,17845,45.639386,0.000000,30.000000,-1,61.181003,61.181003,-1,19,0,1376,13,0,626,1808,0,252,5.840452,3.219224,3.219224,1.000000,0.733440,-1,-1,-1,-1,-1,0.070536
45560,422,0,18956,44.919431,0.000000,30.000000,-1,61.153883,61.153883,-1,29,0,1875,24,0,786,1627,0,379,5.432508,2.818564,2.818564,1.000000,0.700492,-1,-1,-1,-1,-1,0.062747
45570,433,0,19252,44.461894,0.000000,30.000000,-1,61.151101,61.151101,-1,23,0,1708,21,0,787,1952,0,306,5.582749,2.795564,2.795564,1.000000,0.716952,-1,-1,-1,-1,-1,0.062876
45580,422,0,19182,45.454976,0.000000,30.000000,-1,61.108644,61.108644,-1,24,0,1616,27,0,726,2409,0,321,5.602284,2.968129,2.968129,1.000000,0.713524,-1,-1,-1,-1,-1,0.065298
45590,419,0,19215,45.859189,0.000000,30.000000,-1,61.094353,61.094353,-1,18,0,1726,22,0,784,2189,0,210,5.655444,2.848590,2.848590,1.000000,0.729628,-1,-1,-1,-1,-1,0.062116
45600,412,0,19225,46.662621,0.000000,30.000000,-1,61.130247,61.130247,-1,11,0,1974,25,0,694,2233,0,131,5.541213,2.743461,2.743461,1.000000,0.730983,-1,-1,-1,-1,-1,0.058794
45610,415,0,18821,45.351807,0.000000,30.000000,-1,61.098507,61.098507,-1,18,0,1831,24,0,699,1798,0,215,5.488146,2.736180,2.736180,1.000000,0.722203,-1,-1,-1,-1,-1,0.060332
45620,408,0,18647,45.703431,0.000000,30.000000,-1,61.106344,61.106344,-1,17,0,1751,17,0,734,2164,0,217,5.566383,2.845148,2.845148,1.000000,0.724116,-1,-1,-1,-1,-1,0.062252
45630,402,0,17883,44.485075,0.000000,30.000000,-1,61.139182,61.139182,-1,23,0,1685,20,0,683,2049,0,278,5.571770,2.855261,2.855261,1.000000,0.711060,-1,-1,-1,-1,-1,0.064185
45640,412,0,19026,46.179612,0.000000,30.000000,-1,61.158625,61.158625,-1,18,0,1607,17,0,773,1949,0,221,5.461621,2.873600,2.873600,1.000000,0.715599,-1,-1,-1,-1,-1,0.062227
45650,397,0,18187,45.811083,0.000000,30.000000,-1,61.155001,61.155001,-1,16,0,1569,15,0,688,1823,0,217,5.832421,3.077199,3.077199,1.000000,0.732889,-1,-1,-1,-1,-1,0.067172
45660,395,0,17354,43.934177,0.000000,30.000000,-1,61.166302,61.166302,-1,24,0,1746,20,0,693,1848,0,290,5.450723,2.668024,2.668024,1.000000,0.706195,-1,-1,-1,-1,-1,0.060728
45670,382,0,17388,45.518325,0.000000,30.000000,-1,61.125604,61.125604,-1,18,0,1760,22,0,634,1577,0,224,6.127721,3.033835,3.033835,1.000000,0.719662,-1,-1,-1,-1,-1,0.066651
45680,396,0,17885,45.164141,0.000000,30.000000,-1,61.118256,61.118256,-1,23,0,1828,21,0,635,1671,0,274,5.780101,2.878990,2.878990,1.000000,0.712135,-1,-1,-1,-1,-1,0.063745
45690,412,0,19039,46.211165,0.000000,30.000000,-1,61.156258,61.156258,-1,11,0,1673,18,0,734,2560,0,149,5.646245,2.975287,2.975287,1.000000,0.748558,-1,-1,-1,-1,-1,0.064385
45700,416,0,19077,45.858173,0.000000,30.000000,-1,61.150391,61.150391,-1,16,0,1657,30,0,701,2165,0,187,5.511602,2.809712,2.809712,1.000000,0.717195,-1,-1,-1,-1,-1,0.061270
45710,391,0,17795,45.511509,0.000000,30.000000,-1,61.197359,61.197359,-1,19,0,1595,15,0,669,1922,0,247,6.115613,3.182889,3.182889,1.000000,0.725470,-1,-1,-1,-1,-1,0.069936
45720,407,0,18473,45.388206,0.000000,30.000000,-1,61.227251,61.227251,-1,21,0,1719,20,0,722,1683,0,291,5.856134,3.007443,3.007443,1.000000,0.722308,-1,-1,-1,-1,-1,0.066260
45730,403,0,18198,45.156328,0.000000,30.000000,-1,61.253215,61.253215,-1,23,0,1973,13,0,659,1954,0,310,5.843439,2.963958,2.963958,1.000000,0.714527,-1,-1,-1,-1,-1,0.065638
45740,396,0,18214,45.994949,0.000000,30.000000,-1,61.248984,61.248984,-1,16,0,1404,20,0,679,1829,0,211,5.631139,2.974801,2.974801,1.000000,0.725301,-1,-1,-1,-1,-1,0.064677
45750,413,0,18666,45.196126,0.000000,30.000000,-1,61.227794,61.227794,-1,24,0,1555,15,0,727,1974,0,306,5.825614,3.023516,3.023516,1.000000,0.714017,-1,-1,-1,-1,-1,0.066898
45760,421,0,19258,45.743468,0.000000,30.000000,-1,61.191816,61.191816,-1,17,0,1603,12,0,711,1702,0,204,5.614267,2.987362,2.987362,1.000000,0.732785,-1,-1,-1,-1,-1,0.065307
45770,418,0,18910,45.239234,0.000000,30.000000,-1,61.162771,61.162771,-1,19,0,1675,24,0,711,2333,0,229,5.937013,2.974242,2.974242,1.000000,0.718687,-1,-1,-1,-1,-1,0.065745
45780,394,0,17843,45.286802,0.000000,30.000000,-1,61.129911,61.129911,-1,20,0,1673,20,0,645,1598,0,252,5.941862,2.984775,2.984775,1.000000,0.715024,-1,-1,-1,-1,-1,0.065908
45790,407,0,18336,45.051597,0.000000,30.000000,-1,61.113438,61.113438,-1,20,0,1840,16,0,640,2240,0,252,5.591051,2.769426,2.769426,1.000000,0.718617,-1,-1,-1,-1,-1,0.061472
45800,405,0,18438,45.525926,0.000000,30.000000,-1,61.159399,61.159399,-1,21,0,1644,29,0,677,1993,0,261,5.876573,3.028894,3.028894,1.000000,0.716125,-1,-1,-1,-1,-1,0.066531
45810,390,0,17642,45.235897,0.000000,30.000000,-1,61.156331,61.156331,-1,21,0,1556,17,0,676,1799,0,274,5.505066,2.820982,2.820982,1.000000,0.719431,-1,-1,-1,-1,-1,0.062362
45820,389,0,17486,44.951157,0.000000,30.000000,-1,61.209997,61.209997,-1,24,0,1728,24,0,671,1816,0,285,5.952187,2.969835,2.969835,1.000000,0.700945,-1,-1,-1,-1,-1,0.066068
45830,380,0,17232,45.347368,0.000000,30.000000,-1,61.208333,61.208333,-1,17,0,1540,15,0,614,1632,0,210,5.955863,3.119075,3.119075,1.000000,0.723403,-1,-1,-1,-1,-1,0.068782
45840,395,0,18187,46.043038,0.000000,30.000000,-1,61.193710,61.193710,-1,20,0,1604,21,0,617,1756,0,256,5.566068,2.869496,2.869496,1.000000,0.714783,-1,-1,-1,-1,-1,0.062322
45850,409,0,18771,45.894866,0.000000,30.000000,-1,61.174152,61.174152,-1,17,0,1698,22,0,725,1972,0,206,5.651404,2.886842,2.886842,1.000000,0.721868,-1,-1,-1,-1,-1,0.062901
45860,400,0,18336,45.840000,0.000000,30.000000,-1,61.169939,61.169939,-1,17,0,1599,27,0,710,1535,0,230,5.636360,2.936973,2.936973,1.000000,0.726204,-1,-1,-1,-1,-1,0.064070
45870,405,0,18480,45.629630,0.000000,30.000000,-1,61.194210,61.194210,-1,20,0,1622,23,0,724,1919,0,258,5.666407,2.955110,2.955110,1.000000,0.722894,-1,-1,-1,-1,-1,0.064763
45880,394,0,17846,45.294416,0.000000,30.000000,-1,61.162389,61.162389,-1,19,0,1694,19,0,669,1993,0,254,5.988461,3.094631,3.094631,1.000000,0.717886,-1,-1,-1,-1,-1,0.068323
45890,408,0,18789,46.051471,0.000000,30.000000,-1,61.142743,61.142743,-1,14,0,1676,22,0,728,1739,0,181,5.622926,2.910220,2.910220,1.000000,0.726175,-1,-1,-1,-1,-1,0.063195
45900,403,0,18056,44.803970,0.000000,30.000000,-1,61.171910,61.171910,-1,21,0,1667,30,0,769,2020,0,281,5.635139,2.897060,2.897060,1.000000,0.713381,-1,-1,-1,-1,-1,0.064661
45910,389,0,17528,45.059126,0.000000,30.000000,-1,61.173094,61.173094,-1,23,0,1570,24,0,642,2002,0,310,5.909819,2.990047,2.990047,1.000000,0.693582,-1,-1,-1,-1,-1,0.066358
45920,418,0,18855,45.107656,0.000000,30.000000,-1,61.187696,61.187696,-1,22,0,1847,15,0,769,2655,0,279,5.605525,2.769788,2.769788,1.000000,0.708946,-1,-1,-1,-1,-1,0.061404
45930,397,0,18178,45.788413,0.000000,30.000000,-1,61.179118,61.179118,-1,20,0,1584,23,0,687,1883,0,241,5.528238,2.891817,2.891817,1.000000,0.713165,-1,-1,-1,-1,-1,0.063156
45940,413,0,18771,45.450363,0.000000,30.000000,-1,61.212455,61.212455,-1,24,0,1664,20,0,706,1683,0,301,5.917333,3.044734,3.044734,1.000000,0.713943,-1,-1,-1,-1,-1,0.066990
45950,409,0,18528,45.300733,0.000000,30.000000,-1,61.193977,61.193977,-1,17,0,1793,27,0,701,2031,0,214,5.553676,2.757303,2.757303,1.000000,0.713587,-1,-1,-1,-1,-1,0.060867
45960,412,0,18542,45.004854,0.000000,30.000000,-1,61.212706,61.212706,-1,23,0,1760,19,0,637,1993,0,281,5.662239,2.853595,2.853595,1.000000,0.706507,-1,-1,-1,-1,-1,0.063406
45970,401,0,18620,46.433915,0.000000,30.000000,-1,61.209506,61.209506,-1,9,0,1632,25,0,698,1686,0,121,5.945688,3.034599,3.034599,1.000000,0.733071,-1,-1,-1,-1,-1,0.065353
45980,409,0,18485,45.195599,0.000000,30.000000,-1,61.180633,61.180633,-1,18,0,1760,16,0,728,1781,0,239,5.493020,2.761375,2.761375,1.000000,0.720555,-1,-1,-1,-1,-1,0.061098
45990,367,0,16892,46.027248,0.000000,30.000000,-1,61.216907,61.216907,-1,13,0,1614,21,0,680,1973,0,157,6.235361,3.147926,3.147926,1.000000,0.721638,-1,-1,-1,-1,-1,0.068393
46000,395,0,17766,44.977215,0.000000,30.000000,-1,61.207531,61.207531,-1,29,0,1332,16,0,660,1686,0,352,5.812305,3.060650,3.060650,1.000000,0.688734,-1,-1,-1,-1,-1,0.068049
46010,421,0,19120,45.415677,0.000000,30.000000,-1,61.178556,61.178556,-1,24,0,1715,18,0,707,2186,0,306,5.648058,2.972008,2.972008,1.000000,0.709837,-1,-1,-1,-1,-1,0.065440
46020,408,0,18271,44.781863,0.000000,30.000000,-1,61.149253,61.149253,-1,21,0,1776,24,0,733,1964,0,224,5.611144,2.773193,2.773193,1.000000,0.709586,-1,-1,-1,-1,-1,0.061927
46030,374,0,17240,46.096257,0.000000,30.000000,-1,61.149594,61.149594,-1,8,0,1805,22,0,657,1688,0,108,6.089080,2.976491,2.976491,1.000000,0.735891,-1,-1,-1,-1,-1,0.064571
46040,415,0,18839,45.395181,0.000000,30.000000,-1,61.170550,61.170550,-1,16,0,1828,10,0,738,1990,0,209,5.711309,2.842277,2.842277,1.000000,0.712128,-1,-1,-1,-1,-1,0.062612
46050,398,0,18302,45.984925,0.000000,30.000000,-1,61.140422,61.140422,-1,18,0,1682,20,0,803,1891,0,222,5.786303,2.946528,2.946528,1.000000,0.717521,-1,-1,-1,-1,-1,0.064076
46060,392,0,17896,45.653061,0.000000,30.000000,-1,61.123044,61.123044,-1,14,0,1497,16,0,644,1960,0,183,5.750333,3.001003,3.001003,1.000000,0.735578,-1,-1,-1,-1,-1,0.065735
46070,384,0,17393,45.294271,0.000000,30.000000,-1,61.103777,61.103777,-1,18,0,1690,25,0,690,1991,0,232,6.092803,3.047078,3.047078,1.000000,0.713981,-1,-1,-1,-1,-1,0.067273
46080,420,0,18959,45.140476,0.000000,30.000000,-1,61.082177,61.082177,-1,18,0,1890,17,0,740,2397,0,197,6.082551,2.953617,2.953617,1.000000,0.716152,-1,-1,-1,-1,-1,0.065432
46090,421,0,19094,45.353919,0.000000,30.000000,-1,61.069813,61.069813,-1,22,0,1578,17,0,715,2160,0,294,5.687071,2.925755,2.925755,1.000000,0.703114,-1,-1,-1,-1,-1,0.064509
46100,428,0,19483,45.521028,0.000000,30.000000,-1,61.065493,61.065493,-1,25,0,1679,10,0,789,2042,0,343,5.774115,2.987122,2.987122,1.000000,0.710322,-1,-1,-1,-1,-1,0.065621
46110,406,0,18441,45.421182,0.000000,30.000000,-1,61.034651,61.034651,-1,23,0,1703,23,0,683,2074,0,306,5.893729,2.929752,2.929752,1.000000,0.692643,-1,-1,-1,-1,-1,0.064502
46120,398,0,18061,45.379397,0.000000,30.000000,-1,61.030009,61.030009,-1,18,0,1729,21,0,633,1866,0,215,5.726631,2.939737,2.939737,1.000000,0.721836,-1,-1,-1,-1,-1,0.064781
46130,398,0,18039,45.324121,0.000000,30.000000,-1,61.038195,61.038195,-1,24,0,1402,12,0,714,1883,0,286,5.947828,3.135086,3.135086,1.000000,0.715978,-1,-1,-1,-1,-1,0.069170
46140,412,0,18846,45.742718,0.000000,30.000000,-1,61.064364,61.064364,-1,19,0,1612,19,0,754,2136,0,248,5.349854,2.751741,2.751741,1.000000,0.710336,-1,-1,-1,-1,-1,0.060157
46150,394,0,17938,45.527919,0.000000,30.000000,-1,61.038522,61.038522,-1,15,0,1685,23,0,694,1774,0,198,6.024382,2.994110,2.994110,1.000000,0.719786,-1,-1,-1,-1,-1,0.065764
46160,386,0,17618,45.642487,0.000000,30.000000,-1,61.017539,61.017539,-1,15,0,1661,26,0,655,1879,0,185,5.768530,2.882407,2.882407,1.000000,0.717211,-1,-1,-1,-1,-1,0.063152
46170,409,0,18351,44.867971,0.000000,30.000000,-1,61.042069,61.042069,-1,20,0,1612,11,0,719,1807,0,230,5.623712,2.895673,2.895673,1.000000,0.718365,-1,-1,-1,-1,-1,0.064538
46180,425,0,19407,45.663529,0.000000,30.000000,-1,61.068171,61.068171,-1,19,0,1760,6,0,696,1962,0,238,5.731096,2.910921,2.910921,1.000000,0.714682,-1,-1,-1,-1,-1,0.063747
46190,405,0,18303,45.192593,0.000000,30.000000,-1,61.079768,61.079768,-1,21,0,1670,25,0,703,1921,0,270,5.676699,2.873919,2.873919,1.000000,0.709234,-1,-1,-1,-1,-1,0.063593
46200,395,0,18064,45.731646,0.000000,30.000000,-1,61.094387,61.094387,-1,22,0,1494,19,0,693,2117,0,295,5.701211,2.999693,2.999693,1.000000,0.712981,-1,-1,-1,-1,-1,0.065593
46210,391,0,18206,46.562660,0.000000,30.000000,-1,61.138196,61.138196,-1,13,0,1670,16,0,659,2004,0,162,5.781522,2.949692,2.949692,1.000000,0.727064,-1,-1,-1,-1,-1,0.063349
46220,406,0,18884,46.512315,0.000000,30.000000,-1,61.191538,61.191538,-1,18,0,1484,20,0,729,1733,0,232,5.580781,3.010704,3.010704,1.000000,0.720368,-1,-1,-1,-1,-1,0.064729
46230,407,0,18632,45.778870,0.000000,30.000000,-1,61.174592,61.174592,-1,15,0,1589,21,0,649,1890,0,201,5.478195,2.887255,2.887255,1.000000,0.732648,-1,-1,-1,-1,-1,0.063070
46240,411,0,18391,44.746959,0.000000,30.000000,-1,61.165298,61.165298,-1,24,0,1906,19,0,745,1959,0,288,5.703304,2.883997,2.883997,1.000000,0.711553,-1,-1,-1,-1,-1,0.064451
46250,393,0,18165,46.221374,0.000000,30.000000,-1,61.194440,61.194440,-1,14,0,1582,16,0,692,1845,0,169,5.764386,3.002487,3.002487,1.000000,0.729704,-1,-1,-1,-1,-1,0.064959
46260,396,0,17866,45.116162,0.000000,30.000000,-1,61.204467,61.204467,-1,17,0,1783,16,0,698,2025,0,198,5.785690,2.857288,2.857288,1.000000,0.715214,-1,-1,-1,-1,-1,0.063332
46270,406,0,18239,44.923645,0.000000,30.000000,-1,61.147705,61.147705,-1,21,0,1815,21,0,703,2073,0,280,5.910582,2.915479,2.915479,1.000000,0.702252,-1,-1,-1,-1,-1,0.064899
46280,405,0,18709,46.195062,0.000000,30.000000,-1,61.136672,61.136672,-1,21,0,1603,16,0,739,1928,0,246,5.754445,2.966542,2.966542,1.000000,0.714615,-1,-1,-1,-1,-1,0.064218
46290,406,0,18611,45.839901,0.000000,30.000000,-1,61.137929,61.137929,-1,15,0,1551,20,0,720,2462,0,188,5.899053,3.019667,3.019667,1.000000,0.726805,-1,-1,-1,-1,-1,0.065874
46300,405,0,18160,44.839506,0.000000,30.000000,-1,61.102808,61.102808,-1,22,0,1707,18,0,685,2252,0,262,5.870006,2.900129,2.900129,1.000000,0.706551,-1,-1,-1,-1,-1,0.064678
46310,400,0,18434,46.085000,0.000000,30.000000,-1,61.126722,61.126722,-1,15,0,1695,16,0,730,1883,0,199,5.977693,2.978260,2.978260,1.000000,0.721413,-1,-1,-1,-1,-1,0.064625
46320,414,0,18643,45.031401,0.000000,30.000000,-1,61.108298,61.108298,-1,26,0,1710,16,0,699,2193,0,304,5.546807,2.801997,2.801997,1.000000,0.702987,-1,-1,-1,-1,-1,0.062223
46330,415,0,18884,45.503614,0.000000,30.000000,-1,61.095584,61.095584,-1,17,0,1677,20,0,754,2113,0,204,5.740138,2.898416,2.898416,1.000000,0.715463,-1,-1,-1,-1,-1,0.063696
46340,414,0,18809,45.432367,0.000000,30.000000,-1,61.054761,61.054761,-1,19,0,1599,21,0,702,1851,0,273,5.501173,2.870578,2.870578,1.000000,0.718667,-1,-1,-1,-1,-1,0.063184
46350,417,0,18857,45.220624,0.000000,30.000000,-1,61.097683,61.097683,-1,25,0,1586,21,0,774,1987,0,320,5.472313,2.832357,2.832357,1.000000,0.704575,-1,-1,-1,-1,-1,0.062634
46360,396,0,18047,45.573232,0.000000,30.000000,-1,61.067657,61.067657,-1,24,0,1498,18,0,747,1786,0,300,5.611469,3.012268,3.012268,1.000000,0.715501,-1,-1,-1,-1,-1,0.066097
46370,403,0,18283,45.367246,0.000000,30.000000,-1,61.030520,61.030520,-1,19,0,1697,26,0,636,1786,0,236,5.738368,2.894209,2.894209,1.000000,0.715142,-1,-1,-1,-1,-1,0.063795
46380,398,0,17987,45.193467,0.000000,30.000000,-1,60.989270,60.989270,-1,19,0,1507,21,0,714,1429,0,243,5.458140,2.781151,2.781151,1.000000,0.715530,-1,-1,-1,-1,-1,0.061539
46390,397,0,18048,45.460957,0.000000,30.000000,-1,60.993517,60.993517,-1,17,0,1666,12,0,676,1937,0,199,5.687393,3.026293,3.026293,1.000000,0.732743,-1,-1,-1,-1,-1,0.066569
46400,410,0,18605,45.378049,0.000000,30.000000,-1,61.000967,61.000967,-1,24,0,1512,13,0,716,1924,0,293,5.870485,3.102511,3.102511,1.000000,0.715882,-1,-1,-1,-1,-1,0.068370
46410,425,0,19087,44.910588,0.000000,30.000000,-1,61.007178,61.007178,-1,21,0,1530,15,0,705,2101,0,257,5.544227,2.875492,2.875492,1.000000,0.718001,-1,-1,-1,-1,-1,0.064027
46420,417,0,18828,45.151079,0.000000,30.000000,-1,60.969513,60.969513,-1,21,0,1726,18,0,703,2085,0,272,5.632622,2.851448,2.851448,1.000000,0.714510,-1,-1,-1,-1,-1,0.063153
46430,417,0,19550,46.882494,0.000000,30.000000,-1,60.970128,60.970128,-1,15,0,1562,23,0,743,1953,0,194,5.724470,3.004775,3.004775,1.000000,0.727616,-1,-1,-1,-1,-1,0.064092
46440,418,0,18689,44.710526,0.000000,30.000000,-1,60.982878,60.982878,-1,22,0,1744,20,0,748,1839,0,302,5.438810,2.782880,2.782880,1.000000,0.721283,-1,-1,-1,-1,-1,0.062242
46450,408,0,18482,45.299020,0.000000,30.000000,-1,60.969863,60.969863,-1,19,0,1748,21,0,741,2312,0,234,5.672150,2.809643,2.809643,1.000000,0.712767,-1,-1,-1,-1,-1,0.062024
46460,412,0,18925,45.934466,0.000000,30.000000,-1,60.956090,60.956090,-1,14,0,1806,18,0,703,2099,0,173,5.793583,2.952718,2.952718,1.000000,0.729841,-1,-1,-1,-1,-1,0.064281
46470,397,0,18134,45.677582,0.000000,30.000000,-1,60.936583,60.936583,-1,18,0,1666,16,0,729,1851,0,237,5.807457,2.993250,2.993250,1.000000,0.724832,-1,-1,-1,-1,-1,0.065530
46480,422,0,19349,45.850711,0.000000,30.000000,-1,60.916430,60.916430,-1,22,0,1504,16,0,726,2077,0,306,5.676396,2.982259,2.982259,1.000000,0.711922,-1,-1,-1,-1,-1,0.065043
46490,392,0,17878,45.607143,0.000000,30.000000,-1,60.888466,60.888466,-1,19,0,1527,18,0,705,2197,0,221,5.737666,3.017800,3.017800,1.000000,0.721628,-1,-1,-1,-1,-1,0.066169
46500,413,0,18675,45.217918,0.000000,30.000000,-1,60.886319,60.886319,-1,17,0,1711,16,0,723,2016,0,217,5.525578,2.770629,2.770629,1.000000,0.722969,-1,-1,-1,-1,-1,0.061273
46510,406,0,18121,44.633005,0.000000,30.000000,-1,60.852492,60.852492,-1,23,0,1728,21,0,717,2138,0,281,5.606583,2.837236,2.837236,1.000000,0.714348,-1,-1,-1,-1,-1,0.063568
46520,405,0,18340,45.283951,0.000000,30.000000,-1,60.864395,60.864395,-1,17,0,1651,21,0,668,1931,0,224,5.519374,2.799262,2.799262,1.000000,0.723186,-1,-1,-1,-1,-1,0.061816
46530,400,0,18416,46.040000,0.000000,30.000000,-1,60.854257,60.854257,-1,17,0,1731,21,0,697,2205,0,217,5.781850,2.902317,2.902317,1.000000,0.717085,-1,-1,-1,-1,-1,0.063039
46540,403,0,18275,45.347395,0.000000,30.000000,-1,60.833762,60.833762,-1,17,0,1482,21,0,713,2256,0,214,5.802737,2.994203,2.994203,1.000000,0.727304,-1,-1,-1,-1,-1,0.066028
46550,408,0,18304,44.862745,0.000000,30.000000,-1,60.861178,60.861178,-1,26,0,1500,20,0,715,2072,0,360,5.651144,3.002217,3.002217,1.000000,0.708826,-1,-1,-1,-1,-1,0.066920
46560,422,0,19382,45.928910,0.000000,30.000000,-1,60.847178,60.847178,-1,17,0,1838,12,0,733,2029,0,202,5.508183,2.806983,2.806983,1.000000,0.728695,-1,-1,-1,-1,-1,0.061116
46570,457,0,20495,44.846827,0.000000,30.000000,-1,60.888412,60.888412,-1,22,0,1909,15,0,756,1793,0,289,5.350257,2.669714,2.669714,1.000000,0.719941,-1,-1,-1,-1,-1,0.059530
46580,427,0,19479,45.618267,0.000000,30.000000,-1,60.853278,60.853278,-1,25,0,1847,15,0,751,1767,0,324,5.464958,2.759867,2.759867,1.000000,0.706588,-1,-1,-1,-1,-1,0.060499
46590,425,0,19028,44.771765,0.000000,30.000000,-1,60.889111,60.889111,-1,28,0,1725,14,0,733,1980,0,346,5.516142,2.816856,2.816856,1.000000,0.702403,-1,-1,-1,-1,-1,0.062916
46600,437,0,19628,44.915332,0.000000,30.000000,-1,60.889749,60.889749,-1,27,0,1699,18,0,790,2259,0,327,5.351735,2.733805,2.733805,1.000000,0.708622,-1,-1,-1,-1,-1,0.060866
46610,424,0,19195,45.271226,0.000000,30.000000,-1,60.856056,60.856056,-1,19,0,1845,18,0,760,2042,0,248,5.500626,2.772285,2.772285,1.000000,0.724574,-1,-1,-1,-1,-1,0.061237
46620,404,0,18375,45.482673,0.000000,30.000000,-1,60.867048,60.867048,-1,22,0,1845,23,0,662,1917,0,289,5.718350,2.903409,2.903409,1.000000,0.712165,-1,-1,-1,-1,-1,0.063835
46630,390,0,18010,46.179487,0.000000,30.000000,-1,60.859967,60.859967,-1,15,0,1597,24,0,656,1863,0,163,5.740892,3.048119,3.048119,1.000000,0.727149,-1,-1,-1,-1,-1,0.066006
46640,399,0,18121,45.416040,0.000000,30.000000,-1,60.905910,60.905910,-1,16,0,1624,16,0,664,1910,0,203,5.727478,2.894911,2.894911,1.000000,0.723477,-1,-1,-1,-1,-1,0.063742
46650,386,0,17366,44.989637,0.000000,30.000000,-1,60.908960,60.908960,-1,24,0,1591,17,0,643,1651,0,306,5.854143,3.073318,3.073318,1.000000,0.718057,-1,-1,-1,-1,-1,0.068312
46660,400,0,18097,45.242500,0.000000,30.000000,-1,60.880975,60.880975,-1,22,0,1498,14,0,710,1831,0,272,5.663710,2.999623,2.999623,1.000000,0.720818,-1,-1,-1,-1,-1,0.066301
46670,405,0,18830,46.493827,0.000000,30.000000,-1,60.870898,60.870898,-1,15,0,1572,23,0,705,1711,0,182,5.720446,3.084963,3.084963,1.000000,0.737660,-1,-1,-1,-1,-1,0.066352
46680,416,0,18767,45.112981,0.000000,30.000000,-1,60.893537,60.893537,-1,12,0,1894,22,0,743,1868,0,158,5.590064,2.683974,2.683974,1.000000,0.727208,-1,-1,-1,-1,-1,0.059495
46690,401,0,18224,45.446384,0.000000,30.000000,-1,60.883505,60.883505,-1,23,0,1504,18,0,660,1393,0,265,5.908881,3.101925,3.101925,1.000000,0.706895,-1,-1,-1,-1,-1,0.068255
46700,399,0,17977,45.055138,0.000000,30.000000,-1,60.848028,60.848028,-1,23,0,1441,21,0,727,1912,0,273,5.681955,2.965975,2.965975,1.000000,0.708155,-1,-1,-1,-1,-1,0.065830
46710,416,0,19066,45.831731,0.000000,30.000000,-1,60.833211,60.833211,-1,17,0,1654,19,0,684,2309,0,220,5.660969,2.956820,2.956820,1.000000,0.730500,-1,-1,-1,-1,-1,0.064515
46720,414,0,18998,45.888889,0.000000,30.000000,-1,60.821086,60.821086,-1,17,0,1555,20,0,741,1879,0,226,5.872251,3.119487,3.119487,1.000000,0.731982,-1,-1,-1,-1,-1,0.067979
46730,394,0,17743,45.032995,0.000000,30.000000,-1,60.809333,60.809333,-1,20,0,1604,26,0,676,1713,0,237,5.773975,2.935718,2.935718,1.000000,0.720521,-1,-1,-1,-1,-1,0.065190
46740,396,0,18072,45.636364,0.000000,30.000000,-1,60.794101,60.794101,-1,18,0,1664,21,0,651,1966,0,242,5.647795,2.879983,2.879983,1.000000,0.715020,-1,-1,-1,-1,-1,0.063107
46750,410,0,18697,45.602439,0.000000,30.000000,-1,60.759427,60.759427,-1,14,0,1581,18,0,668,2127,0,161,5.569834,2.862396,2.862396,1.000000,0.732798,-1,-1,-1,-1,-1,0.062768
46760,417,0,18701,44.846523,0.000000,30.000000,-1,60.761831,60.761831,-1,22,0,1818,15,0,701,1691,0,255,5.477583,2.782437,2.782437,1.000000,0.717234,-1,-1,-1,-1,-1,0.062044
46770,426,0,19206,45.084507,0.000000,30.000000,-1,60.736957,60.736957,-1,22,0,1938,15,0,786,2123,0,263,5.472605,2.733409,2.733409,1.000000,0.708677,-1,-1,-1,-1,-1,0.060629
46780,404,0,18124,44.861386,0.000000,30.000000,-1,60.700728,60.700728,-1,27,0,1650,22,0,740,1590,0,353,5.872980,3.011508,3.011508,1.000000,0.697297,-1,-1,-1,-1,-1,0.067129
46790,405,0,18424,45.491358,0.000000,30.000000,-1,60.687147,60.687147,-1,16,0,1785,25,0,744,2024,0,211,5.669845,2.801760,2.801760,1.000000,0.716366,-1,-1,-1,-1,-1,0.061589
46800,408,0,18722,45.887255,0.000000,30.000000,-1,60.718406,60.718406,-1,22,0,1646,20,0,711,1839,0,278,5.767597,2.991040,2.991040,1.000000,0.715874,-1,-1,-1,-1,-1,0.065182
46810,419,0,18378,43.861575,0.000000,30.000000,-1,60.780770,60.780770,-1,25,0,1835,21,0,760,2009,0,322,5.614651,2.721599,2.721599,1.000000,0.703539,-1,-1,-1,-1,-1,0.062050
46820,401,0,18322,45.690773,0.000000,30.000000,-1,60.793418,60.793418,-1,15,0,1524,18,0,680,1665,0,209,5.768983,2.961215,2.961215,1.000000,0.723559,-1,-1,-1,-1,-1,0.064810
46830,387,0,17409,44.984496,0.000000,30.000000,-1,60.754265,60.754265,-1,19,0,1470,14,0,686,1502,0,268,5.931215,3.014521,3.014521,1.000000,0.716835,-1,-1,-1,-1,-1,0.067012
46840,395,0,18131,45.901266,0.000000,30.000000,-1,60.785561,60.785561,-1,19,0,1687,12,0,708,1994,0,265,5.798079,3.115061,3.115061,1.000000,0.722099,-1,-1,-1,-1,-1,0.067864
46850,401,0,18250,45.511222,0.000000,30.000000,-1,60.802301,60.802301,-1,24,0,1365,13,0,711,1713,0,310,5.750601,3.138011,3.138011,1.000000,0.720487,-1,-1,-1,-1,-1,0.068950
46860,412,0,18598,45.140777,0.000000,30.000000,-1,60.792074,60.792074,-1,19,0,1879,18,0,725,2008,0,271,5.660206,2.789747,2.789747,1.000000,0.715334,-1,-1,-1,-1,-1,0.061801
46870,402,0,18756,46.656716,0.000000,30.000000,-1,60.746534,60.746534,-1,13,0,1630,23,0,636,2274,0,170,5.810390,2.926758,2.926758,1.000000,0.729357,-1,-1,-1,-1,-1,0.062730
46880,425,0,19006,44.720000,0.000000,30.000000,-1,60.787436,60.787436,-1,26,0,1716,16,0,732,1700,0,346,5.416651,2.800436,2.800436,1.000000,0.714321,-1,-1,-1,-1,-1,0.062622
46890,421,0,19144,45.472684,0.000000,30.000000,-1,60.804221,60.804221,-1,23,0,1691,23,0,738,1915,0,286,5.733116,2.947916,2.947916,1.000000,0.708298,-1,-1,-1,-1,-1,0.064828
46900,411,0,18685,45.462287,0.000000,30.000000,-1,60.787637,60.787637,-1,20,0,1542,22,0,712,1801,0,272,5.546716,2.838986,2.838986,1.000000,0.716518,-1,-1,-1,-1,-1,0.062447
46910,405,0,18393,45.414815,0.000000,30.000000,-1,60.768390,60.768390,-1,19,0,1509,13,0,684,2816,0,223,5.922977,3.128052,3.128052,1.000000,0.724371,-1,-1,-1,-1,-1,0.068877
46920,428,0,19414,45.359813,0.000000,30.000000,-1,60.812815,60.812815,-1,21,0,1712,9,0,723,2282,0,278,5.491394,2.849839,2.849839,1.000000,0.718208,-1,-1,-1,-1,-1,0.062827
46930,417,0,18949,45.441247,0.000000,30.000000,-1,60.846060,60.846060,-1,24,0,1792,17,0,744,1939,0,328,5.806533,2.965649,2.965649,1.000000,0.716177,-1,-1,-1,-1,-1,0.065263
46940,403,0,18298,45.404467,0.000000,30.000000,-1,60.803858,60.803858,-1,21,0,1351,29,0,679,2371,0,264,5.294773,2.872307,2.872307,1.000000,0.722370,-1,-1,-1,-1,-1,0.063260
46950,402,0,18168,45.194030,0.000000,30.000000,-1,60.789520,60.789520,-1,20,0,1645,12,0,685,1974,0,256,5.754417,2.981783,2.981783,1.000000,0.717701,-1,-1,-1,-1,-1,0.065977
46960,393,0,18408,46.839695,0.000000,30.000000,-1,60.827575,60.827575,-1,9,0,1715,17,0,685,1892,0,119,6.069756,3.102182,3.102182,1.000000,0.730830,-1,-1,-1,-1,-1,0.066230
46970,412,0,18700,45.388350,0.000000,30.000000,-1,60.802032,60.802032,-1,17,0,1799,24,0,719,2005,0,193,5.716572,2.881902,2.881902,1.000000,0.720089,-1,-1,-1,-1,-1,0.063494
46980,404,0,18458,45.688119,0.000000,30.000000,-1,60.810272,60.810272,-1,17,0,1648,21,0,707,2251,0,241,5.755736,2.934150,2.934150,1.000000,0.724180,-1,-1,-1,-1,-1,0.064221
46990,384,0,17649,45.960938,0.000000,30.000000,-1,60.799819,60.799819,-1,17,0,1349,21,0,654,1984,0,218,6.064460,3.212574,3.212574,1.000000,0.724192,-1,-1,-1,-1,-1,0.069898
47000,384,0,17639,45.934896,0.000000,30.000000,-1,60.813141,60.813141,-1,15,0,1731,19,0,650,1804,0,190,5.813134,2.964644,2.964644,1.000000,0.725150,-1,-1,-1,-1,-1,0.064540
47010,396,0,18089,45.679293,0.000000,30.000000,-1,60.789872,60.789872,-1,19,0,1603,13,0,715,2013,0,235,5.639398,2.885013,2.885013,1.000000,0.717275,-1,-1,-1,-1,-1,0.063158
47020,409,0,18477,45.176039,0.000000,30.000000,-1,60.769551,60.769551,-1,23,0,1636,15,0,689,2230,0,273,5.520482,2.785724,2.785724,1.000000,0.706203,-1,-1,-1,-1,-1,0.061664
47030,399,0,18250,45.739348,0.000000,30.000000,-1,60.786630,60.786630,-1,19,0,1574,18,0,749,2202,0,245,5.847772,3.002807,3.002807,1.000000,0.712674,-1,-1,-1,-1,-1,0.065650
47040,390,0,17742,45.492308,0.000000,30.000000,-1,60.745632,60.745632,-1,21,0,1474,18,0,671,1645,0,252,5.916998,3.070670,3.070670,1.000000,0.710190,-1,-1,-1,-1,-1,0.067499
47050,416,0,18792,45.173077,0.000000,30.000000,-1,60.719242,60.719242,-1,24,0,1624,13,0,731,1816,0,307,5.461679,2.901417,2.901417,1.000000,0.719948,-1,-1,-1,-1,-1,0.064229
47060,415,0,18879,45.491566,0.000000,30.000000,-1,60.722019,60.722019,-1,23,0,1673,20,0,770,1912,0,276,5.411802,2.851767,2.851767,1.000000,0.719226,-1,-1,-1,-1,-1,0.062688
47070,414,0,18939,45.746377,0.000000,30.000000,-1,60.719151,60.719151,-1,18,0,1734,15,0,700,2138,0,230,5.646394,3.010438,3.010438,1.000000,0.731652,-1,-1,-1,-1,-1,0.065807
47080,417,0,19252,46.167866,0.000000,30.000000,-1,60.746728,60.746728,-1,17,0,1600,23,0,723,2037,0,200,5.543728,2.924811,2.924811,1.000000,0.728398,-1,-1,-1,-1,-1,0.063352
47090,383,0,17831,46.556136,0.000000,30.000000,-1,60.828277,60.828277,-1,14,0,1511,29,0,662,1832,0,178,5.697983,3.088850,3.088850,1.000000,0.736108,-1,-1,-1,-1,-1,0.066347
47100,391,0,17820,45.575448,0.000000,30.000000,-1,60.897082,60.897082,-1,17,0,1750,14,0,689,1873,0,209,6.102573,3.109845,3.109845,1.000000,0.725428,-1,-1,-1,-1,-1,0.068235
47110,378,0,17265,45.674603,0.000000,30.000000,-1,60.922155,60.922155,-1,15,0,1634,18,0,615,1760,0,171,6.180964,3.191170,3.191170,1.000000,0.726725,-1,-1,-1,-1,-1,0.069867
47120,420,0,19410,46.214286,0.000000,30.000000,-1,60.954405,60.954405,-1,17,0,1665,11,0,701,2202,0,211,5.644250,2.966407,2.966407,1.000000,0.738253,-1,-1,-1,-1,-1,0.064188
47130,427,0,19492,45.648712,0.000000,30.000000,-1,60.935615,60.935615,-1,20,0,1881,19,0,789,2073,0,236,5.658647,2.889474,2.889474,1.000000,0.722308,-1,-1,-1,-1,-1,0.063298
47140,414,0,18964,45.806763,0.000000,30.000000,-1,60.912255,60.912255,-1,15,0,1665,27,0,750,2097,0,197,5.578876,2.863728,2.863728,1.000000,0.727546,-1,-1,-1,-1,-1,0.062518
47150,404,0,18260,45.198020,0.000000,30.000000,-1,60.897043,60.897043,-1,15,0,1757,29,0,717,2321,0,199,5.855559,2.866388,2.866388,1.000000,0.726345,-1,-1,-1,-1,-1,0.063418
47160,416,0,18709,44.973558,0.000000,30.000000,-1,60.871880,60.871880,-1,24,0,1603,10,0,675,1890,0,302,5.892288,3.069250,3.069250,1.000000,0.720042,-1,-1,-1,-1,-1,0.068246
47170,414,0,18794,45.396135,0.000000,30.000000,-1,60.903214,60.903214,-1,24,0,1675,13,0,722,2368,0,313,5.655463,2.970946,2.970946,1.000000,0.715917,-1,-1,-1,-1,-1,0.065445
47180,397,0,18116,45.632242,0.000000,30.000000,-1,60.899923,60.899923,-1,20,0,1487,14,0,672,1830,0,217,6.115172,3.260143,3.260143,1.000000,0.730583,-1,-1,-1,-1,-1,0.071444
47190,395,0,18307,46.346835,0.000000,30.000000,-1,60.886218,60.886218,-1,14,0,1456,22,0,713,1929,0,195,5.848952,3.089927,3.089927,1.000000,0.740039,-1,-1,-1,-1,-1,0.066670
47200,391,0,17470,44.680307,0.000000,30.000000,-1,60.861591,60.861591,-1,23,0,1876,15,0,660,1820,0,285,5.960782,2.972479,2.972479,1.000000,0.706977,-1,-1,-1,-1,-1,0.066528
47210,389,0,17949,46.141388,0.000000,30.000000,-1,60.855312,60.855312,-1,14,0,1616,19,0,638,1978,0,175,5.763855,2.981646,2.981646,1.000000,0.733050,-1,-1,-1,-1,-1,0.064620
47220,369,0,16812,45.560976,0.000000,30.000000,-1,60.831073,60.831073,-1,22,0,1461,20,0,675,1647,0,270,6.234970,3.327812,3.327812,1.000000,0.718693,-1,-1,-1,-1,-1,0.073041
47230,406,0,18400,45.320197,0.000000,30.000000,-1,60.828859,60.828859,-1,21,0,1561,20,0,670,1985,0,262,5.673108,2.994380,2.994380,1.000000,0.726921,-1,-1,-1,-1,-1,0.066072
47240,407,0,18076,44.412776,0.000000,30.000000,-1,60.800232,60.800232,-1,25,0,1650,26,0,680,1945,0,313,5.803555,3.067862,3.067862,1.000000,0.720947,-1,-1,-1,-1,-1,0.069076
47250,410,0,19037,46.431707,0.000000,30.000000,-1,60.819667,60.819667,-1,18,0,1448,14,0,720,1944,0,211,5.697392,3.181122,3.181122,1.000000,0.734714,-1,-1,-1,-1,-1,0.068512
47260,405,0,18077,44.634568,0.000000,30.000000,-1,60.780992,60.780992,-1,23,0,1761,10,0,717,1691,0,290,5.823207,3.005364,3.005364,1.000000,0.720957,-1,-1,-1,-1,-1,0.067333
47270,397,0,18217,45.886650,0.000000,30.000000,-1,60.764890,60.764890,-1,16,0,1673,18,0,660,1879,0,198,5.680006,2.867433,2.867433,1.000000,0.722238,-1,-1,-1,-1,-1,0.062489
47280,427,0,19517,45.707260,0.000000,30.000000,-1,60.779833,60.779833,-1,20,0,1651,22,0,790,2015,0,260,5.536637,2.896172,2.896172,1.000000,0.731787,-1,-1,-1,-1,-1,0.063364
47290,425,0,19488,45.854118,0.000000,30.000000,-1,60.795669,60.795669,-1,17,0,1976,17,0,825,2331,0,194,5.827591,2.863502,2.863502,1.000000,0.724126,-1,-1,-1,-1,-1,0.062448
47300,418,0,18958,45.354067,0.000000,30.000000,-1,60.833474,60.833474,-1,21,0,1724,19,0,704,2011,0,265,5.318937,2.690575,2.690575,1.000000,0.717448,-1,-1,-1,-1,-1,0.059324
47310,405,0,18453,45.562963,0.000000,30.000000,-1,60.796835,60.796835,-1,19,0,1681,16,0,700,2109,0,227,5.720057,2.968009,2.968009,1.000000,0.724224,-1,-1,-1,-1,-1,0.065141
47320,413,0,18807,45.537530,0.000000,30.000000,-1,60.824640,60.824640,-1,23,0,1759,17,0,728,1805,0,303,5.579654,3.002728,3.002728,1.000000,0.712990,-1,-1,-1,-1,-1,0.065940
47330,399,0,18118,45.408521,0.000000,30.000000,-1,60.828734,60.828734,-1,23,0,1642,21,0,713,1987,0,289,5.532216,2.924999,2.924999,1.000000,0.711910,-1,-1,-1,-1,-1,0.064415
47340,412,0,18973,46.050971,0.000000,30.000000,-1,60.813103,60.813103,-1,16,0,1768,17,0,684,1738,0,203,5.846773,3.076019,3.076019,1.000000,0.733019,-1,-1,-1,-1,-1,0.066796
47350,435,0,20181,46.393103,0.000000,30.000000,-1,60.815123,60.815123,-1,12,0,1843,17,0,772,1482,0,143,5.433215,2.780031,2.780031,1.000000,0.735991,-1,-1,-1,-1,-1,0.059923
47360,403,0,18816,46.689826,0.000000,30.000000,-1,60.786884,60.786884,-1,12,0,1805,17,0,725,1951,0,146,5.986943,3.036453,3.036453,1.000000,0.733164,-1,-1,-1,-1,-1,0.065035
47370,436,0,19735,45.263761,0.000000,30.000000,-1,60.791487,60.791487,-1,21,0,1798,22,0,748,2335,0,267,5.494608,2.725247,2.725247,1.000000,0.709600,-1,-1,-1,-1,-1,0.060208
47380,433,0,19853,45.849885,0.000000,30.000000,-1,60.789805,60.789805,-1,19,0,1921,16,0,807,2105,0,228,5.770085,2.962016,2.962016,1.000000,0.722087,-1,-1,-1,-1,-1,0.064602
47390,418,0,19108,45.712919,0.000000,30.000000,-1,60.779726,60.779726,-1,22,0,1417,17,0,735,2148,0,281,5.612159,2.971573,2.971573,1.000000,0.716376,-1,-1,-1,-1,-1,0.065005
47400,430,0,19314,44.916279,0.000000,30.000000,-1,60.742363,60.742363,-1,26,0,1841,18,0,737,1833,0,289,5.655485,2.923917,2.923917,1.000000,0.710958,-1,-1,-1,-1,-1,0.065097
47410,410,0,18731,45.685366,0.000000,30.000000,-1,60.758956,60.758956,-1,19,0,1482,15,0,702,1896,0,219,5.981725,3.122804,3.122804,1.000000,0.728755,-1,-1,-1,-1,-1,0.068355
47420,409,0,18803,45.973105,0.000000,30.000000,-1,60.768548,60.768548,-1,17,0,1613,21,0,679,1990,0,209,5.593324,2.970071,2.970071,1.000000,0.729689,-1,-1,-1,-1,-1,0.064605
47430,405,0,18683,46.130864,0.000000,30.000000,-1,60.724455,60.724455,-1,15,0,1546,23,0,752,2140,0,198,5.673565,2.977699,2.977699,1.000000,0.729095,-1,-1,-1,-1,-1,0.064549
47440,389,0,17724,45.562982,0.000000,30.000000,-1,60.712198,60.712198,-1,16,0,1464,18,0,679,1828,0,221,5.809983,3.175450,3.175450,1.000000,0.748248,-1,-1,-1,-1,-1,0.069694
47450,399,0,18474,46.300752,0.000000,30.000000,-1,60.695789,60.695789,-1,13,0,1482,20,0,681,2422,0,162,5.650179,2.965527,2.965527,1.000000,0.734454,-1,-1,-1,-1,-1,0.064049
47460,403,0,18453,45.789082,0.000000,30.000000,-1,60.685092,60.685092,-1,15,0,1728,18,0,718,2186,0,194,5.715371,2.946865,2.946865,1.000000,0.743132,-1,-1,-1,-1,-1,0.064357
47470,403,0,18389,45.630273,0.000000,30.000000,-1,60.689706,60.689706,-1,20,0,1743,17,0,732,1730,0,246,5.651620,2.848557,2.848557,1.000000,0.709700,-1,-1,-1,-1,-1,0.062427
47480,377,0,17262,45.787798,0.000000,30.000000,-1,60.743541,60.743541,-1,18,0,1517,16,0,684,1758,0,217,6.005767,3.170436,3.170436,1.000000,0.723943,-1,-1,-1,-1,-1,0.069242
47490,390,0,17756,45.528205,0.000000,30.000000,-1,60.706409,60.706409,-1,20,0,1506,15,0,632,2275,0,283,5.925356,3.172691,3.172691,1.000000,0.717283,-1,-1,-1,-1,-1,0.069686
47500,396,0,18095,45.694444,0.000000,30.000000,-1,60.693175,60.693175,-1,15,0,1640,18,0,677,2368,0,184,5.727544,2.969185,2.969185,1.000000,0.728136,-1,-1,-1,-1,-1,0.064979
47510,430,0,19570,45.511628,0.000000,30.000000,-1,60.746755,60.746755,-1,23,0,1808,15,0,785,1977,0,272,5.510269,2.813817,2.813817,1.000000,0.707957,-1,-1,-1,-1,-1,0.061826
47520,407,0,18470,45.380835,0.000000,30.000000,-1,60.759448,60.759448,-1,21,0,1633,13,0,709,2090,0,277,5.755604,2.842033,2.842033,1.000000,0.706471,-1,-1,-1,-1,-1,0.062626
47530,433,0,19904,45.967667,0.000000,30.000000,-1,60.745378,60.745378,-1,16,0,1763,7,0,690,2107,0,187,5.838339,3.012316,3.012316,1.000000,0.733998,-1,-1,-1,-1,-1,0.065531
47540,422,0,18684,44.274882,0.000000,30.000000,-1,60.746682,60.746682,-1,26,0,1668,21,0,774,2056,0,307,5.418227,2.684008,2.684008,1.000000,0.703458,-1,-1,-1,-1,-1,0.060621
47550,430,0,19472,45.283721,0.000000,30.000000,-1,60.751233,60.751233,-1,23,0,1614,11,0,722,2018,0,299,5.545454,2.880072,2.880072,1.000000,0.714014,-1,-1,-1,-1,-1,0.063601
47560,412,0,18863,45.783981,0.000000,30.000000,-1,60.766421,60.766421,-1,16,0,1816,14,0,710,1855,0,199,5.975335,3.116898,3.116898,1.000000,0.730258,-1,-1,-1,-1,-1,0.068078
47570,406,0,18697,46.051724,0.000000,30.000000,-1,60.751511,60.751511,-1,15,0,1573,14,0,728,1811,0,201,5.723321,2.981112,2.981112,1.000000,0.731049,-1,-1,-1,-1,-1,0.064734
47580,399,0,18308,45.884712,0.000000,30.000000,-1,60.762508,60.762508,-1,13,0,1573,18,0,661,1869,0,171,6.072905,3.171038,3.171038,1.000000,0.746901,-1,-1,-1,-1,-1,0.069109
47590,405,0,18723,46.229630,0.000000,30.000000,-1,60.778828,60.778828,-1,14,0,1676,17,0,676,2316,0,182,5.838322,3.020232,3.020232,1.000000,0.733275,-1,-1,-1,-1,-1,0.065331
47600,411,0,18557,45.150852,0.000000,30.000000,-1,60.745164,60.745164,-1,21,0,1962,22,0,752,2351,0,275,5.595417,2.851461,2.851461,1.000000,0.718373,-1,-1,-1,-1,-1,0.063154
47610,393,0,18225,46.374046,0.000000,30.000000,-1,60.760384,60.760384,-1,14,0,1401,20,0,702,2210,0,164,5.378481,2.823143,2.823143,1.000000,0.731422,-1,-1,-1,-1,-1,0.060878
47620,394,0,17982,45.639594,0.000000,30.000000,-1,60.744745,60.744745,-1,21,0,1605,25,0,649,1939,0,234,5.570715,3.025550,3.025550,1.000000,0.726759,-1,-1,-1,-1,-1,0.066292
47630,396,0,18138,45.803030,0.000000,30.000000,-1,60.747436,60.747436,-1,12,0,1945,15,0,695,1919,0,157,6.104759,3.036174,3.036174,1.000000,0.741816,-1,-1,-1,-1,-1,0.066288
47640,415,0,18456,44.472289,0.000000,30.000000,-1,60.747291,60.747291,-1,30,0,1696,11,0,676,1691,0,334,5.658466,2.895484,2.895484,1.000000,0.695439,-1,-1,-1,-1,-1,0.065108
47650,409,0,18522,45.286064,0.000000,30.000000,-1,60.776860,60.776860,-1,26,0,1672,26,0,697,2125,0,311,5.437393,2.823406,2.823406,1.000000,0.705590,-1,-1,-1,-1,-1,0.062346
47660,404,0,18810,46.559406,0.000000,30.000000,-1,60.777459,60.777459,-1,14,0,1639,22,0,679,2281,0,157,5.727076,2.985795,2.985795,1.000000,0.737865,-1,-1,-1,-1,-1,0.064129
47670,382,0,17144,44.879581,0.000000,30.000000,-1,60.723577,60.723577,-1,21,0,1514,22,0,724,1797,0,270,5.856319,2.977700,2.977700,1.000000,0.720664,-1,-1,-1,-1,-1,0.066349
47680,391,0,18148,46.414322,0.000000,30.000000,-1,60.698093,60.698093,-1,15,0,1728,16,0,661,2253,0,179,5.766736,3.001624,3.001624,1.000000,0.725608,-1,-1,-1,-1,-1,0.064670
47690,385,0,17458,45.345455,0.000000,30.000000,-1,60.689369,60.689369,-1,20,0,1743,12,0,653,1473,0,271,6.119491,3.095846,3.095846,1.000000,0.713353,-1,-1,-1,-1,-1,0.068272
47700,404,0,17896,44.297030,0.000000,30.000000,-1,60.688701,60.688701,-1,29,0,1792,15,0,665,1846,0,387,5.941517,2.955112,2.955112,1.000000,0.701837,-1,-1,-1,-1,-1,0.066711
47710,384,0,17511,45.601562,0.000000,30.000000,-1,60.708298,60.708298,-1,18,0,1667,19,0,695,1947,0,235,6.052554,3.114113,3.114113,1.000000,0.725970,-1,-1,-1,-1,-1,0.068290
47720,396,0,18117,45.750000,0.000000,30.000000,-1,60.702103,60.702103,-1,22,0,1427,20,0,702,2037,0,279,5.801879,3.165774,3.165774,1.000000,0.724079,-1,-1,-1,-1,-1,0.069197
47730,415,0,18632,44.896386,0.000000,30.000000,-1,60.696919,60.696919,-1,27,0,1700,18,0,760,2242,0,335,5.660606,2.977948,2.977948,1.000000,0.710023,-1,-1,-1,-1,-1,0.066329
47740,410,0,18849,45.973171,0.000000,30.000000,-1,60.674306,60.674306,-1,18,0,1825,21,0,690,1826,0,229,5.484899,2.800931,2.800931,1.000000,0.723163,-1,-1,-1,-1,-1,0.060925
47750,398,0,18347,46.097990,0.000000,30.000000,-1,60.638633,60.638633,-1,14,0,1414,15,0,737,1828,0,179,5.598087,2.972384,2.972384,1.000000,0.731464,-1,-1,-1,-1,-1,0.064480
47760,393,0,18235,46.399491,0.000000,30.000000,-1,60.607787,60.607787,-1,11,0,1644,11,0,653,1873,0,148,5.913160,3.033405,3.033405,1.000000,0.736704,-1,-1,-1,-1,-1,0.065376
47770,423,0,18341,43.359338,0.000000,30.000000,-1,60.618723,60.618723,-1,37,0,1613,17,0,736,1920,0,446,5.734378,2.969570,2.969570,1.000000,0.693103,-1,-1,-1,-1,-1,0.068487
47780,418,0,18852,45.100478,0.000000,30.000000,-1,60.641311,60.641311,-1,20,0,1889,20,0,683,1906,0,230,6.038038,2.978823,2.978823,1.000000,0.710190,-1,-1,-1,-1,-1,0.066049
47790,411,0,19162,46.622871,0.000000,30.000000,-1,60.661518,60.661518,-1,13,0,1644,28,0,706,1636,0,170,5.617088,2.845257,2.845257,1.000000,0.727532,-1,-1,-1,-1,-1,0.061027
47800,384,0,17253,44.929688,0.000000,30.000000,-1,60.692285,60.692285,-1,19,0,1773,25,0,669,1892,0,232,5.833804,3.016725,3.016725,1.000000,0.729487,-1,-1,-1,-1,-1,0.067143
47810,410,0,18498,45.117073,0.000000,30.000000,-1,60.694399,60.694399,-1,24,0,1532,20,0,635,1884,0,277,5.358865,2.759331,2.759331,1.000000,0.710693,-1,-1,-1,-1,-1,0.061159
47820,412,0,18760,45.533981,0.000000,30.000000,-1,60.669403,60.669403,-1,21,0,1846,20,0,732,1669,0,243,5.525337,2.759683,2.759683,1.000000,0.711586,-1,-1,-1,-1,-1,0.060607
47830,399,0,18408,46.135338,0.000000,30.000000,-1,60.667210,60.667210,-1,18,0,1680,17,0,663,2320,0,224,5.784734,2.986360,2.986360,1.000000,0.722278,-1,-1,-1,-1,-1,0.064730
47840,393,0,17869,45.468193,0.000000,30.000000,-1,60.649113,60.649113,-1,24,0,1529,22,0,717,1703,0,326,5.880408,3.045801,3.045801,1.000000,0.708139,-1,-1,-1,-1,-1,0.066988
47850,418,0,18879,45.165072,0.000000,30.000000,-1,60.624186,60.624186,-1,26,0,1641,19,0,715,2055,0,357,5.654525,2.969649,2.969649,1.000000,0.712381,-1,-1,-1,-1,-1,0.065751
47860,400,0,18375,45.937500,0.000000,30.000000,-1,60.586993,60.586993,-1,19,0,1576,23,0,682,1968,0,241,6.059725,3.160395,3.160395,1.000000,0.719636,-1,-1,-1,-1,-1,0.068798
47870,401,0,18571,46.311721,0.000000,30.000000,-1,60.587152,60.587152,-1,22,0,1320,16,0,699,1622,0,305,5.524853,3.062014,3.062014,1.000000,0.728330,-1,-1,-1,-1,-1,0.066117
47880,413,0,19047,46.118644,0.000000,30.000000,-1,60.568436,60.568436,-1,14,0,1601,20,0,720,2032,0,176,5.554773,2.895302,2.895302,1.000000,0.745641,-1,-1,-1,-1,-1,0.062779
47890,410,0,18328,44.702439,0.000000,30.000000,-1,60.503983,60.503983,-1,24,0,1574,21,0,687,1677,0,286,5.723028,3.028192,3.028192,1.000000,0.725845,-1,-1,-1,-1,-1,0.067741
47900,417,0,18848,45.199041,0.000000,30.000000,-1,60.522602,60.522602,-1,23,0,1713,18,0,743,2024,0,269,5.851884,3.026384,3.026384,1.000000,0.714217,-1,-1,-1,-1,-1,0.066957
47910,406,0,18319,45.120690,0.000000,30.000000,-1,60.473334,60.473334,-1,25,0,1445,19,0,712,2254,0,299,5.599432,2.927662,2.927662,1.000000,0.709901,-1,-1,-1,-1,-1,0.064885
47920,412,0,18680,45.339806,0.000000,30.000000,-1,60.431638,60.431638,-1,17,0,1700,16,0,694,1754,0,215,5.679969,2.917928,2.917928,1.000000,0.731662,-1,-1,-1,-1,-1,0.064357
47930,397,0,18200,45.843829,0.000000,30.000000,-1,60.404725,60.404725,-1,16,0,1706,21,0,676,2009,0,205,5.618903,2.927697,2.927697,1.000000,0.733570,-1,-1,-1,-1,-1,0.063862
47940,405,0,18250,45.061728,0.000000,30.000000,-1,60.352986,60.352986,-1,21,0,1646,19,0,742,2118,0,288,6.038700,3.118737,3.118737,1.000000,0.723496,-1,-1,-1,-1,-1,0.069210
47950,404,0,18082,44.757426,0.000000,30.000000,-1,60.311249,60.311249,-1,22,0,1723,20,0,650,1851,0,282,5.668586,2.897539,2.897539,1.000000,0.719924,-1,-1,-1,-1,-1,0.064739
47960,398,0,18172,45.658291,0.000000,30.000000,-1,60.275974,60.275974,-1,18,0,1729,19,0,689,1925,0,216,5.697842,2.936760,2.936760,1.000000,0.726055,-1,-1,-1,-1,-1,0.064320
47970,413,0,18500,44.794189,0.000000,30.000000,-1,60.271297,60.271297,-1,26,0,1600,21,0,689,1586,0,322,5.880749,3.036119,3.036119,1.000000,0.718086,-1,-1,-1,-1,-1,0.067779
47980,407,0,18724,46.004914,0.000000,30.000000,-1,60.224097,60.224097,-1,15,0,1620,15,0,742,2101,0,177,5.472823,2.884379,2.884379,1.000000,0.737151,-1,-1,-1,-1,-1,0.062697
47990,409,0,18424,45.046455,0.000000,30.000000,-1,60.176617,60.176617,-1,25,0,1474,15,0,669,1959,0,305,5.566174,3.019925,3.019925,1.000000,0.720515,-1,-1,-1,-1,-1,0.067040
48000,399,0,18364,46.025063,0.000000,30.000000,-1,60.165759,60.165759,-1,16,0,1712,27,0,702,1852,0,201,5.707656,3.007167,3.007167,1.000000,0.731794,-1,-1,-1,-1,-1,0.065338
48010,406,0,18687,46.027094,0.000000,30.000000,-1,60.186654,60.186654,-1,14,0,1745,18,0,727,1751,0,173,5.869600,3.048709,3.048709,1.000000,0.741432,-1,-1,-1,-1,-1,0.066237
48020,428,0,19433,45.404206,0.000000,30.000000,-1,60.167344,60.167344,-1,21,0,1733,17,0,737,2660,0,276,5.453812,2.847034,2.847034,1.000000,0.727060,-1,-1,-1,-1,-1,0.062704
48030,408,0,18409,45.120098,0.000000,30.000000,-1,60.180618,60.180618,-1,16,0,1563,18,0,803,1988,0,221,5.506530,2.805678,2.805678,1.000000,0.731492,-1,-1,-1,-1,-1,0.062182
48040,397,0,18101,45.594458,0.000000,30.000000,-1,60.170930,60.170930,-1,24,0,1563,18,0,701,1804,0,276,5.608215,3.031584,3.031584,1.000000,0.716805,-1,-1,-1,-1,-1,0.066490
48050,388,0,17572,45.288660,0.000000,30.000000,-1,60.224107,60.224107,-1,19,0,1471,24,0,636,1860,0,223,5.573987,2.939881,2.939881,1.000000,0.734714,-1,-1,-1,-1,-1,0.064914
48060,394,0,18094,45.923858,0.000000,30.000000,-1,60.249862,60.249862,-1,19,0,1593,18,0,714,1900,0,250,5.996912,3.234052,3.234052,1.000000,0.725577,-1,-1,-1,-1,-1,0.070422
48070,395,0,17913,45.349367,0.000000,30.000000,-1,60.316139,60.316139,-1,16,0,1629,17,0,658,1671,0,197,5.411483,2.721549,2.721549,1.000000,0.720876,-1,-1,-1,-1,-1,0.060013
48080,386,0,17491,45.313472,0.000000,30.000000,-1,60.332971,60.332971,-1,19,0,1639,13,0,696,1978,0,244,5.882340,3.003670,3.003670,1.000000,0.717688,-1,-1,-1,-1,-1,0.066286
48090,397,0,17777,44.778338,0.000000,30.000000,-1,60.288181,60.288181,-1,19,0,1791,23,0,721,2005,0,236,5.751068,2.922555,2.922555,1.000000,0.730260,-1,-1,-1,-1,-1,0.065267
48100,421,0,18997,45.123515,0.000000,30.000000,-1,60.264989,60.264989,-1,20,0,1675,13,0,725,2426,0,261,5.446072,2.811459,2.811459,1.000000,0.718214,-1,-1,-1,-1,-1,0.062306
48110,437,0,19411,44.418764,0.000000,30.000000,-1,60.257586,60.257586,-1,30,0,1598,23,0,813,2081,0,377,5.273650,2.717632,2.717632,1.000000,0.697743,-1,-1,-1,-1,-1,0.061182
48120,408,0,18861,46.227941,0.000000,30.000000,-1,60.283813,60.283813,-1,13,0,1591,21,0,678,1930,0,155,5.652154,2.856716,2.856716,1.000000,0.725783,-1,-1,-1,-1,-1,0.061796
48130,419,0,19410,46.324582,0.000000,30.000000,-1,60.252653,60.252653,-1,17,0,1484,19,0,799,1927,0,233,5.566537,2.972217,2.972217,1.000000,0.727391,-1,-1,-1,-1,-1,0.064161
48140,377,0,17102,45.363395,0.000000,30.000000,-1,60.195416,60.195416,-1,20,0,1445,19,0,624,1594,0,260,5.682126,3.025213,3.025213,1.000000,0.721813,-1,-1,-1,-1,-1,0.066688
48150,387,0,17726,45.803618,0.000000,30.000000,-1,60.150457,60.150457,-1,13,0,1537,19,0,658,1824,0,172,5.957275,3.086899,3.086899,1.000000,0.744021,-1,-1,-1,-1,-1,0.067394
48160,395,0,17861,45.217722,0.000000,30.000000,-1,60.133307,60.133307,-1,20,0,1620,22,0,651,1458,0,234,5.754792,2.970283,2.970283,1.000000,0.722603,-1,-1,-1,-1,-1,0.065688
48170,411,0,18461,44.917275,0.000000,30.000000,-1,60.106820,60.106820,-1,21,0,1654,19,0,735,1872,0,270,5.633857,2.893776,2.893776,1.000000,0.717221,-1,-1,-1,-1,-1,0.064425
48180,429,0,19358,45.123543,0.000000,30.000000,-1,60.146968,60.146968,-1,24,0,1724,17,0,764,2142,0,318,5.256707,2.693454,2.693454,1.000000,0.714361,-1,-1,-1,-1,-1,0.059691
48190,396,0,18074,45.641414,0.000000,30.000000,-1,60.156302,60.156302,-1,20,0,1499,19,0,649,2000,0,248,5.910150,3.092857,3.092857,1.000000,0.720225,-1,-1,-1,-1,-1,0.067764
48200,413,0,18878,45.709443,0.000000,30.000000,-1,60.117862,60.117862,-1,14,0,1638,14,0,682,1717,0,149,5.592024,2.865373,2.865373,1.000000,0.731202,-1,-1,-1,-1,-1,0.062687
48210,421,0,19085,45.332542,0.000000,30.000000,-1,60.117579,60.117579,-1,23,0,1917,21,0,784,1882,0,315,5.448818,2.709931,2.709931,1.000000,0.705230,-1,-1,-1,-1,-1,0.059779
48220,403,0,17865,44.330025,0.000000,30.000000,-1,60.192443,60.192443,-1,27,0,1698,24,0,660,1979,0,343,5.517562,2.813289,2.813289,1.000000,0.702035,-1,-1,-1,-1,-1,0.063462
48230,408,0,18397,45.090686,0.000000,30.000000,-1,60.187531,60.187531,-1,23,0,1702,15,0,692,1970,0,297,5.638588,2.827740,2.827740,1.000000,0.707658,-1,-1,-1,-1,-1,0.062712
48240,389,0,17753,45.637532,0.000000,30.000000,-1,60.115755,60.115755,-1,14,0,1744,16,0,693,2251,0,178,5.968787,2.976616,2.976616,1.000000,0.725688,-1,-1,-1,-1,-1,0.065223
48250,396,0,18130,45.782828,0.000000,30.000000,-1,60.101103,60.101103,-1,19,0,1342,25,0,689,1863,0,266,5.926956,3.128599,3.128599,1.000000,0.718245,-1,-1,-1,-1,-1,0.068336
48260,404,0,18618,46.084158,0.000000,30.000000,-1,60.079493,60.079493,-1,18,0,1608,19,0,706,1929,0,243,5.983581,3.147135,3.147135,1.000000,0.721497,-1,-1,-1,-1,-1,0.068291
48270,424,0,19512,46.018868,0.000000,30.000000,-1,60.075287,60.075287,-1,14,0,1979,18,0,705,1942,0,197,5.802115,2.892179,2.892179,1.000000,0.722079,-1,-1,-1,-1,-1,0.062848
48280,411,0,18622,45.309002,0.000000,30.000000,-1,60.069810,60.069810,-1,25,0,1833,17,0,736,2239,0,305,5.699509,2.830093,2.830093,1.000000,0.699023,-1,-1,-1,-1,-1,0.062462
48290,396,0,17788,44.919192,0.000000,30.000000,-1,60.064257,60.064257,-1,21,0,1589,18,0,690,1686,0,269,5.768614,2.967077,2.967077,1.000000,0.716645,-1,-1,-1,-1,-1,0.066054
48300,395,0,18342,46.435443,0.000000,30.000000,-1,60.051576,60.051576,-1,14,0,1517,20,0,688,1906,0,178,5.728208,2.998374,2.998374,1.000000,0.732000,-1,-1,-1,-1,-1,0.064571
48310,412,0,18514,44.936893,0.000000,30.000000,-1,60.024360,60.024360,-1,24,0,1750,25,0,704,2096,0,315,5.831475,2.986140,2.986140,1.000000,0.710238,-1,-1,-1,-1,-1,0.066452
48320,415,0,18732,45.137349,0.000000,30.000000,-1,60.033312,60.033312,-1,19,0,2042,20,0,742,1718,0,229,5.739345,2.839083,2.839083,1.000000,0.708722,-1,-1,-1,-1,-1,0.062899
48330,400,0,18418,46.045000,0.000000,30.000000,-1,60.024867,60.024867,-1,20,0,1548,15,0,694,2055,0,240,5.524057,2.949990,2.949990,1.000000,0.718680,-1,-1,-1,-1,-1,0.064068
48340,422,0,19084,45.222749,0.000000,30.000000,-1,59.980350,59.980350,-1,22,0,1755,12,0,776,1791,0,279,5.690467,2.967962,2.967962,1.000000,0.730982,-1,-1,-1,-1,-1,0.065630
48350,431,0,19637,45.561485,0.000000,30.000000,-1,59.974640,59.974640,-1,22,0,1635,19,0,745,2411,0,274,5.519814,2.935716,2.935716,1.000000,0.716633,-1,-1,-1,-1,-1,0.064434
48360,438,0,19822,45.255708,0.000000,30.000000,-1,59.962365,59.962365,-1,19,0,1714,22,0,734,2136,0,223,5.319538,2.743519,2.743519,1.000000,0.728699,-1,-1,-1,-1,-1,0.060623
48370,424,0,18896,44.566038,0.000000,30.000000,-1,59.960415,59.960415,-1,23,0,1524,15,0,745,1817,0,286,5.726163,2.995984,2.995984,1.000000,0.722417,-1,-1,-1,-1,-1,0.067226
48380,411,0,19075,46.411192,0.000000,30.000000,-1,59.937090,59.937090,-1,17,0,1632,24,0,713,1896,0,229,5.379088,2.882643,2.882643,1.000000,0.737631,-1,-1,-1,-1,-1,0.062111
48390,420,0,19265,45.869048,0.000000,30.000000,-1,59.884973,59.884973,-1,14,0,1797,16,0,808,1901,0,176,5.621694,2.896749,2.896749,1.000000,0.739047,-1,-1,-1,-1,-1,0.063153
48400,413,0,18762,45.428571,0.000000,30.000000,-1,59.888658,59.888658,-1,13,0,1768,21,0,681,2231,0,161,5.662655,2.891479,2.891479,1.000000,0.737673,-1,-1,-1,-1,-1,0.063649
48410,440,0,19906,45.240909,0.000000,30.000000,-1,59.855672,59.855672,-1,25,0,1743,16,0,798,2106,0,303,5.357495,2.760687,2.760687,1.000000,0.708678,-1,-1,-1,-1,-1,0.061022
48420,398,0,18010,45.251256,0.000000,30.000000,-1,59.820044,59.820044,-1,23,0,1593,23,0,707,1937,0,312,5.952247,2.983264,2.983264,1.000000,0.710175,-1,-1,-1,-1,-1,0.065927
48430,411,0,18805,45.754258,0.000000,30.000000,-1,59.821484,59.821484,-1,15,0,1579,23,0,706,2038,0,192,5.643122,2.870608,2.870608,1.000000,0.726057,-1,-1,-1,-1,-1,0.062740
48440,412,0,18479,44.851942,0.000000,30.000000,-1,59.784999,59.784999,-1,23,0,1732,20,0,730,2119,0,284,5.493720,2.759690,2.759690,1.000000,0.712751,-1,-1,-1,-1,-1,0.061529
48450,411,0,18449,44.888078,0.000000,30.000000,-1,59.776898,59.776898,-1,26,0,1628,24,0,719,2057,0,339,5.553294,2.816652,2.816652,1.000000,0.711461,-1,-1,-1,-1,-1,0.062748
48460,412,0,18452,44.786408,0.000000,30.000000,-1,59.785823,59.785823,-1,29,0,1576,13,0,716,1707,0,383,5.779306,3.130888,3.130888,1.000000,0.714109,-1,-1,-1,-1,-1,0.069907
48470,413,0,18982,45.961259,0.000000,30.000000,-1,59.771046,59.771046,-1,18,0,1755,14,0,721,1458,0,209,5.572289,2.822961,2.822961,1.000000,0.719820,-1,-1,-1,-1,-1,0.061420
48480,411,0,19199,46.712895,0.000000,30.000000,-1,59.792385,59.792385,-1,13,0,1667,18,0,734,1942,0,172,5.649539,2.948962,2.948962,1.000000,0.732640,-1,-1,-1,-1,-1,0.063130
48490,419,0,19219,45.868735,0.000000,30.000000,-1,59.780374,59.780374,-1,15,0,1757,16,0,763,2046,0,210,5.617031,2.838930,2.838930,1.000000,0.731796,-1,-1,-1,-1,-1,0.061892
48500,426,0,19345,45.410798,0.000000,30.000000,-1,59.794004,59.794004,-1,22,0,1661,28,0,756,2004,0,254,5.555128,2.861930,2.861930,1.000000,0.717601,-1,-1,-1,-1,-1,0.063023
48510,424,0,19363,45.667453,0.000000,30.000000,-1,59.772762,59.772762,-1,19,0,1783,29,0,740,2392,0,227,5.468014,2.763567,2.763567,1.000000,0.717491,-1,-1,-1,-1,-1,0.060515
48520,385,0,17528,45.527273,0.000000,30.000000,-1,59.786912,59.786912,-1,15,0,1699,25,0,652,1878,0,164,5.916372,2.965508,2.965508,1.000000,0.718657,-1,-1,-1,-1,-1,0.065137
48530,400,0,18197,45.492500,0.000000,30.000000,-1,59.715612,59.715612,-1,22,0,1433,12,0,675,2068,0,275,5.723015,2.972461,2.972461,1.000000,0.707685,-1,-1,-1,-1,-1,0.065340
48540,412,0,18942,45.975728,0.000000,30.000000,-1,59.716767,59.716767,-1,15,0,1525,19,0,729,1932,0,171,5.592866,2.933872,2.933872,1.000000,0.738635,-1,-1,-1,-1,-1,0.063813
48550,395,0,17788,45.032911,0.000000,30.000000,-1,59.734990,59.734990,-1,22,0,1451,28,0,711,1991,0,273,5.718685,2.969199,2.969199,1.000000,0.712855,-1,-1,-1,-1,-1,0.065934
48560,399,0,17799,44.609023,0.000000,30.000000,-1,59.724872,59.724872,-1,24,0,1782,20,0,647,1833,0,306,5.807692,2.942995,2.942995,1.000000,0.708736,-1,-1,-1,-1,-1,0.065973
48570,369,0,17342,46.997290,0.000000,30.000000,-1,59.725003,59.725003,-1,12,0,1232,27,0,639,1984,0,149,5.571476,2.948204,2.948204,1.000000,0.732679,-1,-1,-1,-1,-1,0.062731
48580,388,0,17414,44.881443,0.000000,30.000000,-1,59.677271,59.677271,-1,18,0,1625,18,0,680,1820,0,202,5.770723,2.911408,2.911408,1.000000,0.722408,-1,-1,-1,-1,-1,0.064869
48590,382,0,17461,45.709424,0.000000,30.000000,-1,59.672413,59.672413,-1,19,0,1610,15,0,678,1823,0,238,6.033305,3.106311,3.106311,1.000000,0.721355,-1,-1,-1,-1,-1,0.067958
48600,387,0,17906,46.268734,0.000000,30.000000,-1,59.692505,59.692505,-1,12,0,1602,19,0,727,1721,0,159,5.799002,2.972747,2.972747,1.000000,0.734752,-1,-1,-1,-1,-1,0.064250
48610,394,0,17820,45.228426,0.000000,30.000000,-1,59.703199,59.703199,-1,23,0,1397,19,0,692,2246,0,308,5.521077,2.908461,2.908461,1.000000,0.712083,-1,-1,-1,-1,-1,0.064306
48620,425,0,19370,45.576471,0.000000,30.000000,-1,59.692514,59.692514,-1,16,0,1957,8,0,726,1795,0,193,5.643059,2.901479,2.901479,1.000000,0.732886,-1,-1,-1,-1,-1,0.063662
48630,409,0,18512,45.261614,0.000000,30.000000,-1,59.724665,59.724665,-1,24,0,1611,12,0,750,1981,0,288,5.634900,2.951082,2.951082,1.000000,0.717572,-1,-1,-1,-1,-1,0.065201
48640,402,0,18302,45.527363,0.000000,30.000000,-1,59.713091,59.713091,-1,17,0,1533,19,0,697,1907,0,223,5.842929,2.976071,2.976071,1.000000,0.726434,-1,-1,-1,-1,-1,0.065369
48650,421,0,19307,45.859857,0.000000,30.000000,-1,59.748122,59.748122,-1,20,0,1712,16,0,737,2374,0,243,5.551885,2.844789,2.844789,1.000000,0.717870,-1,-1,-1,-1,-1,0.062032
48660,407,0,18970,46.609337,0.000000,30.000000,-1,59.726041,59.726041,-1,8,0,1830,17,0,754,2283,0,110,5.869798,2.945810,2.945810,1.000000,0.740448,-1,-1,-1,-1,-1,0.063202
48670,389,0,17947,46.136247,0.000000,30.000000,-1,59.692651,59.692651,-1,13,0,1470,25,0,638,2038,0,172,5.996130,3.206648,3.206648,1.000000,0.736661,-1,-1,-1,-1,-1,0.069504
48680,422,0,19189,45.471564,0.000000,30.000000,-1,59.714576,59.714576,-1,18,0,1884,21,0,738,2092,0,221,5.460142,2.752902,2.752902,1.000000,0.721465,-1,-1,-1,-1,-1,0.060541
48690,432,0,19676,45.546296,0.000000,30.000000,-1,59.692265,59.692265,-1,15,0,1947,11,0,752,2253,0,165,5.631050,2.813743,2.813743,1.000000,0.733231,-1,-1,-1,-1,-1,0.061778
48700,398,0,17874,44.909548,0.000000,30.000000,-1,59.662079,59.662079,-1,22,0,1766,23,0,720,1957,0,282,5.746305,2.841635,2.841635,1.000000,0.711195,-1,-1,-1,-1,-1,0.063275
48710,375,0,17382,46.352000,0.000000,30.000000,-1,59.678000,59.678000,-1,15,0,1388,21,0,623,1805,0,180,5.822140,3.240971,3.240971,1.000000,0.740616,-1,-1,-1,-1,-1,0.069921
48720,402,0,18521,46.072139,0.000000,30.000000,-1,59.685492,59.685492,-1,15,0,1679,13,0,741,1780,0,204,5.683588,3.012338,3.012338,1.000000,0.738031,-1,-1,-1,-1,-1,0.065383
48730,384,0,17336,45.145833,0.000000,30.000000,-1,59.627653,59.627653,-1,17,0,1568,20,0,681,1892,0,208,5.950383,3.072187,3.072187,1.000000,0.727987,-1,-1,-1,-1,-1,0.068050
48740,400,0,18172,45.430000,0.000000,30.000000,-1,59.637959,59.637959,-1,20,0,1531,19,0,732,1562,0,248,5.848448,3.047385,3.047385,1.000000,0.725070,-1,-1,-1,-1,-1,0.067079
48750,415,0,18777,45.245783,0.000000,30.000000,-1,59.673750,59.673750,-1,22,0,2010,19,0,734,2077,0,292,5.797167,2.821995,2.821995,1.000000,0.704740,-1,-1,-1,-1,-1,0.062370
48760,413,0,19247,46.602906,0.000000,30.000000,-1,59.633709,59.633709,-1,12,0,1613,22,0,703,2159,0,140,5.703804,3.005063,3.005063,1.000000,0.740758,-1,-1,-1,-1,-1,0.064482
48770,392,0,18022,45.974490,0.000000,30.000000,-1,59.697203,59.697203,-1,12,0,1697,30,0,727,1845,0,144,5.517469,2.846476,2.846476,1.000000,0.738846,-1,-1,-1,-1,-1,0.061914
48780,394,0,17840,45.279188,0.000000,30.000000,-1,59.722422,59.722422,-1,19,0,1684,16,0,708,2057,0,248,5.757964,2.920547,2.920547,1.000000,0.716453,-1,-1,-1,-1,-1,0.064501
48790,393,0,17980,45.750636,0.000000,30.000000,-1,59.698610,59.698610,-1,22,0,1566,17,0,646,2278,0,291,5.511615,2.908596,2.908596,1.000000,0.713630,-1,-1,-1,-1,-1,0.063575
48800,380,0,17500,46.052632,0.000000,30.000000,-1,59.677029,59.677029,-1,15,0,1683,19,0,670,1417,0,171,6.018806,3.204502,3.204502,1.000000,0.740315,-1,-1,-1,-1,-1,0.069583
48810,394,0,18119,45.987310,0.000000,30.000000,-1,59.680225,59.680225,-1,16,0,1433,21,0,700,1731,0,214,5.601198,2.946179,2.946179,1.000000,0.732351,-1,-1,-1,-1,-1,0.064065
48820,400,0,18193,45.482500,0.000000,30.000000,-1,59.630792,59.630792,-1,19,0,1701,25,0,765,1858,0,238,5.855733,2.990933,2.990933,1.000000,0.723162,-1,-1,-1,-1,-1,0.065760
48830,414,0,18919,45.698068,0.000000,30.000000,-1,59.585602,59.585602,-1,19,0,1429,11,0,741,1912,0,233,5.405362,2.862409,2.862409,1.000000,0.727061,-1,-1,-1,-1,-1,0.062637
48840,430,0,19758,45.948837,0.000000,30.000000,-1,59.589736,59.589736,-1,18,0,1868,22,0,745,1809,0,234,5.589484,2.792244,2.792244,1.000000,0.722142,-1,-1,-1,-1,-1,0.060769
48850,434,0,19587,45.131336,0.000000,30.000000,-1,59.587737,59.587737,-1,26,0,1898,17,0,777,2465,0,320,5.549829,2.831068,2.831068,1.000000,0.710990,-1,-1,-1,-1,-1,0.062730
48860,410,0,18792,45.834146,0.000000,30.000000,-1,59.530705,59.530705,-1,22,0,1629,23,0,743,1785,0,281,5.645301,2.884200,2.884200,1.000000,0.704524,-1,-1,-1,-1,-1,0.062927
48870,406,0,18207,44.844828,0.000000,30.000000,-1,59.500961,59.500961,-1,26,0,1535,16,0,735,1790,0,331,5.746200,3.084319,3.084319,1.000000,0.719931,-1,-1,-1,-1,-1,0.068778
48880,407,0,18535,45.540541,0.000000,30.000000,-1,59.484974,59.484974,-1,17,0,1931,20,0,735,1725,0,217,5.837903,2.937690,2.937690,1.000000,0.722364,-1,-1,-1,-1,-1,0.064507
48890,407,0,18609,45.722359,0.000000,30.000000,-1,59.516632,59.516632,-1,16,0,1626,9,0,708,2066,0,201,5.553840,2.891345,2.891345,1.000000,0.735508,-1,-1,-1,-1,-1,0.063237
48900,418,0,19262,46.081340,0.000000,30.000000,-1,59.471810,59.471810,-1,19,0,1628,21,0,743,1867,0,251,5.543189,2.958121,2.958121,1.000000,0.724052,-1,-1,-1,-1,-1,0.064193
48910,394,0,17742,45.030457,0.000000,30.000000,-1,59.509018,59.509018,-1,21,0,1566,21,0,676,1676,0,279,5.667527,2.993942,2.993942,1.000000,0.718518,-1,-1,-1,-1,-1,0.066487
48920,393,0,17955,45.687023,0.000000,30.000000,-1,59.471011,59.471011,-1,18,0,1675,20,0,752,1876,0,221,5.881437,3.035199,3.035199,1.000000,0.721805,-1,-1,-1,-1,-1,0.066435
48930,406,0,18764,46.216749,0.000000,30.000000,-1,59.484492,59.484492,-1,14,0,1574,25,0,688,1798,0,172,5.810595,3.090785,3.090785,1.000000,0.745279,-1,-1,-1,-1,-1,0.066876
48940,413,0,18387,44.520581,0.000000,30.000000,-1,59.420243,59.420243,-1,24,0,1729,17,0,720,2104,0,284,5.670463,2.936478,2.936478,1.000000,0.715838,-1,-1,-1,-1,-1,0.065958
48950,399,0,17914,44.897243,0.000000,30.000000,-1,59.433125,59.433125,-1,26,0,1364,25,0,637,2001,0,310,5.480858,2.871869,2.871869,1.000000,0.710928,-1,-1,-1,-1,-1,0.063965
48960,385,0,17109,44.438961,0.000000,30.000000,-1,59.411538,59.411538,-1,25,0,1700,19,0,640,1627,0,329,5.950436,3.004934,3.004934,1.000000,0.706088,-1,-1,-1,-1,-1,0.067619
48970,399,0,18430,46.190476,0.000000,30.000000,-1,59.399078,59.399078,-1,15,0,1548,17,0,651,1691,0,204,5.551324,2.928089,2.928089,1.000000,0.729759,-1,-1,-1,-1,-1,0.063392
48980,419,0,18882,45.064439,0.000000,30.000000,-1,59.386082,59.386082,-1,18,0,1674,12,0,696,1930,0,224,5.849781,3.039298,3.039298,1.000000,0.735796,-1,-1,-1,-1,-1,0.067443
48990,421,0,19303,45.850356,0.000000,30.000000,-1,59.410610,59.410610,-1,21,0,1774,15,0,765,1830,0,269,5.601320,2.895004,2.895004,1.000000,0.719087,-1,-1,-1,-1,-1,0.063140
49000,427,0,19729,46.203747,0.000000,30.000000,-1,59.477723,59.477723,-1,16,0,1833,14,0,742,2044,0,180,5.332143,2.741572,2.741572,1.000000,0.734168,-1,-1,-1,-1,-1,0.059337
49010,401,0,18381,45.837905,0.000000,30.000000,-1,59.466188,59.466188,-1,18,0,1519,25,0,690,1555,0,217,5.575624,2.913926,2.913926,1.000000,0.718516,-1,-1,-1,-1,-1,0.063570
49020,418,0,18788,44.947368,0.000000,30.000000,-1,59.420215,59.420215,-1,23,0,1477,14,0,715,2024,0,323,5.697361,2.968964,2.968964,1.000000,0.719869,-1,-1,-1,-1,-1,0.066054
49030,415,0,19133,46.103614,0.000000,30.000000,-1,59.419067,59.419067,-1,16,0,1657,31,0,737,2101,0,180,5.471091,2.800395,2.800395,1.000000,0.723629,-1,-1,-1,-1,-1,0.060741
49040,416,0,19339,46.487981,0.000000,30.000000,-1,59.425617,59.425617,-1,14,0,1665,19,0,794,1961,0,187,5.609268,2.858222,2.858222,1.000000,0.722028,-1,-1,-1,-1,-1,0.061483
49050,418,0,18983,45.413876,0.000000,30.000000,-1,59.441869,59.441869,-1,20,0,1821,17,0,729,1921,0,239,5.590007,2.824438,2.824438,1.000000,0.721342,-1,-1,-1,-1,-1,0.062193
49060,411,0,18463,44.922141,0.000000,30.000000,-1,59.446081,59.446081,-1,18,0,1580,22,0,695,1599,0,236,5.592686,2.825574,2.825574,1.000000,0.715430,-1,-1,-1,-1,-1,0.062899
49070,408,0,18268,44.774510,0.000000,30.000000,-1,59.450350,59.450350,-1,21,0,1782,17,0,692,2141,0,263,5.606765,2.729136,2.729136,1.000000,0.703338,-1,-1,-1,-1,-1,0.060953
49080,395,0,17964,45.478481,0.000000,30.000000,-1,59.466489,59.466489,-1,23,0,1380,27,0,699,1834,0,307,5.872746,3.072402,3.072402,1.000000,0.708301,-1,-1,-1,-1,-1,0.067557
49090,425,0,19118,44.983529,0.000000,30.000000,-1,59.494717,59.494717,-1,25,0,1644,16,0,733,2115,0,335,5.800988,2.929824,2.929824,1.000000,0.705830,-1,-1,-1,-1,-1,0.065131
49100,412,0,18940,45.970874,0.000000,30.000000,-1,59.528617,59.528617,-1,18,0,1650,18,0,710,2045,0,226,5.503598,2.835167,2.835167,1.000000,0.715379,-1,-1,-1,-1,-1,0.061673
49110,409,0,18922,46.264059,0.000000,30.000000,-1,59.526636,59.526636,-1,19,0,1691,22,0,715,2097,0,236,5.835266,3.001735,3.001735,1.000000,0.716733,-1,-1,-1,-1,-1,0.064883
49120,428,0,19623,45.848131,0.000000,30.000000,-1,59.530245,59.530245,-1,17,0,1832,15,0,760,2085,0,217,5.796694,2.873144,2.873144,1.000000,0.718459,-1,-1,-1,-1,-1,0.062667
49130,417,0,18687,44.812950,0.000000,30.000000,-1,59.514903,59.514903,-1,24,0,1563,23,0,745,1798,0,320,5.500728,2.813592,2.813592,1.000000,0.700259,-1,-1,-1,-1,-1,0.062785
49140,415,0,18848,45.416867,0.000000,30.000000,-1,59.510081,59.510081,-1,26,0,1734,12,0,742,2400,0,309,5.660548,2.855115,2.855115,1.000000,0.699711,-1,-1,-1,-1,-1,0.062865
49150,381,0,17757,46.606299,0.000000,30.000000,-1,59.486963,59.486963,-1,14,0,1428,18,0,682,1488,0,175,5.783563,3.128573,3.128573,1.000000,0.737592,-1,-1,-1,-1,-1,0.067128
49160,381,0,17107,44.900262,0.000000,30.000000,-1,59.492898,59.492898,-1,20,0,1565,14,0,702,1684,0,240,5.869628,3.042633,3.042633,1.000000,0.719748,-1,-1,-1,-1,-1,0.067764
49170,366,0,16826,45.972678,0.000000,30.000000,-1,59.497088,59.497088,-1,13,0,1401,22,0,588,1546,0,156,6.077408,3.182675,3.182675,1.000000,0.729588,-1,-1,-1,-1,-1,0.069230
49180,396,0,18280,46.161616,0.000000,30.000000,-1,59.503611,59.503611,-1,15,0,1514,15,0,699,1773,0,198,5.598020,2.928074,2.928074,1.000000,0.734857,-1,-1,-1,-1,-1,0.063431
49190,395,0,18330,46.405063,0.000000,30.000000,-1,59.572231,59.572231,-1,10,0,1884,23,0,735,2153,0,148,5.841111,2.955514,2.955514,1.000000,0.735775,-1,-1,-1,-1,-1,0.063689
49200,399,0,18000,45.112782,0.000000,30.000000,-1,59.611833,59.611833,-1,22,0,1641,18,0,736,1961,0,269,5.735821,2.911154,2.911154,1.000000,0.716906,-1,-1,-1,-1,-1,0.064531
49210,389,0,17613,45.277635,0.000000,30.000000,-1,59.583035,59.583035,-1,21,0,1604,27,0,721,1981,0,272,5.574324,2.892563,2.892563,1.000000,0.717471,-1,-1,-1,-1,-1,0.063885
49220,374,0,17558,46.946524,0.000000,30.000000,-1,59.600866,59.600866,-1,9,0,1612,12,0,673,2044,0,113,6.015788,3.149223,3.149223,1.000000,0.754201,-1,-1,-1,-1,-1,0.067081
49230,386,0,17678,45.797927,0.000000,30.000000,-1,59.623543,59.623543,-1,17,0,1551,14,0,669,1445,0,215,5.931320,3.015139,3.015139,1.000000,0.714579,-1,-1,-1,-1,-1,0.065836
49240,415,0,18790,45.277108,0.000000,30.000000,-1,59.608302,59.608302,-1,23,0,1727,16,0,739,1951,0,290,5.511369,2.755470,2.755470,1.000000,0.707476,-1,-1,-1,-1,-1,0.060858
49250,406,0,18548,45.684729,0.000000,30.000000,-1,59.644598,59.644598,-1,17,0,1618,23,0,723,1734,0,188,5.732989,2.931449,2.931449,1.000000,0.721073,-1,-1,-1,-1,-1,0.064167
49260,396,0,17531,44.270202,0.000000,30.000000,-1,59.632822,59.632822,-1,29,0,1505,28,0,663,1926,0,343,5.610521,2.850397,2.850397,1.000000,0.692502,-1,-1,-1,-1,-1,0.064386
49270,387,0,17719,45.785530,0.000000,30.000000,-1,59.672781,59.672781,-1,18,0,1441,11,0,687,1847,0,219,5.991698,3.175215,3.175215,1.000000,0.723482,-1,-1,-1,-1,-1,0.069350
49280,404,0,18082,44.757426,0.000000,30.000000,-1,59.738193,59.738193,-1,24,0,1623,17,0,720,1975,0,297,5.904759,3.009079,3.009079,1.000000,0.706149,-1,-1,-1,-1,-1,0.067231
49290,402,0,18436,45.860697,0.000000,30.000000,-1,59.793122,59.793122,-1,22,0,1507,23,0,663,2095,0,299,5.803758,3.140450,3.140450,1.000000,0.716391,-1,-1,-1,-1,-1,0.068478
49300,424,0,19143,45.148585,0.000000,30.000000,-1,59.779920,59.779920,-1,18,0,1997,27,0,736,1530,0,216,5.629777,2.804746,2.804746,1.000000,0.718296,-1,-1,-1,-1,-1,0.062123
49310,413,0,18752,45.404358,0.000000,30.000000,-1,59.837404,59.837404,-1,23,0,1589,20,0,743,2044,0,306,5.677174,3.004020,3.004020,1.000000,0.714700,-1,-1,-1,-1,-1,0.066161
49320,400,0,18323,45.807500,0.000000,30.000000,-1,59.887628,59.887628,-1,19,0,1589,30,0,674,1530,0,239,5.505475,2.885617,2.885617,1.000000,0.718668,-1,-1,-1,-1,-1,0.062994
49330,419,0,18837,44.957041,0.000000,30.000000,-1,59.936136,59.936136,-1,19,0,1786,16,0,730,2034,0,222,5.963460,2.984546,2.984546,1.000000,0.719131,-1,-1,-1,-1,-1,0.066387
49340,421,0,19228,45.672209,0.000000,30.000000,-1,59.938683,59.938683,-1,22,0,1805,21,0,731,2082,0,267,5.595614,2.884309,2.884309,1.000000,0.712335,-1,-1,-1,-1,-1,0.063152
49350,411,0,18894,45.970803,0.000000,30.000000,-1,59.944215,59.944215,-1,13,0,1564,16,0,721,1840,0,148,5.661405,2.976702,2.976702,1.000000,0.739784,-1,-1,-1,-1,-1,0.064752
49360,409,0,18562,45.383863,0.000000,30.000000,-1,59.937237,59.937237,-1,21,0,1434,25,0,740,2131,0,268,5.376527,2.805566,2.805566,1.000000,0.716143,-1,-1,-1,-1,-1,0.061819
49370,403,0,18408,45.677419,0.000000,30.000000,-1,59.928672,59.928672,-1,19,0,1434,22,0,704,2198,0,232,5.606071,2.936821,2.936821,1.000000,0.730741,-1,-1,-1,-1,-1,0.064295
49380,396,0,17930,45.277778,0.000000,30.000000,-1,59.876854,59.876854,-1,24,0,1478,20,0,695,2096,0,326,5.946812,3.083852,3.083852,1.000000,0.709707,-1,-1,-1,-1,-1,0.068110
49390,402,0,18325,45.584577,0.000000,30.000000,-1,59.881310,59.881310,-1,18,0,1703,22,0,693,2119,0,235,5.432240,2.777545,2.777545,1.000000,0.721370,-1,-1,-1,-1,-1,0.060932
49400,415,0,18510,44.602410,0.000000,30.000000,-1,59.887196,59.887196,-1,25,0,1822,5,0,686,1992,0,303,5.869080,2.993685,2.993685,1.000000,0.713449,-1,-1,-1,-1,-1,0.067119
49410,396,0,17780,44.898990,0.000000,30.000000,-1,59.917435,59.917435,-1,25,0,1433,19,0,645,1610,0,324,5.646708,2.999396,2.999396,1.000000,0.710018,-1,-1,-1,-1,-1,0.066803
49420,385,0,17871,46.418182,0.000000,30.000000,-1,60.002910,60.002910,-1,17,0,1731,17,0,658,1586,0,219,6.051450,3.220659,3.220659,1.000000,0.729391,-1,-1,-1,-1,-1,0.069384
49430,414,0,18930,45.724638,0.000000,30.000000,-1,60.059746,60.059746,-1,18,0,1752,22,0,689,1983,0,233,5.742084,2.963997,2.963997,1.000000,0.726006,-1,-1,-1,-1,-1,0.064823
49440,397,0,18132,45.672544,0.000000,30.000000,-1,60.107545,60.107545,-1,11,0,1697,24,0,669,1737,0,137,5.749035,2.860057,2.860057,1.000000,0.737500,-1,-1,-1,-1,-1,0.062621
49450,407,0,18571,45.628993,0.000000,30.000000,-1,60.166765,60.166765,-1,18,0,1755,12,0,723,2059,0,230,5.467280,2.767715,2.767715,1.000000,0.718317,-1,-1,-1,-1,-1,0.060657
49460,387,0,17580,45.426357,0.000000,30.000000,-1,60.236519,60.236519,-1,18,0,1484,17,0,647,1923,0,222,5.897388,3.113932,3.113932,1.000000,0.726397,-1,-1,-1,-1,-1,0.068549
49470,389,0,17574,45.177378,0.000000,30.000000,-1,60.292990,60.292990,-1,18,0,1707,15,0,714,1642,0,219,5.925075,3.002354,3.002354,1.000000,0.724227,-1,-1,-1,-1,-1,0.066457
49480,390,0,17538,44.969231,0.000000,30.000000,-1,60.385392,60.385392,-1,20,0,1687,19,0,691,1887,0,255,5.976322,3.127097,3.127097,1.000000,0.728306,-1,-1,-1,-1,-1,0.069539
49490,385,0,17592,45.693506,0.000000,30.000000,-1,60.421498,60.421498,-1,21,0,1555,15,0,660,1750,0,264,6.045391,3.104392,3.104392,1.000000,0.719527,-1,-1,-1,-1,-1,0.067939
49500,412,0,18783,45.589806,0.000000,30.000000,-1,60.398712,60.398712,-1,21,0,1724,20,0,695,2316,0,255,5.509573,2.920712,2.920712,1.000000,0.720356,-1,-1,-1,-1,-1,0.064065
49510,433,0,19451,44.921478,0.000000,30.000000,-1,60.296848,60.296848,-1,30,0,1526,10,0,749,2121,0,372,5.526282,2.924394,2.924394,1.000000,0.703306,-1,-1,-1,-1,-1,0.065100
49520,432,0,20098,46.523148,0.000000,30.000000,-1,60.316997,60.316997,-1,15,0,1646,29,0,795,2342,0,177,5.610305,2.986421,2.986421,1.000000,0.736808,-1,-1,-1,-1,-1,0.064192
49530,409,0,18840,46.063570,0.000000,30.000000,-1,60.289862,60.289862,-1,13,0,1690,16,0,724,1703,0,169,5.757732,2.977977,2.977977,1.000000,0.731306,-1,-1,-1,-1,-1,0.064649
49540,398,0,17959,45.123116,0.000000,30.000000,-1,60.268779,60.268779,-1,18,0,1812,19,0,751,1858,0,196,5.958662,2.979362,2.979362,1.000000,0.725881,-1,-1,-1,-1,-1,0.066027
49550,407,0,18472,45.385749,0.000000,30.000000,-1,60.292443,60.292443,-1,21,0,2051,18,0,667,1781,0,273,5.706997,2.803358,2.803358,1.000000,0.715121,-1,-1,-1,-1,-1,0.061767
49560,393,0,17751,45.167939,0.000000,30.000000,-1,60.315250,60.315250,-1,25,0,1495,19,0,685,1637,0,306,5.827439,3.093681,3.093681,1.000000,0.717599,-1,-1,-1,-1,-1,0.068493
49570,395,0,18211,46.103797,0.000000,30.000000,-1,60.338532,60.338532,-1,14,0,1467,20,0,627,1855,0,178,5.436734,2.884846,2.884846,1.000000,0.731830,-1,-1,-1,-1,-1,0.062573
49580,380,0,17557,46.202632,0.000000,30.000000,-1,60.327733,60.327733,-1,17,0,1419,24,0,672,1530,0,237,5.906638,3.215918,3.215918,1.000000,0.738024,-1,-1,-1,-1,-1,0.069605
49590,381,0,17526,46.000000,0.000000,30.000000,-1,60.315645,60.315645,-1,16,0,1526,16,0,682,1511,0,200,6.216232,3.258958,3.258958,1.000000,0.735897,-1,-1,-1,-1,-1,0.070847
49600,392,0,18410,46.964286,0.000000,30.000000,-1,60.316024,60.316024,-1,13,0,1598,12,0,688,1991,0,169,5.819805,3.129479,3.129479,1.000000,0.740097,-1,-1,-1,-1,-1,0.066635
49610,383,0,17588,45.921671,0.000000,30.000000,-1,60.307937,60.307937,-1,19,0,1593,20,0,683,1594,0,251,5.718030,3.057925,3.057925,1.000000,0.731370,-1,-1,-1,-1,-1,0.066590
49620,381,0,17584,46.152231,0.000000,30.000000,-1,60.376081,60.376081,-1,16,0,1567,16,0,702,1985,0,192,5.899739,3.200873,3.200873,1.000000,0.737000,-1,-1,-1,-1,-1,0.069355
49630,395,0,18154,45.959494,0.000000,30.000000,-1,60.380522,60.380522,-1,15,0,1470,21,0,671,1930,0,210,5.533294,2.965320,2.965320,1.000000,0.750684,-1,-1,-1,-1,-1,0.064520
49640,399,0,18290,45.839599,0.000000,30.000000,-1,60.387862,60.387862,-1,20,0,1563,16,0,654,1927,0,250,5.632354,3.065343,3.065343,1.000000,0.743545,-1,-1,-1,-1,-1,0.066871
49650,405,0,18283,45.143210,0.000000,30.000000,-1,60.331455,60.331455,-1,23,0,1615,12,0,724,1852,0,278,5.586872,3.028589,3.028589,1.000000,0.726645,-1,-1,-1,-1,-1,0.067088
49660,402,0,18339,45.619403,0.000000,30.000000,-1,60.318120,60.318120,-1,22,0,1628,18,0,727,1854,0,287,5.456023,2.940387,2.940387,1.000000,0.728889,-1,-1,-1,-1,-1,0.064455
49670,420,0,19346,46.061905,0.000000,30.000000,-1,60.361057,60.361057,-1,20,0,1552,24,0,754,2420,0,254,5.317468,2.936160,2.936160,1.000000,0.728763,-1,-1,-1,-1,-1,0.063744
49680,400,0,18354,45.885000,0.000000,30.000000,-1,60.408794,60.408794,-1,16,0,1878,22,0,748,1968,0,199,5.851753,2.965330,2.965330,1.000000,0.723742,-1,-1,-1,-1,-1,0.064625
49690,407,0,18414,45.243243,0.000000,30.000000,-1,60.367058,60.367058,-1,25,0,1694,26,0,721,1889,0,302,5.461421,2.855494,2.855494,1.000000,0.720077,-1,-1,-1,-1,-1,0.063114
49700,399,0,18277,45.807018,0.000000,30.000000,-1,60.319473,60.319473,-1,18,0,1515,20,0,685,1904,0,223,5.896607,3.078927,3.078927,1.000000,0.722294,-1,-1,-1,-1,-1,0.067215
49710,404,0,18637,46.131188,0.000000,30.000000,-1,60.276869,60.276869,-1,18,0,1566,16,0,738,1896,0,242,5.846797,3.169940,3.169940,1.000000,0.733028,-1,-1,-1,-1,-1,0.068716
49720,402,0,18401,45.773632,0.000000,30.000000,-1,60.300962,60.300962,-1,20,0,1459,20,0,723,1800,0,235,5.675158,3.031547,3.031547,1.000000,0.727384,-1,-1,-1,-1,-1,0.066229
49730,415,0,18654,44.949398,0.000000,30.000000,-1,60.262089,60.262089,-1,26,0,1673,14,0,729,1722,0,311,5.730995,2.995568,2.995568,1.000000,0.714103,-1,-1,-1,-1,-1,0.066643
49740,401,0,18096,45.127182,0.000000,30.000000,-1,60.261992,60.261992,-1,21,0,1631,26,0,673,2137,0,252,5.583922,2.866025,2.866025,1.000000,0.712755,-1,-1,-1,-1,-1,0.063510
49750,400,0,18218,45.545000,0.000000,30.000000,-1,60.205511,60.205511,-1,19,0,1616,29,0,682,2078,0,231,5.719063,2.932246,2.932246,1.000000,0.727336,-1,-1,-1,-1,-1,0.064381
49760,414,0,19097,46.128019,0.000000,30.000000,-1,60.203697,60.203697,-1,12,0,1981,11,0,756,2442,0,130,5.879081,2.907094,2.907094,1.000000,0.740679,-1,-1,-1,-1,-1,0.063022
49770,407,0,18194,44.702703,0.000000,30.000000,-1,60.244476,60.244476,-1,24,0,1887,21,0,743,1794,0,300,5.796444,2.963296,2.963296,1.000000,0.714909,-1,-1,-1,-1,-1,0.066289
49780,381,0,17192,45.123360,0.000000,30.000000,-1,60.253955,60.253955,-1,23,0,1439,16,0,619,1183,0,267,5.902941,3.149303,3.149303,1.000000,0.716978,-1,-1,-1,-1,-1,0.069793
49790,396,0,18559,46.866162,0.000000,30.000000,-1,60.258581,60.258581,-1,14,0,1434,10,0,673,1854,0,187,5.729257,3.176948,3.176948,1.000000,0.742876,-1,-1,-1,-1,-1,0.067788
49800,391,0,17870,45.703325,0.000000,30.000000,-1,60.295299,60.295299,-1,11,0,1602,21,0,666,2003,0,138,5.936848,3.028199,3.028199,1.000000,0.740657,-1,-1,-1,-1,-1,0.066258
49810,399,0,18109,45.385965,0.000000,30.000000,-1,60.312552,60.312552,-1,16,0,1636,20,0,642,1826,0,205,5.667280,2.859692,2.859692,1.000000,0.727237,-1,-1,-1,-1,-1,0.063008
49820,409,0,18433,45.068460,0.000000,30.000000,-1,60.330657,60.330657,-1,20,0,1791,19,0,739,1912,0,238,5.746800,2.890992,2.890992,1.000000,0.714384,-1,-1,-1,-1,-1,0.064147
49830,385,0,17780,46.181818,0.000000,30.000000,-1,60.306355,60.306355,-1,18,0,1740,15,0,654,1851,0,221,6.103451,3.093457,3.093457,1.000000,0.716189,-1,-1,-1,-1,-1,0.066984
49840,391,0,17404,44.511509,0.000000,30.000000,-1,60.276603,60.276603,-1,22,0,1582,13,0,690,1700,0,278,5.885783,2.994012,2.994012,1.000000,0.726437,-1,-1,-1,-1,-1,0.067264
49850,396,0,17789,44.921717,0.000000,30.000000,-1,60.253696,60.253696,-1,19,0,1680,20,0,641,1750,0,227,5.532316,2.846051,2.846051,1.000000,0.728514,-1,-1,-1,-1,-1,0.063356
49860,393,0,17923,45.605598,0.000000,30.000000,-1,60.239078,60.239078,-1,16,0,1902,19,0,654,1847,0,197,5.601880,2.880611,2.880611,1.000000,0.724715,-1,-1,-1,-1,-1,0.063164
49870,382,0,17154,44.905759,0.000000,30.000000,-1,60.304827,60.304827,-1,28,0,1420,19,0,654,1622,0,327,5.845797,3.166482,3.166482,1.000000,0.703676,-1,-1,-1,-1,-1,0.070514
49880,407,0,18685,45.909091,0.000000,30.000000,-1,60.286165,60.286165,-1,17,0,1698,17,0,717,2102,0,226,5.771939,2.905374,2.905374,1.000000,0.725248,-1,-1,-1,-1,-1,0.063285
49890,405,0,18263,45.093827,0.000000,30.000000,-1,60.359634,60.359634,-1,16,0,1767,15,0,738,1796,0,206,5.890083,3.043191,3.043191,1.000000,0.744923,-1,-1,-1,-1,-1,0.067486
49900,423,0,19298,45.621749,0.000000,30.000000,-1,60.365841,60.365841,-1,17,0,1750,21,0,637,1932,0,222,5.369945,2.813664,2.813664,1.000000,0.733234,-1,-1,-1,-1,-1,0.061674
49910,423,0,19222,45.442080,0.000000,30.000000,-1,60.362449,60.362449,-1,16,0,1914,33,0,806,1945,0,190,5.393228,2.748560,2.748560,1.000000,0.729116,-1,-1,-1,-1,-1,0.060485
49920,429,0,19843,46.254079,0.000000,30.000000,-1,60.405785,60.405785,-1,14,0,1669,16,0,737,2123,0,161,5.607275,2.900107,2.900107,1.000000,0.731629,-1,-1,-1,-1,-1,0.062699
49930,397,0,17667,44.501259,0.000000,30.000000,-1,60.413143,60.413143,-1,23,0,1739,20,0,632,1937,0,288,5.950859,2.999603,2.999603,1.000000,0.718688,-1,-1,-1,-1,-1,0.067405
49940,392,0,18025,45.982143,0.000000,30.000000,-1,60.383578,60.383578,-1,20,0,1359,11,0,637,1822,0,250,5.812132,3.199408,3.199408,1.000000,0.734770,-1,-1,-1,-1,-1,0.069579
49950,402,0,17942,44.631841,0.000000,30.000000,-1,60.455746,60.455746,-1,26,0,1553,18,0,716,2156,0,347,5.703362,3.057832,3.057832,1.000000,0.725769,-1,-1,-1,-1,-1,0.068512
49960,406,0,18376,45.261084,0.000000,30.000000,-1,60.439051,60.439051,-1,20,0,1303,18,0,645,1864,0,242,5.488719,2.977033,2.977033,1.000000,0.734454,-1,-1,-1,-1,-1,0.065775
49970,409,0,19030,46.528117,0.000000,30.000000,-1,60.394535,60.394535,-1,11,0,1559,18,0,680,1726,0,136,5.528054,2.926248,2.926248,1.000000,0.741446,-1,-1,-1,-1,-1,0.062892
49980,410,0,18672,45.541463,0.000000,30.000000,-1,60.439000,60.439000,-1,18,0,1700,17,0,707,1731,0,224,5.975053,3.017630,3.017630,1.000000,0.720058,-1,-1,-1,-1,-1,0.066261
49990,387,0,18043,46.622739,0.000000,30.000000,-1,60.409799,60.409799,-1,16,0,1454,16,0,667,1919,0,193,6.038436,3.247525,3.247525,1.000000,0.733728,-1,-1,-1,-1,-1,0.069655
50000,378,0,17430,46.111111,0.000000,30.000000,-1,60.448996,60.448996,-1,13,0,1437,22,0,651,2108,0,180,5.939213,3.082580,3.082580,1.000000,0.736031,-1,-1,-1,-1,-1,0.066851
50010,393,0,17957,45.692112,0.000000,30.000000,-1,60.464833,60.464833,-1,13,0,1715,26,0,741,1833,0,146,5.654785,2.883928,2.883928,1.000000,0.736818,-1,-1,-1,-1,-1,0.063117
50020,412,0,18736,45.475728,0.000000,30.000000,-1,60.460664,60.460664,-1,16,0,1912,19,0,680,1681,0,216,5.668323,2.741120,2.741120,1.000000,0.715639,-1,-1,-1,-1,-1,0.060277
50030,404,0,18190,45.024752,0.000000,30.000000,-1,60.513744,60.513744,-1,23,0,1781,26,0,658,1386,0,278,5.457360,2.767416,2.767416,1.000000,0.718627,-1,-1,-1,-1,-1,0.061464
50040,414,0,18195,43.949275,0.000000,30.000000,-1,60.536906,60.536906,-1,33,0,1751,11,0,661,1949,0,426,5.629163,2.893649,2.893649,1.000000,0.704765,-1,-1,-1,-1,-1,0.065841
50050,381,0,17512,45.963255,0.000000,30.000000,-1,60.569838,60.569838,-1,20,0,1569,20,0,653,1873,0,247,6.126557,3.193528,3.193528,1.000000,0.713330,-1,-1,-1,-1,-1,0.069480
50060,405,0,18287,45.153086,0.000000,30.000000,-1,60.591349,60.591349,-1,24,0,1556,14,0,679,1675,0,299,5.847879,3.050063,3.050063,1.000000,0.713892,-1,-1,-1,-1,-1,0.067549
50070,410,0,18545,45.231707,0.000000,30.000000,-1,60.568833,60.568833,-1,21,0,1550,21,0,720,2037,0,264,5.592322,2.962730,2.962730,1.000000,0.721815,-1,-1,-1,-1,-1,0.065501
50080,419,0,18984,45.307876,0.000000,30.000000,-1,60.550095,60.550095,-1,22,0,1596,20,0,789,2440,0,279,5.676504,2.998118,2.998118,1.000000,0.723448,-1,-1,-1,-1,-1,0.066172
50090,398,0,18349,46.103015,0.000000,30.000000,-1,60.513434,60.513434,-1,16,0,1653,30,0,689,1874,0,190,6.006827,3.068549,3.068549,1.000000,0.725159,-1,-1,-1,-1,-1,0.066559
50100,399,0,18368,46.035088,0.000000,30.000000,-1,60.510344,60.510344,-1,19,0,1659,16,0,674,1979,0,262,5.645924,2.968589,2.968589,1.000000,0.727783,-1,-1,-1,-1,-1,0.064485
50110,403,0,18102,44.918114,0.000000,30.000000,-1,60.492818,60.492818,-1,24,0,1700,18,0,701,1917,0,312,5.710739,2.878178,2.878178,1.000000,0.704764,-1,-1,-1,-1,-1,0.064076
50120,398,0,18120,45.527638,0.000000,30.000000,-1,60.447903,60.447903,-1,22,0,1489,17,0,631,1475,0,302,5.648201,2.989152,2.989152,1.000000,0.723161,-1,-1,-1,-1,-1,0.065656
50130,404,0,18213,45.081683,0.000000,30.000000,-1,60.468457,60.468457,-1,20,0,1781,22,0,683,1761,0,248,5.664802,2.924778,2.924778,1.000000,0.730238,-1,-1,-1,-1,-1,0.064877
50140,425,0,19130,45.011765,0.000000,30.000000,-1,60.403816,60.403816,-1,29,0,1711,13,0,749,1791,0,347,5.520608,2.870764,2.870764,1.000000,0.701991,-1,-1,-1,-1,-1,0.063778
50150,410,0,18645,45.475610,0.000000,30.000000,-1,60.414964,60.414964,-1,19,0,1347,22,0,684,2013,0,229,5.471881,2.994205,2.994205,1.000000,0.732746,-1,-1,-1,-1,-1,0.065842
50160,407,0,18430,45.282555,0.000000,30.000000,-1,60.428595,60.428595,-1,24,0,1750,18,0,687,2022,0,288,5.764466,3.013643,3.013643,1.000000,0.719856,-1,-1,-1,-1,-1,0.066552
50170,398,0,18006,45.241206,0.000000,30.000000,-1,60.440409,60.440409,-1,23,0,1741,25,0,663,2018,0,320,5.493084,2.903303,2.903303,1.000000,0.721988,-1,-1,-1,-1,-1,0.064174
50180,388,0,17556,45.247423,0.000000,30.000000,-1,60.511221,60.511221,-1,22,0,1659,11,0,679,1811,0,293,5.687691,2.873306,2.873306,1.000000,0.712816,-1,-1,-1,-1,-1,0.063502
50190,413,0,18674,45.215496,0.000000,30.000000,-1,60.512317,60.512317,-1,25,0,1462,18,0,679,1524,0,340,5.751412,3.105385,3.105385,1.000000,0.722690,-1,-1,-1,-1,-1,0.068680
50200,430,0,19468,45.274419,0.000000,30.000000,-1,60.499486,60.499486,-1,14,0,1811,21,0,729,1587,0,189,5.646534,2.834861,2.834861,1.000000,0.741057,-1,-1,-1,-1,-1,0.062615
50210,435,0,19868,45.673563,0.000000,30.000000,-1,60.487367,60.487367,-1,18,0,1745,16,0,817,2285,0,227,5.409176,2.788196,2.788196,1.000000,0.726035,-1,-1,-1,-1,-1,0.061046
50220,409,0,18706,45.735941,0.000000,30.000000,-1,60.487384,60.487384,-1,20,0,1490,20,0,748,2017,0,239,5.661101,3.077984,3.077984,1.000000,0.728361,-1,-1,-1,-1,-1,0.067299
50230,409,0,18684,45.682152,0.000000,30.000000,-1,60.401199,60.401199,-1,18,0,1672,11,0,731,1842,0,229,5.682205,2.969209,2.969209,1.000000,0.733769,-1,-1,-1,-1,-1,0.064997
50240,398,0,18216,45.768844,0.000000,30.000000,-1,60.362099,60.362099,-1,18,0,1666,20,0,686,2008,0,214,5.613770,2.903878,2.903878,1.000000,0.723966,-1,-1,-1,-1,-1,0.063447
50250,419,0,18594,44.377088,0.000000,30.000000,-1,60.360869,60.360869,-1,28,0,1723,19,0,740,2060,0,338,5.560442,2.835740,2.835740,1.000000,0.713994,-1,-1,-1,-1,-1,0.063901
50260,426,0,19053,44.725352,0.000000,30.000000,-1,60.327927,60.327927,-1,27,0,1722,13,0,687,1856,0,334,5.357237,2.849894,2.849894,1.000000,0.717589,-1,-1,-1,-1,-1,0.063720
50270,410,0,18460,45.024390,0.000000,30.000000,-1,60.269339,60.269339,-1,23,0,1384,16,0,733,1711,0,267,5.839030,3.148833,3.148833,1.000000,0.725293,-1,-1,-1,-1,-1,0.069936
50280,417,0,18881,45.278177,0.000000,30.000000,-1,60.328108,60.328108,-1,20,0,1758,19,0,729,2468,0,267,5.392631,2.805154,2.805154,1.000000,0.725589,-1,-1,-1,-1,-1,0.061954
50290,397,0,18208,45.863980,0.000000,30.000000,-1,60.294980,60.294980,-1,12,0,1764,23,0,730,1758,0,150,5.794980,2.936518,2.936518,1.000000,0.734894,-1,-1,-1,-1,-1,0.064027
50300,415,0,19022,45.836145,0.000000,30.000000,-1,60.291557,60.291557,-1,13,0,1784,18,0,720,1833,0,166,5.704547,2.953418,2.953418,1.000000,0.742077,-1,-1,-1,-1,-1,0.064434
50310,413,0,18821,45.571429,0.000000,30.000000,-1,60.257319,60.257319,-1,25,0,1524,20,0,649,2124,0,297,5.580019,3.098754,3.098754,1.000000,0.728941,-1,-1,-1,-1,-1,0.067998
50320,415,0,19534,47.069880,0.000000,30.000000,-1,60.234053,60.234053,-1,15,0,1504,23,0,783,2224,0,207,5.371667,2.940095,2.940095,1.000000,0.738354,-1,-1,-1,-1,-1,0.062462
50330,405,0,18215,44.975309,0.000000,30.000000,-1,60.238046,60.238046,-1,21,0,1531,23,0,688,1622,0,273,5.435722,2.879269,2.879269,1.000000,0.726726,-1,-1,-1,-1,-1,0.064019
50340,412,0,18786,45.597087,0.000000,30.000000,-1,60.175024,60.175024,-1,21,0,1621,16,0,701,2401,0,274,5.515334,2.980852,2.980852,1.000000,0.728291,-1,-1,-1,-1,-1,0.065374
50350,394,0,18139,46.038071,0.000000,30.000000,-1,60.144936,60.144936,-1,14,0,1688,23,0,709,1710,0,175,5.908787,3.054109,3.054109,1.000000,0.737048,-1,-1,-1,-1,-1,0.066339
50360,386,0,17670,45.777202,0.000000,30.000000,-1,60.111998,60.111998,-1,19,0,1606,13,0,674,1841,0,252,5.802338,3.123334,3.123334,1.000000,0.730839,-1,-1,-1,-1,-1,0.068229
50370,401,0,18383,45.842893,0.000000,30.000000,-1,60.077300,60.077300,-1,16,0,1651,14,0,709,1722,0,217,5.683347,3.037351,3.037351,1.000000,0.744233,-1,-1,-1,-1,-1,0.066256
50380,394,0,17985,45.647208,0.000000,30.000000,-1,60.089741,60.089741,-1,18,0,1580,21,0,661,2204,0,241,5.616154,2.968448,2.968448,1.000000,0.737022,-1,-1,-1,-1,-1,0.065030
50390,403,0,18375,45.595533,0.000000,30.000000,-1,60.073143,60.073143,-1,15,0,1760,19,0,729,1955,0,214,5.652280,2.890554,2.890554,1.000000,0.735261,-1,-1,-1,-1,-1,0.063396
50400,393,0,18244,46.422392,0.000000,30.000000,-1,60.104363,60.104363,-1,13,0,1613,18,0,715,1860,0,169,5.692728,3.000717,3.000717,1.000000,0.735988,-1,-1,-1,-1,-1,0.064639
50410,398,0,18296,45.969849,0.000000,30.000000,-1,60.065206,60.065206,-1,24,0,1376,17,0,708,1999,0,321,5.832967,3.249947,3.249947,1.000000,0.723734,-1,-1,-1,-1,-1,0.070697
50420,404,0,18458,45.688119,0.000000,30.000000,-1,60.030502,60.030502,-1,20,0,1733,16,0,677,1744,0,253,5.819167,3.014167,3.014167,1.000000,0.729943,-1,-1,-1,-1,-1,0.065973
50430,402,0,17897,44.519900,0.000000,30.000000,-1,60.003744,60.003744,-1,28,0,1698,21,0,696,1497,0,363,5.595400,2.968151,2.968151,1.000000,0.708502,-1,-1,-1,-1,-1,0.066670
50440,410,0,18850,45.975610,0.000000,30.000000,-1,59.954164,59.954164,-1,16,0,1725,23,0,695,2019,0,181,5.815857,3.024097,3.024097,1.000000,0.739005,-1,-1,-1,-1,-1,0.065776
50450,424,0,18945,44.681604,0.000000,30.000000,-1,59.970969,59.970969,-1,26,0,1685,20,0,785,2250,0,339,5.116681,2.689249,2.689249,1.000000,0.718692,-1,-1,-1,-1,-1,0.060187
50460,419,0,18831,44.942721,0.000000,30.000000,-1,59.957411,59.957411,-1,23,0,1613,18,0,743,2147,0,288,5.523277,2.847447,2.847447,1.000000,0.714124,-1,-1,-1,-1,-1,0.063357
50470,399,0,18297,45.857143,0.000000,30.000000,-1,59.989233,59.989233,-1,14,0,1782,17,0,692,1678,0,182,5.541924,2.879308,2.879308,1.000000,0.738557,-1,-1,-1,-1,-1,0.062789
50480,389,0,17371,44.655527,0.000000,30.000000,-1,59.999252,59.999252,-1,23,0,1573,15,0,670,1828,0,299,5.436355,2.768444,2.768444,1.000000,0.719989,-1,-1,-1,-1,-1,0.061996
50490,383,0,17214,44.945170,0.000000,30.000000,-1,59.985012,59.985012,-1,13,0,1626,13,0,674,1913,0,177,5.994661,3.093490,3.093490,1.000000,0.742095,-1,-1,-1,-1,-1,0.068828
50500,398,0,18627,46.801508,0.000000,30.000000,-1,60.022763,60.022763,-1,14,0,1557,13,0,717,2026,0,173,5.923389,3.289222,3.289222,1.000000,0.743968,-1,-1,-1,-1,-1,0.070280
50510,396,0,18238,46.055556,0.000000,30.000000,-1,60.076434,60.076434,-1,21,0,1494,22,0,714,2139,0,268,5.739702,3.135719,3.135719,1.000000,0.725504,-1,-1,-1,-1,-1,0.068086
50520,393,0,18359,46.715013,0.000000,30.000000,-1,60.069394,60.069394,-1,12,0,1672,21,0,717,1613,0,164,5.616811,2.888763,2.888763,1.000000,0.730870,-1,-1,-1,-1,-1,0.061838
50530,394,0,17672,44.852792,0.000000,30.000000,-1,60.074638,60.074638,-1,23,0,1502,21,0,651,1391,0,285,5.902377,3.106083,3.106083,1.000000,0.716861,-1,-1,-1,-1,-1,0.069251
50540,384,0,17604,45.843750,0.000000,30.000000,-1,60.101965,60.101965,-1,14,0,1583,26,0,638,1860,0,173,6.010949,3.134885,3.134885,1.000000,0.725436,-1,-1,-1,-1,-1,0.068382
50550,373,0,17011,45.605898,0.000000,30.000000,-1,60.082888,60.082888,-1,18,0,1623,15,0,652,1876,0,228,6.004967,3.155635,3.155635,1.000000,0.722197,-1,-1,-1,-1,-1,0.069194
50560,397,0,18423,46.405542,0.000000,30.000000,-1,60.078489,60.078489,-1,14,0,1663,19,0,689,1691,0,173,5.581367,2.890586,2.890586,1.000000,0.728941,-1,-1,-1,-1,-1,0.062290
50570,397,0,17799,44.833753,0.000000,30.000000,-1,60.090960,60.090960,-1,24,0,1372,12,0,695,1945,0,299,5.615930,3.011654,3.011654,1.000000,0.719169,-1,-1,-1,-1,-1,0.067174
50580,394,0,17970,45.609137,0.000000,30.000000,-1,60.102560,60.102560,-1,23,0,1484,20,0,666,1492,0,304,5.814193,3.016360,3.016360,1.000000,0.707541,-1,-1,-1,-1,-1,0.066135
50590,412,0,18695,45.376214,0.000000,30.000000,-1,60.161220,60.161220,-1,20,0,1544,22,0,711,1987,0,256,5.807399,3.011371,3.011371,1.000000,0.723203,-1,-1,-1,-1,-1,0.066365
50600,397,0,17826,44.901763,0.000000,30.000000,-1,60.241277,60.241277,-1,23,0,1562,22,0,679,1462,0,294,5.874608,3.051505,3.051505,1.000000,0.719264,-1,-1,-1,-1,-1,0.067960
50610,408,0,18213,44.639706,0.000000,30.000000,-1,60.266952,60.266952,-1,26,0,1590,26,0,689,1996,0,333,5.675896,2.901544,2.901544,1.000000,0.705538,-1,-1,-1,-1,-1,0.064999
50620,419,0,18684,44.591885,0.000000,30.000000,-1,60.239296,60.239296,-1,20,0,1700,21,0,667,1913,0,241,5.840093,2.905106,2.905106,1.000000,0.716922,-1,-1,-1,-1,-1,0.065149
50630,403,0,18619,46.200993,0.000000,30.000000,-1,60.202159,60.202159,-1,16,0,1536,25,0,716,1822,0,197,5.555522,2.860229,2.860229,1.000000,0.725236,-1,-1,-1,-1,-1,0.061908
50640,394,0,18134,46.025381,0.000000,30.000000,-1,60.123029,60.123029,-1,17,0,1568,24,0,689,2002,0,218,5.637834,3.026294,3.026294,1.000000,0.735015,-1,-1,-1,-1,-1,0.065753
50650,416,0,18995,45.661058,0.000000,30.000000,-1,60.108397,60.108397,-1,19,0,1679,16,0,729,2218,0,229,5.445802,2.874596,2.874596,1.000000,0.735512,-1,-1,-1,-1,-1,0.062955
50660,424,0,19196,45.273585,0.000000,30.000000,-1,60.107106,60.107106,-1,23,0,1549,20,0,719,2004,0,280,5.634576,3.052081,3.052081,1.000000,0.729974,-1,-1,-1,-1,-1,0.067414
50670,414,0,18724,45.227053,0.000000,30.000000,-1,60.134960,60.134960,-1,16,0,1821,22,0,738,2600,0,188,5.515670,2.891795,2.891795,1.000000,0.745959,-1,-1,-1,-1,-1,0.063939
50680,421,0,19248,45.719715,0.000000,30.000000,-1,60.176122,60.176122,-1,18,0,1800,8,0,702,1873,0,235,5.388456,2.789578,2.789578,1.000000,0.730880,-1,-1,-1,-1,-1,0.061015
50690,399,0,18020,45.162907,0.000000,30.000000,-1,60.237680,60.237680,-1,16,0,1552,23,0,681,1671,0,240,5.724757,2.991200,2.991200,1.000000,0.731589,-1,-1,-1,-1,-1,0.066231
50700,401,0,18220,45.436409,0.000000,30.000000,-1,60.237431,60.237431,-1,20,0,1469,15,0,681,1896,0,260,5.602420,2.946683,2.946683,1.000000,0.728582,-1,-1,-1,-1,-1,0.064853
50710,405,0,18490,45.654321,0.000000,30.000000,-1,60.255381,60.255381,-1,20,0,1690,17,0,698,1704,0,263,5.723747,2.961320,2.961320,1.000000,0.733830,-1,-1,-1,-1,-1,0.064864
50720,411,0,18799,45.739659,0.000000,30.000000,-1,60.210490,60.210490,-1,15,0,1769,21,0,683,2205,0,176,5.670322,2.996460,2.996460,1.000000,0.745437,-1,-1,-1,-1,-1,0.065511
50730,409,0,18326,44.806846,0.000000,30.000000,-1,60.223071,60.223071,-1,23,0,1879,19,0,764,1629,0,327,5.923563,3.074807,3.074807,1.000000,0.725524,-1,-1,-1,-1,-1,0.068624
50740,418,0,19023,45.509569,0.000000,30.000000,-1,60.230826,60.230826,-1,22,0,1653,16,0,733,2013,0,248,5.610613,3.066990,3.066990,1.000000,0.726193,-1,-1,-1,-1,-1,0.067392
50750,404,0,18627,46.106436,0.000000,30.000000,-1,60.294304,60.294304,-1,16,0,1534,16,0,707,2295,0,189,5.493620,3.035847,3.035847,1.000000,0.747609,-1,-1,-1,-1,-1,0.065844
50760,412,0,18916,45.912621,0.000000,30.000000,-1,60.293667,60.293667,-1,14,0,1754,24,0,750,2223,0,160,5.317862,2.803497,2.803497,1.000000,0.754729,-1,-1,-1,-1,-1,0.061062
50770,415,0,18837,45.390361,0.000000,30.000000,-1,60.340712,60.340712,-1,21,0,1649,22,0,756,1905,0,255,5.539417,3.007054,3.007054,1.000000,0.740565,-1,-1,-1,-1,-1,0.066249
50780,386,0,17308,44.839378,0.000000,30.000000,-1,60.334874,60.334874,-1,23,0,1530,18,0,667,1980,0,286,5.993062,3.133017,3.133017,1.000000,0.721798,-1,-1,-1,-1,-1,0.069872
50790,409,0,18715,45.757946,0.000000,30.000000,-1,60.350200,60.350200,-1,21,0,1556,15,0,709,2044,0,253,5.576525,3.065925,3.065925,1.000000,0.736367,-1,-1,-1,-1,-1,0.067003
50800,392,0,17688,45.122449,0.000000,30.000000,-1,60.324910,60.324910,-1,22,0,1635,19,0,687,1622,0,298,5.599677,2.894613,2.894613,1.000000,0.730491,-1,-1,-1,-1,-1,0.064150
50810,412,0,18858,45.771845,0.000000,30.000000,-1,60.274260,60.274260,-1,17,0,1737,20,0,714,2489,0,221,5.557751,3.011134,3.011134,1.000000,0.752907,-1,-1,-1,-1,-1,0.065786
50820,408,0,19081,46.767157,0.000000,30.000000,-1,60.239820,60.239820,-1,10,0,1670,17,0,733,1947,0,129,5.669152,3.088201,3.088201,1.000000,0.763454,-1,-1,-1,-1,-1,0.066034
50830,421,0,19027,45.194774,0.000000,30.000000,-1,60.176223,60.176223,-1,23,0,1604,24,0,727,1757,0,300,5.282942,2.893490,2.893490,1.000000,0.737343,-1,-1,-1,-1,-1,0.064023
50840,417,0,18694,44.829736,0.000000,30.000000,-1,60.152188,60.152188,-1,30,0,1588,17,0,778,1897,0,380,5.614392,3.012021,3.012021,1.000000,0.714306,-1,-1,-1,-1,-1,0.067188
50850,406,0,18318,45.118227,0.000000,30.000000,-1,60.175565,60.175565,-1,22,0,1645,19,0,654,1824,0,277,5.439653,2.915848,2.915848,1.000000,0.733144,-1,-1,-1,-1,-1,0.064627
50860,420,0,19097,45.469048,0.000000,30.000000,-1,60.226318,60.226318,-1,21,0,1823,20,0,746,1934,0,260,5.478492,2.862324,2.862324,1.000000,0.730734,-1,-1,-1,-1,-1,0.062951
50870,413,0,18833,45.600484,0.000000,30.000000,-1,60.168056,60.168056,-1,15,0,1577,16,0,701,2405,0,178,5.685068,3.025874,3.025874,1.000000,0.742052,-1,-1,-1,-1,-1,0.066356
50880,415,0,18487,44.546988,0.000000,30.000000,-1,60.118624,60.118624,-1,23,0,1605,16,0,698,2104,0,300,5.274805,2.675224,2.675224,1.000000,0.727149,-1,-1,-1,-1,-1,0.060054
50890,413,0,18796,45.510896,0.000000,30.000000,-1,60.113588,60.113588,-1,20,0,1613,22,0,753,1902,0,249,5.482095,2.916613,2.916613,1.000000,0.727037,-1,-1,-1,-1,-1,0.064086
50900,404,0,18684,46.247525,0.000000,30.000000,-1,60.044584,60.044584,-1,17,0,1444,17,0,713,1943,0,225,5.521171,2.999927,2.999927,1.000000,0.743407,-1,-1,-1,-1,-1,0.064867
50910,409,0,18695,45.709046,0.000000,30.000000,-1,59.985451,59.985451,-1,19,0,1552,26,0,753,1971,0,257,5.562816,2.938523,2.938523,1.000000,0.726789,-1,-1,-1,-1,-1,0.064288
50920,411,0,18495,45.000000,0.000000,30.000000,-1,59.985834,59.985834,-1,17,0,1880,18,0,714,1842,0,227,5.597167,2.871068,2.871068,1.000000,0.732147,-1,-1,-1,-1,-1,0.063802
50930,401,0,18107,45.154613,0.000000,30.000000,-1,59.914398,59.914398,-1,20,0,1623,24,0,665,2043,0,249,5.523283,2.828101,2.828101,1.000000,0.731353,-1,-1,-1,-1,-1,0.062631
50940,396,0,18002,45.459596,0.000000,30.000000,-1,59.937229,59.937229,-1,23,0,1566,20,0,720,2071,0,296,5.821014,3.113690,3.113690,1.000000,0.728478,-1,-1,-1,-1,-1,0.068494
50950,417,0,19184,46.004796,0.000000,30.000000,-1,59.909612,59.909612,-1,20,0,1464,20,0,744,2115,0,278,5.488227,2.926641,2.926641,1.000000,0.724131,-1,-1,-1,-1,-1,0.063616
50960,410,0,18938,46.190244,0.000000,30.000000,-1,59.963460,59.963460,-1,21,0,1492,16,0,713,2308,0,254,5.596132,3.071464,3.071464,1.000000,0.731803,-1,-1,-1,-1,-1,0.066496
50970,390,0,18011,46.182051,0.000000,30.000000,-1,59.909777,59.909777,-1,11,0,1619,30,0,728,2139,0,150,5.872254,3.111079,3.111079,1.000000,0.750760,-1,-1,-1,-1,-1,0.067366
50980,397,0,18131,45.670025,0.000000,30.000000,-1,59.985439,59.985439,-1,16,0,1581,20,0,732,1952,0,222,5.697027,2.996328,2.996328,1.000000,0.732738,-1,-1,-1,-1,-1,0.065608
50990,412,0,18452,44.786408,0.000000,30.000000,-1,60.013061,60.013061,-1,24,0,1547,20,0,681,1670,0,282,5.511258,2.922977,2.922977,1.000000,0.723025,-1,-1,-1,-1,-1,0.065265
51000,402,0,18482,45.975124,0.000000,30.000000,-1,59.996862,59.996862,-1,14,0,1396,25,0,722,1776,0,152,5.556396,3.044054,3.044054,1.000000,0.746439,-1,-1,-1,-1,-1,0.066211
51010,418,0,19078,45.641148,0.000000,30.000000,-1,59.948684,59.948684,-1,16,0,1737,25,0,748,1947,0,203,5.836069,3.111414,3.111414,1.000000,0.740204,-1,-1,-1,-1,-1,0.068171
51020,411,0,19099,46.469586,0.000000,30.000000,-1,59.954553,59.954553,-1,14,0,1439,21,0,743,2255,0,176,5.618562,3.194727,3.194727,1.000000,0.755765,-1,-1,-1,-1,-1,0.068749
51030,395,0,17853,45.197468,0.000000,30.000000,-1,59.978715,59.978715,-1,16,0,1710,15,0,696,1461,0,211,5.580221,2.866433,2.866433,1.000000,0.734596,-1,-1,-1,-1,-1,0.063420
51040,390,0,17652,45.261538,0.000000,30.000000,-1,60.064582,60.064582,-1,21,0,1523,22,0,681,2150,0,253,5.787342,3.206349,3.206349,1.000000,0.734180,-1,-1,-1,-1,-1,0.070840
51050,422,0,19150,45.379147,0.000000,30.000000,-1,60.134204,60.134204,-1,22,0,1761,18,0,749,1726,0,273,5.330668,2.828100,2.828100,1.000000,0.731031,-1,-1,-1,-1,-1,0.062322
51060,400,0,17877,44.692500,0.000000,30.000000,-1,60.037702,60.037702,-1,27,0,1691,24,0,723,1629,0,316,5.306074,2.844045,2.844045,1.000000,0.716169,-1,-1,-1,-1,-1,0.063636
51070,408,0,18415,45.134804,0.000000,30.000000,-1,60.015096,60.015096,-1,22,0,1746,24,0,745,1901,0,282,5.892472,2.976809,2.976809,1.000000,0.719544,-1,-1,-1,-1,-1,0.065954
51080,436,0,19717,45.222477,0.000000,30.000000,-1,59.985799,59.985799,-1,25,0,1653,23,0,719,2031,0,335,5.403324,2.841033,2.841033,1.000000,0.716927,-1,-1,-1,-1,-1,0.062823
51090,415,0,19019,45.828916,0.000000,30.000000,-1,60.051475,60.051475,-1,18,0,1694,18,0,728,2225,0,228,5.771522,2.972846,2.972846,1.000000,0.718780,-1,-1,-1,-1,-1,0.064868
51100,403,0,17970,44.590571,0.000000,30.000000,-1,60.080022,60.080022,-1,23,0,1575,24,0,648,1799,0,266,5.615743,2.918701,2.918701,1.000000,0.721041,-1,-1,-1,-1,-1,0.065456
51110,392,0,17541,44.747449,0.000000,30.000000,-1,60.019440,60.019440,-1,25,0,1819,27,0,677,1799,0,317,5.894776,3.066108,3.066108,1.000000,0.720286,-1,-1,-1,-1,-1,0.068520
51120,403,0,18206,45.176179,0.000000,30.000000,-1,59.988685,59.988685,-1,20,0,1834,28,0,675,2059,0,273,5.616807,2.844731,2.844731,1.000000,0.715061,-1,-1,-1,-1,-1,0.062970
51130,394,0,18266,46.360406,0.000000,30.000000,-1,59.995839,59.995839,-1,12,0,1575,18,0,705,1950,0,147,5.687282,3.009599,3.009599,1.000000,0.739573,-1,-1,-1,-1,-1,0.064917
51140,396,0,18255,46.098485,0.000000,30.000000,-1,60.020433,60.020433,-1,17,0,1633,21,0,700,1465,0,214,5.686586,2.997757,2.997757,1.000000,0.728921,-1,-1,-1,-1,-1,0.065029
51150,411,0,18134,44.121655,0.000000,30.000000,-1,60.016378,60.016378,-1,32,0,1541,18,0,730,1882,0,420,5.742335,2.973109,2.973109,1.000000,0.696522,-1,-1,-1,-1,-1,0.067384
51160,429,0,19584,45.650350,0.000000,30.000000,-1,59.991217,59.991217,-1,18,0,1664,17,0,718,2214,0,223,5.427626,2.900824,2.900824,1.000000,0.736138,-1,-1,-1,-1,-1,0.063544
51170,433,0,19487,45.004619,0.000000,30.000000,-1,60.079130,60.079130,-1,21,0,1867,25,0,798,1840,0,247,5.478106,2.735904,2.735904,1.000000,0.706818,-1,-1,-1,-1,-1,0.060792
51180,415,0,18967,45.703614,0.000000,30.000000,-1,60.110139,60.110139,-1,22,0,1483,15,0,702,1756,0,258,5.601009,3.051200,3.051200,1.000000,0.727982,-1,-1,-1,-1,-1,0.066761
51190,424,0,19315,45.554245,0.000000,30.000000,-1,60.210717,60.210717,-1,21,0,1743,11,0,741,2176,0,248,5.625265,3.005126,3.005126,1.000000,0.733762,-1,-1,-1,-1,-1,0.065968
51200,423,0,19027,44.981087,0.000000,30.000000,-1,60.170337,60.170337,-1,20,0,1877,17,0,758,2129,0,240,5.528626,2.787371,2.787371,1.000000,0.723869,-1,-1,-1,-1,-1,0.061968
51210,404,0,18554,45.925743,0.000000,30.000000,-1,60.118681,60.118681,-1,22,0,1642,20,0,742,2339,0,280,5.458228,3.005469,3.005469,1.000000,0.733383,-1,-1,-1,-1,-1,0.065442
51220,382,0,17557,45.960733,0.000000,30.000000,-1,60.116990,60.116990,-1,19,0,1439,25,0,642,1749,0,235,5.632332,3.143867,3.143867,1.000000,0.733934,-1,-1,-1,-1,-1,0.068403
51230,383,0,17660,46.109661,0.000000,30.000000,-1,60.155323,60.155323,-1,16,0,1517,20,0,665,1604,0,186,5.907220,3.156065,3.156065,1.000000,0.741901,-1,-1,-1,-1,-1,0.068447
51240,399,0,18425,46.177945,0.000000,30.000000,-1,60.186594,60.186594,-1,14,0,1663,21,0,668,2311,0,186,5.868470,3.062190,3.062190,1.000000,0.737794,-1,-1,-1,-1,-1,0.066313
51250,408,0,18302,44.857843,0.000000,30.000000,-1,60.269643,60.269643,-1,22,0,1941,19,0,662,1737,0,258,6.093071,2.968612,2.968612,1.000000,0.710605,-1,-1,-1,-1,-1,0.066178
51260,413,0,18889,45.736077,0.000000,30.000000,-1,60.315316,60.315316,-1,21,0,1561,14,0,676,2351,0,269,5.567215,2.956364,2.956364,1.000000,0.722545,-1,-1,-1,-1,-1,0.064640
51270,392,0,17802,45.413265,0.000000,30.000000,-1,60.274969,60.274969,-1,16,0,1635,23,0,708,2057,0,189,5.825742,2.926708,2.926708,1.000000,0.721791,-1,-1,-1,-1,-1,0.064446
51280,385,0,17699,45.971429,0.000000,30.000000,-1,60.286118,60.286118,-1,17,0,1566,17,0,657,1956,0,202,6.223734,3.148560,3.148560,1.000000,0.715586,-1,-1,-1,-1,-1,0.068490
51290,384,0,17925,46.679688,0.000000,30.000000,-1,60.356095,60.356095,-1,14,0,1518,11,0,604,1899,0,179,5.888489,3.152827,3.152827,1.000000,0.734407,-1,-1,-1,-1,-1,0.067542
51300,408,0,18655,45.723039,0.000000,30.000000,-1,60.309461,60.309461,-1,19,0,1766,16,0,762,1699,0,242,5.668707,2.904706,2.904706,1.000000,0.726748,-1,-1,-1,-1,-1,0.063528
51310,400,0,18258,45.645000,0.000000,30.000000,-1,60.285026,60.285026,-1,17,0,1715,15,0,658,2063,0,211,5.723102,2.924041,2.924041,1.000000,0.725077,-1,-1,-1,-1,-1,0.064060
51320,388,0,17728,45.690722,0.000000,30.000000,-1,60.293716,60.293716,-1,18,0,1526,14,0,690,1955,0,226,5.718494,3.063416,3.063416,1.000000,0.728063,-1,-1,-1,-1,-1,0.067047
51330,389,0,17870,45.938303,0.000000,30.000000,-1,60.283548,60.283548,-1,21,0,1402,16,0,705,1869,0,259,5.864828,3.168347,3.168347,1.000000,0.722660,-1,-1,-1,-1,-1,0.068970
51340,401,0,18219,45.433915,0.000000,30.000000,-1,60.304188,60.304188,-1,15,0,1791,10,0,739,1807,0,179,5.815717,2.951531,2.951531,1.000000,0.731960,-1,-1,-1,-1,-1,0.064963
51350,387,0,17433,45.046512,0.000000,30.000000,-1,60.242873,60.242873,-1,17,0,1581,14,0,589,1662,0,206,5.921165,2.968832,2.968832,1.000000,0.720832,-1,-1,-1,-1,-1,0.065906
51360,397,0,17937,45.181360,0.000000,30.000000,-1,60.267213,60.267213,-1,21,0,1559,22,0,718,1871,0,241,5.696744,2.926622,2.926622,1.000000,0.716082,-1,-1,-1,-1,-1,0.064775
51370,408,0,18631,45.664216,0.000000,30.000000,-1,60.356825,60.356825,-1,23,0,1666,21,0,703,2260,0,295,5.478746,2.846437,2.846437,1.000000,0.709960,-1,-1,-1,-1,-1,0.062334
51380,426,0,19485,45.739437,0.000000,30.000000,-1,60.340980,60.340980,-1,18,0,1665,7,0,751,2025,0,214,5.602266,2.885718,2.885718,1.000000,0.714208,-1,-1,-1,-1,-1,0.063090
51390,420,0,18763,44.673810,0.000000,30.000000,-1,60.316048,60.316048,-1,20,0,1849,32,0,712,1808,0,249,5.799450,2.840875,2.840875,1.000000,0.718271,-1,-1,-1,-1,-1,0.063592
51400,407,0,18051,44.351351,0.000000,30.000000,-1,60.337931,60.337931,-1,27,0,1561,13,0,714,1769,0,327,5.560590,2.764319,2.764319,1.000000,0.696866,-1,-1,-1,-1,-1,0.062328
51410,410,0,18762,45.760976,0.000000,30.000000,-1,60.384927,60.384927,-1,19,0,1728,17,0,695,1717,0,231,5.656656,2.915237,2.915237,1.000000,0.721411,-1,-1,-1,-1,-1,0.063706
51420,394,0,17920,45.482234,0.000000,30.000000,-1,60.381083,60.381083,-1,16,0,1563,24,0,678,2145,0,194,5.817931,2.847285,2.847285,1.000000,0.714786,-1,-1,-1,-1,-1,0.062602
51430,425,0,19114,44.974118,0.000000,30.000000,-1,60.412996,60.412996,-1,22,0,1935,18,0,698,1980,0,264,5.606870,2.735651,2.735651,1.000000,0.706481,-1,-1,-1,-1,-1,0.060827
51440,405,0,19007,46.930864,0.000000,30.000000,-1,60.397696,60.397696,-1,10,0,1689,18,0,721,1787,0,113,5.797195,2.960712,2.960712,1.000000,0.725313,-1,-1,-1,-1,-1,0.063087
51450,402,0,18722,46.572139,0.000000,30.000000,-1,60.351939,60.351939,-1,14,0,1338,13,0,659,1865,0,169,6.036594,3.149263,3.149263,1.000000,0.723877,-1,-1,-1,-1,-1,0.067621
51460,407,0,18270,44.889435,0.000000,30.000000,-1,60.341762,60.341762,-1,20,0,1716,20,0,715,1844,0,258,5.716946,2.895258,2.895258,1.000000,0.714644,-1,-1,-1,-1,-1,0.064498
51470,421,0,19034,45.211401,0.000000,30.000000,-1,60.379794,60.379794,-1,22,0,1730,21,0,721,1993,0,275,5.697026,2.901662,2.901662,1.000000,0.710111,-1,-1,-1,-1,-1,0.064180
51480,430,0,19426,45.176744,0.000000,30.000000,-1,60.355606,60.355606,-1,27,0,1564,12,0,749,1870,0,357,5.820544,3.003044,3.003044,1.000000,0.694356,-1,-1,-1,-1,-1,0.066473
51490,386,0,18039,46.733161,0.000000,30.000000,-1,60.364433,60.364433,-1,10,0,1511,22,0,680,1635,0,121,5.815887,2.961438,2.961438,1.000000,0.728520,-1,-1,-1,-1,-1,0.063369
51500,405,0,17975,44.382716,0.000000,30.000000,-1,60.371516,60.371516,-1,24,0,1754,28,0,667,2360,0,288,5.684472,2.746921,2.746921,1.000000,0.700325,-1,-1,-1,-1,-1,0.061892
51510,389,0,18093,46.511568,0.000000,30.000000,-1,60.374896,60.374896,-1,13,0,1477,26,0,732,1764,0,155,5.788687,2.982277,2.982277,1.000000,0.725544,-1,-1,-1,-1,-1,0.064119
51520,403,0,18235,45.248139,0.000000,30.000000,-1,60.366438,60.366438,-1,20,0,1716,20,0,658,1871,0,238,5.662109,2.846694,2.846694,1.000000,0.708414,-1,-1,-1,-1,-1,0.062913
51530,404,0,18113,44.834158,0.000000,30.000000,-1,60.376139,60.376139,-1,26,0,1482,11,0,651,1868,0,335,5.997043,3.083461,3.083461,1.000000,0.695611,-1,-1,-1,-1,-1,0.068775
51540,413,0,18627,45.101695,0.000000,30.000000,-1,60.353626,60.353626,-1,22,0,1530,16,0,701,2214,0,249,5.703938,2.954658,2.954658,1.000000,0.704555,-1,-1,-1,-1,-1,0.065511
51550,396,0,18235,46.047980,0.000000,30.000000,-1,60.369619,60.369619,-1,17,0,1557,16,0,700,2224,0,230,5.879174,2.940090,2.940090,1.000000,0.713721,-1,-1,-1,-1,-1,0.063848
51560,399,0,17985,45.075188,0.000000,30.000000,-1,60.317487,60.317487,-1,16,0,1797,12,0,685,1766,0,202,5.628789,2.756997,2.756997,1.000000,0.714260,-1,-1,-1,-1,-1,0.061164
51570,391,0,17619,45.061381,0.000000,30.000000,-1,60.283671,60.283671,-1,18,0,1539,21,0,692,2152,0,215,5.779965,2.957724,2.957724,1.000000,0.713543,-1,-1,-1,-1,-1,0.065638
51580,403,0,18190,45.136476,0.000000,30.000000,-1,60.298021,60.298021,-1,24,0,1630,18,0,733,2193,0,284,5.870012,2.841319,2.841319,1.000000,0.687340,-1,-1,-1,-1,-1,0.062950
51590,402,0,18384,45.731343,0.000000,30.000000,-1,60.250163,60.250163,-1,25,0,1501,23,0,673,1807,0,318,5.620284,2.840863,2.840863,1.000000,0.696249,-1,-1,-1,-1,-1,0.062121
51600,409,0,18551,45.356968,0.000000,30.000000,-1,60.213142,60.213142,-1,21,0,1793,21,0,693,1776,0,262,5.848976,2.888246,2.888246,1.000000,0.700234,-1,-1,-1,-1,-1,0.063678
51610,416,0,18940,45.528846,0.000000,30.000000,-1,60.237170,60.237170,-1,20,0,1632,16,0,739,2220,0,255,5.730121,2.939121,2.939121,1.000000,0.708876,-1,-1,-1,-1,-1,0.064555
51620,405,0,18569,45.849383,0.000000,30.000000,-1,60.249071,60.249071,-1,16,0,1869,21,0,707,1869,0,200,5.722682,2.779728,2.779728,1.000000,0.709370,-1,-1,-1,-1,-1,0.060627
51630,412,0,18548,45.019417,0.000000,30.000000,-1,60.222126,60.222126,-1,26,0,1525,26,0,737,2131,0,325,5.430217,2.739570,2.739570,1.000000,0.692852,-1,-1,-1,-1,-1,0.060853
51640,407,0,18547,45.570025,0.000000,30.000000,-1,60.213350,60.213350,-1,19,0,1435,23,0,712,2074,0,234,5.646665,2.839471,2.839471,1.000000,0.705362,-1,-1,-1,-1,-1,0.062310
51650,413,0,18690,45.254237,0.000000,30.000000,-1,60.221830,60.221830,-1,20,0,1803,19,0,751,2272,0,246,5.844269,2.967676,2.967676,1.000000,0.703792,-1,-1,-1,-1,-1,0.065578
51660,408,0,18450,45.220588,0.000000,30.000000,-1,60.203740,60.203740,-1,20,0,1591,16,0,737,1783,0,245,5.675412,2.839838,2.839838,1.000000,0.709449,-1,-1,-1,-1,-1,0.062800
51670,408,0,18258,44.750000,0.000000,30.000000,-1,60.232720,60.232720,-1,24,0,1656,22,0,686,1929,0,299,5.607852,2.765942,2.765942,1.000000,0.698459,-1,-1,-1,-1,-1,0.061809
51680,410,0,18678,45.556098,0.000000,30.000000,-1,60.210033,60.210033,-1,16,0,1730,21,0,733,2160,0,199,5.729391,2.839831,2.839831,1.000000,0.711031,-1,-1,-1,-1,-1,0.062337
51690,416,0,19071,45.843750,0.000000,30.000000,-1,60.237062,60.237062,-1,16,0,1630,26,0,685,2267,0,200,5.558700,2.759581,2.759581,1.000000,0.707933,-1,-1,-1,-1,-1,0.060195
51700,406,0,18460,45.467980,0.000000,30.000000,-1,60.194204,60.194204,-1,19,0,1586,19,0,728,1741,0,250,5.868190,2.918346,2.918346,1.000000,0.703224,-1,-1,-1,-1,-1,0.064185
51710,426,0,19113,44.866197,0.000000,30.000000,-1,60.110972,60.110972,-1,21,0,1577,16,0,720,1734,0,254,5.391019,2.689017,2.689017,1.000000,0.702993,-1,-1,-1,-1,-1,0.059934
51720,406,0,18405,45.332512,0.000000,30.000000,-1,60.074762,60.074762,-1,18,0,1662,20,0,763,2142,0,223,5.632315,2.770961,2.770961,1.000000,0.693584,-1,-1,-1,-1,-1,0.061125
51730,397,0,18194,45.828715,0.000000,30.000000,-1,60.011762,60.011762,-1,15,0,1593,24,0,674,1849,0,189,5.840555,2.854899,2.854899,1.000000,0.708413,-1,-1,-1,-1,-1,0.062295
51740,412,0,18939,45.968447,0.000000,30.000000,-1,59.998891,59.998891,-1,13,0,1840,18,0,733,2365,0,160,5.965868,2.938663,2.938663,1.000000,0.712938,-1,-1,-1,-1,-1,0.063928
51750,393,0,17312,44.050891,0.000000,30.000000,-1,59.994975,59.994975,-1,30,0,1758,13,0,643,1785,0,382,5.938015,2.822557,2.822557,1.000000,0.665438,-1,-1,-1,-1,-1,0.064075
51760,403,0,18558,46.049628,0.000000,30.000000,-1,59.984912,59.984912,-1,17,0,1593,15,0,678,2009,0,213,5.807797,3.010392,3.010392,1.000000,0.709671,-1,-1,-1,-1,-1,0.065373
51770,406,0,18368,45.241379,0.000000,30.000000,-1,59.977189,59.977189,-1,20,0,1755,28,0,716,1740,0,261,5.792404,2.907572,2.907572,1.000000,0.702036,-1,-1,-1,-1,-1,0.064268
51780,403,0,18527,45.972705,0.000000,30.000000,-1,59.924057,59.924057,-1,18,0,1598,18,0,675,1665,0,209,5.556098,2.859791,2.859791,1.000000,0.715905,-1,-1,-1,-1,-1,0.062206
51790,422,0,19322,45.786730,0.000000,30.000000,-1,59.941310,59.941310,-1,12,0,1931,14,0,801,2410,0,140,5.535928,2.657501,2.657501,1.000000,0.719590,-1,-1,-1,-1,-1,0.058041
51800,403,0,18481,45.858561,0.000000,30.000000,-1,59.892863,59.892863,-1,18,0,1569,21,0,672,1874,0,247,5.599128,2.870445,2.870445,1.000000,0.711102,-1,-1,-1,-1,-1,0.062593
51810,386,0,17690,45.829016,0.000000,30.000000,-1,59.834483,59.834483,-1,19,0,1586,31,0,699,1742,0,239,6.020485,3.083883,3.083883,1.000000,0.716318,-1,-1,-1,-1,-1,0.067291
51820,401,0,18146,45.251870,0.000000,30.000000,-1,59.771189,59.771189,-1,16,0,1763,20,0,660,1627,0,215,6.083955,2.966039,2.966039,1.000000,0.710008,-1,-1,-1,-1,-1,0.065545
51830,418,0,18747,44.849282,0.000000,30.000000,-1,59.770683,59.770683,-1,26,0,1811,11,0,777,1731,0,321,5.809526,2.917861,2.917861,1.000000,0.699358,-1,-1,-1,-1,-1,0.065059
51840,402,0,18286,45.487562,0.000000,30.000000,-1,59.764683,59.764683,-1,19,0,1661,15,0,666,2191,0,237,5.761233,2.874399,2.874399,1.000000,0.700120,-1,-1,-1,-1,-1,0.063191
51850,395,0,17651,44.686076,0.000000,30.000000,-1,59.705796,59.705796,-1,26,0,1485,24,0,667,1868,0,350,5.581894,2.820758,2.820758,1.000000,0.695712,-1,-1,-1,-1,-1,0.063124
51860,410,0,18017,43.943902,0.000000,30.000000,-1,59.627851,59.627851,-1,27,0,1682,11,0,646,1797,0,327,5.690437,2.801433,2.801433,1.000000,0.692241,-1,-1,-1,-1,-1,0.063750
51870,407,0,18139,44.567568,0.000000,30.000000,-1,59.663984,59.663984,-1,21,0,1670,18,0,694,1876,0,244,5.533816,2.762018,2.762018,1.000000,0.713515,-1,-1,-1,-1,-1,0.061974
51880,410,0,18539,45.217073,0.000000,30.000000,-1,59.699283,59.699283,-1,23,0,1608,13,0,704,1841,0,300,5.866252,2.996117,2.996117,1.000000,0.706784,-1,-1,-1,-1,-1,0.066261
51890,400,0,18026,45.065000,0.000000,30.000000,-1,59.760624,59.760624,-1,26,0,1515,20,0,727,1580,0,351,5.625067,2.888147,2.888148,1.000000,0.699461,-1,-1,-1,-1,-1,0.064088
51900,408,0,18738,45.926471,0.000000,30.000000,-1,59.830185,59.830185,-1,19,0,1650,19,0,733,1748,0,237,5.675381,2.926042,2.926042,1.000000,0.708974,-1,-1,-1,-1,-1,0.063711
51910,417,0,18504,44.374101,0.000000,30.000000,-1,59.775400,59.775400,-1,30,0,1693,16,0,747,2248,0,366,5.527484,2.865002,2.865002,1.000000,0.701057,-1,-1,-1,-1,-1,0.064565
51920,405,0,18441,45.533333,0.000000,30.000000,-1,59.698823,59.698823,-1,19,0,1705,14,0,690,1853,0,225,5.856453,2.944370,2.944370,1.000000,0.718983,-1,-1,-1,-1,-1,0.064664
51930,410,0,18729,45.680488,0.000000,30.000000,-1,59.706284,59.706284,-1,20,0,1690,24,0,678,1882,0,263,5.578012,2.850908,2.850908,1.000000,0.718910,-1,-1,-1,-1,-1,0.062410
51940,395,0,18246,46.192405,0.000000,30.000000,-1,59.676532,59.676532,-1,13,0,1720,21,0,769,1964,0,140,6.054917,3.034534,3.034534,1.000000,0.725065,-1,-1,-1,-1,-1,0.065693
51950,425,0,19532,45.957647,0.000000,30.000000,-1,59.607209,59.607209,-1,19,0,1639,16,0,745,2723,0,240,5.821938,3.042488,3.042488,1.000000,0.725905,-1,-1,-1,-1,-1,0.066202
51960,408,0,18482,45.299020,0.000000,30.000000,-1,59.634022,59.634022,-1,24,0,1814,20,0,733,1782,0,311,5.685192,2.935415,2.935415,1.000000,0.707260,-1,-1,-1,-1,-1,0.064801
51970,392,0,17710,45.178571,0.000000,30.000000,-1,59.673179,59.673179,-1,21,0,1754,21,0,694,1498,0,254,5.776231,2.910540,2.910540,1.000000,0.711463,-1,-1,-1,-1,-1,0.064423
51980,374,0,17062,45.620321,0.000000,30.000000,-1,59.553394,59.553394,-1,18,0,1406,17,0,638,1915,0,216,6.152016,3.172278,3.172278,1.000000,0.722295,-1,-1,-1,-1,-1,0.069537
51990,400,0,18219,45.547500,0.000000,30.000000,-1,59.545968,59.545968,-1,20,0,1513,20,0,687,2013,0,258,5.619158,2.961735,2.961735,1.000000,0.720241,-1,-1,-1,-1,-1,0.065025
52000,417,0,18639,44.697842,0.000000,30.000000,-1,59.519127,59.519127,-1,26,0,1882,23,0,761,2315,0,346,5.524188,2.791559,2.791559,1.000000,0.717342,-1,-1,-1,-1,-1,0.062454
52010,390,0,17823,45.700000,0.000000,30.000000,-1,59.496269,59.496269,-1,21,0,1633,25,0,713,1692,0,269,5.922976,3.079466,3.079466,1.000000,0.716677,-1,-1,-1,-1,-1,0.067384
52020,406,0,18820,46.354680,0.000000,30.000000,-1,59.507014,59.507014,-1,18,0,1565,17,0,673,1794,0,248,5.751944,3.037992,3.037992,1.000000,0.714103,-1,-1,-1,-1,-1,0.065538
52030,417,0,18961,45.470024,0.000000,30.000000,-1,59.527768,59.527768,-1,20,0,1621,23,0,723,2147,0,239,5.579437,2.883107,2.883107,1.000000,0.718089,-1,-1,-1,-1,-1,0.063407
52040,419,0,18628,44.458234,0.000000,30.000000,-1,59.484754,59.484754,-1,27,0,1841,21,0,643,1723,0,354,5.698349,2.845008,2.845008,1.000000,0.709673,-1,-1,-1,-1,-1,0.063993
52050,413,0,18796,45.510896,0.000000,30.000000,-1,59.536816,59.536816,-1,20,0,1673,18,0,727,2000,0,252,5.589341,2.915675,2.915675,1.000000,0.716313,-1,-1,-1,-1,-1,0.064065
52060,422,0,19326,45.796209,0.000000,30.000000,-1,59.520284,59.520284,-1,16,0,1792,16,0,796,1819,0,199,5.385598,2.753047,2.753047,1.000000,0.720199,-1,-1,-1,-1,-1,0.060115
52070,408,0,18335,44.938725,0.000000,30.000000,-1,59.374584,59.374584,-1,18,0,1821,19,0,697,2106,0,248,5.675018,2.813544,2.813544,1.000000,0.720936,-1,-1,-1,-1,-1,0.062608
52080,392,0,17880,45.612245,0.000000,30.000000,-1,59.361465,59.361465,-1,14,0,1342,25,0,607,1945,0,179,5.755164,3.020589,3.020589,1.000000,0.724201,-1,-1,-1,-1,-1,0.066223
52090,407,0,18683,45.904177,0.000000,30.000000,-1,59.384521,59.384521,-1,17,0,1653,19,0,724,1941,0,209,5.603671,2.861755,2.861755,1.000000,0.721658,-1,-1,-1,-1,-1,0.062342
52100,398,0,18301,45.982412,0.000000,30.000000,-1,59.355937,59.355937,-1,19,0,1597,16,0,683,1905,0,224,5.588144,2.931956,2.931956,1.000000,0.717850,-1,-1,-1,-1,-1,0.063763
52110,386,0,18066,46.803109,0.000000,30.000000,-1,59.306819,59.306819,-1,11,0,1652,21,0,623,1960,0,146,5.913563,3.006250,3.006250,1.000000,0.727611,-1,-1,-1,-1,-1,0.064232
52120,414,0,18919,45.698068,0.000000,30.000000,-1,59.241345,59.241345,-1,19,0,1751,18,0,728,2144,0,220,5.658385,2.897976,2.897976,1.000000,0.718327,-1,-1,-1,-1,-1,0.063416
52130,410,0,18908,46.117073,0.000000,30.000000,-1,59.306907,59.306907,-1,14,0,1775,20,0,695,1691,0,158,5.656270,2.828167,2.828167,1.000000,0.717268,-1,-1,-1,-1,-1,0.061326
52140,422,0,19081,45.215640,0.000000,30.000000,-1,59.356113,59.356113,-1,19,0,1959,24,0,701,2043,0,231,5.687036,2.835645,2.835645,1.000000,0.720349,-1,-1,-1,-1,-1,0.062714
52150,413,0,18564,44.949153,0.000000,30.000000,-1,59.280758,59.280758,-1,20,0,1591,24,0,678,1964,0,240,5.582745,2.836199,2.836199,1.000000,0.715155,-1,-1,-1,-1,-1,0.063098
52160,411,0,18766,45.659367,0.000000,30.000000,-1,59.232602,59.232602,-1,13,0,1776,18,0,682,2040,0,168,5.637888,2.852669,2.852669,1.000000,0.729328,-1,-1,-1,-1,-1,0.062477
52170,400,0,18056,45.140000,0.000000,30.000000,-1,59.210678,59.210678,-1,20,0,1551,26,0,706,1844,0,289,5.948450,3.019645,3.019645,1.000000,0.716926,-1,-1,-1,-1,-1,0.066895
52180,413,0,18512,44.823245,0.000000,30.000000,-1,59.150443,59.150443,-1,23,0,1686,18,0,712,2082,0,304,5.465984,2.830223,2.830223,1.000000,0.711567,-1,-1,-1,-1,-1,0.063142
52190,401,0,17672,44.069825,0.000000,30.000000,-1,59.177116,59.177116,-1,25,0,1933,11,0,676,1822,0,303,5.905101,2.800971,2.800971,1.000000,0.697581,-1,-1,-1,-1,-1,0.063558
52200,380,0,17370,45.710526,0.000000,30.000000,-1,59.162694,59.162694,-1,19,0,1445,20,0,628,1809,0,240,5.710303,2.963256,2.963256,1.000000,0.721545,-1,-1,-1,-1,-1,0.064827
52210,386,0,17646,45.715026,0.000000,30.000000,-1,59.205599,59.205599,-1,13,0,1747,19,0,638,2368,0,184,5.591653,2.741804,2.741804,1.000000,0.734173,-1,-1,-1,-1,-1,0.059976
52220,373,0,17063,45.745308,0.000000,30.000000,-1,59.250190,59.250190,-1,14,0,1633,16,0,674,1752,0,170,6.099338,3.106798,3.106798,1.000000,0.723495,-1,-1,-1,-1,-1,0.067915
52230,390,0,17925,45.961538,0.000000,30.000000,-1,59.275649,59.275649,-1,18,0,1424,16,0,685,1661,0,232,5.473178,2.891779,2.891779,1.000000,0.726581,-1,-1,-1,-1,-1,0.062917
52240,401,0,18030,44.962594,0.000000,30.000000,-1,59.291181,59.291181,-1,27,0,1604,18,0,703,1750,0,335,5.669125,2.949567,2.949567,1.000000,0.706823,-1,-1,-1,-1,-1,0.065600
52250,377,0,17690,46.923077,0.000000,30.000000,-1,59.265291,59.265291,-1,13,0,1407,25,0,665,2039,0,171,5.732467,3.121645,3.121645,1.000000,0.743402,-1,-1,-1,-1,-1,0.066527
52260,376,0,17078,45.420213,0.000000,30.000000,-1,59.239372,59.239372,-1,21,0,1512,24,0,747,1484,0,236,5.790273,3.094247,3.094247,1.000000,0.723058,-1,-1,-1,-1,-1,0.068125
52270,410,0,18700,45.609756,0.000000,30.000000,-1,59.219251,59.219251,-1,21,0,1714,18,0,715,1942,0,281,5.455241,2.836513,2.836513,1.000000,0.721694,-1,-1,-1,-1,-1,0.062191
52280,408,0,18239,44.703431,0.000000,30.000000,-1,59.231756,59.231756,-1,22,0,1758,22,0,656,1702,0,273,5.732085,2.799428,2.799428,1.000000,0.711980,-1,-1,-1,-1,-1,0.062622
52290,415,0,19162,46.173494,0.000000,30.000000,-1,59.216470,59.216470,-1,16,0,1504,15,0,726,2006,0,196,5.510971,2.908650,2.908650,1.000000,0.722183,-1,-1,-1,-1,-1,0.062994
52300,426,0,18877,44.312207,0.000000,30.000000,-1,59.150183,59.150183,-1,33,0,1800,19,0,734,1912,0,417,5.439664,2.800667,2.800667,1.000000,0.690726,-1,-1,-1,-1,-1,0.063203
52310,401,0,18492,46.114713,0.000000,30.000000,-1,59.178131,59.178131,-1,16,0,1574,29,0,717,1980,0,204,5.796146,2.956378,2.956378,1.000000,0.718372,-1,-1,-1,-1,-1,0.064109
52320,397,0,18037,45.433249,0.000000,30.000000,-1,59.238177,59.238177,-1,17,0,1658,14,0,663,1739,0,201,5.692998,2.883468,2.883468,1.000000,0.723282,-1,-1,-1,-1,-1,0.063466
52330,415,0,18269,44.021687,0.000000,30.000000,-1,59.174667,59.174667,-1,28,0,1719,16,0,652,1652,0,338,5.772011,2.960175,2.960175,1.000000,0.707753,-1,-1,-1,-1,-1,0.067244
52340,412,0,18224,44.233010,0.000000,30.000000,-1,59.160667,59.160667,-1,28,0,1537,19,0,631,1857,0,354,5.656921,2.977152,2.977152,1.000000,0.708327,-1,-1,-1,-1,-1,0.067306
52350,417,0,18853,45.211031,0.000000,30.000000,-1,59.123694,59.123694,-1,19,0,1572,21,0,674,2142,0,217,5.557085,2.877082,2.877082,1.000000,0.732079,-1,-1,-1,-1,-1,0.063637
52360,438,0,19915,45.468037,0.000000,30.000000,-1,59.111373,59.111373,-1,22,0,1598,19,0,731,1795,0,296,5.201999,2.772343,2.772343,1.000000,0.729259,-1,-1,-1,-1,-1,0.060973
52370,417,0,18812,45.112710,0.000000,30.000000,-1,59.141399,59.141399,-1,20,0,1749,23,0,787,2325,0,256,5.624829,2.863409,2.863409,1.000000,0.724884,-1,-1,-1,-1,-1,0.063472
52380,400,0,18145,45.362500,0.000000,30.000000,-1,59.096225,59.096225,-1,19,0,1713,15,0,711,1678,0,248,5.550751,2.937464,2.937464,1.000000,0.735919,-1,-1,-1,-1,-1,0.064755
52390,369,0,17121,46.398374,0.000000,30.000000,-1,59.127212,59.127212,-1,13,0,1545,22,0,635,1729,0,180,6.070006,3.149119,3.149119,1.000000,0.737635,-1,-1,-1,-1,-1,0.067871
52400,379,0,17226,45.451187,0.000000,30.000000,-1,59.041681,59.041681,-1,16,0,1749,18,0,722,2034,0,197,5.864947,3.044966,3.044966,1.000000,0.731089,-1,-1,-1,-1,-1,0.066994
52410,378,0,17337,45.865079,0.000000,30.000000,-1,59.076484,59.076484,-1,14,0,1631,19,0,616,1898,0,174,6.196838,3.138385,3.138385,1.000000,0.727574,-1,-1,-1,-1,-1,0.068426
52420,384,0,17554,45.713542,0.000000,30.000000,-1,59.039934,59.039934,-1,12,0,1705,20,0,630,1947,0,145,5.645020,2.895903,2.895903,1.000000,0.738595,-1,-1,-1,-1,-1,0.063349
52430,390,0,17865,45.807692,0.000000,30.000000,-1,59.043885,59.043885,-1,14,0,1886,15,0,616,1532,0,172,6.036608,3.078594,3.078594,1.000000,0.734733,-1,-1,-1,-1,-1,0.067207
52440,405,0,18323,45.241975,0.000000,30.000000,-1,59.011734,59.011734,-1,21,0,1725,22,0,696,1760,0,268,5.485110,2.866507,2.866507,1.000000,0.723496,-1,-1,-1,-1,-1,0.063359
52450,378,0,17439,46.134921,0.000000,30.000000,-1,59.018636,59.018636,-1,14,0,1457,18,0,725,1984,0,163,5.778752,3.028252,3.028252,1.000000,0.733334,-1,-1,-1,-1,-1,0.065639
52460,423,0,19397,45.855792,0.000000,30.000000,-1,59.034181,59.034181,-1,15,0,1715,14,0,698,1864,0,194,5.641305,2.934514,2.934514,1.000000,0.735975,-1,-1,-1,-1,-1,0.063994
52470,418,0,18579,44.447368,0.000000,30.000000,-1,58.990688,58.990688,-1,22,0,1675,21,0,777,1636,0,259,5.761622,2.966903,2.966903,1.000000,0.713721,-1,-1,-1,-1,-1,0.066751
52480,422,0,19289,45.708531,0.000000,30.000000,-1,58.948520,58.948520,-1,20,0,1721,22,0,759,2050,0,237,5.579436,2.918195,2.918195,1.000000,0.722269,-1,-1,-1,-1,-1,0.063844
52490,414,0,19319,46.664251,0.000000,30.000000,-1,59.002278,59.002278,-1,16,0,1482,15,0,723,1989,0,195,5.561907,2.979540,2.979540,1.000000,0.734799,-1,-1,-1,-1,-1,0.063851
52500,415,0,19080,45.975904,0.000000,30.000000,-1,59.098847,59.098847,-1,16,0,1667,11,0,753,2204,0,201,5.634694,3.013499,3.013499,1.000000,0.735372,-1,-1,-1,-1,-1,0.065545
52510,419,0,19022,45.398568,0.000000,30.000000,-1,59.054884,59.054884,-1,24,0,1813,18,0,758,2122,0,280,5.481025,2.866628,2.866628,1.000000,0.713113,-1,-1,-1,-1,-1,0.063144
52520,417,0,18911,45.350120,0.000000,30.000000,-1,59.122839,59.122839,-1,21,0,1588,17,0,738,2364,0,249,5.650459,2.987887,2.987887,1.000000,0.727591,-1,-1,-1,-1,-1,0.065885
52530,390,0,17711,45.412821,0.000000,30.000000,-1,59.225905,59.225905,-1,18,0,1563,33,0,694,2037,0,222,5.735131,2.886237,2.886237,1.000000,0.724305,-1,-1,-1,-1,-1,0.063556
52540,407,0,18446,45.321867,0.000000,30.000000,-1,59.314702,59.314702,-1,21,0,1599,17,0,729,2034,0,265,5.604676,2.953512,2.953512,1.000000,0.719898,-1,-1,-1,-1,-1,0.065167
52550,403,0,18187,45.129032,0.000000,30.000000,-1,59.323143,59.323143,-1,18,0,1501,18,0,679,2304,0,225,5.490354,2.829272,2.829272,1.000000,0.728953,-1,-1,-1,-1,-1,0.062693
52560,386,0,17578,45.538860,0.000000,30.000000,-1,59.348845,59.348845,-1,18,0,1654,19,0,663,2079,0,210,5.892822,2.991153,2.991153,1.000000,0.720812,-1,-1,-1,-1,-1,0.065684
52570,399,0,18491,46.343358,0.000000,30.000000,-1,59.366557,59.366557,-1,15,0,1545,15,0,685,1849,0,173,5.803016,3.072983,3.072983,1.000000,0.736071,-1,-1,-1,-1,-1,0.066309
52580,399,0,18219,45.661654,0.000000,30.000000,-1,59.417970,59.417970,-1,16,0,1636,25,0,732,1787,0,206,5.842076,3.088226,3.088226,1.000000,0.740663,-1,-1,-1,-1,-1,0.067633
52590,426,0,18991,44.579812,0.000000,30.000000,-1,59.380970,59.380970,-1,27,0,1659,15,0,719,2017,0,344,5.345129,2.800746,2.800746,1.000000,0.714725,-1,-1,-1,-1,-1,0.062825
52600,397,0,18157,45.735516,0.000000,30.000000,-1,59.353197,59.353197,-1,16,0,1653,17,0,704,1813,0,212,5.720695,3.005226,3.005226,1.000000,0.738336,-1,-1,-1,-1,-1,0.065709
52610,396,0,18233,46.042929,0.000000,30.000000,-1,59.293479,59.293479,-1,16,0,1680,16,0,651,1901,0,193,5.646606,2.964204,2.964204,1.000000,0.735154,-1,-1,-1,-1,-1,0.064379
52620,404,0,18100,44.801980,0.000000,30.000000,-1,59.263204,59.263204,-1,23,0,1745,16,0,727,1765,0,282,5.551391,2.845474,2.845474,1.000000,0.720998,-1,-1,-1,-1,-1,0.063512
52630,394,0,18233,46.276650,0.000000,30.000000,-1,59.256294,59.256294,-1,16,0,1493,19,0,639,1881,0,197,5.813340,3.146172,3.146172,1.000000,0.734640,-1,-1,-1,-1,-1,0.067986
52640,387,0,17602,45.483204,0.000000,30.000000,-1,59.299398,59.299398,-1,20,0,1539,21,0,703,1523,0,250,5.664281,3.083351,3.083351,1.000000,0.726634,-1,-1,-1,-1,-1,0.067791
52650,382,0,17565,45.981675,0.000000,30.000000,-1,59.301452,59.301452,-1,16,0,1516,28,0,667,1545,0,186,5.475191,2.831902,2.831902,1.000000,0.735427,-1,-1,-1,-1,-1,0.061588
52660,403,0,18382,45.612903,0.000000,30.000000,-1,59.283484,59.283484,-1,15,0,1861,25,0,686,2242,0,193,5.626798,2.829974,2.829974,1.000000,0.738520,-1,-1,-1,-1,-1,0.062043
52670,426,0,19294,45.291080,0.000000,30.000000,-1,59.303410,59.303410,-1,24,0,1702,20,0,735,1996,0,301,5.551764,2.944882,2.944882,1.000000,0.722234,-1,-1,-1,-1,-1,0.065021
52680,413,0,18592,45.016949,0.000000,30.000000,-1,59.308627,59.308627,-1,21,0,1822,17,0,736,1967,0,266,5.724958,2.925220,2.925220,1.000000,0.721025,-1,-1,-1,-1,-1,0.064980
52690,404,0,18439,45.641089,0.000000,30.000000,-1,59.353056,59.353056,-1,22,0,1534,16,0,699,2037,0,260,5.611378,3.013510,3.013510,1.000000,0.721793,-1,-1,-1,-1,-1,0.066026
52700,405,0,18717,46.214815,0.000000,30.000000,-1,59.299781,59.299781,-1,18,0,1428,20,0,682,1993,0,219,5.672663,3.147207,3.147207,1.000000,0.737345,-1,-1,-1,-1,-1,0.068100
52710,400,0,18325,45.812500,0.000000,30.000000,-1,59.271432,59.271432,-1,14,0,1704,15,0,705,2119,0,164,5.912501,3.042261,3.042261,1.000000,0.738134,-1,-1,-1,-1,-1,0.066407
52720,396,0,18158,45.853535,0.000000,30.000000,-1,59.290450,59.290450,-1,16,0,1844,24,0,671,1861,0,207,5.559202,2.892818,2.892818,1.000000,0.737127,-1,-1,-1,-1,-1,0.063088
52730,391,0,17579,44.959079,0.000000,30.000000,-1,59.381307,59.381307,-1,22,0,1678,21,0,632,1695,0,268,5.723489,2.954017,2.954017,1.000000,0.716341,-1,-1,-1,-1,-1,0.065705
52740,409,0,18421,45.039120,0.000000,30.000000,-1,59.389555,59.389555,-1,24,0,1595,20,0,711,2013,0,296,5.568023,2.967430,2.967430,1.000000,0.722855,-1,-1,-1,-1,-1,0.065886
52750,396,0,18284,46.171717,0.000000,30.000000,-1,59.356541,59.356541,-1,21,0,1524,24,0,727,2215,0,254,5.668993,2.992984,2.992984,1.000000,0.727736,-1,-1,-1,-1,-1,0.064823
52760,406,0,18914,46.586207,0.000000,30.000000,-1,59.350640,59.350640,-1,16,0,1530,19,0,715,2028,0,207,5.728960,3.136275,3.136275,1.000000,0.745589,-1,-1,-1,-1,-1,0.067322
52770,432,0,19113,44.243056,0.000000,30.000000,-1,59.342699,59.342699,-1,26,0,1815,25,0,754,2145,0,329,5.670007,2.884005,2.884005,1.000000,0.714716,-1,-1,-1,-1,-1,0.065185
52780,412,0,18656,45.281553,0.000000,30.000000,-1,59.375429,59.375429,-1,21,0,1749,21,0,682,2062,0,280,5.774892,2.928183,2.928183,1.000000,0.717302,-1,-1,-1,-1,-1,0.064666
52790,410,0,18515,45.158537,0.000000,30.000000,-1,59.338590,59.338590,-1,27,0,1413,24,0,694,1823,0,323,5.496949,2.962516,2.962516,1.000000,0.714927,-1,-1,-1,-1,-1,0.065603
52800,389,0,17644,45.357326,0.000000,30.000000,-1,59.336998,59.336998,-1,18,0,1510,30,0,714,1834,0,250,5.570372,2.863035,2.863035,1.000000,0.719350,-1,-1,-1,-1,-1,0.063122
52810,403,0,18728,46.471464,0.000000,30.000000,-1,59.319308,59.319308,-1,14,0,1605,16,0,698,2287,0,165,5.556330,2.963226,2.963226,1.000000,0.737529,-1,-1,-1,-1,-1,0.063764
52820,413,0,19115,46.283293,0.000000,30.000000,-1,59.326811,59.326811,-1,16,0,1653,23,0,763,1764,0,209,5.603803,2.943874,2.943874,1.000000,0.733041,-1,-1,-1,-1,-1,0.063606
52830,407,0,18721,45.997543,0.000000,30.000000,-1,59.419636,59.419636,-1,13,0,1646,24,0,742,2020,0,155,5.672288,2.928274,2.928274,1.000000,0.734382,-1,-1,-1,-1,-1,0.063662
52840,405,0,18612,45.955556,0.000000,30.000000,-1,59.381528,59.381528,-1,16,0,1683,16,0,690,1832,0,208,5.578830,2.902593,2.902593,1.000000,0.738022,-1,-1,-1,-1,-1,0.063161
52850,384,0,17499,45.570312,0.000000,30.000000,-1,59.310475,59.310475,-1,16,0,1473,32,0,656,1811,0,204,5.781435,3.066407,3.066407,1.000000,0.728815,-1,-1,-1,-1,-1,0.067290
52860,409,0,18852,46.092910,0.000000,30.000000,-1,59.423722,59.423722,-1,16,0,1550,21,0,700,2005,0,184,5.771339,3.087317,3.087317,1.000000,0.742899,-1,-1,-1,-1,-1,0.066980
52870,408,0,18493,45.325980,0.000000,30.000000,-1,59.539718,59.539718,-1,22,0,1657,16,0,750,2151,0,269,5.880645,3.008069,3.008069,1.000000,0.715545,-1,-1,-1,-1,-1,0.066365
52880,409,0,18763,45.875306,0.000000,30.000000,-1,59.555561,59.555561,-1,17,0,1595,27,0,677,1666,0,229,5.714634,3.034347,3.034347,1.000000,0.729326,-1,-1,-1,-1,-1,0.066143
52890,414,0,18992,45.874396,0.000000,30.000000,-1,59.553338,59.553338,-1,13,0,1611,22,0,742,1870,0,191,5.750300,2.986990,2.986990,1.000000,0.731538,-1,-1,-1,-1,-1,0.065112
52900,422,0,19071,45.191943,0.000000,30.000000,-1,59.626658,59.626658,-1,21,0,1746,22,0,760,2013,0,269,5.728439,2.821776,2.821776,1.000000,0.714169,-1,-1,-1,-1,-1,0.062440
52910,403,0,17966,44.580645,0.000000,30.000000,-1,59.564010,59.564010,-1,26,0,1506,25,0,675,1959,0,347,5.609485,2.831847,2.831847,1.000000,0.698941,-1,-1,-1,-1,-1,0.063522
52920,407,0,18518,45.498771,0.000000,30.000000,-1,59.595691,59.595691,-1,19,0,1617,10,0,708,2353,0,258,5.610775,2.911162,2.911162,1.000000,0.717224,-1,-1,-1,-1,-1,0.063983
52930,408,0,18436,45.186275,0.000000,30.000000,-1,59.623020,59.623020,-1,17,0,1684,17,0,702,2246,0,212,5.825429,3.004403,3.004403,1.000000,0.731450,-1,-1,-1,-1,-1,0.066489
52940,413,0,18754,45.409201,0.000000,30.000000,-1,59.572411,59.572411,-1,21,0,1811,30,0,677,1806,0,258,5.264835,2.712566,2.712566,1.000000,0.716296,-1,-1,-1,-1,-1,0.059736
52950,408,0,18712,45.862745,0.000000,30.000000,-1,59.561672,59.561672,-1,14,0,1601,16,0,736,1899,0,207,5.674770,2.916733,2.916733,1.000000,0.733700,-1,-1,-1,-1,-1,0.063597
52960,400,0,18048,45.120000,0.000000,30.000000,-1,59.607657,59.607657,-1,21,0,1557,19,0,682,1913,0,268,5.499794,2.818778,2.818778,1.000000,0.723139,-1,-1,-1,-1,-1,0.062473
52970,395,0,17844,45.174684,0.000000,30.000000,-1,59.626373,59.626373,-1,25,0,1432,20,0,686,1644,0,338,5.819223,3.094701,3.094701,1.000000,0.697692,-1,-1,-1,-1,-1,0.068505
52980,407,0,18338,45.056511,0.000000,30.000000,-1,59.679954,59.679954,-1,19,0,1630,23,0,660,1915,0,212,5.763470,2.893369,2.893369,1.000000,0.716968,-1,-1,-1,-1,-1,0.064216
52990,396,0,18117,45.750000,0.000000,30.000000,-1,59.742562,59.742562,-1,15,0,1786,18,0,715,1795,0,203,5.727149,2.855222,2.855222,1.000000,0.715511,-1,-1,-1,-1,-1,0.062409
53000,398,0,18401,46.233668,0.000000,30.000000,-1,59.696919,59.696919,-1,14,0,1590,16,0,756,2190,0,188,5.470940,2.802690,2.802690,1.000000,0.728982,-1,-1,-1,-1,-1,0.060620
53010,391,0,17411,44.529412,0.000000,30.000000,-1,59.617196,59.617196,-1,25,0,1460,20,0,716,1692,0,309,5.962851,3.071250,3.071250,1.000000,0.703109,-1,-1,-1,-1,-1,0.068971
53020,409,0,18228,44.567237,0.000000,30.000000,-1,59.595458,59.595458,-1,21,0,1692,14,0,662,1827,0,248,5.717090,2.841299,2.841299,1.000000,0.699883,-1,-1,-1,-1,-1,0.063753
53030,418,0,19050,45.574163,0.000000,30.000000,-1,59.597533,59.597533,-1,24,0,1413,20,0,721,1772,0,276,5.506967,2.891130,2.891130,1.000000,0.708938,-1,-1,-1,-1,-1,0.063438
53040,431,0,19197,44.540603,0.000000,30.000000,-1,59.648383,59.648383,-1,24,0,1738,18,0,783,1945,0,309,5.607231,2.845647,2.845647,1.000000,0.704679,-1,-1,-1,-1,-1,0.063889
53050,420,0,19535,46.511905,0.000000,30.000000,-1,59.657947,59.657947,-1,14,0,1702,16,0,700,2062,0,174,5.669486,2.847975,2.847975,1.000000,0.719387,-1,-1,-1,-1,-1,0.061231
53060,392,0,17924,45.724490,0.000000,30.000000,-1,59.676412,59.676412,-1,19,0,1651,18,0,694,2078,0,239,5.831808,2.922079,2.922079,1.000000,0.708683,-1,-1,-1,-1,-1,0.063906
53070,405,0,18278,45.130864,0.000000,30.000000,-1,59.678630,59.678630,-1,25,0,1532,18,0,720,2290,0,309,5.608756,2.891421,2.891421,1.000000,0.696817,-1,-1,-1,-1,-1,0.064067
53080,401,0,18329,45.708229,0.000000,30.000000,-1,59.680234,59.680234,-1,21,0,1486,19,0,681,1641,0,270,5.537933,2.933032,2.933032,1.000000,0.717329,-1,-1,-1,-1,-1,0.064169
53090,399,0,18062,45.268170,0.000000,30.000000,-1,59.746872,59.746872,-1,21,0,1460,20,0,709,1905,0,288,5.595237,2.897065,2.897065,1.000000,0.715748,-1,-1,-1,-1,-1,0.063998
53100,403,0,18311,45.436725,0.000000,30.000000,-1,59.709792,59.709792,-1,19,0,1724,12,0,703,1885,0,244,5.903315,3.008418,3.008418,1.000000,0.713321,-1,-1,-1,-1,-1,0.066211
53110,391,0,17660,45.166240,0.000000,30.000000,-1,59.688675,59.688675,-1,20,0,1642,11,0,685,1842,0,237,5.679611,2.914592,2.914592,1.000000,0.717259,-1,-1,-1,-1,-1,0.064530
53120,407,0,18489,45.427518,0.000000,30.000000,-1,59.716047,59.716047,-1,23,0,1748,19,0,721,2014,0,282,5.568047,2.822617,2.822617,1.000000,0.708742,-1,-1,-1,-1,-1,0.062135
53130,400,0,18284,45.710000,0.000000,30.000000,-1,59.725716,59.725716,-1,20,0,1538,25,0,707,1798,0,237,5.481773,2.838108,2.838108,1.000000,0.712968,-1,-1,-1,-1,-1,0.062089
53140,430,0,19540,45.441860,0.000000,30.000000,-1,59.735415,59.735415,-1,20,0,1630,12,0,714,2169,0,256,5.526246,2.920210,2.920210,1.000000,0.722921,-1,-1,-1,-1,-1,0.064263
53150,427,0,19132,44.805621,0.000000,30.000000,-1,59.735313,59.735313,-1,23,0,1469,17,0,779,1892,0,284,5.583981,2.904699,2.904699,1.000000,0.710833,-1,-1,-1,-1,-1,0.064829
53160,387,0,17657,45.625323,0.000000,30.000000,-1,59.672821,59.672821,-1,15,0,1638,20,0,613,1770,0,204,5.444496,2.741427,2.741427,1.000000,0.715515,-1,-1,-1,-1,-1,0.060086
53170,381,0,17308,45.427822,0.000000,30.000000,-1,59.583372,59.583372,-1,18,0,1542,22,0,615,1470,0,222,5.797941,2.965839,2.965839,1.000000,0.715463,-1,-1,-1,-1,-1,0.065287
53180,401,0,18392,45.865337,0.000000,30.000000,-1,59.553882,59.553882,-1,16,0,1716,19,0,722,1942,0,210,5.938881,2.974807,2.974807,1.000000,0.725873,-1,-1,-1,-1,-1,0.064860
53190,405,0,18177,44.881481,0.000000,30.000000,-1,59.514881,59.514881,-1,22,0,1618,19,0,732,1942,0,279,5.476563,2.770704,2.770704,1.000000,0.703427,-1,-1,-1,-1,-1,0.061734
53200,407,0,18962,46.589681,0.000000,30.000000,-1,59.446261,59.446261,-1,12,0,1646,17,0,738,1772,0,141,5.974586,3.025414,3.025414,1.000000,0.720913,-1,-1,-1,-1,-1,0.064937
53210,415,0,18839,45.395181,0.000000,30.000000,-1,59.424067,59.424067,-1,22,0,1754,22,0,721,2160,0,284,5.912090,3.070354,3.070354,1.000000,0.716197,-1,-1,-1,-1,-1,0.067636
53220,415,0,18938,45.633735,0.000000,30.000000,-1,59.415514,59.415514,-1,19,0,1602,20,0,722,2187,0,241,5.576276,2.819708,2.819708,1.000000,0.713045,-1,-1,-1,-1,-1,0.061790
53230,428,0,19366,45.247664,0.000000,30.000000,-1,59.401425,59.401425,-1,21,0,1572,19,0,714,2093,0,282,5.384515,2.727079,2.727079,1.000000,0.714328,-1,-1,-1,-1,-1,0.060270
53240,420,0,19098,45.471429,0.000000,30.000000,-1,59.432035,59.432035,-1,19,0,1720,21,0,798,2548,0,221,5.567947,2.872870,2.872870,1.000000,0.714032,-1,-1,-1,-1,-1,0.063180
53250,396,0,18015,45.492424,0.000000,30.000000,-1,59.402775,59.402775,-1,17,0,1850,29,0,644,2015,0,238,5.732517,2.875708,2.875708,1.000000,0.716099,-1,-1,-1,-1,-1,0.063213
53260,388,0,17905,46.146907,0.000000,30.000000,-1,59.421614,59.421614,-1,14,0,1542,18,0,687,1746,0,179,5.784307,2.919424,2.919424,1.000000,0.720083,-1,-1,-1,-1,-1,0.063264
53270,386,0,18056,46.777202,0.000000,30.000000,-1,59.446943,59.446943,-1,9,0,1706,22,0,726,1729,0,98,5.882780,2.950677,2.950677,1.000000,0.734972,-1,-1,-1,-1,-1,0.063079
53280,387,0,17342,44.811370,0.000000,30.000000,-1,59.426018,59.426018,-1,23,0,1524,18,0,670,1746,0,293,5.980240,3.096418,3.096418,1.000000,0.714628,-1,-1,-1,-1,-1,0.069099
53290,435,0,19691,45.266667,0.000000,30.000000,-1,59.438931,59.438931,-1,29,0,1875,10,0,770,2227,0,379,5.479495,2.862815,2.862815,1.000000,0.703257,-1,-1,-1,-1,-1,0.063243
53300,424,0,19252,45.405660,0.000000,30.000000,-1,59.476054,59.476054,-1,24,0,1601,16,0,739,2131,0,270,5.538179,2.940594,2.940594,1.000000,0.715760,-1,-1,-1,-1,-1,0.064763
53310,391,0,17785,45.485934,0.000000,30.000000,-1,59.425134,59.425134,-1,22,0,1694,18,0,693,1740,0,270,6.076402,3.158893,3.158893,1.000000,0.705975,-1,-1,-1,-1,-1,0.069448
53320,401,0,17962,44.793017,0.000000,30.000000,-1,59.424953,59.424953,-1,22,0,1740,17,0,700,2147,0,295,5.867507,2.982511,2.982511,1.000000,0.714452,-1,-1,-1,-1,-1,0.066584
53330,394,0,17937,45.525381,0.000000,30.000000,-1,59.419412,59.419412,-1,21,0,1357,20,0,692,2144,0,265,5.630183,2.969648,2.969648,1.000000,0.715179,-1,-1,-1,-1,-1,0.065231
53340,398,0,18182,45.683417,0.000000,30.000000,-1,59.415301,59.415301,-1,18,0,1539,18,0,724,1762,0,207,5.920886,3.008284,3.008284,1.000000,0.716792,-1,-1,-1,-1,-1,0.065851
53350,409,0,18493,45.215159,0.000000,30.000000,-1,59.478343,59.478343,-1,19,0,1758,13,0,707,2163,0,227,5.666499,2.793217,2.793217,1.000000,0.702663,-1,-1,-1,-1,-1,0.061776
53360,391,0,17900,45.780051,0.000000,30.000000,-1,59.487933,59.487933,-1,18,0,1621,24,0,657,2102,0,222,5.660286,2.872962,2.872962,1.000000,0.714098,-1,-1,-1,-1,-1,0.062756
53370,408,0,18507,45.360294,0.000000,30.000000,-1,59.506565,59.506565,-1,25,0,1531,15,0,682,1774,0,321,5.676813,3.014013,3.014013,1.000000,0.717348,-1,-1,-1,-1,-1,0.066446
53380,392,0,17801,45.410714,0.000000,30.000000,-1,59.470985,59.470985,-1,20,0,1559,29,0,687,2204,0,244,5.514914,2.807365,2.807365,1.000000,0.715436,-1,-1,-1,-1,-1,0.061822
53390,402,0,18465,45.932836,0.000000,30.000000,-1,59.448253,59.448253,-1,16,0,1626,22,0,694,2090,0,205,5.704045,2.977784,2.977784,1.000000,0.727323,-1,-1,-1,-1,-1,0.064829
53400,400,0,18023,45.057500,0.000000,30.000000,-1,59.450646,59.450646,-1,19,0,1642,30,0,742,1815,0,242,5.910703,3.029178,3.029178,1.000000,0.715906,-1,-1,-1,-1,-1,0.067229
53410,402,0,18406,45.786070,0.000000,30.000000,-1,59.498805,59.498805,-1,18,0,1494,24,0,671,1854,0,223,5.562958,2.859691,2.859691,1.000000,0.721377,-1,-1,-1,-1,-1,0.062458
53420,411,0,18723,45.554745,0.000000,30.000000,-1,59.539924,59.539924,-1,21,0,1741,24,0,752,2150,0,262,5.165768,2.692997,2.692997,1.000000,0.711637,-1,-1,-1,-1,-1,0.059116
53430,409,0,18470,45.158924,0.000000,30.000000,-1,59.589226,59.589226,-1,23,0,1578,19,0,773,2077,0,289,5.574419,2.852639,2.852639,1.000000,0.709268,-1,-1,-1,-1,-1,0.063169
53440,428,0,19557,45.693925,0.000000,30.000000,-1,59.597024,59.597024,-1,20,0,1510,26,0,749,2545,0,259,5.358898,2.743795,2.743795,1.000000,0.716966,-1,-1,-1,-1,-1,0.060047
53450,396,0,18251,46.088384,0.000000,30.000000,-1,59.630596,59.630596,-1,13,0,1597,23,0,698,1481,0,178,5.678321,2.829255,2.829255,1.000000,0.723041,-1,-1,-1,-1,-1,0.061388
53460,405,0,18170,44.864198,0.000000,30.000000,-1,59.546285,59.546285,-1,22,0,1793,19,0,682,2048,0,290,5.739252,2.885674,2.885674,1.000000,0.710017,-1,-1,-1,-1,-1,0.064320
53470,401,0,17637,43.982544,0.000000,30.000000,-1,59.550434,59.550434,-1,26,0,1520,23,0,686,1758,0,335,5.686656,2.910423,2.910423,1.000000,0.701495,-1,-1,-1,-1,-1,0.066172
53480,389,0,17963,46.177378,0.000000,30.000000,-1,59.578578,59.578578,-1,11,0,1782,23,0,706,1615,0,137,5.669777,2.886350,2.886350,1.000000,0.735203,-1,-1,-1,-1,-1,0.062506
53490,375,0,17018,45.381333,0.000000,30.000000,-1,59.595193,59.595193,-1,20,0,1393,27,0,642,1556,0,267,5.981158,3.158397,3.158397,1.000000,0.717967,-1,-1,-1,-1,-1,0.069597
53500,388,0,17090,44.046392,0.000000,30.000000,-1,59.639380,59.639380,-1,27,0,1959,16,0,659,1656,0,353,5.950564,2.866447,2.866447,1.000000,0.692948,-1,-1,-1,-1,-1,0.065078
53510,406,0,18393,45.302956,0.000000,30.000000,-1,59.625890,59.625890,-1,23,0,1663,16,0,693,1742,0,299,5.786437,2.904274,2.904274,1.000000,0.701847,-1,-1,-1,-1,-1,0.064108
53520,401,0,18564,46.294264,0.000000,30.000000,-1,59.625619,59.625619,-1,11,0,1678,21,0,694,2035,0,123,5.922848,3.019676,3.019676,1.000000,0.731030,-1,-1,-1,-1,-1,0.065228
53530,404,0,18036,44.643564,0.000000,30.000000,-1,59.687181,59.687181,-1,21,0,1847,19,0,677,1786,0,266,5.806181,2.919322,2.919322,1.000000,0.711123,-1,-1,-1,-1,-1,0.065392
53540,409,0,18869,46.134474,0.000000,30.000000,-1,59.713922,59.713922,-1,16,0,1719,16,0,680,2149,0,192,5.618028,2.882147,2.882147,1.000000,0.720718,-1,-1,-1,-1,-1,0.062473
53550,410,0,18493,45.104878,0.000000,30.000000,-1,59.739739,59.739739,-1,27,0,1443,24,0,672,2072,0,339,5.668583,3.010744,3.010744,1.000000,0.705859,-1,-1,-1,-1,-1,0.066750
53560,399,0,18635,46.704261,0.000000,30.000000,-1,59.711403,59.711403,-1,13,0,1570,15,0,689,2053,0,177,5.765098,3.023541,3.023541,1.000000,0.731803,-1,-1,-1,-1,-1,0.064738
53570,409,0,18284,44.704156,0.000000,30.000000,-1,59.664406,59.664406,-1,20,0,1907,27,0,735,1985,0,257,5.434495,2.656881,2.656881,1.000000,0.711418,-1,-1,-1,-1,-1,0.059433
53580,397,0,17764,44.745592,0.000000,30.000000,-1,59.676143,59.676143,-1,24,0,1564,16,0,621,2128,0,315,5.791350,3.034246,3.034246,1.000000,0.709195,-1,-1,-1,-1,-1,0.067811
53590,409,0,18540,45.330073,0.000000,30.000000,-1,59.712729,59.712729,-1,21,0,1756,13,0,702,2213,0,274,5.748741,2.958676,2.958676,1.000000,0.718625,-1,-1,-1,-1,-1,0.065270
53600,425,0,19418,45.689412,0.000000,30.000000,-1,59.783242,59.783242,-1,17,0,1713,15,0,743,2149,0,215,5.481688,2.848172,2.848172,1.000000,0.734186,-1,-1,-1,-1,-1,0.062338
53610,412,0,18510,44.927184,0.000000,30.000000,-1,59.766018,59.766018,-1,22,0,1606,29,0,696,2104,0,277,5.510230,2.818018,2.818018,1.000000,0.717702,-1,-1,-1,-1,-1,0.062724
53620,412,0,18830,45.703883,0.000000,30.000000,-1,59.795327,59.795327,-1,18,0,1493,13,0,697,1731,0,234,5.369961,2.761569,2.761569,1.000000,0.717757,-1,-1,-1,-1,-1,0.060423
53630,404,0,18351,45.423267,0.000000,30.000000,-1,59.753801,59.753801,-1,16,0,1772,13,0,734,2223,0,211,5.636380,2.893323,2.893323,1.000000,0.733146,-1,-1,-1,-1,-1,0.063697
53640,400,0,18304,45.760000,0.000000,30.000000,-1,59.804851,59.804851,-1,15,0,1765,19,0,712,1494,0,188,5.792130,2.897989,2.897989,1.000000,0.727062,-1,-1,-1,-1,-1,0.063330
53650,409,0,18324,44.801956,0.000000,30.000000,-1,59.850578,59.850578,-1,18,0,1847,17,0,718,1609,0,228,5.645670,2.877557,2.877557,1.000000,0.731732,-1,-1,-1,-1,-1,0.064228
53660,429,0,19123,44.575758,0.000000,30.000000,-1,59.866077,59.866077,-1,19,0,1935,14,0,739,2017,0,265,5.498527,2.722141,2.722141,1.000000,0.722691,-1,-1,-1,-1,-1,0.061068
53670,400,0,17987,44.967500,0.000000,30.000000,-1,59.861733,59.861733,-1,25,0,1432,15,0,683,1869,0,320,5.486304,2.917684,2.917684,1.000000,0.718933,-1,-1,-1,-1,-1,0.064884
53680,400,0,18304,45.760000,0.000000,30.000000,-1,59.780922,59.780922,-1,13,0,1870,18,0,679,1796,0,173,5.802451,2.922549,2.922549,1.000000,0.730704,-1,-1,-1,-1,-1,0.063867
53690,406,0,18712,46.088670,0.000000,30.000000,-1,59.765552,59.765552,-1,16,0,1526,21,0,743,2065,0,181,5.843881,3.058418,3.058418,1.000000,0.737978,-1,-1,-1,-1,-1,0.066359
53700,404,0,18251,45.175743,0.000000,30.000000,-1,59.765054,59.765054,-1,24,0,1570,25,0,689,1723,0,296,5.730347,3.046056,3.046056,1.000000,0.718383,-1,-1,-1,-1,-1,0.067427
53710,401,0,18443,45.992519,0.000000,30.000000,-1,59.794936,59.794936,-1,19,0,1484,21,0,688,1755,0,270,5.715782,3.088180,3.088180,1.000000,0.730149,-1,-1,-1,-1,-1,0.067145
53720,399,0,17926,44.927318,0.000000,30.000000,-1,59.825449,59.825449,-1,23,0,1788,18,0,694,1396,0,317,5.820325,2.929765,2.929765,1.000000,0.714968,-1,-1,-1,-1,-1,0.065211
53730,407,0,18538,45.547912,0.000000,30.000000,-1,59.830241,59.830241,-1,21,0,1792,14,0,708,1887,0,281,5.723484,2.948565,2.948565,1.000000,0.718244,-1,-1,-1,-1,-1,0.064735
53740,403,0,18388,45.627792,0.000000,30.000000,-1,59.801120,59.801120,-1,23,0,1619,22,0,704,2171,0,288,5.929255,3.108793,3.108793,1.000000,0.713404,-1,-1,-1,-1,-1,0.068134
53750,398,0,18457,46.374372,0.000000,30.000000,-1,59.769518,59.769518,-1,10,0,1627,22,0,703,1961,0,126,5.898038,3.027842,3.027842,1.000000,0.732264,-1,-1,-1,-1,-1,0.065291
53760,416,0,18916,45.471154,0.000000,30.000000,-1,59.765331,59.765331,-1,16,0,1734,18,0,681,1887,0,202,5.615766,2.859279,2.859279,1.000000,0.726244,-1,-1,-1,-1,-1,0.062881
53770,410,0,18381,44.831707,0.000000,30.000000,-1,59.760677,59.760677,-1,20,0,1892,23,0,679,1793,0,255,5.850389,2.826846,2.826846,1.000000,0.713344,-1,-1,-1,-1,-1,0.063055
53780,436,0,19640,45.045872,0.000000,30.000000,-1,59.834420,59.834420,-1,18,0,1827,10,0,723,2143,0,227,5.864986,3.025796,3.025796,1.000000,0.722259,-1,-1,-1,-1,-1,0.067171
53790,422,0,19145,45.367299,0.000000,30.000000,-1,59.848472,59.848472,-1,25,0,1703,17,0,771,1902,0,313,5.603277,2.964089,2.964089,1.000000,0.719598,-1,-1,-1,-1,-1,0.065335
53800,405,0,18761,46.323457,0.000000,30.000000,-1,59.915676,59.915676,-1,17,0,1660,15,0,684,1714,0,216,6.003931,3.194482,3.194482,1.000000,0.727291,-1,-1,-1,-1,-1,0.068960
53810,426,0,19009,44.622066,0.000000,30.000000,-1,59.928350,59.928350,-1,24,0,1946,19,0,746,1852,0,293,5.512019,2.785991,2.785991,1.000000,0.711674,-1,-1,-1,-1,-1,0.062435
53820,415,0,19123,46.079518,0.000000,30.000000,-1,59.938399,59.938399,-1,10,0,1816,15,0,713,2142,0,138,5.466438,2.741364,2.741364,1.000000,0.741103,-1,-1,-1,-1,-1,0.059492
53830,399,0,18416,46.155388,0.000000,30.000000,-1,59.932124,59.932124,-1,19,0,1574,18,0,726,1912,0,224,5.777266,3.140266,3.140266,1.000000,0.731418,-1,-1,-1,-1,-1,0.068037
53840,396,0,17973,45.386364,0.000000,30.000000,-1,59.980304,59.980304,-1,21,0,1491,19,0,668,1920,0,241,5.705133,2.975602,2.975602,1.000000,0.717601,-1,-1,-1,-1,-1,0.065562
53850,406,0,18602,45.817734,0.000000,30.000000,-1,59.975863,59.975863,-1,14,0,1733,17,0,756,2150,0,184,5.712498,2.939117,2.939117,1.000000,0.730331,-1,-1,-1,-1,-1,0.064148
53860,395,0,18072,45.751899,0.000000,30.000000,-1,60.019810,60.019810,-1,14,0,1568,22,0,693,1730,0,186,5.843113,3.003300,3.003300,1.000000,0.732793,-1,-1,-1,-1,-1,0.065643
53870,383,0,17473,45.621410,0.000000,30.000000,-1,60.012076,60.012076,-1,16,0,1640,24,0,652,1625,0,209,6.001614,3.099840,3.099840,1.000000,0.729268,-1,-1,-1,-1,-1,0.067947
53880,378,0,17254,45.645503,0.000000,30.000000,-1,60.069491,60.069491,-1,20,0,1604,13,0,639,1610,0,253,5.901211,3.100301,3.100301,1.000000,0.716067,-1,-1,-1,-1,-1,0.067921
53890,391,0,17846,45.641944,0.000000,30.000000,-1,60.175558,60.175558,-1,18,0,1631,13,0,659,1719,0,241,5.791071,2.953113,2.953113,1.000000,0.715041,-1,-1,-1,-1,-1,0.064702
53900,409,0,18888,46.180929,0.000000,30.000000,-1,60.191233,60.191233,-1,13,0,1734,21,0,683,2026,0,160,5.647901,2.849247,2.849247,1.000000,0.724855,-1,-1,-1,-1,-1,0.061697
53910,404,0,18281,45.250000,0.000000,30.000000,-1,60.247415,60.247415,-1,14,0,1844,23,0,720,1803,0,174,5.591888,2.701821,2.701821,1.000000,0.715881,-1,-1,-1,-1,-1,0.059709
53920,407,0,19149,47.049140,0.000000,30.000000,-1,60.198809,60.198809,-1,13,0,1492,18,0,707,1864,0,174,5.762195,3.004916,3.004916,1.000000,0.724116,-1,-1,-1,-1,-1,0.063868
53930,407,0,19002,46.687961,0.000000,30.000000,-1,60.210504,60.210504,-1,12,0,1638,24,0,744,2286,0,170,5.438406,2.775119,2.775119,1.000000,0.734257,-1,-1,-1,-1,-1,0.059440
53940,400,0,17917,44.792500,0.000000,30.000000,-1,60.240386,60.240386,-1,21,0,1621,19,0,752,1901,0,278,5.630847,2.839629,2.839629,1.000000,0.709807,-1,-1,-1,-1,-1,0.063395
53950,383,0,17492,45.671018,0.000000,30.000000,-1,60.209181,60.209181,-1,18,0,1590,22,0,683,1876,0,225,5.586723,2.854530,2.854530,1.000000,0.714244,-1,-1,-1,-1,-1,0.062502
53960,400,0,18313,45.782500,0.000000,30.000000,-1,60.222574,60.222574,-1,17,0,1466,25,0,712,1807,0,224,5.758390,3.008039,3.008039,1.000000,0.715830,-1,-1,-1,-1,-1,0.065703
53970,412,0,18655,45.279126,0.000000,30.000000,-1,60.156258,60.156258,-1,24,0,1434,15,0,699,1886,0,307,5.587677,2.987103,2.987103,1.000000,0.714564,-1,-1,-1,-1,-1,0.065971
53980,407,0,18823,46.248157,0.000000,30.000000,-1,60.184455,60.184455,-1,16,0,1395,13,0,707,2115,0,210,6.109439,3.218980,3.218980,1.000000,0.724064,-1,-1,-1,-1,-1,0.069602
53990,411,0,18628,45.323601,0.000000,30.000000,-1,60.147144,60.147144,-1,19,0,1734,20,0,743,2087,0,236,5.876184,3.000539,3.000539,1.000000,0.722573,-1,-1,-1,-1,-1,0.066203
54000,398,0,18113,45.510050,0.000000,30.000000,-1,60.232430,60.232430,-1,17,0,1751,19,0,657,1730,0,238,5.596627,2.810887,2.810887,1.000000,0.716981,-1,-1,-1,-1,-1,0.061764
54010,417,0,18539,44.458034,0.000000,30.000000,-1,60.253466,60.253466,-1,25,0,1636,17,0,729,2213,0,320,5.743964,2.891528,2.891528,1.000000,0.711192,-1,-1,-1,-1,-1,0.065039
54020,433,0,19709,45.517321,0.000000,30.000000,-1,60.262418,60.262418,-1,24,0,1716,13,0,772,1956,0,292,5.513724,2.814551,2.814551,1.000000,0.714299,-1,-1,-1,-1,-1,0.061835
54030,424,0,19084,45.009434,0.000000,30.000000,-1,60.229931,60.229931,-1,22,0,1646,26,0,709,1603,0,261,5.399880,2.802670,2.802670,1.000000,0.714016,-1,-1,-1,-1,-1,0.062268
54040,410,0,18839,45.948780,0.000000,30.000000,-1,60.190881,60.190881,-1,17,0,1710,25,0,730,1860,0,216,5.599225,2.801007,2.801007,1.000000,0.719657,-1,-1,-1,-1,-1,0.060959
54050,396,0,17718,44.742424,0.000000,30.000000,-1,60.152726,60.152726,-1,25,0,1454,21,0,690,1617,0,301,5.661929,2.963492,2.963492,1.000000,0.711549,-1,-1,-1,-1,-1,0.066234
54060,394,0,17864,45.340102,0.000000,30.000000,-1,60.146720,60.146720,-1,22,0,1697,19,0,740,1633,0,291,5.536001,2.864531,2.864531,1.000000,0.712551,-1,-1,-1,-1,-1,0.063179
54070,403,0,18385,45.620347,0.000000,30.000000,-1,60.158336,60.158336,-1,19,0,1496,13,0,719,2380,0,222,5.771123,3.035919,3.035919,1.000000,0.721033,-1,-1,-1,-1,-1,0.066547
54080,424,0,19489,45.964623,0.000000,30.000000,-1,60.210170,60.210170,-1,20,0,1695,18,0,711,2061,0,249,5.269623,2.717799,2.717799,1.000000,0.716358,-1,-1,-1,-1,-1,0.059128
54090,378,0,17119,45.288360,0.000000,30.000000,-1,60.207430,60.207430,-1,20,0,1634,21,0,659,1848,0,243,5.790804,2.881658,2.881658,1.000000,0.708047,-1,-1,-1,-1,-1,0.063629
54100,379,0,16793,44.308707,0.000000,30.000000,-1,60.224975,60.224975,-1,24,0,1632,20,0,675,1389,0,327,6.049116,3.066225,3.066225,1.000000,0.709613,-1,-1,-1,-1,-1,0.069201
54110,395,0,18360,46.481013,0.000000,30.000000,-1,60.194553,60.194553,-1,15,0,1785,16,0,683,1919,0,186,5.886057,3.016535,3.016535,1.000000,0.722787,-1,-1,-1,-1,-1,0.064898
54120,388,0,17676,45.556701,0.000000,30.000000,-1,60.198970,60.198970,-1,15,0,1617,20,0,649,1858,0,181,5.930579,2.917604,2.917604,1.000000,0.726832,-1,-1,-1,-1,-1,0.064043
54130,409,0,18271,44.672372,0.000000,30.000000,-1,60.250999,60.250999,-1,24,0,1446,22,0,694,1519,0,304,5.674964,3.076579,3.076579,1.000000,0.722716,-1,-1,-1,-1,-1,0.068870
54140,421,0,19540,46.413302,0.000000,30.000000,-1,60.240072,60.240072,-1,13,0,1525,21,0,756,1976,0,162,5.686907,2.968675,2.968675,1.000000,0.736211,-1,-1,-1,-1,-1,0.063962
54150,400,0,18104,45.260000,0.000000,30.000000,-1,60.241383,60.241383,-1,20,0,1786,23,0,745,2023,0,263,5.823285,2.966238,2.966238,1.000000,0.714412,-1,-1,-1,-1,-1,0.065538
54160,404,0,18017,44.596535,0.000000,30.000000,-1,60.291558,60.291558,-1,21,0,1840,21,0,699,1746,0,279,5.578750,2.719929,2.719929,1.000000,0.712006,-1,-1,-1,-1,-1,0.060990
54170,402,0,18377,45.713930,0.000000,30.000000,-1,60.337324,60.337324,-1,20,0,1553,21,0,693,1851,0,258,5.520384,2.887221,2.887221,1.000000,0.724273,-1,-1,-1,-1,-1,0.063158
54180,393,0,17695,45.025445,0.000000,30.000000,-1,60.329641,60.329641,-1,21,0,1590,26,0,714,1450,0,229,5.657467,2.914325,2.914325,1.000000,0.713362,-1,-1,-1,-1,-1,0.064726
54190,392,0,18056,46.061224,0.000000,30.000000,-1,60.353899,60.353899,-1,13,0,1683,21,0,708,1924,0,168,5.631524,2.847886,2.847886,1.000000,0.727898,-1,-1,-1,-1,-1,0.061828
54200,409,0,18657,45.616137,0.000000,30.000000,-1,60.420057,60.420057,-1,16,0,1792,15,0,677,2269,0,186,5.681302,2.747211,2.747211,1.000000,0.713799,-1,-1,-1,-1,-1,0.060225
54210,397,0,18149,45.715365,0.000000,30.000000,-1,60.422337,60.422337,-1,22,0,1632,26,0,728,2013,0,284,5.736690,2.951987,2.951987,1.000000,0.708404,-1,-1,-1,-1,-1,0.064573
54220,409,0,18436,45.075795,0.000000,30.000000,-1,60.454871,60.454871,-1,19,0,1629,10,0,691,2006,0,240,5.640512,2.876778,2.876778,1.000000,0.718379,-1,-1,-1,-1,-1,0.063821
54230,407,0,18317,45.004914,0.000000,30.000000,-1,60.403123,60.403123,-1,20,0,1633,21,0,724,1980,0,245,5.478684,2.748413,2.748413,1.000000,0.715533,-1,-1,-1,-1,-1,0.061069
54240,409,0,18562,45.383863,0.000000,30.000000,-1,60.391768,60.391768,-1,22,0,1608,19,0,719,1913,0,245,5.999265,3.066284,3.066284,1.000000,0.716995,-1,-1,-1,-1,-1,0.067563
54250,388,0,17699,45.615979,0.000000,30.000000,-1,60.435392,60.435392,-1,18,0,1387,22,0,728,1899,0,229,5.682926,3.066215,3.066215,1.000000,0.729007,-1,-1,-1,-1,-1,0.067218
54260,404,0,18440,45.643564,0.000000,30.000000,-1,60.442516,60.442516,-1,19,0,1594,23,0,685,1514,0,240,5.349962,2.818826,2.818826,1.000000,0.726261,-1,-1,-1,-1,-1,0.061757
54270,410,0,18113,44.178049,0.000000,30.000000,-1,60.455032,60.455032,-1,28,0,1858,21,0,710,1835,0,371,5.659234,2.784320,2.784320,1.000000,0.691533,-1,-1,-1,-1,-1,0.063025
54280,396,0,18333,46.295455,0.000000,30.000000,-1,60.441063,60.441063,-1,14,0,1335,27,0,669,1954,0,165,5.469747,2.914091,2.914091,1.000000,0.726684,-1,-1,-1,-1,-1,0.062946
54290,408,0,18840,46.176471,0.000000,30.000000,-1,60.400106,60.400106,-1,13,0,1656,20,0,723,1774,0,156,5.760685,2.949633,2.949633,1.000000,0.720800,-1,-1,-1,-1,-1,0.063877
54300,419,0,19179,45.773270,0.000000,30.000000,-1,60.466656,60.466656,-1,20,0,1782,14,0,776,1846,0,256,5.609063,2.802688,2.802688,1.000000,0.710543,-1,-1,-1,-1,-1,0.061230
54310,388,0,17593,45.342784,0.000000,30.000000,-1,60.576309,60.576309,-1,23,0,1733,19,0,660,1594,0,281,5.871744,3.001108,3.001108,1.000000,0.706175,-1,-1,-1,-1,-1,0.066187
54320,408,0,18817,46.120098,0.000000,30.000000,-1,60.550885,60.550885,-1,17,0,1727,14,0,697,2113,0,213,5.915602,3.065841,3.065841,1.000000,0.718972,-1,-1,-1,-1,-1,0.066475
54330,378,0,17754,46.968254,0.000000,30.000000,-1,60.572660,60.572660,-1,12,0,1478,16,0,627,1849,0,138,5.982183,3.126282,3.126282,1.000000,0.726785,-1,-1,-1,-1,-1,0.066562
54340,411,0,18817,45.783455,0.000000,30.000000,-1,60.572886,60.572886,-1,18,0,1488,13,0,711,2067,0,228,6.023215,3.187711,3.187711,1.000000,0.724926,-1,-1,-1,-1,-1,0.069626
54350,393,0,18072,45.984733,0.000000,30.000000,-1,60.542441,60.542441,-1,23,0,1503,26,0,708,1668,0,307,5.923025,3.110761,3.110761,1.000000,0.703368,-1,-1,-1,-1,-1,0.067648
54360,393,0,17816,45.333333,0.000000,30.000000,-1,60.535811,60.535811,-1,17,0,1958,15,0,702,1758,0,203,6.120175,2.984635,2.984635,1.000000,0.712858,-1,-1,-1,-1,-1,0.065838
54370,392,0,17939,45.762755,0.000000,30.000000,-1,60.543230,60.543230,-1,24,0,1464,16,0,633,1778,0,301,5.673926,2.939655,2.939655,1.000000,0.701345,-1,-1,-1,-1,-1,0.064237
54380,405,0,18268,45.106173,0.000000,30.000000,-1,60.552496,60.552496,-1,28,0,1635,15,0,687,1853,0,317,5.877543,3.040564,3.040564,1.000000,0.703215,-1,-1,-1,-1,-1,0.067409
54390,433,0,19567,45.189376,0.000000,30.000000,-1,60.544079,60.544079,-1,19,0,1889,12,0,753,1830,0,249,5.525166,2.770666,2.770666,1.000000,0.715950,-1,-1,-1,-1,-1,0.061312
54400,409,0,19013,46.486553,0.000000,30.000000,-1,60.538737,60.538737,-1,16,0,1727,19,0,752,2031,0,211,5.789218,2.912435,2.912435,1.000000,0.705456,-1,-1,-1,-1,-1,0.062651
54410,404,0,18499,45.789604,0.000000,30.000000,-1,60.608844,60.608844,-1,17,0,1470,24,0,732,1887,0,241,5.449221,2.820228,2.820228,1.000000,0.714032,-1,-1,-1,-1,-1,0.061591
54420,391,0,17650,45.140665,0.000000,30.000000,-1,60.755864,60.755864,-1,17,0,1619,23,0,739,1733,0,223,5.817645,2.959484,2.959484,1.000000,0.717641,-1,-1,-1,-1,-1,0.065561
54430,389,0,17691,45.478149,0.000000,30.000000,-1,60.788876,60.788876,-1,17,0,1691,10,0,614,1929,0,209,5.858985,2.911366,2.911366,1.000000,0.716846,-1,-1,-1,-1,-1,0.064017
54440,396,0,17929,45.275253,0.000000,30.000000,-1,60.843550,60.843550,-1,19,0,1726,22,0,684,1643,0,247,5.790588,2.875237,2.875237,1.000000,0.717197,-1,-1,-1,-1,-1,0.063506
54450,397,0,18004,45.350126,0.000000,30.000000,-1,60.858698,60.858698,-1,18,0,1546,21,0,681,1696,0,241,5.767584,2.880371,2.880371,1.000000,0.711034,-1,-1,-1,-1,-1,0.063514
54460,415,0,19322,46.559036,0.000000,30.000000,-1,60.900631,60.900631,-1,11,0,1592,16,0,750,2415,0,137,5.902460,3.130070,3.130070,1.000000,0.730936,-1,-1,-1,-1,-1,0.067228
54470,411,0,19060,46.374696,0.000000,30.000000,-1,60.895068,60.895068,-1,12,0,1714,22,0,765,2382,0,141,5.635920,2.842182,2.842182,1.000000,0.717788,-1,-1,-1,-1,-1,0.061287
54480,423,0,18944,44.784870,0.000000,30.000000,-1,60.919711,60.919711,-1,24,0,1690,17,0,710,2279,0,294,5.609965,2.820858,2.820858,1.000000,0.695252,-1,-1,-1,-1,-1,0.062987
54490,419,0,19057,45.482100,0.000000,30.000000,-1,60.938500,60.938500,-1,18,0,1829,21,0,710,2176,0,240,5.705957,2.805465,2.805465,1.000000,0.705259,-1,-1,-1,-1,-1,0.061683
54500,411,0,18636,45.343066,0.000000,30.000000,-1,60.979878,60.979878,-1,19,0,1605,19,0,697,2127,0,243,5.800192,2.940395,2.940395,1.000000,0.711907,-1,-1,-1,-1,-1,0.064848
54510,420,0,19011,45.264286,0.000000,30.000000,-1,60.983851,60.983851,-1,23,0,1605,15,0,719,1984,0,298,5.709945,2.822708,2.822708,1.000000,0.702371,-1,-1,-1,-1,-1,0.062361
54520,414,0,18470,44.613527,0.000000,30.000000,-1,60.988305,60.988305,-1,23,0,1941,17,0,764,2010,0,268,5.406867,2.533897,2.533897,1.000000,0.690252,-1,-1,-1,-1,-1,0.056797
54530,424,0,19103,45.054245,0.000000,30.000000,-1,61.036068,61.036068,-1,24,0,1729,14,0,738,2037,0,308,5.498188,2.659494,2.659494,1.000000,0.698853,-1,-1,-1,-1,-1,0.059029
54540,396,0,18351,46.340909,0.000000,30.000000,-1,61.024685,61.024685,-1,16,0,1534,19,0,692,1897,0,210,5.740184,2.948368,2.948368,1.000000,0.716050,-1,-1,-1,-1,-1,0.063623
54550,390,0,17718,45.430769,0.000000,30.000000,-1,60.991873,60.991873,-1,15,0,1620,21,0,747,1961,0,188,5.763192,2.880642,2.880642,1.000000,0.724325,-1,-1,-1,-1,-1,0.063407
54560,409,0,18264,44.655257,0.000000,30.000000,-1,61.012757,61.012757,-1,22,0,1889,16,0,692,1630,0,294,5.770274,2.796265,2.796265,1.000000,0.707133,-1,-1,-1,-1,-1,0.062619
54570,400,0,18026,45.065000,0.000000,30.000000,-1,61.013591,61.013591,-1,21,0,1695,12,0,653,1655,0,237,5.928115,2.946885,2.946885,1.000000,0.700053,-1,-1,-1,-1,-1,0.065392
54580,403,0,18374,45.593052,0.000000,30.000000,-1,60.962882,60.962882,-1,23,0,1397,19,0,662,1871,0,305,5.647600,3.028165,3.028165,1.000000,0.711382,-1,-1,-1,-1,-1,0.066417
54590,408,0,17884,43.833333,0.000000,30.000000,-1,60.984176,60.984176,-1,28,0,1569,19,0,742,1616,0,359,5.707994,2.976122,2.976122,1.000000,0.706444,-1,-1,-1,-1,-1,0.067896
54600,415,0,18585,44.783133,0.000000,30.000000,-1,61.005865,61.005865,-1,24,0,1788,18,0,689,1947,0,296,5.688239,2.863569,2.863569,1.000000,0.701121,-1,-1,-1,-1,-1,0.063943
54610,382,0,17950,46.989529,0.000000,30.000000,-1,61.038106,61.038106,-1,9,0,1455,21,0,658,2017,0,108,5.839407,2.919880,2.919880,1.000000,0.719194,-1,-1,-1,-1,-1,0.062139
54620,378,0,17310,45.793651,0.000000,30.000000,-1,61.005373,61.005373,-1,16,0,1430,12,0,631,1766,0,196,6.094832,3.121595,3.121595,1.000000,0.718122,-1,-1,-1,-1,-1,0.068167
54630,410,0,18816,45.892683,0.000000,30.000000,-1,60.958759,60.958759,-1,16,0,1652,16,0,689,2178,0,218,5.594830,2.866669,2.866669,1.000000,0.716068,-1,-1,-1,-1,-1,0.062465
54640,402,0,18491,45.997512,0.000000,30.000000,-1,61.013953,61.013953,-1,16,0,1630,20,0,723,1826,0,208,5.785566,2.970653,2.970653,1.000000,0.717678,-1,-1,-1,-1,-1,0.064583
54650,392,0,17802,45.413265,0.000000,30.000000,-1,61.050612,61.050612,-1,15,0,1759,23,0,610,1683,0,179,5.714457,2.902890,2.902890,1.000000,0.716621,-1,-1,-1,-1,-1,0.063922
54660,413,0,18687,45.246973,0.000000,30.000000,-1,61.016107,61.016107,-1,18,0,1606,15,0,689,1773,0,225,5.721020,2.897374,2.897374,1.000000,0.719024,-1,-1,-1,-1,-1,0.064035
54670,400,0,18589,46.472500,0.000000,30.000000,-1,60.975954,60.975954,-1,14,0,1809,22,0,735,1952,0,190,5.743781,2.898540,2.898540,1.000000,0.716004,-1,-1,-1,-1,-1,0.062371
54680,394,0,17789,45.149746,0.000000,30.000000,-1,61.002024,61.002024,-1,21,0,1646,18,0,706,1915,0,248,5.753683,2.949000,2.949000,1.000000,0.716582,-1,-1,-1,-1,-1,0.065316
54690,398,0,17908,44.994975,0.000000,30.000000,-1,61.003350,61.003350,-1,24,0,1655,19,0,646,1729,0,306,5.750622,2.944520,2.944520,1.000000,0.706904,-1,-1,-1,-1,-1,0.065441
54700,374,0,17087,45.687166,0.000000,30.000000,-1,61.014104,61.014104,-1,20,0,1453,18,0,659,1652,0,259,5.904557,3.107921,3.107921,1.000000,0.705189,-1,-1,-1,-1,-1,0.068026
54710,394,0,18349,46.571066,0.000000,30.000000,-1,61.047632,61.047632,-1,14,0,1709,23,0,688,1851,0,196,5.838960,2.989418,2.989418,1.000000,0.720633,-1,-1,-1,-1,-1,0.064190
54720,392,0,17901,45.665816,0.000000,30.000000,-1,61.078711,61.078711,-1,15,0,1710,16,0,694,1761,0,189,5.791440,2.854110,2.854110,1.000000,0.719741,-1,-1,-1,-1,-1,0.062500
54730,411,0,18829,45.812652,0.000000,30.000000,-1,61.069998,61.069998,-1,16,0,1768,22,0,717,2364,0,191,5.675983,2.895446,2.895446,1.000000,0.718976,-1,-1,-1,-1,-1,0.063202
54740,413,0,19149,46.365617,0.000000,30.000000,-1,61.033683,61.033683,-1,14,0,1946,15,0,699,2032,0,180,5.724427,2.845041,2.845041,1.000000,0.722432,-1,-1,-1,-1,-1,0.061361
54750,404,0,18602,46.044554,0.000000,30.000000,-1,61.048006,61.048006,-1,17,0,1593,12,0,728,1982,0,194,5.953163,3.027860,3.027860,1.000000,0.721699,-1,-1,-1,-1,-1,0.065759
54760,401,0,18412,45.915212,0.000000,30.000000,-1,61.017163,61.017163,-1,16,0,1602,13,0,732,1817,0,194,5.815956,3.014943,3.014943,1.000000,0.718610,-1,-1,-1,-1,-1,0.065663
54770,396,0,18016,45.494949,0.000000,30.000000,-1,61.022313,61.022313,-1,19,0,1587,21,0,680,2135,0,267,5.941394,2.998120,2.998120,1.000000,0.720739,-1,-1,-1,-1,-1,0.065900
54780,396,0,18291,46.189394,0.000000,30.000000,-1,60.996665,60.996665,-1,17,0,1475,19,0,666,1663,0,236,6.064724,3.146556,3.146556,1.000000,0.712484,-1,-1,-1,-1,-1,0.068123
54790,393,0,18012,45.832061,0.000000,30.000000,-1,60.937764,60.937764,-1,13,0,1706,20,0,675,1797,0,173,5.974136,2.944076,2.944076,1.000000,0.720918,-1,-1,-1,-1,-1,0.064236
54800,415,0,18539,44.672289,0.000000,30.000000,-1,60.955337,60.955337,-1,22,0,1645,13,0,650,2077,0,276,5.603260,2.828696,2.828696,1.000000,0.705089,-1,-1,-1,-1,-1,0.063321
54810,402,0,18493,46.002488,0.000000,30.000000,-1,60.897312,60.897312,-1,16,0,1742,17,0,716,2228,0,197,5.416697,2.828328,2.828328,1.000000,0.722469,-1,-1,-1,-1,-1,0.061482
54820,396,0,18226,46.025253,0.000000,30.000000,-1,60.869198,60.869198,-1,20,0,1610,9,0,676,1766,0,230,5.786999,2.986209,2.986209,1.000000,0.712882,-1,-1,-1,-1,-1,0.064882
54830,385,0,17313,44.968831,0.000000,30.000000,-1,60.831514,60.831514,-1,22,0,1495,26,0,654,1817,0,291,5.879192,3.021241,3.021241,1.000000,0.713699,-1,-1,-1,-1,-1,0.067185
54840,376,0,17271,45.933511,0.000000,30.000000,-1,60.818308,60.818308,-1,19,0,1406,21,0,643,1588,0,253,5.910881,3.176378,3.176378,1.000000,0.717046,-1,-1,-1,-1,-1,0.069152
54850,389,0,18003,46.280206,0.000000,30.000000,-1,60.805699,60.805699,-1,13,0,1654,16,0,682,1971,0,181,5.690973,2.956842,2.956842,1.000000,0.735997,-1,-1,-1,-1,-1,0.063890
54860,404,0,17843,44.165842,0.000000,30.000000,-1,60.715575,60.715575,-1,21,0,1952,25,0,712,1895,0,275,5.525698,2.744104,2.744104,1.000000,0.713087,-1,-1,-1,-1,-1,0.062132
54870,426,0,18873,44.302817,0.000000,30.000000,-1,60.708207,60.708207,-1,26,0,1782,21,0,683,1740,0,324,5.631461,2.819579,2.819579,1.000000,0.703983,-1,-1,-1,-1,-1,0.063643
54880,405,0,18707,46.190123,0.000000,30.000000,-1,60.706901,60.706901,-1,16,0,1506,27,0,706,1995,0,215,5.646149,2.954909,2.954909,1.000000,0.723419,-1,-1,-1,-1,-1,0.063973
54890,384,0,17171,44.716146,0.000000,30.000000,-1,60.711024,60.711024,-1,22,0,1460,23,0,687,1744,0,276,5.730846,2.960829,2.960829,1.000000,0.707395,-1,-1,-1,-1,-1,0.066214
54900,400,0,18321,45.802500,0.000000,30.000000,-1,60.696741,60.696741,-1,19,0,1374,19,0,675,2083,0,235,5.611071,2.943096,2.943096,1.000000,0.720782,-1,-1,-1,-1,-1,0.064256
54910,389,0,17374,44.663239,0.000000,30.000000,-1,60.673650,60.673650,-1,21,0,1443,22,0,673,1752,0,274,5.861844,2.968245,2.968245,1.000000,0.714303,-1,-1,-1,-1,-1,0.066458
54920,414,0,18776,45.352657,0.000000,30.000000,-1,60.672135,60.672135,-1,17,0,1599,23,0,688,1872,0,221,5.514876,2.960049,2.960049,1.000000,0.736007,-1,-1,-1,-1,-1,0.065267
54930,416,0,18782,45.149038,0.000000,30.000000,-1,60.655308,60.655308,-1,22,0,1808,14,0,714,2042,0,276,5.768340,2.909316,2.909316,1.000000,0.712570,-1,-1,-1,-1,-1,0.064438
54940,408,0,18557,45.482843,0.000000,30.000000,-1,60.627849,60.627849,-1,22,0,1738,23,0,685,2361,0,272,5.560105,2.801007,2.801007,1.000000,0.711491,-1,-1,-1,-1,-1,0.061584
54950,409,0,18309,44.765281,0.000000,30.000000,-1,60.643509,60.643509,-1,26,0,1378,22,0,638,1741,0,306,5.590539,2.922112,2.922112,1.000000,0.702498,-1,-1,-1,-1,-1,0.065276
54960,408,0,18570,45.514706,0.000000,30.000000,-1,60.641626,60.641626,-1,17,0,1683,21,0,711,1817,0,215,5.985096,2.996580,2.996580,1.000000,0.725755,-1,-1,-1,-1,-1,0.065838
54970,409,0,18602,45.481663,0.000000,30.000000,-1,60.628911,60.628911,-1,26,0,1600,21,0,702,1858,0,327,5.628021,2.956855,2.956855,1.000000,0.705008,-1,-1,-1,-1,-1,0.065012
54980,401,0,17787,44.356608,0.000000,30.000000,-1,60.611289,60.611289,-1,23,0,1582,17,0,674,2041,0,278,5.785648,2.968835,2.968835,1.000000,0.715623,-1,-1,-1,-1,-1,0.066931
54990,419,0,18744,44.735084,0.000000,30.000000,-1,60.632629,60.632629,-1,21,0,1798,27,0,669,2124,0,270,5.584854,2.860652,2.860652,1.000000,0.717379,-1,-1,-1,-1,-1,0.063946
55000,421,0,18942,44.992874,0.000000,30.000000,-1,60.643385,60.643385,-1,20,0,1876,23,0,803,1972,0,239,5.656669,2.744982,2.744982,1.000000,0.713521,-1,-1,-1,-1,-1,0.061009
55010,414,0,18771,45.340580,0.000000,30.000000,-1,60.624261,60.624261,-1,18,0,1642,22,0,701,1526,0,247,5.438936,2.775656,2.775656,1.000000,0.718803,-1,-1,-1,-1,-1,0.061218
55020,415,0,19049,45.901205,0.000000,30.000000,-1,60.606489,60.606489,-1,21,0,1636,17,0,714,2039,0,264,5.653006,3.011710,3.011710,1.000000,0.722504,-1,-1,-1,-1,-1,0.065613
55030,432,0,19347,44.784722,0.000000,30.000000,-1,60.598594,60.598594,-1,18,0,1725,14,0,750,2167,0,200,5.469322,2.730634,2.730634,1.000000,0.723631,-1,-1,-1,-1,-1,0.060972
55040,397,0,17824,44.896725,0.000000,30.000000,-1,60.594760,60.594760,-1,24,0,1467,26,0,759,1847,0,324,5.724056,2.981533,2.981533,1.000000,0.709558,-1,-1,-1,-1,-1,0.066409
55050,381,0,17594,46.178478,0.000000,30.000000,-1,60.556326,60.556326,-1,14,0,1600,19,0,724,1695,0,177,5.975108,3.037141,3.037141,1.000000,0.723442,-1,-1,-1,-1,-1,0.065770
55060,390,0,17888,45.866667,0.000000,30.000000,-1,60.557301,60.557301,-1,15,0,1629,16,0,711,1628,0,191,5.893237,3.108473,3.108473,1.000000,0.731487,-1,-1,-1,-1,-1,0.067772
55070,391,0,17724,45.329923,0.000000,30.000000,-1,60.553938,60.553938,-1,23,0,1511,14,0,659,1904,0,311,5.702475,2.973204,2.973204,1.000000,0.713497,-1,-1,-1,-1,-1,0.065590
55080,402,0,18137,45.116915,0.000000,30.000000,-1,60.533881,60.533881,-1,22,0,1760,24,0,705,1738,0,271,5.803209,2.940691,2.940691,1.000000,0.708657,-1,-1,-1,-1,-1,0.065179
55090,413,0,18695,45.266344,0.000000,30.000000,-1,60.534421,60.534421,-1,18,0,1747,25,0,685,1946,0,224,5.872560,2.924050,2.924050,1.000000,0.716453,-1,-1,-1,-1,-1,0.064597
55100,421,0,18667,44.339667,0.000000,30.000000,-1,60.522848,60.522848,-1,23,0,1785,17,0,682,1832,0,282,5.546685,2.765969,2.765969,1.000000,0.713118,-1,-1,-1,-1,-1,0.062381
55110,394,0,17962,45.588832,0.000000,30.000000,-1,60.514809,60.514809,-1,20,0,1641,14,0,684,2291,0,243,5.765689,2.999963,2.999963,1.000000,0.718695,-1,-1,-1,-1,-1,0.065805
55120,384,0,17726,46.161458,0.000000,30.000000,-1,60.552240,60.552240,-1,14,0,1601,24,0,703,2045,0,187,5.764186,2.979738,2.979738,1.000000,0.734764,-1,-1,-1,-1,-1,0.064550
55130,392,0,17758,45.301020,0.000000,30.000000,-1,60.538743,60.538743,-1,21,0,1580,19,0,636,1531,0,248,5.908833,3.108782,3.108782,1.000000,0.725220,-1,-1,-1,-1,-1,0.068625
55140,408,0,18636,45.676471,0.000000,30.000000,-1,60.530854,60.530854,-1,18,0,1634,18,0,678,2057,0,219,5.820222,3.001323,3.001323,1.000000,0.722169,-1,-1,-1,-1,-1,0.065708
55150,429,0,19133,44.599068,0.000000,30.000000,-1,60.532588,60.532588,-1,24,0,1857,17,0,740,1720,0,313,5.653657,2.869264,2.869264,1.000000,0.707626,-1,-1,-1,-1,-1,0.064335
55160,394,0,18038,45.781726,0.000000,30.000000,-1,60.551003,60.551003,-1,18,0,1534,24,0,651,1913,0,217,5.584600,2.946159,2.946159,1.000000,0.732024,-1,-1,-1,-1,-1,0.064352
55170,401,0,18566,46.299252,0.000000,30.000000,-1,60.472207,60.472207,-1,13,0,1833,24,0,734,1641,0,161,5.595362,2.884510,2.884510,1.000000,0.739393,-1,-1,-1,-1,-1,0.062301
55180,391,0,17412,44.531969,0.000000,30.000000,-1,60.448197,60.448197,-1,22,0,1530,19,0,653,2036,0,298,5.787969,3.021920,3.021920,1.000000,0.722220,-1,-1,-1,-1,-1,0.067860
55190,410,0,18719,45.656098,0.000000,30.000000,-1,60.428976,60.428976,-1,23,0,1560,18,0,689,1903,0,300,5.538617,2.995529,2.995529,1.000000,0.728801,-1,-1,-1,-1,-1,0.065611
55200,433,0,19201,44.344111,0.000000,30.000000,-1,60.456955,60.456955,-1,28,0,1870,15,0,768,1806,0,369,5.406671,2.826640,2.826640,1.000000,0.715445,-1,-1,-1,-1,-1,0.063743
55210,415,0,18886,45.508434,0.000000,30.000000,-1,60.479403,60.479403,-1,21,0,1649,13,0,713,1944,0,269,5.740010,2.928895,2.928895,1.000000,0.714598,-1,-1,-1,-1,-1,0.064359
55220,405,0,18321,45.237037,0.000000,30.000000,-1,60.503029,60.503029,-1,17,0,1685,17,0,711,2014,0,230,5.620748,2.892127,2.892127,1.000000,0.729977,-1,-1,-1,-1,-1,0.063933
55230,393,0,17694,45.022901,0.000000,30.000000,-1,60.518537,60.518537,-1,24,0,1420,17,0,737,1993,0,306,5.712088,3.056360,3.056360,1.000000,0.716885,-1,-1,-1,-1,-1,0.067885
55240,404,0,18467,45.710396,0.000000,30.000000,-1,60.559376,60.559376,-1,17,0,1665,18,0,630,1818,0,237,5.684583,2.982319,2.982319,1.000000,0.734267,-1,-1,-1,-1,-1,0.065244
55250,395,0,17800,45.063291,0.000000,30.000000,-1,60.539494,60.539494,-1,22,0,1561,22,0,676,2159,0,271,5.818002,3.036127,3.036127,1.000000,0.716046,-1,-1,-1,-1,-1,0.067375
55260,395,0,18061,45.724051,0.000000,30.000000,-1,60.520846,60.520846,-1,19,0,1660,16,0,714,1922,0,253,5.979047,3.078940,3.078940,1.000000,0.726585,-1,-1,-1,-1,-1,0.067337
55270,412,0,18441,44.759709,0.000000,30.000000,-1,60.489453,60.489453,-1,28,0,1587,12,0,680,1732,0,345,5.599405,3.014673,3.014673,1.000000,0.712571,-1,-1,-1,-1,-1,0.067352
55280,419,0,19086,45.551313,0.000000,30.000000,-1,60.509641,60.509641,-1,19,0,1801,21,0,748,2086,0,226,5.493813,2.918848,2.918848,1.000000,0.738089,-1,-1,-1,-1,-1,0.064078
55290,397,0,18190,45.818640,0.000000,30.000000,-1,60.536119,60.536119,-1,15,0,1576,19,0,694,2049,0,180,5.594776,2.879015,2.879015,1.000000,0.735306,-1,-1,-1,-1,-1,0.062835
55300,393,0,17690,45.012723,0.000000,30.000000,-1,60.553872,60.553872,-1,24,0,1694,28,0,622,1553,0,307,5.841426,2.966038,2.966038,1.000000,0.716621,-1,-1,-1,-1,-1,0.065893
55310,420,0,19213,45.745238,0.000000,30.000000,-1,60.577994,60.577994,-1,21,0,1770,11,0,695,2060,0,283,5.768302,3.020870,3.020870,1.000000,0.723561,-1,-1,-1,-1,-1,0.066037
55320,413,0,18832,45.598063,0.000000,30.000000,-1,60.598980,60.598980,-1,17,0,1825,18,0,747,2162,0,233,5.515395,2.825125,2.825125,1.000000,0.731318,-1,-1,-1,-1,-1,0.061957
55330,402,0,18386,45.736318,0.000000,30.000000,-1,60.595779,60.595779,-1,16,0,1422,17,0,719,1834,0,199,5.818634,3.107686,3.107686,1.000000,0.731067,-1,-1,-1,-1,-1,0.067948
55340,404,0,18507,45.809406,0.000000,30.000000,-1,60.622413,60.622413,-1,15,0,1920,14,0,746,1968,0,181,5.796718,2.966130,2.966130,1.000000,0.732736,-1,-1,-1,-1,-1,0.064749
55350,394,0,18284,46.406091,0.000000,30.000000,-1,60.629020,60.629020,-1,20,0,1460,14,0,713,2233,0,268,5.470450,2.972504,2.972504,1.000000,0.732497,-1,-1,-1,-1,-1,0.064054
55360,391,0,18071,46.217391,0.000000,30.000000,-1,60.632173,60.632173,-1,13,0,1556,28,0,690,1802,0,158,5.658866,3.006339,3.006339,1.000000,0.747212,-1,-1,-1,-1,-1,0.065048
55370,393,0,17288,43.989822,0.000000,30.000000,-1,60.642758,60.642758,-1,27,0,1531,17,0,649,1660,0,317,5.546487,2.974051,2.974051,1.000000,0.729653,-1,-1,-1,-1,-1,0.067608
55380,414,0,18424,44.502415,0.000000,30.000000,-1,60.639166,60.639166,-1,24,0,1897,13,0,757,1979,0,311,5.504391,2.863909,2.863909,1.000000,0.722843,-1,-1,-1,-1,-1,0.064354
55390,412,0,18389,44.633495,0.000000,30.000000,-1,60.665670,60.665670,-1,27,0,1491,16,0,700,1783,0,342,5.929499,3.203649,3.203649,1.000000,0.722844,-1,-1,-1,-1,-1,0.071777
55400,400,0,18667,46.667500,0.000000,30.000000,-1,60.684684,60.684684,-1,16,0,1547,17,0,688,1830,0,223,5.705136,3.091531,3.091531,1.000000,0.746735,-1,-1,-1,-1,-1,0.066246
55410,407,0,18450,45.331695,0.000000,30.000000,-1,60.661680,60.661680,-1,20,0,1538,17,0,681,1629,0,260,5.613967,2.960971,2.960971,1.000000,0.731184,-1,-1,-1,-1,-1,0.065318
55420,418,0,18864,45.129187,0.000000,30.000000,-1,60.692483,60.692483,-1,22,0,1797,17,0,762,2024,0,288,5.719704,2.954368,2.954368,1.000000,0.722399,-1,-1,-1,-1,-1,0.065465
55430,393,0,18089,46.027990,0.000000,30.000000,-1,60.733374,60.733374,-1,18,0,1520,20,0,729,1983,0,229,5.540520,2.961479,2.961479,1.000000,0.730393,-1,-1,-1,-1,-1,0.064341
55440,400,0,18281,45.702500,0.000000,30.000000,-1,60.707237,60.707237,-1,15,0,1550,18,0,744,2474,0,208,5.690879,2.989716,2.989716,1.000000,0.741744,-1,-1,-1,-1,-1,0.065417
55450,403,0,18557,46.047146,0.000000,30.000000,-1,60.667834,60.667834,-1,22,0,1607,9,0,664,1743,0,265,5.560204,3.046673,3.046673,1.000000,0.724976,-1,-1,-1,-1,-1,0.066164
55460,399,0,17810,44.636591,0.000000,30.000000,-1,60.697305,60.697305,-1,24,0,1648,13,0,670,2030,0,288,5.672922,3.052224,3.052224,1.000000,0.726350,-1,-1,-1,-1,-1,0.068379
55470,408,0,18527,45.409314,0.000000,30.000000,-1,60.687537,60.687537,-1,19,0,1660,16,0,722,1929,0,233,5.788440,2.992605,2.992605,1.000000,0.734363,-1,-1,-1,-1,-1,0.065903
55480,413,0,18866,45.680387,0.000000,30.000000,-1,60.709742,60.709742,-1,21,0,1774,17,0,724,1458,0,249,5.721099,2.987768,2.987768,1.000000,0.731938,-1,-1,-1,-1,-1,0.065406
55490,415,0,19234,46.346988,0.000000,30.000000,-1,60.733493,60.733493,-1,19,0,1479,17,0,771,2102,0,227,5.530424,2.964929,2.964929,1.000000,0.730328,-1,-1,-1,-1,-1,0.063972
55500,409,0,18988,46.425428,0.000000,30.000000,-1,60.707763,60.707763,-1,12,0,1793,12,0,782,1922,0,151,5.542083,2.949069,2.949069,1.000000,0.748798,-1,-1,-1,-1,-1,0.063523
55510,395,0,18223,46.134177,0.000000,30.000000,-1,60.716293,60.716293,-1,13,0,1565,25,0,747,1740,0,152,5.694485,3.018836,3.018836,1.000000,0.743311,-1,-1,-1,-1,-1,0.065436
55520,389,0,17713,45.534704,0.000000,30.000000,-1,60.695083,60.695083,-1,14,0,1691,22,0,639,1837,0,167,5.502119,2.893278,2.893278,1.000000,0.741148,-1,-1,-1,-1,-1,0.063540
55530,403,0,18258,45.305211,0.000000,30.000000,-1,60.743236,60.743236,-1,17,0,1634,13,0,699,2059,0,207,5.596236,2.877355,2.877355,1.000000,0.736755,-1,-1,-1,-1,-1,0.063510
55540,400,0,18130,45.325000,0.000000,30.000000,-1,60.716492,60.716492,-1,20,0,1391,20,0,715,1805,0,248,5.536664,2.982622,2.982622,1.000000,0.741315,-1,-1,-1,-1,-1,0.065805
55550,415,0,19059,45.925301,0.000000,30.000000,-1,60.698830,60.698830,-1,12,0,1846,20,0,800,1686,0,139,5.475584,2.835145,2.835145,1.000000,0.751590,-1,-1,-1,-1,-1,0.061734
55560,406,0,18448,45.438424,0.000000,30.000000,-1,60.700239,60.700239,-1,22,0,1620,19,0,709,2216,0,280,5.595929,3.000130,3.000130,1.000000,0.726872,-1,-1,-1,-1,-1,0.066026
55570,418,0,19421,46.461722,0.000000,30.000000,-1,60.706246,60.706246,-1,13,0,1619,18,0,794,1881,0,171,5.582407,2.985604,2.985604,1.000000,0.752044,-1,-1,-1,-1,-1,0.064259
55580,407,0,18240,44.815725,0.000000,30.000000,-1,60.730263,60.730263,-1,20,0,1617,24,0,758,1774,0,269,5.445214,2.815463,2.815463,1.000000,0.726071,-1,-1,-1,-1,-1,0.062823
55590,412,0,19159,46.502427,0.000000,30.000000,-1,60.754893,60.754893,-1,18,0,1525,14,0,716,1652,0,215,5.865773,3.199645,3.199645,1.000000,0.732915,-1,-1,-1,-1,-1,0.068806
55600,415,0,18599,44.816867,0.000000,30.000000,-1,60.741330,60.741330,-1,26,0,1705,26,0,734,2197,0,328,5.485981,2.878333,2.878333,1.000000,0.725106,-1,-1,-1,-1,-1,0.064224
55610,413,0,18812,45.549637,0.000000,30.000000,-1,60.712152,60.712152,-1,16,0,1718,18,0,704,2042,0,201,5.575044,2.896304,2.896304,1.000000,0.740994,-1,-1,-1,-1,-1,0.063586
55620,425,0,19286,45.378824,0.000000,30.000000,-1,60.733952,60.733952,-1,21,0,1795,20,0,700,1900,0,288,5.487787,2.860672,2.860672,1.000000,0.722237,-1,-1,-1,-1,-1,0.063040
55630,427,0,19198,44.960187,0.000000,30.000000,-1,60.717054,60.717054,-1,27,0,1694,21,0,757,2098,0,327,5.430660,2.854274,2.854274,1.000000,0.716657,-1,-1,-1,-1,-1,0.063484
55640,405,0,18563,45.834568,0.000000,30.000000,-1,60.687389,60.687389,-1,21,0,1629,19,0,689,2175,0,259,5.967290,3.207196,3.207196,1.000000,0.733156,-1,-1,-1,-1,-1,0.069973
55650,391,0,18133,46.375959,0.000000,30.000000,-1,60.742293,60.742293,-1,12,0,1733,14,0,640,2364,0,135,5.823694,3.090872,3.090872,1.000000,0.746980,-1,-1,-1,-1,-1,0.066648
55660,400,0,18059,45.147500,0.000000,30.000000,-1,60.676892,60.676892,-1,22,0,1599,17,0,665,2294,0,256,5.789439,3.108657,3.108657,1.000000,0.731294,-1,-1,-1,-1,-1,0.068856
55670,420,0,19110,45.500000,0.000000,30.000000,-1,60.638566,60.638566,-1,19,0,1950,15,0,750,1940,0,237,5.525336,2.925287,2.925287,1.000000,0.733058,-1,-1,-1,-1,-1,0.064292
55680,417,0,18973,45.498801,0.000000,30.000000,-1,60.602172,60.602172,-1,20,0,1819,18,0,707,2048,0,248,5.688112,2.934818,2.934818,1.000000,0.731191,-1,-1,-1,-1,-1,0.064503
55690,424,0,19605,46.238208,0.000000,30.000000,-1,60.619128,60.619128,-1,12,0,1865,21,0,727,2155,0,140,5.667784,2.907576,2.907576,1.000000,0.746778,-1,-1,-1,-1,-1,0.062883
55700,401,0,18148,45.256858,0.000000,30.000000,-1,60.617919,60.617919,-1,23,0,1420,17,0,752,1956,0,285,5.658201,3.044685,3.044685,1.000000,0.731274,-1,-1,-1,-1,-1,0.067276
55710,395,0,18194,46.060759,0.000000,30.000000,-1,60.622183,60.622183,-1,15,0,1563,16,0,655,2108,0,166,5.694937,3.026582,3.026582,1.000000,0.741902,-1,-1,-1,-1,-1,0.065708
55720,410,0,18679,45.558537,0.000000,30.000000,-1,60.624552,60.624552,-1,20,0,1580,26,0,718,1801,0,246,5.477577,2.972829,2.972829,1.000000,0.736465,-1,-1,-1,-1,-1,0.065253
55730,405,0,18127,44.758025,0.000000,30.000000,-1,60.648866,60.648866,-1,23,0,1896,22,0,770,1792,0,281,5.508490,2.827646,2.827646,1.000000,0.717738,-1,-1,-1,-1,-1,0.063176
55740,402,0,18200,45.273632,0.000000,30.000000,-1,60.600989,60.600989,-1,22,0,1653,20,0,670,1795,0,276,5.554823,2.972304,2.972304,1.000000,0.724251,-1,-1,-1,-1,-1,0.065652
55750,424,0,19028,44.877358,0.000000,30.000000,-1,60.566323,60.566323,-1,23,0,1820,14,0,781,1983,0,279,5.596335,2.947016,2.947016,1.000000,0.729816,-1,-1,-1,-1,-1,0.065668
55760,428,0,19574,45.733645,0.000000,30.000000,-1,60.577296,60.577296,-1,16,0,1643,16,0,787,2566,0,211,5.340368,2.815062,2.815062,1.000000,0.744826,-1,-1,-1,-1,-1,0.061553
55770,383,0,17576,45.890339,0.000000,30.000000,-1,60.588985,60.588985,-1,16,0,1526,15,0,661,1936,0,213,5.642667,3.027668,3.027668,1.000000,0.740903,-1,-1,-1,-1,-1,0.065976
55780,396,0,18062,45.611111,0.000000,30.000000,-1,60.591961,60.591961,-1,15,0,1663,13,0,711,1898,0,190,5.961708,3.098117,3.098117,1.000000,0.744817,-1,-1,-1,-1,-1,0.067925
55790,393,0,17859,45.442748,0.000000,30.000000,-1,60.583627,60.583627,-1,20,0,1889,23,0,708,2221,0,247,5.670276,2.911209,2.911209,1.000000,0.730861,-1,-1,-1,-1,-1,0.064063
55800,400,0,18340,45.850000,0.000000,30.000000,-1,60.623391,60.623391,-1,18,0,1695,17,0,675,1524,0,234,5.556454,2.959022,2.959022,1.000000,0.728971,-1,-1,-1,-1,-1,0.064537
55810,398,0,18288,45.949749,0.000000,30.000000,-1,60.612752,60.612752,-1,16,0,1615,17,0,715,1571,0,209,5.604672,2.981353,2.981353,1.000000,0.744969,-1,-1,-1,-1,-1,0.064883
55820,396,0,18084,45.666667,0.000000,30.000000,-1,60.595720,60.595720,-1,17,0,1531,14,0,708,2211,0,225,5.897135,3.232013,3.232013,1.000000,0.747445,-1,-1,-1,-1,-1,0.070774
55830,418,0,19755,47.260766,0.000000,30.000000,-1,60.656036,60.656036,-1,12,0,1473,18,0,779,2138,0,154,5.528384,3.041792,3.041792,1.000000,0.752500,-1,-1,-1,-1,-1,0.064362
55840,413,0,18771,45.450363,0.000000,30.000000,-1,60.675670,60.675670,-1,16,0,1976,22,0,742,2236,0,195,5.651076,2.925771,2.925771,1.000000,0.744220,-1,-1,-1,-1,-1,0.064373
55850,390,0,17717,45.428205,0.000000,30.000000,-1,60.671220,60.671220,-1,23,0,1378,14,0,725,1979,0,281,5.694270,3.113179,3.113179,1.000000,0.728490,-1,-1,-1,-1,-1,0.068530
55860,392,0,17651,45.028061,0.000000,30.000000,-1,60.663532,60.663532,-1,28,0,1392,17,0,736,1989,0,320,5.908134,3.313723,3.313723,1.000000,0.721472,-1,-1,-1,-1,-1,0.073592
55870,411,0,18904,45.995134,0.000000,30.000000,-1,60.652190,60.652190,-1,14,0,1625,18,0,653,1916,0,170,5.660465,3.008925,3.008925,1.000000,0.741403,-1,-1,-1,-1,-1,0.065418
55880,398,0,18633,46.816583,0.000000,30.000000,-1,60.677025,60.677025,-1,10,0,1721,27,0,747,2017,0,132,5.488814,2.875986,2.875986,1.000000,0.747026,-1,-1,-1,-1,-1,0.061431
55890,398,0,18035,45.314070,0.000000,30.000000,-1,60.658553,60.658553,-1,25,0,1448,25,0,700,1686,0,313,5.546935,3.082761,3.082761,1.000000,0.730607,-1,-1,-1,-1,-1,0.068031
55900,394,0,17960,45.583756,0.000000,30.000000,-1,60.698831,60.698831,-1,13,0,1771,16,0,667,1605,0,166,5.746605,2.936680,2.936680,1.000000,0.739055,-1,-1,-1,-1,-1,0.064424
55910,391,0,17711,45.296675,0.000000,30.000000,-1,60.656315,60.656315,-1,20,0,1612,28,0,656,1642,0,249,5.576947,2.946619,2.946619,1.000000,0.731794,-1,-1,-1,-1,-1,0.065052
55920,408,0,18338,44.946078,0.000000,30.000000,-1,60.653779,60.653779,-1,21,0,1894,13,0,786,1932,0,255,5.583888,2.804106,2.804106,1.000000,0.719024,-1,-1,-1,-1,-1,0.062388
55930,386,0,17640,45.699482,0.000000,30.000000,-1,60.641497,60.641497,-1,16,0,1509,22,0,704,1875,0,212,5.689788,2.972931,2.972931,1.000000,0.735625,-1,-1,-1,-1,-1,0.065054
55940,384,0,16966,44.182292,0.000000,30.000000,-1,60.648709,60.648709,-1,29,0,1390,18,0,687,1932,0,351,5.566087,2.998397,2.998397,1.000000,0.711169,-1,-1,-1,-1,-1,0.067864
55950,383,0,17576,45.890339,0.000000,30.000000,-1,60.650432,60.650432,-1,15,0,1722,20,0,671,1442,0,169,6.043074,3.100592,3.100592,1.000000,0.725926,-1,-1,-1,-1,-1,0.067565
55960,395,0,18190,46.050633,0.000000,30.000000,-1,60.663057,60.663057,-1,14,0,1647,28,0,643,1834,0,170,5.684135,2.944316,2.944316,1.000000,0.738842,-1,-1,-1,-1,-1,0.063936
55970,403,0,17897,44.409429,0.000000,30.000000,-1,60.662234,60.662234,-1,26,0,1650,31,0,677,1618,0,349,5.623299,2.825478,2.825478,1.000000,0.704597,-1,-1,-1,-1,-1,0.063623
55980,396,0,18233,46.042929,0.000000,30.000000,-1,60.647672,60.647672,-1,17,0,1568,24,0,672,1460,0,204,5.802249,3.152597,3.152597,1.000000,0.726585,-1,-1,-1,-1,-1,0.068471
55990,411,0,18674,45.435523,0.000000,30.000000,-1,60.624987,60.624987,-1,22,0,1716,21,0,702,2013,0,247,5.750348,2.945516,2.945516,1.000000,0.719846,-1,-1,-1,-1,-1,0.064828
56000,393,0,17673,44.969466,0.000000,30.000000,-1,60.638375,60.638375,-1,19,0,1608,13,0,696,1795,0,250,6.000848,3.108264,3.108264,1.000000,0.731564,-1,-1,-1,-1,-1,0.069119
56010,395,0,18281,46.281013,0.000000,30.000000,-1,60.634156,60.634156,-1,16,0,1680,17,0,679,1856,0,190,5.802054,3.140441,3.140441,1.000000,0.723496,-1,-1,-1,-1,-1,0.067856
56020,416,0,18787,45.161058,0.000000,30.000000,-1,60.620748,60.620748,-1,18,0,1640,20,0,746,2085,0,235,5.692193,2.856800,2.856800,1.000000,0.723164,-1,-1,-1,-1,-1,0.063258
56030,401,0,18358,45.780549,0.000000,30.000000,-1,60.628609,60.628609,-1,17,0,1506,20,0,736,1869,0,198,5.440139,2.797303,2.797303,1.000000,0.718256,-1,-1,-1,-1,-1,0.061102
56040,373,0,17062,45.742627,0.000000,30.000000,-1,60.594245,60.594245,-1,21,0,1400,21,0,688,1637,0,265,5.720945,3.100324,3.100324,1.000000,0.713129,-1,-1,-1,-1,-1,0.067778
56050,403,0,18878,46.843672,0.000000,30.000000,-1,60.565420,60.565420,-1,7,0,1651,18,0,693,1829,0,86,5.930057,3.042293,3.042293,1.000000,0.744324,-1,-1,-1,-1,-1,0.064946
56060,414,0,18773,45.345411,0.000000,30.000000,-1,60.567357,60.567357,-1,18,0,1771,18,0,762,1782,0,225,5.696187,2.785525,2.785525,1.000000,0.715155,-1,-1,-1,-1,-1,0.061429
56070,424,0,19031,44.884434,0.000000,30.000000,-1,60.588566,60.588566,-1,21,0,1747,16,0,714,1831,0,276,5.809706,2.939171,2.939171,1.000000,0.716973,-1,-1,-1,-1,-1,0.065483
56080,412,0,18533,44.983010,0.000000,30.000000,-1,60.547942,60.547942,-1,25,0,1610,25,0,760,1661,0,326,5.748896,2.899163,2.899163,1.000000,0.706179,-1,-1,-1,-1,-1,0.064450
56090,430,0,19316,44.920930,0.000000,30.000000,-1,60.497774,60.497774,-1,25,0,1927,16,0,697,2121,0,304,5.476305,2.703761,2.703761,1.000000,0.710820,-1,-1,-1,-1,-1,0.060189
56100,408,0,18733,45.914216,0.000000,30.000000,-1,60.472428,60.472428,-1,14,0,1829,22,0,713,1861,0,193,5.319591,2.677725,2.677725,1.000000,0.724446,-1,-1,-1,-1,-1,0.058320
56110,410,0,18610,45.390244,0.000000,30.000000,-1,60.470500,60.470500,-1,20,0,1620,15,0,690,2050,0,267,5.878072,3.115540,3.115540,1.000000,0.728447,-1,-1,-1,-1,-1,0.068639
56120,423,0,19067,45.075650,0.000000,30.000000,-1,60.509309,60.509309,-1,19,0,1786,15,0,773,1822,0,256,5.853782,2.990039,2.990039,1.000000,0.720655,-1,-1,-1,-1,-1,0.066334
56130,422,0,19261,45.642180,0.000000,30.000000,-1,60.463060,60.463060,-1,19,0,1656,21,0,773,1967,0,230,5.505225,2.822466,2.822466,1.000000,0.725648,-1,-1,-1,-1,-1,0.061839
56140,410,0,18437,44.968293,0.000000,30.000000,-1,60.490264,60.490264,-1,23,0,1768,19,0,764,1911,0,284,5.742257,2.857511,2.857511,1.000000,0.717553,-1,-1,-1,-1,-1,0.063545
56150,422,0,19372,45.905213,0.000000,30.000000,-1,60.513318,60.513318,-1,14,0,1754,19,0,640,1862,0,195,5.457742,2.800891,2.800891,1.000000,0.730688,-1,-1,-1,-1,-1,0.061015
56160,416,0,18938,45.524038,0.000000,30.000000,-1,60.552804,60.552804,-1,19,0,1700,24,0,787,2043,0,255,5.635583,2.833167,2.833167,1.000000,0.720484,-1,-1,-1,-1,-1,0.062235
56170,396,0,17922,45.257576,0.000000,30.000000,-1,60.554793,60.554793,-1,22,0,1521,22,0,701,2130,0,262,5.839785,3.034794,3.034794,1.000000,0.712151,-1,-1,-1,-1,-1,0.067056
56180,411,0,18717,45.540146,0.000000,30.000000,-1,60.540632,60.540632,-1,20,0,1720,18,0,741,2066,0,245,5.923036,2.992501,2.992501,1.000000,0.711853,-1,-1,-1,-1,-1,0.065711
56190,417,0,18770,45.011990,0.000000,30.000000,-1,60.517581,60.517581,-1,20,0,1577,13,0,699,1713,0,262,5.739236,2.981102,2.981102,1.000000,0.724425,-1,-1,-1,-1,-1,0.066229
56200,421,0,19107,45.384798,0.000000,30.000000,-1,60.553567,60.553567,-1,19,0,1965,21,0,695,1813,0,249,5.719022,2.887471,2.887471,1.000000,0.709309,-1,-1,-1,-1,-1,0.063622
56210,431,0,19425,45.069606,0.000000,30.000000,-1,60.588057,60.588057,-1,26,0,1534,18,0,750,2184,0,311,5.370042,2.864297,2.864297,1.000000,0.713253,-1,-1,-1,-1,-1,0.063553
56220,426,0,19277,45.251174,0.000000,30.000000,-1,60.643098,60.643098,-1,22,0,1606,19,0,752,2066,0,280,5.565872,2.913951,2.913951,1.000000,0.719660,-1,-1,-1,-1,-1,0.064395
56230,421,0,19633,46.634204,0.000000,30.000000,-1,60.646972,60.646972,-1,9,0,1825,20,0,752,2089,0,118,5.695974,2.870025,2.870025,1.000000,0.740331,-1,-1,-1,-1,-1,0.061543
56240,442,0,20144,45.574661,0.000000,30.000000,-1,60.631305,60.631305,-1,18,0,1908,18,0,842,2067,0,201,5.382019,2.667540,2.667540,1.000000,0.727902,-1,-1,-1,-1,-1,0.058531
56250,401,0,18528,46.204489,0.000000,30.000000,-1,60.626241,60.626241,-1,18,0,1491,17,0,671,1670,0,248,5.934684,3.129323,3.129323,1.000000,0.730886,-1,-1,-1,-1,-1,0.067728
56260,401,0,18313,45.668329,0.000000,30.000000,-1,60.587452,60.587452,-1,13,0,1724,12,0,694,1964,0,155,5.797186,2.962700,2.962700,1.000000,0.728967,-1,-1,-1,-1,-1,0.064874
56270,389,0,17574,45.177378,0.000000,30.000000,-1,60.580574,60.580574,-1,20,0,1608,21,0,666,1570,0,252,5.659579,2.964120,2.964120,1.000000,0.721034,-1,-1,-1,-1,-1,0.065611
56280,416,0,19028,45.740385,0.000000,30.000000,-1,60.563958,60.563958,-1,17,0,1592,22,0,706,2309,0,228,5.519843,2.805249,2.805249,1.000000,0.717951,-1,-1,-1,-1,-1,0.061330
56290,418,0,18955,45.346890,0.000000,30.000000,-1,60.576629,60.576629,-1,19,0,1764,20,0,743,1868,0,249,5.543061,2.785374,2.785374,1.000000,0.714647,-1,-1,-1,-1,-1,0.061424
56300,416,0,18816,45.230769,0.000000,30.000000,-1,60.585884,60.585884,-1,26,0,1750,22,0,730,1809,0,325,5.664358,2.943129,2.943129,1.000000,0.708845,-1,-1,-1,-1,-1,0.065069
56310,414,0,18852,45.536232,0.000000,30.000000,-1,60.607681,60.607681,-1,18,0,1590,23,0,693,1742,0,240,5.471701,2.942378,2.942378,1.000000,0.732340,-1,-1,-1,-1,-1,0.064616
56320,408,0,18751,45.958333,0.000000,30.000000,-1,60.598901,60.598901,-1,18,0,1677,28,0,692,1895,0,231,5.392747,2.755129,2.755129,1.000000,0.717129,-1,-1,-1,-1,-1,0.059948
56330,416,0,18906,45.447115,0.000000,30.000000,-1,60.580821,60.580821,-1,27,0,1551,14,0,777,2219,0,315,5.714716,2.977935,2.977935,1.000000,0.706472,-1,-1,-1,-1,-1,0.065525
56340,409,0,19012,46.484108,0.000000,30.000000,-1,60.593204,60.593204,-1,15,0,1664,16,0,771,2125,0,195,5.636010,3.002365,3.002365,1.000000,0.732142,-1,-1,-1,-1,-1,0.064589
56350,414,0,19395,46.847826,0.000000,30.000000,-1,60.578912,60.578912,-1,10,0,1921,15,0,756,2201,0,125,5.719035,2.857397,2.857397,1.000000,0.730611,-1,-1,-1,-1,-1,0.060993
56360,402,0,18907,47.032338,0.000000,30.000000,-1,60.602951,60.602951,-1,12,0,1646,17,0,751,2010,0,150,5.939321,3.077835,3.077835,1.000000,0.730727,-1,-1,-1,-1,-1,0.065441
56370,421,0,19298,45.838480,0.000000,30.000000,-1,60.652658,60.652658,-1,16,0,1779,19,0,735,2291,0,208,5.475229,2.826773,2.826773,1.000000,0.726751,-1,-1,-1,-1,-1,0.061668
56380,409,0,18793,45.948655,0.000000,30.000000,-1,60.638057,60.638057,-1,17,0,1538,21,0,728,2299,0,211,5.817264,3.056878,3.056878,1.000000,0.720518,-1,-1,-1,-1,-1,0.066528
56390,424,0,19408,45.773585,0.000000,30.000000,-1,60.632832,60.632832,-1,16,0,1753,16,0,766,2022,0,210,5.654185,2.877262,2.877262,1.000000,0.726308,-1,-1,-1,-1,-1,0.062859
56400,401,0,18441,45.987531,0.000000,30.000000,-1,60.592647,60.592647,-1,16,0,1708,20,0,725,1797,0,180,5.719012,2.900273,2.900273,1.000000,0.722701,-1,-1,-1,-1,-1,0.063067
56410,402,0,18258,45.417910,0.000000,30.000000,-1,60.612553,60.612553,-1,21,0,1522,18,0,692,1706,0,279,5.787046,3.012290,3.012290,1.000000,0.716724,-1,-1,-1,-1,-1,0.066324
56420,411,0,18210,44.306569,0.000000,30.000000,-1,60.621527,60.621527,-1,28,0,1779,15,0,684,2186,0,351,5.549775,2.789236,2.789236,1.000000,0.705453,-1,-1,-1,-1,-1,0.062953
56430,381,0,17317,45.451444,0.000000,30.000000,-1,60.594329,60.594329,-1,17,0,1616,16,0,661,2034,0,217,5.977004,3.107798,3.107798,1.000000,0.728872,-1,-1,-1,-1,-1,0.068376
56440,393,0,18346,46.681934,0.000000,30.000000,-1,60.578110,60.578110,-1,10,0,1557,17,0,666,1805,0,129,5.848685,3.002945,3.002945,1.000000,0.737624,-1,-1,-1,-1,-1,0.064328
56450,401,0,18524,46.194514,0.000000,30.000000,-1,60.565753,60.565753,-1,15,0,1631,19,0,702,2007,0,174,5.778584,2.989377,2.989377,1.000000,0.725852,-1,-1,-1,-1,-1,0.064713
56460,410,0,18338,44.726829,0.000000,30.000000,-1,60.573290,60.573290,-1,26,0,1604,16,0,734,1984,0,340,5.507521,2.804325,2.804325,1.000000,0.696037,-1,-1,-1,-1,-1,0.062699
56470,422,0,18897,44.779621,0.000000,30.000000,-1,60.541779,60.541779,-1,22,0,1697,16,0,713,2191,0,275,5.595324,2.830427,2.830427,1.000000,0.714508,-1,-1,-1,-1,-1,0.063208
56480,429,0,19615,45.722611,0.000000,30.000000,-1,60.557176,60.557176,-1,17,0,1950,17,0,767,2071,0,208,5.723452,2.776936,2.776936,1.000000,0.710165,-1,-1,-1,-1,-1,0.060734
56490,427,0,19561,45.810304,0.000000,30.000000,-1,60.596800,60.596800,-1,16,0,1732,22,0,730,2125,0,192,5.541709,2.789951,2.789951,1.000000,0.717632,-1,-1,-1,-1,-1,0.060902
56500,401,0,18414,45.920200,0.000000,30.000000,-1,60.599272,60.599272,-1,15,0,1598,17,0,730,1681,0,198,5.895886,3.085826,3.085826,1.000000,0.726264,-1,-1,-1,-1,-1,0.067200
56510,420,0,19313,45.983333,0.000000,30.000000,-1,60.620929,60.620929,-1,20,0,1439,12,0,695,1795,0,275,5.481404,2.997621,2.997621,1.000000,0.728588,-1,-1,-1,-1,-1,0.065189
56520,418,0,18755,44.868421,0.000000,30.000000,-1,60.642015,60.642015,-1,29,0,1596,21,0,741,1959,0,354,5.485996,2.836173,2.836173,1.000000,0.693209,-1,-1,-1,-1,-1,0.063211
56530,419,0,19029,45.415274,0.000000,30.000000,-1,60.652635,60.652635,-1,20,0,1785,22,0,779,1826,0,249,5.628325,2.846577,2.846577,1.000000,0.713413,-1,-1,-1,-1,-1,0.062679
56540,382,0,17193,45.007853,0.000000,30.000000,-1,60.691735,60.691735,-1,22,0,1478,17,0,632,1752,0,281,5.893409,2.977882,2.977882,1.000000,0.699192,-1,-1,-1,-1,-1,0.066164
56550,378,0,17256,45.650794,0.000000,30.000000,-1,60.655076,60.655076,-1,17,0,1628,24,0,646,2012,0,207,6.014411,3.079063,3.079063,1.000000,0.719699,-1,-1,-1,-1,-1,0.067448
56560,386,0,17755,45.997409,0.000000,30.000000,-1,60.601239,60.601239,-1,17,0,1467,17,0,644,1902,0,208,5.833772,3.052608,3.052608,1.000000,0.725210,-1,-1,-1,-1,-1,0.066365
56570,408,0,18863,46.232843,0.000000,30.000000,-1,60.595716,60.595716,-1,15,0,1759,17,0,731,1830,0,192,5.655150,2.916045,2.916045,1.000000,0.726453,-1,-1,-1,-1,-1,0.063073
56580,400,0,18293,45.732500,0.000000,30.000000,-1,60.598699,60.598699,-1,15,0,1777,22,0,737,1731,0,201,5.852105,2.960395,2.960395,1.000000,0.719559,-1,-1,-1,-1,-1,0.064733
56590,400,0,18166,45.415000,0.000000,30.000000,-1,60.580095,60.580095,-1,20,0,1708,20,0,651,1890,0,249,5.495509,2.688122,2.688122,1.000000,0.694600,-1,-1,-1,-1,-1,0.059190
56600,402,0,17991,44.753731,0.000000,30.000000,-1,60.573398,60.573398,-1,24,0,1605,18,0,676,1800,0,309,5.730825,2.930867,2.930867,1.000000,0.703772,-1,-1,-1,-1,-1,0.065489
56610,388,0,17660,45.515464,0.000000,30.000000,-1,60.529275,60.529275,-1,19,0,1629,22,0,672,1859,0,262,5.743412,2.771193,2.771193,1.000000,0.700787,-1,-1,-1,-1,-1,0.060885
56620,405,0,18293,45.167901,0.000000,30.000000,-1,60.490188,60.490188,-1,24,0,1524,15,0,680,2144,0,309,5.714202,2.832300,2.832300,1.000000,0.692265,-1,-1,-1,-1,-1,0.062706
56630,423,0,19153,45.278960,0.000000,30.000000,-1,60.467603,60.467603,-1,22,0,1524,15,0,741,1906,0,277,5.659707,2.879695,2.879695,1.000000,0.708948,-1,-1,-1,-1,-1,0.063599
56640,406,0,18430,45.394089,0.000000,30.000000,-1,60.434780,60.434780,-1,20,0,1893,21,0,771,1983,0,250,5.783340,2.852597,2.852597,1.000000,0.704147,-1,-1,-1,-1,-1,0.062841
56650,398,0,17833,44.806533,0.000000,30.000000,-1,60.480962,60.480962,-1,18,0,1758,21,0,665,1844,0,225,5.744350,2.840658,2.840658,1.000000,0.700878,-1,-1,-1,-1,-1,0.063398
56660,414,0,19072,46.067633,0.000000,30.000000,-1,60.486577,60.486577,-1,14,0,1934,15,0,725,1921,0,152,5.798962,2.790985,2.790985,1.000000,0.711342,-1,-1,-1,-1,-1,0.060585
56670,413,0,18118,43.869249,0.000000,30.000000,-1,60.500276,60.500276,-1,34,0,1731,19,0,747,1909,0,414,5.806677,2.914584,2.914584,1.000000,0.672844,-1,-1,-1,-1,-1,0.066438
56680,395,0,18341,46.432911,0.000000,30.000000,-1,60.525598,60.525598,-1,12,0,1636,27,0,656,1657,0,149,6.084244,3.028595,3.028595,1.000000,0.715443,-1,-1,-1,-1,-1,0.065225
56690,401,0,18185,45.349127,0.000000,30.000000,-1,60.565741,60.565741,-1,21,0,1725,33,0,706,1623,0,266,5.688741,2.845756,2.845756,1.000000,0.705455,-1,-1,-1,-1,-1,0.062752
56700,410,0,18636,45.453659,0.000000,30.000000,-1,60.588270,60.588270,-1,22,0,1647,17,0,719,2003,0,289,5.667962,2.866068,2.866068,1.000000,0.704404,-1,-1,-1,-1,-1,0.063055
56710,396,0,18311,46.239899,0.000000,30.000000,-1,60.627109,60.627109,-1,18,0,1742,20,0,732,1974,0,237,5.734428,2.874158,2.874158,1.000000,0.704555,-1,-1,-1,-1,-1,0.062158
56720,399,0,18304,45.874687,0.000000,30.000000,-1,60.627841,60.627841,-1,15,0,1658,17,0,750,1832,0,184,5.651768,2.780742,2.780742,1.000000,0.712573,-1,-1,-1,-1,-1,0.060616
56730,391,0,17612,45.043478,0.000000,30.000000,-1,60.656144,60.656144,-1,21,0,1642,19,0,669,1959,0,254,6.006009,2.926338,2.926338,1.000000,0.694249,-1,-1,-1,-1,-1,0.064967
56740,412,0,17889,43.419903,0.000000,30.000000,-1,60.666219,60.666219,-1,31,0,1777,21,0,771,2115,0,361,5.607156,2.695664,2.695664,1.000000,0.683507,-1,-1,-1,-1,-1,0.062084
56750,408,0,18526,45.406863,0.000000,30.000000,-1,60.658156,60.658156,-1,24,0,1421,17,0,693,1916,0,287,5.835612,2.984650,2.984650,1.000000,0.689913,-1,-1,-1,-1,-1,0.065731
56760,418,0,18890,45.191388,0.000000,30.000000,-1,60.642403,60.642403,-1,17,0,1716,22,0,755,1887,0,208,5.787895,2.828533,2.828533,1.000000,0.707533,-1,-1,-1,-1,-1,0.062590
56770,402,0,18104,45.034826,0.000000,30.000000,-1,60.630579,60.630579,-1,21,0,1703,31,0,720,1801,0,255,5.747008,2.781658,2.781658,1.000000,0.699083,-1,-1,-1,-1,-1,0.061767
56780,388,0,17719,45.667526,0.000000,30.000000,-1,60.620859,60.620859,-1,13,0,1738,15,0,631,1972,0,181,5.868075,2.932244,2.932244,1.000000,0.717443,-1,-1,-1,-1,-1,0.064209
56790,402,0,17791,44.256219,0.000000,30.000000,-1,60.636614,60.636614,-1,25,0,1834,20,0,679,1795,0,310,5.718399,2.813466,2.813466,1.000000,0.683859,-1,-1,-1,-1,-1,0.063572
56800,413,0,18892,45.743341,0.000000,30.000000,-1,60.661550,60.661550,-1,19,0,1655,18,0,743,1817,0,234,5.461352,2.789773,2.789773,1.000000,0.716278,-1,-1,-1,-1,-1,0.060988
56810,440,0,19964,45.372727,0.000000,30.000000,-1,60.738279,60.738279,-1,22,0,1702,17,0,746,2063,0,271,5.688584,2.848754,2.848754,1.000000,0.707521,-1,-1,-1,-1,-1,0.062786
56820,419,0,18908,45.126492,0.000000,30.000000,-1,60.757246,60.757246,-1,16,0,1768,27,0,709,2134,0,215,5.735904,2.769267,2.769267,1.000000,0.705914,-1,-1,-1,-1,-1,0.061367
56830,425,0,19284,45.374118,0.000000,30.000000,-1,60.767579,60.767579,-1,20,0,1578,16,0,703,2424,0,256,5.599910,2.849614,2.849614,1.000000,0.711742,-1,-1,-1,-1,-1,0.062803
56840,385,0,17540,45.558442,0.000000,30.000000,-1,60.807355,60.807355,-1,18,0,1354,18,0,668,1728,0,232,5.902170,3.013064,3.013064,1.000000,0.711790,-1,-1,-1,-1,-1,0.066136
56850,407,0,18732,46.024570,0.000000,30.000000,-1,60.798580,60.798580,-1,14,0,1740,17,0,712,1845,0,172,5.939845,2.986913,2.986913,1.000000,0.714557,-1,-1,-1,-1,-1,0.064898
56860,410,0,19039,46.436585,0.000000,30.000000,-1,60.801092,60.801092,-1,14,0,1725,17,0,740,1988,0,174,5.465445,2.733452,2.733452,1.000000,0.719358,-1,-1,-1,-1,-1,0.058864
56870,409,0,18502,45.237164,0.000000,30.000000,-1,60.821695,60.821695,-1,19,0,1616,20,0,715,2292,0,221,5.842615,2.959108,2.959108,1.000000,0.713587,-1,-1,-1,-1,-1,0.065413
56880,396,0,17717,44.739899,0.000000,30.000000,-1,60.825704,60.825704,-1,22,0,1651,26,0,693,1747,0,281,5.619796,2.690329,2.690329,1.000000,0.694775,-1,-1,-1,-1,-1,0.060133
56890,400,0,18196,45.490000,0.000000,30.000000,-1,60.763355,60.763355,-1,20,0,1409,17,0,655,2056,0,256,5.575323,2.934558,2.934558,1.000000,0.713359,-1,-1,-1,-1,-1,0.064510
56900,414,0,18982,45.850242,0.000000,30.000000,-1,60.797914,60.797914,-1,20,0,1559,13,0,773,1741,0,251,5.399280,2.757897,2.757897,1.000000,0.712499,-1,-1,-1,-1,-1,0.060150
56910,389,0,17793,45.740360,0.000000,30.000000,-1,60.780756,60.780756,-1,18,0,1611,21,0,698,1919,0,221,6.144736,3.017708,3.017708,1.000000,0.700787,-1,-1,-1,-1,-1,0.065975
56920,390,0,17516,44.912821,0.000000,30.000000,-1,60.841802,60.841802,-1,22,0,1369,14,0,673,1628,0,284,5.625603,2.865972,2.865972,1.000000,0.696277,-1,-1,-1,-1,-1,0.063812
56930,403,0,18267,45.327543,0.000000,30.000000,-1,60.790332,60.790332,-1,15,0,1834,17,0,692,1846,0,192,5.654570,2.747888,2.747888,1.000000,0.717410,-1,-1,-1,-1,-1,0.060623
56940,386,0,17370,45.000000,0.000000,30.000000,-1,60.777778,60.777778,-1,25,0,1625,22,0,620,1910,0,325,5.861978,2.968024,2.968024,1.000000,0.694058,-1,-1,-1,-1,-1,0.065956
56950,392,0,17611,44.926020,0.000000,30.000000,-1,60.822781,60.822781,-1,22,0,1764,14,0,645,1852,0,259,5.944124,2.917271,2.917271,1.000000,0.693521,-1,-1,-1,-1,-1,0.064935
56960,415,0,18869,45.467470,0.000000,30.000000,-1,60.812179,60.812179,-1,20,0,1656,19,0,718,2090,0,265,5.597552,2.766360,2.766360,1.000000,0.696946,-1,-1,-1,-1,-1,0.060843
56970,400,0,18341,45.852500,0.000000,30.000000,-1,60.784636,60.784636,-1,17,0,1508,27,0,723,2041,0,210,5.714188,2.869265,2.869265,1.000000,0.712809,-1,-1,-1,-1,-1,0.062576
56980,409,0,18328,44.811736,0.000000,30.000000,-1,60.753601,60.753601,-1,23,0,1875,19,0,736,2190,0,279,5.779922,2.862295,2.862295,1.000000,0.701636,-1,-1,-1,-1,-1,0.063874
56990,388,0,17825,45.940722,0.000000,30.000000,-1,60.789509,60.789509,-1,17,0,1447,24,0,698,1891,0,195,5.888107,2.849497,2.849497,1.000000,0.697172,-1,-1,-1,-1,-1,0.062026
57000,388,0,17850,46.005155,0.000000,30.000000,-1,60.817199,60.817199,-1,10,0,1589,27,0,659,1793,0,117,5.769445,2.800204,2.800204,1.000000,0.719643,-1,-1,-1,-1,-1,0.060867
57010,409,0,18664,45.633252,0.000000,30.000000,-1,60.852979,60.852979,-1,13,0,1565,25,0,715,1678,0,173,5.801445,2.793619,2.793619,1.000000,0.706944,-1,-1,-1,-1,-1,0.061219
57020,406,0,18515,45.603448,0.000000,30.000000,-1,60.841966,60.841966,-1,18,0,1739,25,0,717,1851,0,240,5.863333,2.948439,2.948439,1.000000,0.707310,-1,-1,-1,-1,-1,0.064654
57030,434,0,19588,45.133641,0.000000,30.000000,-1,60.869001,60.869001,-1,25,0,1705,13,0,737,1932,0,336,5.538001,2.757479,2.757479,1.000000,0.696010,-1,-1,-1,-1,-1,0.061096
57040,419,0,18772,44.801909,0.000000,30.000000,-1,60.869167,60.869167,-1,25,0,1573,18,0,743,1888,0,290,5.450103,2.695481,2.695481,1.000000,0.698546,-1,-1,-1,-1,-1,0.060164
57050,384,0,17439,45.414062,0.000000,30.000000,-1,60.895407,60.895407,-1,17,0,1434,24,0,658,1745,0,200,5.718201,2.943877,2.943877,1.000000,0.712479,-1,-1,-1,-1,-1,0.064823
57060,415,0,19072,45.956627,0.000000,30.000000,-1,60.909553,60.909553,-1,18,0,1560,15,0,750,1950,0,200,5.826515,2.978534,2.978534,1.000000,0.709722,-1,-1,-1,-1,-1,0.064812
57070,428,0,19434,45.406542,0.000000,30.000000,-1,60.939024,60.939024,-1,19,0,1584,18,0,766,1859,0,241,5.660308,2.939603,2.939603,1.000000,0.712161,-1,-1,-1,-1,-1,0.064740
57080,426,0,19400,45.539906,0.000000,30.000000,-1,60.931392,60.931392,-1,19,0,1768,19,0,730,2069,0,231,5.687904,2.815450,2.815450,1.000000,0.703371,-1,-1,-1,-1,-1,0.061824
57090,387,0,17779,45.940568,0.000000,30.000000,-1,60.893695,60.893695,-1,19,0,1691,15,0,727,1736,0,235,5.932405,2.984415,2.984415,1.000000,0.695059,-1,-1,-1,-1,-1,0.064963
57100,406,0,18356,45.211823,0.000000,30.000000,-1,60.896437,60.896437,-1,23,0,1782,15,0,733,1739,0,268,5.737015,2.832185,2.832185,1.000000,0.689586,-1,-1,-1,-1,-1,0.062643
57110,406,0,18808,46.325123,0.000000,30.000000,-1,60.900202,60.900202,-1,10,0,1782,19,0,725,1715,0,122,5.584732,2.742150,2.742150,1.000000,0.714417,-1,-1,-1,-1,-1,0.059194
57120,401,0,18061,45.039900,0.000000,30.000000,-1,60.898732,60.898732,-1,23,0,1729,29,0,715,1857,0,321,5.864502,2.880897,2.880897,1.000000,0.692437,-1,-1,-1,-1,-1,0.063963
57130,385,0,17408,45.215584,0.000000,30.000000,-1,60.909984,60.909984,-1,20,0,1492,25,0,662,1600,0,260,6.082314,3.006740,3.006740,1.000000,0.693036,-1,-1,-1,-1,-1,0.066498
57140,391,0,17579,44.959079,0.000000,30.000000,-1,60.888390,60.888390,-1,19,0,1680,20,0,688,1872,0,256,6.163774,2.964956,2.964956,1.000000,0.700123,-1,-1,-1,-1,-1,0.065948
57150,404,0,18180,45.000000,0.000000,30.000000,-1,60.871342,60.871342,-1,17,0,1619,20,0,654,2002,0,206,5.985884,2.941509,2.941509,1.000000,0.706201,-1,-1,-1,-1,-1,0.065367
57160,391,0,18099,46.289003,0.000000,30.000000,-1,60.865959,60.865959,-1,18,0,1449,12,0,704,2016,0,222,5.929483,3.050483,3.050483,1.000000,0.706686,-1,-1,-1,-1,-1,0.065901
57170,399,0,17921,44.914787,0.000000,30.000000,-1,60.916523,60.916523,-1,26,0,1620,22,0,659,1692,0,335,5.788850,2.934785,2.934785,1.000000,0.691344,-1,-1,-1,-1,-1,0.065341
57180,395,0,18195,46.063291,0.000000,30.000000,-1,60.890959,60.890959,-1,16,0,1372,26,0,649,2086,0,212,5.780544,2.966995,2.966995,1.000000,0.712485,-1,-1,-1,-1,-1,0.064411
57190,402,0,17965,44.689055,0.000000,30.000000,-1,60.934651,60.934651,-1,24,0,1697,8,0,694,2278,0,315,5.876019,2.889736,2.889736,1.000000,0.688736,-1,-1,-1,-1,-1,0.064663
57200,422,0,18728,44.379147,0.000000,30.000000,-1,60.924658,60.924658,-1,24,0,1656,15,0,699,1893,0,307,5.532531,2.688186,2.688186,1.000000,0.691816,-1,-1,-1,-1,-1,0.060573
57210,398,0,17939,45.072864,0.000000,30.000000,-1,60.929316,60.929316,-1,18,0,1816,24,0,716,2248,0,217,5.538433,2.676152,2.676152,1.000000,0.698731,-1,-1,-1,-1,-1,0.059374
57220,405,0,18308,45.204938,0.000000,30.000000,-1,60.928392,60.928392,-1,25,0,1753,18,0,745,1946,0,309,6.039852,2.894853,2.894853,1.000000,0.674245,-1,-1,-1,-1,-1,0.064038
57230,408,0,18634,45.671569,0.000000,30.000000,-1,60.955136,60.955136,-1,25,0,1306,14,0,735,1937,0,334,5.536164,2.849924,2.849924,1.000000,0.693040,-1,-1,-1,-1,-1,0.062400
57240,398,0,18337,46.072864,0.000000,30.000000,-1,60.943448,60.943448,-1,16,0,1915,17,0,753,1882,0,216,6.112964,2.944167,2.944167,1.000000,0.699733,-1,-1,-1,-1,-1,0.063902
57250,399,0,17818,44.656642,0.000000,30.000000,-1,60.915310,60.915310,-1,23,0,1641,29,0,613,1965,0,269,6.075448,2.921449,2.921449,1.000000,0.682710,-1,-1,-1,-1,-1,0.065420
57260,424,0,18569,43.794811,0.000000,30.000000,-1,60.902687,60.902687,-1,32,0,1686,19,0,714,1955,0,419,5.840572,2.847321,2.847321,1.000000,0.675568,-1,-1,-1,-1,-1,0.065015
57270,408,0,18452,45.225490,0.000000,30.000000,-1,60.911283,60.911283,-1,21,0,1498,12,0,724,1986,0,250,5.680263,2.754610,2.754610,1.000000,0.685948,-1,-1,-1,-1,-1,0.060908
57280,416,0,19233,46.233173,0.000000,30.000000,-1,60.905371,60.905371,-1,12,0,1731,18,0,711,1843,0,156,5.384265,2.612186,2.612186,1.000000,0.704698,-1,-1,-1,-1,-1,0.056500
57290,395,0,18204,46.086076,0.000000,30.000000,-1,60.921446,60.921446,-1,13,0,1618,22,0,649,1714,0,157,5.680664,2.854357,2.854357,1.000000,0.707448,-1,-1,-1,-1,-1,0.061935
57300,393,0,17840,45.394402,0.000000,30.000000,-1,60.903756,60.903756,-1,17,0,1642,21,0,716,1919,0,219,5.964697,2.827379,2.827379,1.000000,0.688127,-1,-1,-1,-1,-1,0.062285
57310,413,0,18855,45.653753,0.000000,30.000000,-1,60.916680,60.916680,-1,13,0,1747,27,0,720,2257,0,160,5.577571,2.582235,2.582235,1.000000,0.689754,-1,-1,-1,-1,-1,0.056561
57320,385,0,17318,44.981818,0.000000,30.000000,-1,60.926031,60.926031,-1,12,0,1620,24,0,683,1678,0,139,5.881285,2.803192,2.803192,1.000000,0.709565,-1,-1,-1,-1,-1,0.062318
57330,381,0,17195,45.131234,0.000000,30.000000,-1,60.883629,60.883629,-1,19,0,1533,37,0,664,1863,0,237,5.716212,2.869964,2.869964,1.000000,0.695461,-1,-1,-1,-1,-1,0.063592
57340,380,0,17228,45.336842,0.000000,30.000000,-1,60.919433,60.919433,-1,19,0,1451,18,0,661,1615,0,233,5.970306,2.943729,2.943729,1.000000,0.694760,-1,-1,-1,-1,-1,0.064930
57350,402,0,18674,46.452736,0.000000,30.000000,-1,60.915712,60.915712,-1,15,0,1476,24,0,694,1745,0,205,5.664983,2.892942,2.892942,1.000000,0.707150,-1,-1,-1,-1,-1,0.062277
57360,402,0,18443,45.878109,0.000000,30.000000,-1,60.927289,60.927289,-1,16,0,1902,10,0,690,1909,0,185,5.692341,2.691218,2.691218,1.000000,0.699597,-1,-1,-1,-1,-1,0.058660
57370,402,0,18308,45.542289,0.000000,30.000000,-1,60.957833,60.957833,-1,19,0,1470,23,0,708,1877,0,245,5.713909,2.826188,2.826188,1.000000,0.699051,-1,-1,-1,-1,-1,0.062056
57380,400,0,18472,46.180000,0.000000,30.000000,-1,60.936769,60.936769,-1,15,0,1452,20,0,676,1676,0,187,5.626861,2.775163,2.775163,1.000000,0.700353,-1,-1,-1,-1,-1,0.060094
57390,403,0,18482,45.861042,0.000000,30.000000,-1,60.944108,60.944108,-1,14,0,1814,22,0,742,1957,0,165,5.901334,2.758362,2.758362,1.000000,0.698104,-1,-1,-1,-1,-1,0.060146
57400,405,0,18177,44.881481,0.000000,30.000000,-1,60.998680,60.998680,-1,22,0,1703,20,0,681,2122,0,256,5.820046,2.733863,2.733863,1.000000,0.684927,-1,-1,-1,-1,-1,0.060913
57410,390,0,17637,45.223077,0.000000,30.000000,-1,61.043772,61.043772,-1,22,0,1508,21,0,670,1654,0,257,6.052810,2.954882,2.954882,1.000000,0.692021,-1,-1,-1,-1,-1,0.065340
57420,393,0,17914,45.582697,0.000000,30.000000,-1,61.082952,61.082952,-1,21,0,1508,24,0,643,1912,0,238,5.765093,2.944851,2.944851,1.000000,0.703121,-1,-1,-1,-1,-1,0.064605
57430,398,0,18222,45.783920,0.000000,30.000000,-1,61.052519,61.052519,-1,15,0,1680,20,0,681,2242,0,186,5.796814,2.838984,2.838984,1.000000,0.706823,-1,-1,-1,-1,-1,0.062008
57440,405,0,18242,45.041975,0.000000,30.000000,-1,61.040346,61.040346,-1,19,0,1618,21,0,706,2094,0,256,5.580393,2.819019,2.819019,1.000000,0.713032,-1,-1,-1,-1,-1,0.062586
57450,379,0,16975,44.788918,0.000000,30.000000,-1,61.014610,61.014610,-1,26,0,1604,20,0,621,1749,0,316,5.823942,2.889339,2.889339,1.000000,0.683501,-1,-1,-1,-1,-1,0.064510
57460,401,0,17714,44.174564,0.000000,30.000000,-1,60.978604,60.978604,-1,25,0,1799,11,0,687,1925,0,321,5.849380,2.820493,2.820493,1.000000,0.689498,-1,-1,-1,-1,-1,0.063849
57470,377,0,17020,45.145889,0.000000,30.000000,-1,60.953055,60.953055,-1,21,0,1481,19,0,679,1554,0,264,5.974838,2.925250,2.925250,1.000000,0.686128,-1,-1,-1,-1,-1,0.064795
57480,382,0,17261,45.185864,0.000000,30.000000,-1,60.984705,60.984705,-1,21,0,1526,20,0,625,1904,0,272,5.717535,2.815624,2.815624,1.000000,0.692818,-1,-1,-1,-1,-1,0.062312
57490,410,0,18118,44.190244,0.000000,30.000000,-1,61.001545,61.001545,-1,27,0,1998,17,0,725,1689,0,364,5.606723,2.640179,2.640179,1.000000,0.684090,-1,-1,-1,-1,-1,0.059746
57500,410,0,18381,44.831707,0.000000,30.000000,-1,60.964039,60.964039,-1,22,0,1601,12,0,703,1660,0,300,5.540903,2.618446,2.618446,1.000000,0.685741,-1,-1,-1,-1,-1,0.058406
57510,413,0,19079,46.196126,0.000000,30.000000,-1,60.992295,60.992295,-1,19,0,1671,18,0,708,1893,0,261,5.671530,2.734731,2.734731,1.000000,0.689187,-1,-1,-1,-1,-1,0.059198
57520,420,0,18908,45.019048,0.000000,30.000000,-1,61.016289,61.016289,-1,25,0,1546,15,0,754,2426,0,339,5.616954,2.810653,2.810653,1.000000,0.687795,-1,-1,-1,-1,-1,0.062433
57530,423,0,19566,46.255319,0.000000,30.000000,-1,60.988449,60.988449,-1,16,0,1868,18,0,728,2278,0,208,5.727918,2.737353,2.737353,1.000000,0.695328,-1,-1,-1,-1,-1,0.059179
57540,431,0,19434,45.090487,0.000000,30.000000,-1,60.970052,60.970052,-1,24,0,1683,17,0,793,2194,0,309,5.721023,2.850074,2.850074,1.000000,0.691464,-1,-1,-1,-1,-1,0.063208
57550,407,0,18534,45.538084,0.000000,30.000000,-1,60.967249,60.967249,-1,22,0,1587,23,0,714,1683,0,269,5.742567,2.842316,2.842316,1.000000,0.691962,-1,-1,-1,-1,-1,0.062416
57560,389,0,17910,46.041131,0.000000,30.000000,-1,60.965885,60.965885,-1,17,0,1552,18,0,661,1857,0,227,5.959387,2.923708,2.923708,1.000000,0.693493,-1,-1,-1,-1,-1,0.063502
57570,399,0,18387,46.082707,0.000000,30.000000,-1,60.986023,60.986023,-1,18,0,1490,19,0,662,2012,0,223,5.714209,2.831441,2.831441,1.000000,0.695135,-1,-1,-1,-1,-1,0.061443
57580,403,0,17986,44.630273,0.000000,30.000000,-1,60.999222,60.999222,-1,24,0,1756,20,0,754,2047,0,307,5.829053,2.882279,2.882279,1.000000,0.693598,-1,-1,-1,-1,-1,0.064581
57590,402,0,17816,44.318408,0.000000,30.000000,-1,60.988101,60.988101,-1,30,0,1448,25,0,682,2282,0,365,5.671530,2.782036,2.782036,1.000000,0.672139,-1,-1,-1,-1,-1,0.062774
57600,422,0,19155,45.390995,0.000000,30.000000,-1,61.007935,61.007935,-1,19,0,1710,10,0,692,1653,0,223,5.643531,2.804788,2.804788,1.000000,0.703210,-1,-1,-1,-1,-1,0.061792
57610,404,0,18282,45.252475,0.000000,30.000000,-1,60.957554,60.957554,-1,19,0,1932,16,0,737,1830,0,240,6.172818,2.989369,2.989369,1.000000,0.702437,-1,-1,-1,-1,-1,0.066060
57620,408,0,18574,45.524510,0.000000,30.000000,-1,60.962636,60.962636,-1,18,0,1734,13,0,675,1737,0,208,5.683939,2.768792,2.768792,1.000000,0.696275,-1,-1,-1,-1,-1,0.060820
57630,410,0,18406,44.892683,0.000000,30.000000,-1,60.957297,60.957297,-1,20,0,1585,13,0,661,2069,0,261,5.720985,2.752302,2.752302,1.000000,0.691443,-1,-1,-1,-1,-1,0.061308
57640,392,0,18129,46.247449,0.000000,30.000000,-1,60.967235,60.967235,-1,15,0,1549,18,0,693,1717,0,214,6.143691,3.039132,3.039132,1.000000,0.699176,-1,-1,-1,-1,-1,0.065715
57650,410,0,18506,45.136585,0.000000,30.000000,-1,61.009294,61.009294,-1,18,0,1704,27,0,711,2093,0,228,5.898596,2.803611,2.803611,1.000000,0.695749,-1,-1,-1,-1,-1,0.062114
57660,410,0,18675,45.548780,0.000000,30.000000,-1,60.979973,60.979973,-1,17,0,1734,24,0,708,2001,0,206,5.537084,2.672285,2.672285,1.000000,0.697549,-1,-1,-1,-1,-1,0.058669
57670,409,0,18396,44.977995,0.000000,30.000000,-1,60.983910,60.983910,-1,23,0,1477,15,0,675,1693,0,272,5.705182,2.840866,2.840866,1.000000,0.691724,-1,-1,-1,-1,-1,0.063161
57680,410,0,18398,44.873171,0.000000,30.000000,-1,60.998696,60.998696,-1,24,0,1635,19,0,689,2026,0,286,5.529601,2.708611,2.708611,1.000000,0.683817,-1,-1,-1,-1,-1,0.060361
57690,385,0,17919,46.542857,0.000000,30.000000,-1,61.013784,61.013784,-1,13,0,1529,25,0,676,1779,0,166,5.794493,2.887511,2.887511,1.000000,0.711531,-1,-1,-1,-1,-1,0.062040
57700,384,0,17285,45.013021,0.000000,30.000000,-1,60.984322,60.984322,-1,13,0,1741,15,0,692,1454,0,192,6.002492,2.871392,2.871392,1.000000,0.697703,-1,-1,-1,-1,-1,0.063790
57710,387,0,17772,45.922481,0.000000,30.000000,-1,60.974736,60.974736,-1,14,0,1547,21,0,610,1764,0,181,5.822779,2.880863,2.880863,1.000000,0.705577,-1,-1,-1,-1,-1,0.062733
57720,378,0,16785,44.404762,0.000000,30.000000,-1,60.966518,60.966518,-1,23,0,1542,21,0,647,1752,0,291,5.849465,2.955650,2.955650,1.000000,0.696126,-1,-1,-1,-1,-1,0.066562
57730,385,0,17429,45.270130,0.000000,30.000000,-1,61.032016,61.032016,-1,17,0,1684,10,0,656,2050,0,203,6.205342,2.996884,2.996884,1.000000,0.706754,-1,-1,-1,-1,-1,0.066200
57740,390,0,17998,46.148718,0.000000,30.000000,-1,61.065452,61.065452,-1,14,0,1756,27,0,655,2146,0,172,6.199066,3.010824,3.010824,1.000000,0.708548,-1,-1,-1,-1,-1,0.065242
57750,400,0,18283,45.707500,0.000000,30.000000,-1,61.087732,61.087732,-1,19,0,1553,27,0,686,1995,0,239,5.741429,2.813273,2.813273,1.000000,0.700909,-1,-1,-1,-1,-1,0.061549
57760,419,0,18804,44.878282,0.000000,30.000000,-1,61.143267,61.143267,-1,24,0,1744,13,0,773,2074,0,322,5.539988,2.753796,2.753796,1.000000,0.693702,-1,-1,-1,-1,-1,0.061361
57770,434,0,19421,44.748848,0.000000,30.000000,-1,61.157819,61.157819,-1,22,0,1804,18,0,748,2044,0,259,5.567353,2.701812,2.701812,1.000000,0.692560,-1,-1,-1,-1,-1,0.060377
57780,410,0,18326,44.697561,0.000000,30.000000,-1,61.168995,61.168995,-1,24,0,1703,26,0,682,1682,0,302,5.658456,2.770464,2.770464,1.000000,0.684488,-1,-1,-1,-1,-1,0.061982
57790,405,0,18280,45.135802,0.000000,30.000000,-1,61.157330,61.157330,-1,22,0,1547,16,0,696,2396,0,316,5.964350,2.884210,2.884210,1.000000,0.689236,-1,-1,-1,-1,-1,0.063901
57800,405,0,18432,45.511111,0.000000,30.000000,-1,61.145616,61.145616,-1,18,0,1570,22,0,725,1350,0,221,5.895447,2.944294,2.944294,1.000000,0.697027,-1,-1,-1,-1,-1,0.064694
57810,416,0,18812,45.221154,0.000000,30.000000,-1,61.161333,61.161333,-1,23,0,1682,14,0,683,1864,0,280,5.740063,2.908919,2.908919,1.000000,0.702025,-1,-1,-1,-1,-1,0.064327
57820,389,0,17465,44.897172,0.000000,30.000000,-1,61.152705,61.152705,-1,21,0,1434,19,0,639,1808,0,253,5.445227,2.762693,2.762693,1.000000,0.702332,-1,-1,-1,-1,-1,0.061534
57830,385,0,17423,45.254545,0.000000,30.000000,-1,61.167021,61.167021,-1,20,0,1669,11,0,649,1694,0,271,6.060089,2.917957,2.917957,1.000000,0.692401,-1,-1,-1,-1,-1,0.064479
57840,381,0,17521,45.986877,0.000000,30.000000,-1,61.168426,61.168426,-1,16,0,1427,23,0,660,2549,0,198,6.179619,3.124843,3.124843,1.000000,0.703772,-1,-1,-1,-1,-1,0.067951
57850,386,0,17425,45.142487,0.000000,30.000000,-1,61.184677,61.184677,-1,21,0,1502,21,0,694,1662,0,283,5.791020,2.891684,2.891684,1.000000,0.700576,-1,-1,-1,-1,-1,0.064057
57860,422,0,19212,45.526066,0.000000,30.000000,-1,61.202790,61.202790,-1,20,0,1495,19,0,722,1897,0,234,5.701753,2.953122,2.953122,1.000000,0.708046,-1,-1,-1,-1,-1,0.064867
57870,422,0,19097,45.253555,0.000000,30.000000,-1,61.223229,61.223229,-1,21,0,1635,21,0,731,1785,0,254,5.732249,2.814242,2.814242,1.000000,0.698469,-1,-1,-1,-1,-1,0.062188
57880,437,0,19538,44.709382,0.000000,30.000000,-1,61.282680,61.282680,-1,22,0,1952,23,0,803,2072,0,288,5.589421,2.644316,2.644316,1.000000,0.689103,-1,-1,-1,-1,-1,0.059145
57890,422,0,18948,44.900474,0.000000,30.000000,-1,61.319823,61.319823,-1,18,0,1766,18,0,707,2123,0,211,5.624003,2.721405,2.721405,1.000000,0.703163,-1,-1,-1,-1,-1,0.060610
57900,409,0,18657,45.616137,0.000000,30.000000,-1,61.327116,61.327116,-1,21,0,1441,12,0,677,2030,0,256,5.877175,3.091273,3.091273,1.000000,0.702889,-1,-1,-1,-1,-1,0.067767
57910,402,0,18535,46.106965,0.000000,30.000000,-1,61.335527,61.335527,-1,16,0,1483,17,0,717,2093,0,204,5.561540,2.814911,2.814911,1.000000,0.705002,-1,-1,-1,-1,-1,0.061052
57920,412,0,18526,44.966019,0.000000,30.000000,-1,61.330616,61.330616,-1,20,0,1734,16,0,735,2169,0,257,5.744547,2.741699,2.741699,1.000000,0.694168,-1,-1,-1,-1,-1,0.060973
57930,406,0,18344,45.182266,0.000000,30.000000,-1,61.331989,61.331989,-1,23,0,1717,17,0,718,2323,0,293,5.937653,2.937201,2.937201,1.000000,0.694889,-1,-1,-1,-1,-1,0.065008
57940,407,0,18473,45.388206,0.000000,30.000000,-1,61.311752,61.311752,-1,18,0,1841,17,0,762,1945,0,221,5.801800,2.762277,2.762277,1.000000,0.699311,-1,-1,-1,-1,-1,0.060859
57950,408,0,18974,46.504902,0.000000,30.000000,-1,61.316117,61.316117,-1,13,0,2021,13,0,690,2054,0,180,5.790549,2.846180,2.846180,1.000000,0.712814,-1,-1,-1,-1,-1,0.061202
57960,393,0,17900,45.547074,0.000000,30.000000,-1,61.334581,61.334581,-1,16,0,1781,16,0,724,1690,0,193,5.991134,2.890525,2.890525,1.000000,0.700326,-1,-1,-1,-1,-1,0.063462
57970,391,0,17956,45.923274,0.000000,30.000000,-1,61.333315,61.333315,-1,16,0,1730,16,0,739,1235,0,189,5.952705,2.958268,2.958268,1.000000,0.711961,-1,-1,-1,-1,-1,0.064418
57980,393,0,17834,45.379135,0.000000,30.000000,-1,61.323764,61.323764,-1,21,0,1657,19,0,713,1452,0,278,5.831613,2.835902,2.835902,1.000000,0.693385,-1,-1,-1,-1,-1,0.062494
57990,386,0,17895,46.360104,0.000000,30.000000,-1,61.347136,61.347136,-1,13,0,1514,20,0,639,1655,0,162,6.024967,2.937530,2.937530,1.000000,0.708738,-1,-1,-1,-1,-1,0.063363
58000,404,0,18448,45.663366,0.000000,30.000000,-1,61.323287,61.323287,-1,15,0,1854,17,0,689,1595,0,206,5.681359,2.766130,2.766130,1.000000,0.708242,-1,-1,-1,-1,-1,0.060577
58010,410,0,18335,44.719512,0.000000,30.000000,-1,61.305481,61.305481,-1,20,0,1684,18,0,720,1918,0,254,5.573178,2.702664,2.702664,1.000000,0.697088,-1,-1,-1,-1,-1,0.060436
58020,406,0,18469,45.490148,0.000000,30.000000,-1,61.290974,61.290974,-1,20,0,1575,24,0,736,1933,0,263,5.599491,2.793659,2.793659,1.000000,0.700952,-1,-1,-1,-1,-1,0.061412
58030,393,0,18001,45.804071,0.000000,30.000000,-1,61.290151,61.290151,-1,16,0,1641,12,0,704,1769,0,199,5.825776,2.858581,2.858581,1.000000,0.700867,-1,-1,-1,-1,-1,0.062409
58040,403,0,18496,45.895782,0.000000,30.000000,-1,61.251892,61.251892,-1,15,0,1597,19,0,702,1827,0,167,5.720485,2.809351,2.809351,1.000000,0.706089,-1,-1,-1,-1,-1,0.061212
58050,394,0,18095,45.926396,0.000000,30.000000,-1,61.265875,61.265875,-1,15,0,1680,21,0,686,2177,0,184,5.791162,2.766066,2.766066,1.000000,0.702109,-1,-1,-1,-1,-1,0.060228
58060,394,0,17553,44.550761,0.000000,30.000000,-1,61.333162,61.333162,-1,22,0,1835,16,0,682,1847,0,289,6.027286,2.810882,2.810882,1.000000,0.683669,-1,-1,-1,-1,-1,0.063094
58070,418,0,19200,45.933014,0.000000,30.000000,-1,61.340313,61.340313,-1,23,0,1375,18,0,701,1940,0,292,5.554472,2.937553,2.937553,1.000000,0.697595,-1,-1,-1,-1,-1,0.063953
58080,400,0,18376,45.940000,0.000000,30.000000,-1,61.338050,61.338050,-1,14,0,1687,15,0,714,2133,0,178,5.598112,2.771292,2.771293,1.000000,0.708792,-1,-1,-1,-1,-1,0.060324
58090,401,0,18196,45.376559,0.000000,30.000000,-1,61.346999,61.346999,-1,20,0,1718,18,0,694,1918,0,251,5.806843,2.825030,2.825030,1.000000,0.698030,-1,-1,-1,-1,-1,0.062257
58100,402,0,18455,45.907960,0.000000,30.000000,-1,61.353671,61.353671,-1,16,0,1784,23,0,699,2146,0,225,5.904839,2.887509,2.887509,1.000000,0.707411,-1,-1,-1,-1,-1,0.062898
58110,388,0,17356,44.731959,0.000000,30.000000,-1,61.364946,61.364946,-1,24,0,1395,18,0,635,1881,0,310,5.825101,2.960982,2.960982,1.000000,0.694408,-1,-1,-1,-1,-1,0.066194
58120,401,0,18177,45.329177,0.000000,30.000000,-1,61.386477,61.386477,-1,17,0,1612,15,0,703,1943,0,212,5.951377,2.993047,2.993047,1.000000,0.709655,-1,-1,-1,-1,-1,0.066029
58130,398,0,18545,46.595477,0.000000,30.000000,-1,61.412240,61.412240,-1,14,0,1559,17,0,721,2156,0,165,5.631428,2.809288,2.809288,1.000000,0.706331,-1,-1,-1,-1,-1,0.060291
58140,396,0,18244,46.070707,0.000000,30.000000,-1,61.454725,61.454725,-1,17,0,1637,10,0,766,1807,0,207,5.665577,2.912345,2.912345,1.000000,0.718003,-1,-1,-1,-1,-1,0.063215
58150,398,0,17751,44.600503,0.000000,30.000000,-1,61.452820,61.452820,-1,22,0,1544,18,0,699,2014,0,265,5.833942,2.756630,2.756630,1.000000,0.684303,-1,-1,-1,-1,-1,0.061807
58160,384,0,17238,44.890625,0.000000,30.000000,-1,61.500522,61.500522,-1,22,0,1416,27,0,628,1938,0,293,5.758675,2.868433,2.868433,1.000000,0.688911,-1,-1,-1,-1,-1,0.063898
58170,385,0,17392,45.174026,0.000000,30.000000,-1,61.515064,61.515064,-1,18,0,1579,13,0,667,1466,0,223,5.781688,2.859870,2.859870,1.000000,0.703267,-1,-1,-1,-1,-1,0.063308
58180,406,0,18753,46.189655,0.000000,30.000000,-1,61.524876,61.524876,-1,16,0,1711,17,0,707,1800,0,210,5.812821,2.899001,2.899001,1.000000,0.712242,-1,-1,-1,-1,-1,0.062763
58190,406,0,18739,46.155172,0.000000,30.000000,-1,61.533380,61.533380,-1,14,0,1438,23,0,735,1822,0,177,5.745690,2.879925,2.879925,1.000000,0.712669,-1,-1,-1,-1,-1,0.062397
58200,398,0,17898,44.969849,0.000000,30.000000,-1,61.554531,61.554531,-1,20,0,1646,24,0,693,1631,0,244,5.637804,2.770129,2.770129,1.000000,0.699616,-1,-1,-1,-1,-1,0.061600
58210,389,0,17845,45.874036,0.000000,30.000000,-1,61.545307,61.545307,-1,15,0,1691,20,0,682,1586,0,196,5.826678,2.917109,2.917109,1.000000,0.715651,-1,-1,-1,-1,-1,0.063590
58220,403,0,18509,45.928040,0.000000,30.000000,-1,61.532174,61.532174,-1,17,0,1807,26,0,668,1781,0,224,5.911093,2.905284,2.905284,1.000000,0.705749,-1,-1,-1,-1,-1,0.063257
58230,410,0,18317,44.675610,0.000000,30.000000,-1,61.548671,61.548671,-1,26,0,1635,26,0,701,1739,0,346,5.730772,2.822074,2.822074,1.000000,0.687834,-1,-1,-1,-1,-1,0.063168
58240,413,0,18686,45.244552,0.000000,30.000000,-1,61.607995,61.607995,-1,22,0,1532,17,0,743,1867,0,285,5.517943,2.778898,2.778898,1.000000,0.699593,-1,-1,-1,-1,-1,0.061420
58250,398,0,18211,45.756281,0.000000,30.000000,-1,61.640492,61.640492,-1,18,0,1499,21,0,678,2054,0,253,5.896826,2.905519,2.905519,1.000000,0.701203,-1,-1,-1,-1,-1,0.063500
58260,404,0,18453,45.675743,0.000000,30.000000,-1,61.620224,61.620224,-1,17,0,1760,29,0,709,2004,0,196,5.797339,2.823594,2.823594,1.000000,0.703973,-1,-1,-1,-1,-1,0.061818
58270,415,0,18973,45.718072,0.000000,30.000000,-1,61.665946,61.665946,-1,15,0,1784,18,0,731,2136,0,180,5.637180,2.765688,2.765688,1.000000,0.713928,-1,-1,-1,-1,-1,0.060494
58280,415,0,19015,45.819277,0.000000,30.000000,-1,61.690350,61.690350,-1,18,0,1921,22,0,718,1940,0,215,5.787466,2.824296,2.824296,1.000000,0.704498,-1,-1,-1,-1,-1,0.061640
58290,405,0,17905,44.209877,0.000000,30.000000,-1,61.717062,61.717062,-1,24,0,1412,25,0,677,1742,0,291,5.724038,2.844569,2.844569,1.000000,0.689464,-1,-1,-1,-1,-1,0.064342
58300,406,0,17985,44.298030,0.000000,30.000000,-1,61.735613,61.735613,-1,25,0,1663,17,0,680,2074,0,300,5.818924,2.789920,2.789920,1.000000,0.674801,-1,-1,-1,-1,-1,0.062981
58310,421,0,19352,45.966746,0.000000,30.000000,-1,61.755219,61.755219,-1,16,0,1620,22,0,708,2127,0,194,5.750831,2.893666,2.893666,1.000000,0.705022,-1,-1,-1,-1,-1,0.062951
58320,373,0,16500,44.235925,0.000000,30.000000,-1,61.790485,61.790485,-1,27,0,1451,21,0,626,1527,0,338,5.959035,2.909342,2.909342,1.000000,0.672673,-1,-1,-1,-1,-1,0.065769
58330,389,0,17543,45.097686,0.000000,30.000000,-1,61.826541,61.826541,-1,24,0,1559,16,0,624,2091,0,310,5.399687,2.666722,2.666722,1.000000,0.675393,-1,-1,-1,-1,-1,0.059132
58340,403,0,18062,44.818859,0.000000,30.000000,-1,61.836341,61.836341,-1,25,0,1469,15,0,689,1703,0,316,5.758991,2.816691,2.816691,1.000000,0.679916,-1,-1,-1,-1,-1,0.062846
58350,409,0,19065,46.613692,0.000000,30.000000,-1,61.804196,61.804196,-1,13,0,1635,13,0,721,1991,0,149,5.857061,2.932185,2.932185,1.000000,0.714143,-1,-1,-1,-1,-1,0.062904
58360,385,0,17740,46.077922,0.000000,30.000000,-1,61.812063,61.812063,-1,15,0,1466,21,0,708,2186,0,177,5.812829,2.940418,2.940418,1.000000,0.700597,-1,-1,-1,-1,-1,0.063814
58370,411,0,18621,45.306569,0.000000,30.000000,-1,61.817035,61.817035,-1,19,0,1782,24,0,740,2202,0,245,5.778834,2.802906,2.802906,1.000000,0.694612,-1,-1,-1,-1,-1,0.061865
58380,418,0,18849,45.093301,0.000000,30.000000,-1,61.835376,61.835376,-1,21,0,1570,20,0,737,1795,0,255,5.681630,2.771947,2.771947,1.000000,0.690664,-1,-1,-1,-1,-1,0.061471
58390,400,0,18256,45.640000,0.000000,30.000000,-1,61.808008,61.808008,-1,17,0,1651,25,0,675,1434,0,206,5.759851,2.773482,2.773483,1.000000,0.693634,-1,-1,-1,-1,-1,0.060769
58400,410,0,18717,45.651220,0.000000,30.000000,-1,61.788641,61.788641,-1,16,0,1762,15,0,693,2337,0,201,5.964543,2.844052,2.844052,1.000000,0.703334,-1,-1,-1,-1,-1,0.062300
58410,399,0,17895,44.849624,0.000000,30.000000,-1,61.768148,61.768148,-1,22,0,1534,15,0,689,1851,0,256,5.964768,2.915767,2.915767,1.000000,0.688209,-1,-1,-1,-1,-1,0.065012
58420,407,0,18496,45.444717,0.000000,30.000000,-1,61.774708,61.774708,-1,17,0,1691,15,0,707,1937,0,216,5.700923,2.762339,2.762339,1.000000,0.697294,-1,-1,-1,-1,-1,0.060785
58430,420,0,19258,45.852381,0.000000,30.000000,-1,61.772977,61.772977,-1,19,0,1716,21,0,729,1992,0,218,5.665799,2.760731,2.760731,1.000000,0.691724,-1,-1,-1,-1,-1,0.060209
58440,398,0,17847,44.841709,0.000000,30.000000,-1,61.784334,61.784334,-1,23,0,1422,18,0,720,1993,0,263,5.656566,2.759921,2.759921,1.000000,0.683908,-1,-1,-1,-1,-1,0.061548
58450,404,0,18477,45.735149,0.000000,30.000000,-1,61.775938,61.775938,-1,20,0,1667,20,0,693,1705,0,251,5.950590,2.871781,2.871781,1.000000,0.687779,-1,-1,-1,-1,-1,0.062792
58460,395,0,17723,44.868354,0.000000,30.000000,-1,61.790780,61.790780,-1,23,0,1467,18,0,700,1725,0,303,5.992400,2.942621,2.942621,1.000000,0.686859,-1,-1,-1,-1,-1,0.065583
58470,400,0,18477,46.192500,0.000000,30.000000,-1,61.835092,61.835092,-1,16,0,1466,20,0,702,2544,0,191,5.559885,2.748091,2.748091,1.000000,0.692278,-1,-1,-1,-1,-1,0.059492
58480,383,0,17352,45.305483,0.000000,30.000000,-1,61.878976,61.878976,-1,20,0,1461,22,0,715,1934,0,247,6.135814,2.956565,2.956565,1.000000,0.682346,-1,-1,-1,-1,-1,0.065258
58490,397,0,17933,45.171285,0.000000,30.000000,-1,61.873585,61.873585,-1,18,0,1693,28,0,680,2196,0,232,6.015954,2.863499,2.863499,1.000000,0.685600,-1,-1,-1,-1,-1,0.063392
58500,381,0,17382,45.622047,0.000000,30.000000,-1,61.896847,61.896847,-1,19,0,1411,18,0,669,1688,0,265,6.105207,2.978033,2.978033,1.000000,0.688529,-1,-1,-1,-1,-1,0.065276
58510,398,0,18573,46.665829,0.000000,30.000000,-1,61.857589,61.857589,-1,9,0,1657,25,0,675,1662,0,108,5.773870,2.880773,2.880773,1.000000,0.710572,-1,-1,-1,-1,-1,0.061732
58520,389,0,17759,45.652956,0.000000,30.000000,-1,61.854834,61.854834,-1,16,0,1489,21,0,666,1704,0,183,5.966226,2.933333,2.933333,1.000000,0.694966,-1,-1,-1,-1,-1,0.064253
58530,405,0,18520,45.728395,0.000000,30.000000,-1,61.849460,61.849460,-1,15,0,1846,14,0,675,1794,0,177,5.869657,2.764734,2.764734,1.000000,0.696158,-1,-1,-1,-1,-1,0.060460
58540,390,0,17752,45.517949,0.000000,30.000000,-1,61.848242,61.848242,-1,16,0,1753,20,0,703,1971,0,181,5.719816,2.720477,2.720477,1.000000,0.691589,-1,-1,-1,-1,-1,0.059767
58550,376,0,17142,45.590426,0.000000,30.000000,-1,61.856143,61.856143,-1,18,0,1632,15,0,650,1347,0,232,6.212863,3.021180,3.021180,1.000000,0.695420,-1,-1,-1,-1,-1,0.066268
58560,399,0,18162,45.518797,0.000000,30.000000,-1,61.881951,61.881951,-1,17,0,1660,20,0,670,2041,0,201,5.892281,2.897193,2.897193,1.000000,0.704166,-1,-1,-1,-1,-1,0.063648
58570,401,0,17835,44.476309,0.000000,30.000000,-1,61.894533,61.894533,-1,18,0,1762,24,0,626,1764,0,241,5.819018,2.674986,2.674986,1.000000,0.695659,-1,-1,-1,-1,-1,0.060144
58580,398,0,18281,45.932161,0.000000,30.000000,-1,61.946994,61.946994,-1,17,0,1469,25,0,666,1865,0,217,5.492002,2.823863,2.823863,1.000000,0.700366,-1,-1,-1,-1,-1,0.061479
58590,375,0,17537,46.765333,0.000000,30.000000,-1,61.955523,61.955523,-1,13,0,1790,28,0,700,1865,0,152,6.087545,2.966042,2.966042,1.000000,0.698399,-1,-1,-1,-1,-1,0.063424
58600,404,0,18528,45.861386,0.000000,30.000000,-1,61.991472,61.991472,-1,16,0,1493,18,0,661,2150,0,181,5.423266,2.715053,2.715053,1.000000,0.706340,-1,-1,-1,-1,-1,0.059201
58610,428,0,19467,45.483645,0.000000,30.000000,-1,62.022808,62.022808,-1,16,0,1747,16,0,752,1732,0,202,5.904187,2.803868,2.803868,1.000000,0.705229,-1,-1,-1,-1,-1,0.061646
58620,433,0,19456,44.933025,0.000000,30.000000,-1,62.033409,62.033409,-1,26,0,1711,18,0,693,2002,0,321,5.652934,2.757272,2.757272,1.000000,0.686511,-1,-1,-1,-1,-1,0.061364
58630,435,0,20023,46.029885,0.000000,30.000000,-1,62.050142,62.050142,-1,19,0,1509,17,0,762,2008,0,228,5.441570,2.815956,2.815956,1.000000,0.703508,-1,-1,-1,-1,-1,0.061177
58640,413,0,18993,45.987893,0.000000,30.000000,-1,62.042858,62.042858,-1,14,0,1688,18,0,762,1855,0,181,5.683566,2.820758,2.820758,1.000000,0.707261,-1,-1,-1,-1,-1,0.061337
58650,418,0,19460,46.555024,0.000000,30.000000,-1,61.998715,61.998715,-1,13,0,1709,16,0,714,1923,0,157,5.495175,2.750325,2.750325,1.000000,0.709238,-1,-1,-1,-1,-1,0.059077
58660,424,0,19620,46.273585,0.000000,30.000000,-1,61.978542,61.978542,-1,13,0,1804,25,0,802,2143,0,155,5.665733,2.689276,2.689276,1.000000,0.697384,-1,-1,-1,-1,-1,0.058117
58670,404,0,17987,44.522277,0.000000,30.000000,-1,62.014733,62.014733,-1,25,0,1505,19,0,674,1858,0,298,6.063831,2.970940,2.970940,1.000000,0.677445,-1,-1,-1,-1,-1,0.066729
58680,398,0,18288,45.949749,0.000000,30.000000,-1,62.005304,62.005304,-1,19,0,1659,14,0,702,1821,0,249,6.124057,2.917340,2.917340,1.000000,0.690477,-1,-1,-1,-1,-1,0.063490
58690,392,0,17935,45.752551,0.000000,30.000000,-1,61.993365,61.993365,-1,19,0,1538,21,0,724,2253,0,235,5.752116,2.879849,2.879849,1.000000,0.696254,-1,-1,-1,-1,-1,0.062944
58700,397,0,18006,45.355164,0.000000,30.000000,-1,62.012940,62.012940,-1,19,0,1611,20,0,701,2166,0,228,5.805302,2.823281,2.823281,1.000000,0.688711,-1,-1,-1,-1,-1,0.062248
58710,410,0,18751,45.734146,0.000000,30.000000,-1,61.992960,61.992960,-1,16,0,1876,15,0,786,1822,0,204,6.138307,2.884574,2.884574,1.000000,0.699572,-1,-1,-1,-1,-1,0.063073
58720,380,0,17570,46.236842,0.000000,30.000000,-1,62.045361,62.045361,-1,14,0,1509,26,0,646,1847,0,190,5.963631,2.982109,2.982109,1.000000,0.705437,-1,-1,-1,-1,-1,0.064496
58730,393,0,17917,45.590331,0.000000,30.000000,-1,62.100854,62.100854,-1,18,0,1592,24,0,697,1974,0,241,5.757513,2.903338,2.903338,1.000000,0.699707,-1,-1,-1,-1,-1,0.063683
58740,405,0,18428,45.501235,0.000000,30.000000,-1,62.107065,62.107065,-1,21,0,1647,18,0,692,1967,0,280,5.942876,2.892515,2.892515,1.000000,0.690479,-1,-1,-1,-1,-1,0.063570
58750,410,0,18195,44.378049,0.000000,30.000000,-1,62.150261,62.150261,-1,23,0,1745,17,0,720,1907,0,286,5.629986,2.735519,2.735519,1.000000,0.685732,-1,-1,-1,-1,-1,0.061641
58760,386,0,17598,45.590674,0.000000,30.000000,-1,62.145414,62.145414,-1,17,0,1443,16,0,666,1754,0,195,5.769356,2.912978,2.912978,1.000000,0.704539,-1,-1,-1,-1,-1,0.063894
58770,406,0,18171,44.756158,0.000000,30.000000,-1,62.140884,62.140884,-1,27,0,1672,26,0,717,1631,0,336,5.529027,2.751644,2.751644,1.000000,0.680793,-1,-1,-1,-1,-1,0.061481
58780,400,0,17927,44.817500,0.000000,30.000000,-1,62.120042,62.120042,-1,20,0,1571,19,0,648,1938,0,263,5.782160,2.829269,2.829269,1.000000,0.700962,-1,-1,-1,-1,-1,0.063129
58790,408,0,18187,44.575980,0.000000,30.000000,-1,62.101061,62.101061,-1,21,0,1672,22,0,765,2063,0,234,5.747931,2.796187,2.796187,1.000000,0.692882,-1,-1,-1,-1,-1,0.062729
58800,387,0,17845,46.111111,0.000000,30.000000,-1,62.111011,62.111011,-1,15,0,1671,15,0,635,1609,0,191,5.999051,2.893037,2.893037,1.000000,0.702724,-1,-1,-1,-1,-1,0.062741
58810,398,0,18130,45.552764,0.000000,30.000000,-1,62.143023,62.143023,-1,19,0,1726,20,0,695,1957,0,238,5.602319,2.724792,2.724792,1.000000,0.688781,-1,-1,-1,-1,-1,0.059816
58820,400,0,18085,45.212500,0.000000,30.000000,-1,62.141443,62.141443,-1,17,0,1710,23,0,685,1611,0,215,6.070457,2.870377,2.870377,1.000000,0.697818,-1,-1,-1,-1,-1,0.063486
58830,388,0,17209,44.353093,0.000000,30.000000,-1,62.180371,62.180371,-1,29,0,1409,15,0,623,1737,0,373,5.748641,2.937294,2.937294,1.000000,0.687138,-1,-1,-1,-1,-1,0.066225
58840,373,0,17238,46.214477,0.000000,30.000000,-1,62.176297,62.176297,-1,16,0,1460,17,0,624,1892,0,175,6.079597,3.130476,3.130476,1.000000,0.707733,-1,-1,-1,-1,-1,0.067738
58850,406,0,18322,45.128079,0.000000,30.000000,-1,62.199050,62.199050,-1,19,0,1507,19,0,702,1699,0,235,5.670695,2.773124,2.773124,1.000000,0.707573,-1,-1,-1,-1,-1,0.061450
58860,376,0,17672,47.000000,0.000000,30.000000,-1,62.244455,62.244455,-1,10,0,1335,20,0,673,1676,0,138,6.079285,3.125755,3.125755,1.000000,0.720362,-1,-1,-1,-1,-1,0.066505
58870,395,0,18065,45.734177,0.000000,30.000000,-1,62.283255,62.283255,-1,19,0,1557,17,0,676,1923,0,227,5.852197,3.057749,3.057749,1.000000,0.710732,-1,-1,-1,-1,-1,0.066859
58880,392,0,17603,44.905612,0.000000,30.000000,-1,62.320570,62.320570,-1,17,0,1627,28,0,617,1758,0,200,5.563466,2.719515,2.719515,1.000000,0.705184,-1,-1,-1,-1,-1,0.060561
58890,424,0,19390,45.731132,0.000000,30.000000,-1,62.328675,62.328675,-1,16,0,1673,12,0,763,1661,0,207,5.458730,2.719767,2.719767,1.000000,0.709052,-1,-1,-1,-1,-1,0.059473
58900,389,0,17890,45.989717,0.000000,30.000000,-1,62.370710,62.370710,-1,19,0,1380,23,0,728,1986,0,245,6.017870,3.012244,3.012244,1.000000,0.692103,-1,-1,-1,-1,-1,0.065498
58910,401,0,18635,46.471322,0.000000,30.000000,-1,62.297129,62.297129,-1,16,0,1504,16,0,695,2207,0,215,5.718316,2.925788,2.925788,1.000000,0.710647,-1,-1,-1,-1,-1,0.062959
58920,429,0,19776,46.097902,0.000000,30.000000,-1,62.342587,62.342587,-1,16,0,1816,17,0,795,1957,0,180,5.907127,2.937251,2.937251,1.000000,0.709369,-1,-1,-1,-1,-1,0.063718
58930,448,0,20331,45.381696,0.000000,30.000000,-1,62.354729,62.354729,-1,21,0,1893,17,0,787,2317,0,271,5.494109,2.668093,2.668093,1.000000,0.702744,-1,-1,-1,-1,-1,0.058792
58940,435,0,19610,45.080460,0.000000,30.000000,-1,62.347272,62.347272,-1,24,0,1760,23,0,731,2350,0,298,5.606802,2.757566,2.757566,1.000000,0.696412,-1,-1,-1,-1,-1,0.061170
58950,433,0,19300,44.572748,0.000000,30.000000,-1,62.344145,62.344145,-1,29,0,1729,11,0,757,2318,0,389,5.768193,2.806205,2.806205,1.000000,0.689369,-1,-1,-1,-1,-1,0.062958
58960,413,0,18682,45.234867,0.000000,30.000000,-1,62.345948,62.345948,-1,22,0,1914,19,0,670,1771,0,295,5.667574,2.705192,2.705192,1.000000,0.684967,-1,-1,-1,-1,-1,0.059803
58970,404,0,18262,45.202970,0.000000,30.000000,-1,62.373563,62.373563,-1,18,0,1851,24,0,735,1903,0,233,5.846604,2.745629,2.745629,1.000000,0.691515,-1,-1,-1,-1,-1,0.060740
58980,408,0,18850,46.200980,0.000000,30.000000,-1,62.412361,62.412361,-1,14,0,1668,17,0,664,1952,0,176,6.122577,2.993902,2.993902,1.000000,0.704503,-1,-1,-1,-1,-1,0.064802
58990,417,0,19132,45.880096,0.000000,30.000000,-1,62.411666,62.411666,-1,14,0,1868,17,0,764,1972,0,180,5.750014,2.774309,2.774309,1.000000,0.702818,-1,-1,-1,-1,-1,0.060469
59000,422,0,19227,45.561611,0.000000,30.000000,-1,62.418526,62.418526,-1,20,0,1998,12,0,748,2140,0,279,5.857265,2.851436,2.851436,1.000000,0.694872,-1,-1,-1,-1,-1,0.062584
59010,417,0,19054,45.693046,0.000000,30.000000,-1,62.436759,62.436759,-1,16,0,1829,22,0,750,1931,0,214,5.624747,2.755749,2.755749,1.000000,0.704531,-1,-1,-1,-1,-1,0.060310
59020,419,0,18902,45.112172,0.000000,30.000000,-1,62.431595,62.431595,-1,22,0,1674,22,0,736,2225,0,270,5.751930,2.945763,2.945763,1.000000,0.702744,-1,-1,-1,-1,-1,0.065299
59030,405,0,18698,46.167901,0.000000,30.000000,-1,62.412985,62.412985,-1,14,0,1634,18,0,708,1802,0,177,5.890913,2.971756,2.971756,1.000000,0.712673,-1,-1,-1,-1,-1,0.064368
59040,406,0,18384,45.280788,0.000000,30.000000,-1,62.413077,62.413077,-1,22,0,1718,16,0,657,2081,0,273,5.815806,2.853323,2.853323,1.000000,0.694266,-1,-1,-1,-1,-1,0.063014
59050,406,0,18520,45.615764,0.000000,30.000000,-1,62.403942,62.403942,-1,20,0,1756,28,0,700,1956,0,260,5.764380,2.831445,2.831445,1.000000,0.691897,-1,-1,-1,-1,-1,0.062072
59060,391,0,17903,45.787724,0.000000,30.000000,-1,62.411886,62.411886,-1,18,0,1419,22,0,712,1961,0,226,5.477987,2.795406,2.795406,1.000000,0.698664,-1,-1,-1,-1,-1,0.061051
59070,404,0,18439,45.641089,0.000000,30.000000,-1,62.392971,62.392971,-1,18,0,1639,18,0,698,2166,0,204,5.894936,2.921071,2.921071,1.000000,0.702287,-1,-1,-1,-1,-1,0.064001
59080,407,0,18817,46.233415,0.000000,30.000000,-1,62.426848,62.426848,-1,16,0,1577,23,0,715,1874,0,193,5.715448,2.840888,2.840888,1.000000,0.700010,-1,-1,-1,-1,-1,0.061447
59090,411,0,18650,45.377129,0.000000,30.000000,-1,62.407346,62.407346,-1,20,0,1619,20,0,706,1938,0,259,5.628082,2.779286,2.779286,1.000000,0.698944,-1,-1,-1,-1,-1,0.061249
59100,403,0,17998,44.660050,0.000000,30.000000,-1,62.443660,62.443660,-1,25,0,1716,24,0,720,1509,0,335,5.918642,2.821639,2.821639,1.000000,0.683098,-1,-1,-1,-1,-1,0.063180
59110,394,0,17769,45.098985,0.000000,30.000000,-1,62.492543,62.492543,-1,20,0,1785,19,0,646,1873,0,262,5.874776,2.934869,2.934869,1.000000,0.702364,-1,-1,-1,-1,-1,0.065076
59120,411,0,18536,45.099757,0.000000,30.000000,-1,62.497195,62.497195,-1,22,0,1569,22,0,724,1996,0,295,5.631147,2.843885,2.843885,1.000000,0.703551,-1,-1,-1,-1,-1,0.063058
59130,386,0,18216,47.191710,0.000000,30.000000,-1,62.445652,62.445652,-1,10,0,1497,28,0,714,1591,0,134,5.676010,2.803635,2.803635,1.000000,0.714642,-1,-1,-1,-1,-1,0.059409
59140,398,0,18028,45.296482,0.000000,30.000000,-1,62.431274,62.431274,-1,21,0,1614,15,0,701,1829,0,269,6.020193,3.069063,3.069063,1.000000,0.699271,-1,-1,-1,-1,-1,0.067755
59150,398,0,18136,45.567839,0.000000,30.000000,-1,62.435984,62.435984,-1,14,0,1712,23,0,634,2156,0,178,5.993513,2.902634,2.902634,1.000000,0.704436,-1,-1,-1,-1,-1,0.063699
59160,386,0,17741,45.961140,0.000000,30.000000,-1,62.425512,62.425512,-1,18,0,1597,25,0,705,1850,0,243,6.069396,3.009188,3.009188,1.000000,0.698056,-1,-1,-1,-1,-1,0.065472
59170,408,0,18541,45.443627,0.000000,30.000000,-1,62.457850,62.457850,-1,18,0,1788,15,0,718,2119,0,245,5.636625,2.751564,2.751564,1.000000,0.693300,-1,-1,-1,-1,-1,0.060549
59180,419,0,18774,44.806683,0.000000,30.000000,-1,62.480931,62.480931,-1,22,0,1696,9,0,746,2093,0,291,5.739435,2.671975,2.671975,1.000000,0.688192,-1,-1,-1,-1,-1,0.059633
59190,411,0,18789,45.715328,0.000000,30.000000,-1,62.443877,62.443877,-1,16,0,1692,14,0,725,2180,0,181,5.736205,2.817728,2.817728,1.000000,0.707320,-1,-1,-1,-1,-1,0.061636
59200,392,0,17661,45.053571,0.000000,30.000000,-1,62.423815,62.423815,-1,16,0,1830,25,0,672,1948,0,192,5.677150,2.744861,2.744861,1.000000,0.700728,-1,-1,-1,-1,-1,0.060924
59210,409,0,18635,45.562347,0.000000,30.000000,-1,62.441803,62.441803,-1,20,0,1569,17,0,746,2061,0,243,5.486718,2.745206,2.745206,1.000000,0.702012,-1,-1,-1,-1,-1,0.060252
59220,404,0,18251,45.175743,0.000000,30.000000,-1,62.385513,62.385513,-1,21,0,1434,22,0,641,2201,0,289,5.603907,2.847354,2.847354,1.000000,0.701019,-1,-1,-1,-1,-1,0.063028
59230,389,0,17695,45.488432,0.000000,30.000000,-1,62.405256,62.405256,-1,17,0,1520,14,0,693,1722,0,208,5.867704,2.883428,2.883428,1.000000,0.700899,-1,-1,-1,-1,-1,0.063388
59240,401,0,18376,45.825436,0.000000,30.000000,-1,62.351273,62.351273,-1,16,0,1766,20,0,738,2169,0,189,5.899797,2.949389,2.949389,1.000000,0.712264,-1,-1,-1,-1,-1,0.064361
59250,404,0,18121,44.853960,0.000000,30.000000,-1,62.402296,62.402296,-1,22,0,1483,23,0,688,1670,0,248,5.691995,2.822856,2.822856,1.000000,0.702950,-1,-1,-1,-1,-1,0.062934
59260,406,0,18501,45.568966,0.000000,30.000000,-1,62.442192,62.442192,-1,20,0,1653,21,0,688,1790,0,250,5.501779,2.801528,2.801528,1.000000,0.704996,-1,-1,-1,-1,-1,0.061479
59270,418,0,18747,44.849282,0.000000,30.000000,-1,62.462101,62.462101,-1,16,0,1528,13,0,699,2002,0,206,5.839877,2.828841,2.828841,1.000000,0.711224,-1,-1,-1,-1,-1,0.063074
59280,411,0,18992,46.209246,0.000000,30.000000,-1,62.497262,62.497262,-1,16,0,1602,25,0,761,1921,0,200,5.761326,2.934190,2.934190,1.000000,0.709149,-1,-1,-1,-1,-1,0.063498
59290,398,0,18212,45.758794,0.000000,30.000000,-1,62.512025,62.512025,-1,18,0,1381,20,0,731,2008,0,213,5.795092,2.985119,2.985119,1.000000,0.709724,-1,-1,-1,-1,-1,0.065236
59300,410,0,18752,45.736585,0.000000,30.000000,-1,62.488055,62.488055,-1,21,0,1609,23,0,727,1960,0,243,5.865028,2.986308,2.986308,1.000000,0.701605,-1,-1,-1,-1,-1,0.065294
59310,404,0,18251,45.175743,0.000000,30.000000,-1,62.506548,62.506548,-1,19,0,1549,24,0,707,1942,0,225,5.716328,2.908849,2.908849,1.000000,0.712520,-1,-1,-1,-1,-1,0.064390
59320,401,0,18264,45.546135,0.000000,30.000000,-1,62.517959,62.517959,-1,17,0,1712,23,0,701,2041,0,225,5.894204,2.923869,2.923869,1.000000,0.699855,-1,-1,-1,-1,-1,0.064196
59330,409,0,18816,46.004890,0.000000,30.000000,-1,62.472523,62.472523,-1,18,0,1651,18,0,699,2080,0,239,5.651049,2.853434,2.853434,1.000000,0.710026,-1,-1,-1,-1,-1,0.062025
59340,400,0,17952,44.880000,0.000000,30.000000,-1,62.482008,62.482008,-1,18,0,1701,21,0,732,1875,0,232,5.931435,2.898089,2.898089,1.000000,0.713744,-1,-1,-1,-1,-1,0.064574
59350,408,0,18511,45.370098,0.000000,30.000000,-1,62.500567,62.500567,-1,21,0,1610,18,0,697,2047,0,287,5.814873,2.908983,2.908983,1.000000,0.703278,-1,-1,-1,-1,-1,0.064117
59360,403,0,17953,44.548387,0.000000,30.000000,-1,62.512115,62.512115,-1,27,0,1755,22,0,640,1984,0,332,5.780803,2.877238,2.877238,1.000000,0.683012,-1,-1,-1,-1,-1,0.064587
59370,393,0,17909,45.569975,0.000000,30.000000,-1,62.500307,62.500307,-1,19,0,1416,26,0,642,1631,0,239,5.548876,2.877029,2.877029,1.000000,0.703811,-1,-1,-1,-1,-1,0.063134
59380,424,0,18845,44.445755,0.000000,30.000000,-1,62.500822,62.500822,-1,23,0,1960,22,0,792,2149,0,291,5.651826,2.784494,2.784494,1.000000,0.704441,-1,-1,-1,-1,-1,0.062649
59390,407,0,18262,44.869779,0.000000,30.000000,-1,62.551090,62.551090,-1,20,0,1634,31,0,695,2187,0,259,5.567169,2.755517,2.755517,1.000000,0.705702,-1,-1,-1,-1,-1,0.061411
59400,399,0,18117,45.406015,0.000000,30.000000,-1,62.607441,62.607441,-1,20,0,1462,20,0,665,1788,0,261,5.663747,2.827123,2.827123,1.000000,0.693142,-1,-1,-1,-1,-1,0.062263
59410,407,0,18677,45.889435,0.000000,30.000000,-1,62.600311,62.600311,-1,12,0,1923,12,0,710,2106,0,146,5.743112,2.777773,2.777773,1.000000,0.720973,-1,-1,-1,-1,-1,0.060532
59420,424,0,18920,44.622642,0.000000,30.000000,-1,62.557188,62.557188,-1,27,0,1794,17,0,687,2155,0,343,5.612744,2.758887,2.758887,1.000000,0.684518,-1,-1,-1,-1,-1,0.061827
59430,395,0,18196,46.065823,0.000000,30.000000,-1,62.587767,62.587767,-1,18,0,1542,15,0,688,1797,0,231,6.094165,3.087270,3.087270,1.000000,0.700121,-1,-1,-1,-1,-1,0.067019
59440,413,0,18703,45.285714,0.000000,30.000000,-1,62.588087,62.588087,-1,27,0,1471,22,0,701,2150,0,350,5.783962,3.011149,3.011149,1.000000,0.698263,-1,-1,-1,-1,-1,0.066492
59450,431,0,19382,44.969838,0.000000,30.000000,-1,62.580435,62.580435,-1,23,0,1760,26,0,707,2116,0,270,5.615857,2.724548,2.724548,1.000000,0.693488,-1,-1,-1,-1,-1,0.060586
59460,421,0,19220,45.653207,0.000000,30.000000,-1,62.616597,62.616597,-1,17,0,1685,15,0,762,1875,0,216,5.727874,2.730690,2.730690,1.000000,0.692424,-1,-1,-1,-1,-1,0.059814
59470,417,0,19018,45.606715,0.000000,30.000000,-1,62.664686,62.664686,-1,18,0,1711,14,0,742,1909,0,215,5.712480,2.877048,2.877048,1.000000,0.714025,-1,-1,-1,-1,-1,0.063084
59480,411,0,18613,45.287105,0.000000,30.000000,-1,62.670607,62.670607,-1,19,0,1742,17,0,708,2065,0,248,5.640567,2.757880,2.757880,1.000000,0.693882,-1,-1,-1,-1,-1,0.060898
59490,405,0,18362,45.338272,0.000000,30.000000,-1,62.705152,62.705152,-1,18,0,1473,15,0,663,2214,0,252,5.710854,2.918658,2.918658,1.000000,0.705287,-1,-1,-1,-1,-1,0.064375
59500,406,0,18231,44.903941,0.000000,30.000000,-1,62.670671,62.670671,-1,23,0,1635,15,0,697,1844,0,314,5.684942,2.889067,2.889067,1.000000,0.705269,-1,-1,-1,-1,-1,0.064339
59510,401,0,18394,45.870324,0.000000,30.000000,-1,62.675003,62.675003,-1,12,0,1812,25,0,677,2162,0,135,5.899875,2.917249,2.917249,1.000000,0.723220,-1,-1,-1,-1,-1,0.063598
59520,406,0,18359,45.219212,0.000000,30.000000,-1,62.713982,62.713982,-1,22,0,1687,21,0,711,1865,0,256,5.816458,2.915069,2.915069,1.000000,0.700716,-1,-1,-1,-1,-1,0.064465
59530,402,0,18144,45.134328,0.000000,30.000000,-1,62.696484,62.696484,-1,19,0,1743,16,0,715,1650,0,236,6.040057,3.033386,3.033386,1.000000,0.707303,-1,-1,-1,-1,-1,0.067208
59540,412,0,19140,46.456311,0.000000,30.000000,-1,62.697388,62.697388,-1,13,0,1568,20,0,747,1822,0,157,5.655784,2.887270,2.887270,1.000000,0.718864,-1,-1,-1,-1,-1,0.062150
59550,404,0,18637,46.131188,0.000000,30.000000,-1,62.716961,62.716961,-1,15,0,1706,27,0,652,1932,0,174,5.588617,2.850327,2.850327,1.000000,0.718847,-1,-1,-1,-1,-1,0.061787
59560,423,0,19296,45.617021,0.000000,30.000000,-1,62.699523,62.699523,-1,21,0,1538,17,0,745,2150,0,251,5.577647,2.930852,2.930852,1.000000,0.713505,-1,-1,-1,-1,-1,0.064249
59570,438,0,19938,45.520548,0.000000,30.000000,-1,62.710803,62.710803,-1,20,0,1722,20,0,776,2156,0,265,5.180530,2.636060,2.636060,1.000000,0.704988,-1,-1,-1,-1,-1,0.057909
59580,431,0,19609,45.496520,0.000000,30.000000,-1,62.716559,62.716559,-1,17,0,1896,14,0,750,2000,0,192,5.321566,2.703237,2.703237,1.000000,0.728136,-1,-1,-1,-1,-1,0.059416
59590,407,0,18399,45.206388,0.000000,30.000000,-1,62.707104,62.707104,-1,21,0,1674,17,0,741,2094,0,272,5.798426,2.896087,2.896087,1.000000,0.711677,-1,-1,-1,-1,-1,0.064064
59600,413,0,18755,45.411622,0.000000,30.000000,-1,62.700400,62.700400,-1,18,0,1822,14,0,707,2021,0,215,5.533450,2.738543,2.738543,1.000000,0.716214,-1,-1,-1,-1,-1,0.060305
59610,410,0,18996,46.331707,0.000000,30.000000,-1,62.714887,62.714887,-1,18,0,1462,20,0,714,2348,0,233,5.779541,3.180506,3.180506,1.000000,0.729658,-1,-1,-1,-1,-1,0.068646
59620,407,0,18653,45.830467,0.000000,30.000000,-1,62.698440,62.698440,-1,16,0,1666,21,0,750,2092,0,198,5.506439,2.826953,2.826953,1.000000,0.722073,-1,-1,-1,-1,-1,0.061683
59630,401,0,18821,46.935162,0.000000,30.000000,-1,62.720897,62.720897,-1,9,0,1642,15,0,717,2380,0,98,5.573967,2.842492,2.842492,1.000000,0.733837,-1,-1,-1,-1,-1,0.060562
59640,417,0,18711,44.870504,0.000000,30.000000,-1,62.732190,62.732190,-1,23,0,1755,23,0,702,1655,0,287,5.424639,2.810601,2.810601,1.000000,0.710544,-1,-1,-1,-1,-1,0.062638
59650,403,0,18127,44.980149,0.000000,30.000000,-1,62.814200,62.814200,-1,20,0,1602,21,0,713,1633,0,229,5.600078,2.790209,2.790209,1.000000,0.712596,-1,-1,-1,-1,-1,0.062032
59660,422,0,19152,45.383886,0.000000,30.000000,-1,62.875783,62.875783,-1,18,0,1811,16,0,723,1955,0,219,5.736545,2.861401,2.861401,1.000000,0.719739,-1,-1,-1,-1,-1,0.063049
59670,410,0,18372,44.809756,0.000000,30.000000,-1,62.837960,62.837960,-1,25,0,1756,23,0,693,1942,0,334,5.566229,2.904909,2.904909,1.000000,0.715197,-1,-1,-1,-1,-1,0.064828
59680,402,0,18351,45.649254,0.000000,30.000000,-1,62.820555,62.820555,-1,22,0,1413,26,0,683,1808,0,251,5.670072,3.066128,3.066128,1.000000,0.720270,-1,-1,-1,-1,-1,0.067167
59690,405,0,18861,46.570370,0.000000,30.000000,-1,62.839669,62.839669,-1,16,0,1689,15,0,761,1883,0,196,5.714838,2.987631,2.987631,1.000000,0.724462,-1,-1,-1,-1,-1,0.064153
59700,394,0,18000,45.685279,0.000000,30.000000,-1,62.877000,62.877000,-1,12,0,1705,22,0,733,1781,0,152,5.575509,2.734981,2.734981,1.000000,0.725477,-1,-1,-1,-1,-1,0.059866
59710,373,0,16964,45.479893,0.000000,30.000000,-1,62.923898,62.923898,-1,18,0,1601,17,0,622,1820,0,238,5.885686,2.997394,2.997394,1.000000,0.720762,-1,-1,-1,-1,-1,0.065906
59720,383,0,17265,45.078329,0.000000,30.000000,-1,62.965769,62.965769,-1,21,0,1618,19,0,646,1902,0,259,5.967933,3.026845,3.026845,1.000000,0.707937,-1,-1,-1,-1,-1,0.067146
59730,403,0,18488,45.875931,0.000000,30.000000,-1,62.944396,62.944396,-1,18,0,1668,17,0,710,1902,0,223,6.079942,3.092692,3.092692,1.000000,0.716658,-1,-1,-1,-1,-1,0.067414
59740,400,0,17953,44.882500,0.000000,30.000000,-1,62.981452,62.981452,-1,18,0,1639,17,0,665,1921,0,228,5.763833,2.932358,2.932358,1.000000,0.718661,-1,-1,-1,-1,-1,0.065334
59750,395,0,18177,46.017722,0.000000,30.000000,-1,63.027232,63.027232,-1,12,0,1756,20,0,680,1801,0,161,5.947343,2.965857,2.965857,1.000000,0.724858,-1,-1,-1,-1,-1,0.064450
59760,384,0,17555,45.716146,0.000000,30.000000,-1,63.040159,63.040159,-1,19,0,1565,25,0,596,1820,0,249,5.992559,3.067833,3.067833,1.000000,0.715768,-1,-1,-1,-1,-1,0.067106
59770,409,0,18916,46.249389,0.000000,30.000000,-1,63.023948,63.023948,-1,16,0,1795,18,0,678,1894,0,221,5.497306,2.819727,2.819727,1.000000,0.729120,-1,-1,-1,-1,-1,0.060968
59780,409,0,18746,45.833741,0.000000,30.000000,-1,63.033127,63.033127,-1,18,0,1629,19,0,710,1760,0,255,5.776618,3.022078,3.022078,1.000000,0.722209,-1,-1,-1,-1,-1,0.065936
59790,390,0,17876,45.835897,0.000000,30.000000,-1,63.015272,63.015272,-1,15,0,1644,27,0,707,2037,0,187,5.451146,2.723457,2.723457,1.000000,0.720884,-1,-1,-1,-1,-1,0.059418
59800,410,0,18562,45.273171,0.000000,30.000000,-1,63.037604,63.037604,-1,26,0,1650,15,0,675,1927,0,326,5.488340,2.855563,2.855563,1.000000,0.712165,-1,-1,-1,-1,-1,0.063074
59810,405,0,18218,44.982716,0.000000,30.000000,-1,63.095565,63.095565,-1,20,0,1605,21,0,720,1646,0,231,5.615078,2.845416,2.845416,1.000000,0.713659,-1,-1,-1,-1,-1,0.063256
59820,413,0,18667,45.198547,0.000000,30.000000,-1,63.131944,63.131944,-1,22,0,1615,23,0,677,1932,0,272,5.675537,2.884765,2.884765,1.000000,0.714975,-1,-1,-1,-1,-1,0.063824
59830,395,0,17577,44.498734,0.000000,30.000000,-1,63.191159,63.191159,-1,26,0,1491,25,0,742,1547,0,311,5.590913,2.903039,2.903039,1.000000,0.706109,-1,-1,-1,-1,-1,0.065239
59840,390,0,17713,45.417949,0.000000,30.000000,-1,63.194546,63.194546,-1,21,0,1529,16,0,699,1590,0,272,5.902763,2.991742,2.991742,1.000000,0.713600,-1,-1,-1,-1,-1,0.065871
59850,397,0,18451,46.476071,0.000000,30.000000,-1,63.203837,63.203837,-1,12,0,1516,23,0,699,2177,0,149,5.369837,2.874556,2.874556,1.000000,0.739706,-1,-1,-1,-1,-1,0.061850
59860,405,0,18312,45.214815,0.000000,30.000000,-1,63.215760,63.215760,-1,22,0,1532,17,0,757,1822,0,250,5.548065,2.879919,2.879919,1.000000,0.720893,-1,-1,-1,-1,-1,0.063694
59870,396,0,17812,44.979798,0.000000,30.000000,-1,63.263362,63.263362,-1,22,0,1669,20,0,605,2151,0,281,5.633274,2.907190,2.907190,1.000000,0.716115,-1,-1,-1,-1,-1,0.064633
59880,397,0,18062,45.496222,0.000000,30.000000,-1,63.289337,63.289337,-1,19,0,1663,31,0,601,2273,0,233,5.946091,3.085455,3.085455,1.000000,0.720886,-1,-1,-1,-1,-1,0.067818
59890,393,0,17807,45.310433,0.000000,30.000000,-1,63.322570,63.322570,-1,21,0,1326,28,0,626,1725,0,266,5.373766,2.850516,2.850516,1.000000,0.718792,-1,-1,-1,-1,-1,0.062911
59900,411,0,18597,45.248175,0.000000,30.000000,-1,63.355434,63.355434,-1,21,0,1841,19,0,749,1900,0,262,5.818794,2.966398,2.966398,1.000000,0.723924,-1,-1,-1,-1,-1,0.065558
59910,430,0,19461,45.258140,0.000000,30.000000,-1,63.391090,63.391090,-1,24,0,1931,13,0,730,2206,0,267,5.343130,2.784833,2.784833,1.000000,0.724582,-1,-1,-1,-1,-1,0.061532
59920,403,0,18571,46.081886,0.000000,30.000000,-1,63.406925,63.406925,-1,18,0,1536,18,0,732,1611,0,243,5.841713,3.059859,3.059859,1.000000,0.721243,-1,-1,-1,-1,-1,0.066400
59930,406,0,18677,46.002463,0.000000,30.000000,-1,63.441024,63.441024,-1,20,0,1533,17,0,707,1822,0,242,5.584028,3.033847,3.033847,1.000000,0.732224,-1,-1,-1,-1,-1,0.065950
59940,400,0,18393,45.982500,0.000000,30.000000,-1,63.479258,63.479258,-1,14,0,1741,23,0,728,1416,0,172,5.769882,3.004820,3.004820,1.000000,0.738541,-1,-1,-1,-1,-1,0.065347
59950,397,0,17969,45.261965,0.000000,30.000000,-1,63.539819,63.539819,-1,20,0,1916,17,0,701,1524,0,249,5.813756,2.993729,2.993729,1.000000,0.732425,-1,-1,-1,-1,-1,0.066142
59960,393,0,18119,46.104326,0.000000,30.000000,-1,63.524919,63.524919,-1,10,0,1748,24,0,705,2047,0,127,5.445711,2.788386,2.788386,1.000000,0.748255,-1,-1,-1,-1,-1,0.060480
59970,388,0,17869,46.054124,0.000000,30.000000,-1,63.597347,63.597347,-1,14,0,1510,16,0,709,1939,0,161,5.573907,2.979113,2.979113,1.000000,0.749947,-1,-1,-1,-1,-1,0.064687
59980,375,0,16897,45.058667,0.000000,30.000000,-1,63.597325,63.597325,-1,21,0,1410,15,0,657,1729,0,268,5.821923,3.112045,3.112045,1.000000,0.730002,-1,-1,-1,-1,-1,0.069067
59990,404,0,18144,44.910891,0.000000,30.000000,-1,63.599372,63.599372,-1,24,0,1709,16,0,670,1963,0,279,5.482534,2.841724,2.841724,1.000000,0.719793,-1,-1,-1,-1,-1,0.063275
60000,415,0,18691,45.038554,0.000000,30.000000,-1,63.642662,63.642662,-1,27,0,1626,20,0,687,2152,0,376,5.547282,2.882437,2.882437,1.000000,0.708352,-1,-1,-1,-1,-1,0.063999
60010,400,0,18150,45.375000,0.000000,30.000000,-1,63.668815,63.668815,-1,20,0,1756,19,0,721,1416,0,247,5.882346,3.120769,3.120769,1.000000,0.733178,-1,-1,-1,-1,-1,0.068777
60020,393,0,18069,45.977099,0.000000,30.000000,-1,63.666611,63.666611,-1,18,0,1539,25,0,702,1855,0,221,5.601480,3.092450,3.092450,1.000000,0.742919,-1,-1,-1,-1,-1,0.067261
60030,395,0,17686,44.774684,0.000000,30.000000,-1,63.735667,63.735667,-1,27,0,1496,20,0,710,1893,0,335,5.573205,3.037524,3.037524,1.000000,0.721802,-1,-1,-1,-1,-1,0.067840
60040,405,0,18316,45.224691,0.000000,30.000000,-1,63.765233,63.765233,-1,19,0,1696,17,0,696,1805,0,238,5.655855,2.912282,2.912282,1.000000,0.729555,-1,-1,-1,-1,-1,0.064396
60050,417,0,18837,45.172662,0.000000,30.000000,-1,63.788289,63.788289,-1,23,0,1740,15,0,671,1965,0,295,5.761047,3.021431,3.021431,1.000000,0.733065,-1,-1,-1,-1,-1,0.066886
60060,416,0,18838,45.283654,0.000000,30.000000,-1,63.807411,63.807411,-1,25,0,1679,16,0,711,1995,0,287,5.629844,2.956007,2.956007,1.000000,0.721129,-1,-1,-1,-1,-1,0.065278
60070,404,0,18415,45.581683,0.000000,30.000000,-1,63.810752,63.810752,-1,15,0,1584,16,0,727,2005,0,198,5.854667,3.057875,3.057875,1.000000,0.735069,-1,-1,-1,-1,-1,0.067086
60080,388,0,17795,45.863402,0.000000,30.000000,-1,63.800112,63.800112,-1,17,0,1490,15,0,739,1809,0,227,5.627997,3.066714,3.066714,1.000000,0.735956,-1,-1,-1,-1,-1,0.066866
60090,405,0,18370,45.358025,0.000000,30.000000,-1,63.790419,63.790419,-1,20,0,1528,28,0,677,2358,0,277,5.523021,2.997379,2.997379,1.000000,0.736857,-1,-1,-1,-1,-1,0.066083
60100,416,0,19099,45.911058,0.000000,30.000000,-1,63.824703,63.824703,-1,17,0,1818,24,0,699,2285,0,217,5.620470,2.920968,2.920968,1.000000,0.729984,-1,-1,-1,-1,-1,0.063622
60110,434,0,20050,46.198157,0.000000,30.000000,-1,63.862793,63.862793,-1,14,0,1858,10,0,765,2201,0,157,5.558379,2.904755,2.904755,1.000000,0.742425,-1,-1,-1,-1,-1,0.062876
60120,419,0,18827,44.933174,0.000000,30.000000,-1,63.895841,63.895841,-1,24,0,1627,16,0,703,1459,0,294,5.852123,3.003088,3.003088,1.000000,0.717393,-1,-1,-1,-1,-1,0.066835
60130,406,0,18418,45.364532,0.000000,30.000000,-1,63.964003,63.964003,-1,18,0,1725,17,0,677,2053,0,238,5.737918,2.957954,2.957954,1.000000,0.735961,-1,-1,-1,-1,-1,0.065204
60140,418,0,18884,45.177033,0.000000,30.000000,-1,63.979877,63.979877,-1,24,0,1670,18,0,734,2214,0,269,5.414889,2.854876,2.854876,1.000000,0.725747,-1,-1,-1,-1,-1,0.063193
60150,389,0,17742,45.609254,0.000000,30.000000,-1,63.996111,63.996111,-1,15,0,1636,28,0,630,1659,0,198,5.572736,2.937118,2.937118,1.000000,0.734643,-1,-1,-1,-1,-1,0.064397
60160,411,0,18476,44.953771,0.000000,30.000000,-1,63.986036,63.986036,-1,23,0,1600,15,0,797,1911,0,298,5.403138,2.833451,2.833451,1.000000,0.722644,-1,-1,-1,-1,-1,0.063030
60170,385,0,17686,45.937662,0.000000,30.000000,-1,63.990331,63.990331,-1,15,0,1650,19,0,613,1583,0,175,5.986278,3.114897,3.114897,1.000000,0.730731,-1,-1,-1,-1,-1,0.067807
60180,385,0,17540,45.558442,0.000000,30.000000,-1,63.995325,63.995325,-1,22,0,1557,22,0,673,1976,0,242,5.698791,3.137449,3.137449,1.000000,0.731970,-1,-1,-1,-1,-1,0.068866
60190,390,0,17730,45.461538,0.000000,30.000000,-1,64.017090,64.017090,-1,16,0,1678,18,0,639,1984,0,226,5.993755,3.072729,3.072729,1.000000,0.739083,-1,-1,-1,-1,-1,0.067590
60200,399,0,18513,46.398496,0.000000,30.000000,-1,64.047156,64.047156,-1,15,0,1549,12,0,640,2105,0,183,5.775690,3.100309,3.100309,1.000000,0.742160,-1,-1,-1,-1,-1,0.066819
60210,401,0,18147,45.254364,0.000000,30.000000,-1,64.066843,64.066843,-1,22,0,1489,12,0,735,2032,0,273,5.815825,3.093212,3.093212,1.000000,0.732358,-1,-1,-1,-1,-1,0.068352
60220,407,0,19114,46.963145,0.000000,30.000000,-1,64.089986,64.089986,-1,15,0,1564,15,0,701,2069,0,202,5.586745,3.115782,3.115782,1.000000,0.743943,-1,-1,-1,-1,-1,0.066345
60230,404,0,18031,44.631188,0.000000,30.000000,-1,64.124009,64.124009,-1,25,0,1808,16,0,666,2122,0,329,5.702546,3.009971,3.009971,1.000000,0.729753,-1,-1,-1,-1,-1,0.067441
60240,394,0,17711,44.951777,0.000000,30.000000,-1,64.176388,64.176388,-1,23,0,1652,26,0,691,1905,0,277,5.675916,3.070035,3.070035,1.000000,0.734314,-1,-1,-1,-1,-1,0.068296
60250,420,0,19232,45.790476,0.000000,30.000000,-1,64.245684,64.245684,-1,16,0,1754,13,0,689,1900,0,199,5.429114,2.897757,2.897757,1.000000,0.751531,-1,-1,-1,-1,-1,0.063283
60260,424,0,19119,45.091981,0.000000,30.000000,-1,64.263508,64.263508,-1,21,0,1840,13,0,730,1951,0,270,5.413245,2.802950,2.802950,1.000000,0.738062,-1,-1,-1,-1,-1,0.062161
60270,411,0,19260,46.861314,0.000000,30.000000,-1,64.303427,64.303427,-1,13,0,1625,21,0,724,1868,0,175,5.492125,2.997737,2.997737,1.000000,0.751065,-1,-1,-1,-1,-1,0.063970
60280,408,0,18484,45.303922,0.000000,30.000000,-1,64.316977,64.316977,-1,22,0,1621,23,0,743,1954,0,267,5.693178,3.124282,3.124282,1.000000,0.744051,-1,-1,-1,-1,-1,0.068963
60290,411,0,18376,44.710462,0.000000,30.000000,-1,64.370102,64.370102,-1,20,0,1635,25,0,681,1688,0,255,5.567403,2.899229,2.899229,1.000000,0.731000,-1,-1,-1,-1,-1,0.064845
60300,402,0,17815,44.315920,0.000000,30.000000,-1,64.388942,64.388942,-1,27,0,1715,14,0,710,1696,0,326,5.874027,3.110218,3.110218,1.000000,0.720058,-1,-1,-1,-1,-1,0.070183
60310,405,0,18415,45.469136,0.000000,30.000000,-1,64.405485,64.405485,-1,21,0,1658,16,0,703,1972,0,289,5.707747,3.117415,3.117415,1.000000,0.747211,-1,-1,-1,-1,-1,0.068561
60320,429,0,19750,46.037296,0.000000,30.000000,-1,64.428152,64.428152,-1,17,0,1692,21,0,794,2202,0,218,5.471847,3.020661,3.020661,1.000000,0.748469,-1,-1,-1,-1,-1,0.065613
60330,430,0,19354,45.009302,0.000000,30.000000,-1,64.448951,64.448951,-1,17,0,1868,17,0,805,1808,0,223,5.418188,2.779930,2.779930,1.000000,0.742445,-1,-1,-1,-1,-1,0.061763
60340,404,0,18647,46.155941,0.000000,30.000000,-1,64.428916,64.428916,-1,13,0,1751,16,0,731,2016,0,179,5.709498,3.016810,3.016810,1.000000,0.751741,-1,-1,-1,-1,-1,0.065361
60350,391,0,17938,45.877238,0.000000,30.000000,-1,64.396923,64.396923,-1,19,0,1738,22,0,703,1522,0,272,5.466880,2.867671,2.867671,1.000000,0.737687,-1,-1,-1,-1,-1,0.062507
60360,395,0,17529,44.377215,0.000000,30.000000,-1,64.379600,64.379600,-1,30,0,1563,26,0,659,1988,0,356,5.565963,2.933736,2.933736,1.000000,0.710361,-1,-1,-1,-1,-1,0.066109
60370,421,0,18993,45.114014,0.000000,30.000000,-1,64.390460,64.390460,-1,22,0,1696,16,0,734,1761,0,278,5.616287,2.920587,2.920587,1.000000,0.733414,-1,-1,-1,-1,-1,0.064738
60380,393,0,17844,45.404580,0.000000,30.000000,-1,64.374524,64.374524,-1,19,0,1505,21,0,696,1491,0,252,5.997279,3.154666,3.154666,1.000000,0.733965,-1,-1,-1,-1,-1,0.069479
60390,401,0,18315,45.673317,0.000000,30.000000,-1,64.424352,64.424352,-1,19,0,1517,13,0,702,1802,0,231,5.722194,3.147299,3.147299,1.000000,0.738714,-1,-1,-1,-1,-1,0.068909
60400,400,0,18628,46.570000,0.000000,30.000000,-1,64.406753,64.406753,-1,13,0,1672,20,0,687,2224,0,155,5.498610,2.874128,2.874128,1.000000,0.744937,-1,-1,-1,-1,-1,0.061716
60410,403,0,18392,45.637717,0.000000,30.000000,-1,64.409689,64.409689,-1,21,0,1726,15,0,699,1994,0,263,5.763683,3.185449,3.185449,1.000000,0.745213,-1,-1,-1,-1,-1,0.069799
60420,387,0,17922,46.310078,0.000000,30.000000,-1,64.432764,64.432764,-1,14,0,1493,16,0,716,1831,0,171,5.940486,3.238814,3.238814,1.000000,0.758364,-1,-1,-1,-1,-1,0.069938
60430,418,0,18753,44.863636,0.000000,30.000000,-1,64.432891,64.432891,-1,26,0,1789,17,0,748,2013,0,324,5.747754,3.062226,3.062226,1.000000,0.728625,-1,-1,-1,-1,-1,0.068256
60440,407,0,18152,44.599509,0.000000,30.000000,-1,64.438850,64.438850,-1,20,0,1768,19,0,739,1647,0,244,5.641974,2.889206,2.889206,1.000000,0.738571,-1,-1,-1,-1,-1,0.064781
60450,412,0,18854,45.762136,0.000000,30.000000,-1,64.475496,64.475496,-1,21,0,1511,15,0,742,1902,0,244,5.527147,3.034920,3.034920,1.000000,0.741446,-1,-1,-1,-1,-1,0.066319
60460,396,0,18045,45.568182,0.000000,30.000000,-1,64.491549,64.491549,-1,16,0,1724,26,0,670,2182,0,182,5.366395,2.872963,2.872963,1.000000,0.751334,-1,-1,-1,-1,-1,0.063048
60470,394,0,17788,45.147208,0.000000,30.000000,-1,64.505284,64.505284,-1,15,0,1711,22,0,716,1839,0,215,5.743592,3.076205,3.076205,1.000000,0.745595,-1,-1,-1,-1,-1,0.068137
60480,392,0,17922,45.719388,0.000000,30.000000,-1,64.508537,64.508537,-1,18,0,1487,14,0,717,2005,0,246,5.591878,3.144517,3.144517,1.000000,0.752554,-1,-1,-1,-1,-1,0.068779
60490,424,0,18877,44.521226,0.000000,30.000000,-1,64.443132,64.443132,-1,26,0,1780,19,0,762,2252,0,321,5.455015,2.916166,2.916166,1.000000,0.733580,-1,-1,-1,-1,-1,0.065501
60500,418,0,18712,44.765550,0.000000,30.000000,-1,64.469378,64.469378,-1,25,0,1718,21,0,692,2119,0,319,5.559753,2.992784,2.992784,1.000000,0.734671,-1,-1,-1,-1,-1,0.066855
60510,403,0,18249,45.282878,0.000000,30.000000,-1,64.503918,64.503918,-1,19,0,1570,18,0,712,1828,0,240,5.568113,2.924975,2.924975,1.000000,0.746130,-1,-1,-1,-1,-1,0.064593
60520,399,0,18582,46.571429,0.000000,30.000000,-1,64.478689,64.478689,-1,12,0,1691,25,0,703,1996,0,156,5.484697,3.014528,3.014528,1.000000,0.765787,-1,-1,-1,-1,-1,0.064729
60530,405,0,18361,45.335802,0.000000,30.000000,-1,64.487283,64.487283,-1,25,0,1452,17,0,748,1622,0,335,5.554386,3.065367,3.065367,1.000000,0.739055,-1,-1,-1,-1,-1,0.067615
60540,431,0,19413,45.041763,0.000000,30.000000,-1,64.492144,64.492144,-1,21,0,1905,18,0,748,2007,0,280,5.273471,2.814475,2.814475,1.000000,0.752545,-1,-1,-1,-1,-1,0.062486
60550,420,0,18871,44.930952,0.000000,30.000000,-1,64.496158,64.496158,-1,25,0,1784,15,0,718,1876,0,332,5.463304,2.945313,2.945313,1.000000,0.737168,-1,-1,-1,-1,-1,0.065552
60560,391,0,17947,45.900256,0.000000,30.000000,-1,64.570012,64.570012,-1,17,0,1575,19,0,643,1736,0,211,5.760682,3.166854,3.166854,1.000000,0.757621,-1,-1,-1,-1,-1,0.068994
60570,399,0,18082,45.318296,0.000000,30.000000,-1,64.575821,64.575821,-1,16,0,1552,17,0,637,1949,0,199,5.468873,3.052430,3.052430,1.000000,0.754865,-1,-1,-1,-1,-1,0.067355
60580,408,0,18380,45.049020,0.000000,30.000000,-1,64.599782,64.599782,-1,21,0,1534,14,0,678,1885,0,257,5.337516,2.896961,2.896961,1.000000,0.746980,-1,-1,-1,-1,-1,0.064307
60590,414,0,18571,44.857488,0.000000,30.000000,-1,64.595229,64.595229,-1,28,0,1701,23,0,811,2064,0,348,5.640731,3.110131,3.110131,1.000000,0.733916,-1,-1,-1,-1,-1,0.069334
60600,400,0,18175,45.437500,0.000000,30.000000,-1,64.620853,64.620853,-1,19,0,1621,28,0,665,1920,0,236,5.873852,3.203609,3.203609,1.000000,0.747949,-1,-1,-1,-1,-1,0.070506
60610,399,0,18147,45.481203,0.000000,30.000000,-1,64.580812,64.580812,-1,21,0,1646,14,0,687,1513,0,274,5.522076,3.023931,3.023931,1.000000,0.743018,-1,-1,-1,-1,-1,0.066488
60620,420,0,18942,45.100000,0.000000,30.000000,-1,64.623535,64.623535,-1,25,0,1673,15,0,707,2376,0,324,5.644206,3.125635,3.125635,1.000000,0.741931,-1,-1,-1,-1,-1,0.069305
60630,423,0,19177,45.335697,0.000000,30.000000,-1,64.620118,64.620118,-1,25,0,1568,19,0,694,2152,0,330,5.459942,3.044392,3.044392,1.000000,0.740593,-1,-1,-1,-1,-1,0.067152
60640,401,0,18325,45.698254,0.000000,30.000000,-1,64.604038,64.604038,-1,21,0,1544,19,0,696,1520,0,273,5.540444,3.042266,3.042266,1.000000,0.744703,-1,-1,-1,-1,-1,0.066573
60650,390,0,18330,47.000000,0.000000,30.000000,-1,64.606056,64.606056,-1,9,0,1487,13,0,605,1938,0,119,5.661817,3.148195,3.148195,1.000000,0.770177,-1,-1,-1,-1,-1,0.066983
60660,399,0,18339,45.962406,0.000000,30.000000,-1,64.618463,64.618463,-1,18,0,1607,21,0,714,1600,0,217,5.534949,3.039821,3.039821,1.000000,0.745960,-1,-1,-1,-1,-1,0.066137
60670,402,0,18291,45.500000,0.000000,30.000000,-1,64.657427,64.657427,-1,17,0,1634,19,0,712,2059,0,212,5.450577,2.981667,2.981667,1.000000,0.757599,-1,-1,-1,-1,-1,0.065531
60680,430,0,19344,44.986047,0.000000,30.000000,-1,64.681865,64.681865,-1,24,0,1730,16,0,745,1897,0,301,5.551612,3.075631,3.075631,1.000000,0.741957,-1,-1,-1,-1,-1,0.068369
60690,412,0,18888,45.844660,0.000000,30.000000,-1,64.664549,64.664549,-1,22,0,1564,17,0,729,2078,0,274,5.310991,2.949584,2.949584,1.000000,0.739538,-1,-1,-1,-1,-1,0.064339
60700,403,0,18536,45.995037,0.000000,30.000000,-1,64.690117,64.690117,-1,22,0,1683,19,0,742,1541,0,278,5.689110,3.162834,3.162834,1.000000,0.751808,-1,-1,-1,-1,-1,0.068765
60710,414,0,18909,45.673913,0.000000,30.000000,-1,64.692633,64.692633,-1,16,0,1571,25,0,725,2021,0,195,5.235860,2.897968,2.897968,1.000000,0.762199,-1,-1,-1,-1,-1,0.063449
60720,402,0,18494,46.004975,0.000000,30.000000,-1,64.677409,64.677409,-1,18,0,1585,18,0,662,1438,0,212,5.461968,3.040401,3.040401,1.000000,0.757326,-1,-1,-1,-1,-1,0.066089
60730,388,0,18080,46.597938,0.000000,30.000000,-1,64.664878,64.664878,-1,11,0,1738,23,0,629,1817,0,128,5.348023,2.945853,2.945853,1.000000,0.766079,-1,-1,-1,-1,-1,0.063219
60740,398,0,18042,45.331658,0.000000,30.000000,-1,64.722037,64.722037,-1,19,0,1748,19,0,711,1808,0,241,6.028159,3.288903,3.288903,1.000000,0.757910,-1,-1,-1,-1,-1,0.072552
60750,388,0,17627,45.430412,0.000000,30.000000,-1,64.759517,64.759517,-1,17,0,1719,27,0,658,2070,0,217,5.792375,3.090418,3.090418,1.000000,0.750114,-1,-1,-1,-1,-1,0.068025
60760,386,0,17690,45.829016,0.000000,30.000000,-1,64.730017,64.730017,-1,12,0,1712,20,0,674,2000,0,137,6.007131,3.184455,3.184455,1.000000,0.763976,-1,-1,-1,-1,-1,0.069486
60770,397,0,18013,45.372796,0.000000,30.000000,-1,64.752346,64.752346,-1,22,0,1507,14,0,725,2108,0,277,5.376816,3.098655,3.098655,1.000000,0.756087,-1,-1,-1,-1,-1,0.068293
60780,390,0,17833,45.725641,0.000000,30.000000,-1,64.775192,64.775192,-1,16,0,1676,21,0,665,2254,0,190,5.681356,3.111929,3.111929,1.000000,0.761553,-1,-1,-1,-1,-1,0.068057
60790,394,0,18175,46.129442,0.000000,30.000000,-1,64.796259,64.796259,-1,15,0,1562,18,0,696,2064,0,188,5.649209,3.086651,3.086651,1.000000,0.755595,-1,-1,-1,-1,-1,0.066913
60800,396,0,18133,45.790404,0.000000,30.000000,-1,64.841946,64.841946,-1,13,0,1745,19,0,717,1897,0,180,5.436721,2.900580,2.900580,1.000000,0.765228,-1,-1,-1,-1,-1,0.063345
60810,401,0,18458,46.029925,0.000000,30.000000,-1,64.908603,64.908603,-1,14,0,1715,25,0,694,2116,0,179,5.662244,3.122461,3.122461,1.000000,0.764724,-1,-1,-1,-1,-1,0.067835
60820,388,0,17353,44.724227,0.000000,30.000000,-1,64.901919,64.901919,-1,24,0,1523,18,0,701,2215,0,301,5.684132,3.148833,3.148833,1.000000,0.747243,-1,-1,-1,-1,-1,0.070406
60830,417,0,18964,45.477218,0.000000,30.000000,-1,64.873181,64.873181,-1,13,0,1774,15,0,750,2121,0,162,5.677998,3.079453,3.079453,1.000000,0.773632,-1,-1,-1,-1,-1,0.067714
60840,412,0,18388,44.631068,0.000000,30.000000,-1,64.892321,64.892321,-1,28,0,1862,21,0,726,2084,0,334,5.590085,3.019716,3.019716,1.000000,0.740355,-1,-1,-1,-1,-1,0.067660
60850,402,0,18362,45.676617,0.000000,30.000000,-1,64.900174,64.900174,-1,22,0,1717,21,0,750,1900,0,266,5.686671,3.102241,3.102241,1.000000,0.744921,-1,-1,-1,-1,-1,0.067917
60860,416,0,19028,45.740385,0.000000,30.000000,-1,64.885432,64.885432,-1,17,0,1843,23,0,775,1858,0,226,5.920485,3.216420,3.216420,1.000000,0.760564,-1,-1,-1,-1,-1,0.070319
60870,408,0,18521,45.394608,0.000000,30.000000,-1,64.933265,64.933265,-1,19,0,1787,21,0,709,1664,0,250,5.448929,2.880280,2.880280,1.000000,0.755516,-1,-1,-1,-1,-1,0.063450
60880,385,0,17629,45.789610,0.000000,30.000000,-1,64.953826,64.953826,-1,17,0,1544,21,0,660,2063,0,241,5.800162,3.241397,3.241397,1.000000,0.768509,-1,-1,-1,-1,-1,0.070789
60890,380,0,17624,46.378947,0.000000,30.000000,-1,64.922208,64.922208,-1,11,0,1554,16,0,685,1835,0,147,5.687869,3.189074,3.189074,1.000000,0.781911,-1,-1,-1,-1,-1,0.068761
60900,403,0,18317,45.451613,0.000000,30.000000,-1,64.936398,64.936398,-1,16,0,1699,16,0,714,2193,0,216,5.529705,3.155159,3.155159,1.000000,0.780740,-1,-1,-1,-1,-1,0.069418
60910,404,0,18068,44.722772,0.000000,30.000000,-1,64.945705,64.945705,-1,25,0,1588,25,0,680,1781,0,342,5.238810,2.952255,2.952255,1.000000,0.751899,-1,-1,-1,-1,-1,0.066012
60920,388,0,17393,44.827320,0.000000,30.000000,-1,64.943483,64.943483,-1,25,0,1391,21,0,668,2054,0,330,5.413638,3.167302,3.167302,1.000000,0.766145,-1,-1,-1,-1,-1,0.070656
60930,399,0,17914,44.897243,0.000000,30.000000,-1,64.938875,64.938875,-1,24,0,1727,15,0,643,2004,0,316,5.799067,3.187566,3.187566,1.000000,0.750701,-1,-1,-1,-1,-1,0.070997
60940,398,0,18019,45.273869,0.000000,30.000000,-1,64.987402,64.987402,-1,23,0,1816,18,0,638,1591,0,284,5.633351,3.126759,3.126759,1.000000,0.754051,-1,-1,-1,-1,-1,0.069063
60950,387,0,17664,45.643411,0.000000,30.000000,-1,64.993093,64.993093,-1,20,0,1440,19,0,688,1897,0,235,5.460860,3.136654,3.136654,1.000000,0.768432,-1,-1,-1,-1,-1,0.068721
60960,396,0,17938,45.297980,0.000000,30.000000,-1,64.995875,64.995875,-1,19,0,1847,15,0,673,1667,0,238,5.712688,3.136819,3.136819,1.000000,0.763829,-1,-1,-1,-1,-1,0.069249
60970,400,0,18122,45.305000,0.000000,30.000000,-1,64.992606,64.992606,-1,19,0,1568,18,0,680,1983,0,240,5.370214,3.035084,3.035084,1.000000,0.765650,-1,-1,-1,-1,-1,0.066992
60980,380,0,17194,45.247368,0.000000,30.000000,-1,65.027684,65.027684,-1,21,0,1573,16,0,701,1718,0,262,5.768209,3.239435,3.239435,1.000000,0.756357,-1,-1,-1,-1,-1,0.071594
60990,387,0,17932,46.335917,0.000000,30.000000,-1,65.054372,65.054372,-1,19,0,1499,16,0,705,1791,0,248,5.373754,3.124216,3.124216,1.000000,0.761867,-1,-1,-1,-1,-1,0.067425
61000,394,0,17855,45.317259,0.000000,30.000000,-1,65.055615,65.055615,-1,21,0,1444,19,0,686,1790,0,235,5.579730,3.165254,3.165254,1.000000,0.762718,-1,-1,-1,-1,-1,0.069847
61010,373,0,16945,45.428954,0.000000,30.000000,-1,65.071939,65.071939,-1,24,0,1624,14,0,682,1534,0,293,5.723074,3.220626,3.220626,1.000000,0.748053,-1,-1,-1,-1,-1,0.070894
61020,408,0,18418,45.142157,0.000000,30.000000,-1,65.074275,65.074275,-1,19,0,1830,14,0,681,1731,0,245,5.670308,3.011064,3.011064,1.000000,0.758525,-1,-1,-1,-1,-1,0.066702
61030,398,0,18271,45.907035,0.000000,30.000000,-1,65.085710,65.085710,-1,18,0,1545,17,0,707,1927,0,225,5.171790,2.921653,2.921653,1.000000,0.762350,-1,-1,-1,-1,-1,0.063643
61040,399,0,18091,45.340852,0.000000,30.000000,-1,65.103753,65.103753,-1,19,0,1561,17,0,686,2015,0,255,5.675687,3.219766,3.219766,1.000000,0.766750,-1,-1,-1,-1,-1,0.071012
61050,428,0,19579,45.745327,0.000000,30.000000,-1,65.096941,65.096941,-1,18,0,1485,13,0,763,1848,0,218,5.363468,3.085019,3.085019,1.000000,0.764763,-1,-1,-1,-1,-1,0.067439
61060,424,0,19128,45.113208,0.000000,30.000000,-1,65.056671,65.056671,-1,24,0,1779,16,0,794,1874,0,309,5.650966,3.044564,3.044564,1.000000,0.746669,-1,-1,-1,-1,-1,0.067487
61070,412,0,18761,45.536408,0.000000,30.000000,-1,65.026438,65.026438,-1,20,0,1748,13,0,738,2586,0,251,5.695775,3.120568,3.120568,1.000000,0.758692,-1,-1,-1,-1,-1,0.068529
61080,401,0,17991,44.865337,0.000000,30.000000,-1,65.064977,65.064977,-1,26,0,1435,22,0,673,1796,0,343,5.589121,3.229804,3.229804,1.000000,0.751700,-1,-1,-1,-1,-1,0.071989
61090,399,0,17910,44.887218,0.000000,30.000000,-1,65.085315,65.085315,-1,23,0,1533,15,0,665,1749,0,271,5.350859,3.040536,3.040536,1.000000,0.762008,-1,-1,-1,-1,-1,0.067737
61100,389,0,17867,45.930591,0.000000,30.000000,-1,65.122348,65.122348,-1,18,0,1427,16,0,722,2098,0,253,5.747830,3.279590,3.279590,1.000000,0.765881,-1,-1,-1,-1,-1,0.071403
61110,404,0,18437,45.636139,0.000000,30.000000,-1,65.114606,65.114606,-1,18,0,1803,24,0,706,1970,0,230,5.613072,3.111999,3.111999,1.000000,0.762927,-1,-1,-1,-1,-1,0.068192
61120,415,0,19048,45.898795,0.000000,30.000000,-1,65.131720,65.131720,-1,17,0,1773,20,0,735,2375,0,213,5.644980,3.201033,3.201033,1.000000,0.771500,-1,-1,-1,-1,-1,0.069741
61130,421,0,19065,45.285036,0.000000,30.000000,-1,65.130921,65.130921,-1,27,0,1568,23,0,745,2039,0,334,5.403596,3.094085,3.094085,1.000000,0.750582,-1,-1,-1,-1,-1,0.068325
61140,417,0,18908,45.342926,0.000000,30.000000,-1,65.111963,65.111963,-1,23,0,1725,16,0,794,2063,0,289,5.539217,3.117858,3.117858,1.000000,0.756630,-1,-1,-1,-1,-1,0.068762
61150,408,0,18711,45.860294,0.000000,30.000000,-1,65.133451,65.133451,-1,17,0,1657,23,0,726,2192,0,190,5.608205,3.101762,3.101762,1.000000,0.774213,-1,-1,-1,-1,-1,0.067635
61160,382,0,17252,45.162304,0.000000,30.000000,-1,65.161373,65.161373,-1,16,0,1799,13,0,689,1746,0,228,5.903393,3.186485,3.186485,1.000000,0.768583,-1,-1,-1,-1,-1,0.070556
61170,384,0,17548,45.697917,0.000000,30.000000,-1,65.208343,65.208343,-1,18,0,1741,27,0,700,1759,0,233,5.964089,3.262225,3.262225,1.000000,0.763362,-1,-1,-1,-1,-1,0.071387
61180,393,0,18267,46.480916,0.000000,30.000000,-1,65.205015,65.205015,-1,14,0,1810,19,0,689,1991,0,171,6.006891,3.410533,3.410533,1.000000,0.785640,-1,-1,-1,-1,-1,0.073375
61190,407,0,18310,44.987715,0.000000,30.000000,-1,65.199672,65.199672,-1,23,0,1519,22,0,719,1874,0,301,5.472622,3.075640,3.075640,1.000000,0.764671,-1,-1,-1,-1,-1,0.068366
61200,393,0,17936,45.638677,0.000000,30.000000,-1,65.205564,65.205564,-1,19,0,1503,26,0,707,1879,0,237,5.755697,3.318216,3.318216,1.000000,0.772264,-1,-1,-1,-1,-1,0.072706
61210,390,0,17755,45.525641,0.000000,30.000000,-1,65.163391,65.163391,-1,24,0,1538,16,0,714,1717,0,288,5.777846,3.384180,3.384180,1.000000,0.763992,-1,-1,-1,-1,-1,0.074336
61220,400,0,18506,46.265000,0.000000,30.000000,-1,65.134227,65.134227,-1,17,0,1672,17,0,705,1776,0,215,5.353170,2.983497,2.983497,1.000000,0.769483,-1,-1,-1,-1,-1,0.064487
61230,402,0,18220,45.323383,0.000000,30.000000,-1,65.144566,65.144566,-1,18,0,1661,21,0,697,1696,0,204,5.657676,3.241519,3.241519,1.000000,0.773779,-1,-1,-1,-1,-1,0.071520
61240,408,0,18943,46.428922,0.000000,30.000000,-1,65.159003,65.159003,-1,16,0,1688,21,0,769,2273,0,196,5.517610,3.150341,3.150341,1.000000,0.777444,-1,-1,-1,-1,-1,0.067853
61250,406,0,18242,44.931034,0.000000,30.000000,-1,65.185451,65.185451,-1,28,0,1487,23,0,788,2029,0,351,5.611134,3.310869,3.310869,1.000000,0.757616,-1,-1,-1,-1,-1,0.073688
61260,409,0,18844,46.073350,0.000000,30.000000,-1,65.214445,65.214445,-1,19,0,1522,17,0,670,2017,0,248,5.474285,3.124330,3.124330,1.000000,0.772642,-1,-1,-1,-1,-1,0.067812
61270,380,0,17403,45.797368,0.000000,30.000000,-1,65.255588,65.255588,-1,19,0,1409,17,0,655,1428,0,232,5.798069,3.413836,3.413836,1.000000,0.780748,-1,-1,-1,-1,-1,0.074542
61280,397,0,18126,45.657431,0.000000,30.000000,-1,65.220512,65.220512,-1,19,0,1651,14,0,672,1632,0,279,5.555701,3.255982,3.255982,1.000000,0.778535,-1,-1,-1,-1,-1,0.071313
61290,402,0,18298,45.517413,0.000000,30.000000,-1,65.215269,65.215269,-1,21,0,1629,19,0,725,1907,0,269,5.583394,3.247570,3.247570,1.000000,0.775223,-1,-1,-1,-1,-1,0.071348
61300,396,0,18157,45.851010,0.000000,30.000000,-1,65.243377,65.243377,-1,20,0,1327,22,0,627,1789,0,281,5.236483,3.203271,3.203271,1.000000,0.775206,-1,-1,-1,-1,-1,0.069863
61310,404,0,18747,46.403465,0.000000,30.000000,-1,65.258228,65.258228,-1,13,0,1584,25,0,723,1891,0,145,5.243797,3.040856,3.040856,1.000000,0.793978,-1,-1,-1,-1,-1,0.065531
61320,407,0,18184,44.678133,0.000000,30.000000,-1,65.244171,65.244171,-1,21,0,1746,32,0,697,1969,0,273,5.227229,2.942772,2.942772,1.000000,0.778290,-1,-1,-1,-1,-1,0.065866
61330,400,0,17966,44.915000,0.000000,30.000000,-1,65.223255,65.223255,-1,26,0,1678,18,0,651,1855,0,358,5.626108,3.265558,3.265558,1.000000,0.772266,-1,-1,-1,-1,-1,0.072705
61340,385,0,17600,45.714286,0.000000,30.000000,-1,65.210795,65.210795,-1,17,0,1417,24,0,666,1770,0,220,5.572259,3.262950,3.262950,1.000000,0.773239,-1,-1,-1,-1,-1,0.071377
61350,401,0,18340,45.735661,0.000000,30.000000,-1,65.198964,65.198964,-1,18,0,1349,13,0,695,1856,0,234,5.410966,3.216394,3.216394,1.000000,0.777692,-1,-1,-1,-1,-1,0.070326
61360,412,0,18549,45.021845,0.000000,30.000000,-1,65.240390,65.240390,-1,24,0,1516,17,0,752,1768,0,309,5.705814,3.343539,3.343539,1.000000,0.773741,-1,-1,-1,-1,-1,0.074265
61370,406,0,19080,46.995074,0.000000,30.000000,-1,65.259801,65.259801,-1,12,0,1511,13,0,691,2143,0,145,5.451522,3.226874,3.226874,1.000000,0.797879,-1,-1,-1,-1,-1,0.068664
61380,400,0,17955,44.887500,0.000000,30.000000,-1,65.289613,65.289613,-1,23,0,1640,22,0,735,1570,0,315,5.378369,3.078000,3.078000,1.000000,0.782622,-1,-1,-1,-1,-1,0.068571
61390,388,0,17911,46.162371,0.000000,30.000000,-1,65.351907,65.351907,-1,17,0,1555,23,0,660,1890,0,228,5.430281,3.207360,3.207360,1.000000,0.789593,-1,-1,-1,-1,-1,0.069480
61400,403,0,18164,45.071960,0.000000,30.000000,-1,65.346179,65.346179,-1,22,0,1581,19,0,678,1330,0,250,5.443203,3.171355,3.171355,1.000000,0.781340,-1,-1,-1,-1,-1,0.070362
61410,400,0,18448,46.120000,0.000000,30.000000,-1,65.361015,65.361015,-1,16,0,1391,33,0,726,1864,0,209,5.450538,3.302795,3.302795,1.000000,0.791690,-1,-1,-1,-1,-1,0.071613
61420,383,0,17574,45.885117,0.000000,30.000000,-1,65.338739,65.338739,-1,20,0,1489,26,0,736,1805,0,258,5.347806,3.181536,3.181536,1.000000,0.778105,-1,-1,-1,-1,-1,0.069337
61430,405,0,18554,45.812346,0.000000,30.000000,-1,65.342083,65.342083,-1,20,0,1680,25,0,678,2003,0,228,5.286317,3.050073,3.050073,1.000000,0.782299,-1,-1,-1,-1,-1,0.066578
61440,406,0,18157,44.721675,0.000000,30.000000,-1,65.343669,65.343669,-1,27,0,1681,22,0,741,2092,0,334,5.336354,3.061019,3.061019,1.000000,0.764212,-1,-1,-1,-1,-1,0.068446
61450,396,0,17909,45.224747,0.000000,30.000000,-1,65.375845,65.375845,-1,21,0,1590,15,0,642,1817,0,275,5.432827,3.134453,3.134453,1.000000,0.778833,-1,-1,-1,-1,-1,0.069308
61460,393,0,17937,45.641221,0.000000,30.000000,-1,65.394882,65.394882,-1,20,0,1588,15,0,695,1689,0,262,5.605797,3.316170,3.316170,1.000000,0.785042,-1,-1,-1,-1,-1,0.072657
61470,383,0,17497,45.684073,0.000000,30.000000,-1,65.345659,65.345659,-1,19,0,1620,22,0,659,1743,0,231,5.419533,3.230349,3.230349,1.000000,0.790332,-1,-1,-1,-1,-1,0.070711
61480,389,0,17877,45.956298,0.000000,30.000000,-1,65.355597,65.355597,-1,14,0,1628,16,0,669,2108,0,173,5.679585,3.287853,3.287853,1.000000,0.794724,-1,-1,-1,-1,-1,0.071543
61490,395,0,18165,45.987342,0.000000,30.000000,-1,65.411946,65.411946,-1,14,0,1795,19,0,758,1759,0,156,5.561975,3.242486,3.242486,1.000000,0.802199,-1,-1,-1,-1,-1,0.070508
61500,410,0,18967,46.260976,0.000000,30.000000,-1,65.397796,65.397796,-1,19,0,1694,20,0,701,2047,0,248,5.318217,3.194907,3.194907,1.000000,0.792271,-1,-1,-1,-1,-1,0.069063
61510,393,0,18237,46.404580,0.000000,30.000000,-1,65.397598,65.397598,-1,15,0,1617,20,0,655,1782,0,188,5.488939,3.232859,3.232859,1.000000,0.791375,-1,-1,-1,-1,-1,0.069667
61520,395,0,18153,45.956962,0.000000,30.000000,-1,65.399714,65.399714,-1,14,0,1577,24,0,636,2207,0,191,5.429654,3.149008,3.149008,1.000000,0.797881,-1,-1,-1,-1,-1,0.068521
61530,400,0,18446,46.115000,0.000000,30.000000,-1,65.422422,65.422422,-1,15,0,1470,17,0,737,1656,0,199,5.176577,3.071756,3.071756,1.000000,0.793137,-1,-1,-1,-1,-1,0.066611
61540,388,0,18027,46.461340,0.000000,30.000000,-1,65.423088,65.423088,-1,14,0,1746,20,0,708,1995,0,183,5.615974,3.254669,3.254669,1.000000,0.789235,-1,-1,-1,-1,-1,0.070051
61550,390,0,17429,44.689744,0.000000,30.000000,-1,65.421195,65.421195,-1,23,0,1608,22,0,659,1677,0,281,5.537910,3.221919,3.221919,1.000000,0.783542,-1,-1,-1,-1,-1,0.072095
61560,387,0,17864,46.160207,0.000000,30.000000,-1,65.440999,65.440999,-1,21,0,1228,27,0,663,1500,0,251,5.458941,3.458064,3.458064,1.000000,0.786475,-1,-1,-1,-1,-1,0.074914
61570,413,0,18956,45.898305,0.000000,30.000000,-1,65.463336,65.463336,-1,18,0,1694,13,0,733,2012,0,252,5.298550,3.140975,3.140975,1.000000,0.793038,-1,-1,-1,-1,-1,0.068433
61580,404,0,18379,45.492574,0.000000,30.000000,-1,65.484575,65.484575,-1,21,0,1642,17,0,739,1738,0,269,5.546463,3.221924,3.221924,1.000000,0.776442,-1,-1,-1,-1,-1,0.070823
61590,398,0,17944,45.085427,0.000000,30.000000,-1,65.473027,65.473027,-1,23,0,1579,20,0,680,1862,0,292,5.535606,3.211463,3.211463,1.000000,0.780237,-1,-1,-1,-1,-1,0.071231
61600,390,0,17720,45.435897,0.000000,30.000000,-1,65.442212,65.442212,-1,18,0,1517,18,0,703,1702,0,221,5.544121,3.282252,3.282252,1.000000,0.787789,-1,-1,-1,-1,-1,0.072239
61610,406,0,18660,45.960591,0.000000,30.000000,-1,65.455734,65.455734,-1,16,0,1645,15,0,713,1843,0,223,5.314851,3.095189,3.095189,1.000000,0.791322,-1,-1,-1,-1,-1,0.067344
61620,425,0,19290,45.388235,0.000000,30.000000,-1,65.450544,65.450544,-1,23,0,1921,20,0,739,2085,0,291,5.288469,3.081167,3.081167,1.000000,0.776950,-1,-1,-1,-1,-1,0.067885
61630,428,0,19403,45.334112,0.000000,30.000000,-1,65.449003,65.449003,-1,18,0,1957,17,0,747,2003,0,247,5.376724,3.071726,3.071726,1.000000,0.792315,-1,-1,-1,-1,-1,0.067757
61640,412,0,18695,45.376214,0.000000,30.000000,-1,65.515218,65.515218,-1,23,0,1745,16,0,693,2195,0,296,5.276012,3.039772,3.039772,1.000000,0.773889,-1,-1,-1,-1,-1,0.066990
61650,398,0,18313,46.012563,0.000000,30.000000,-1,65.529678,65.529678,-1,19,0,1527,16,0,742,1551,0,216,5.610002,3.327184,3.327184,1.000000,0.786482,-1,-1,-1,-1,-1,0.072310
61660,392,0,18140,46.275510,0.000000,30.000000,-1,65.588093,65.588093,-1,17,0,1577,14,0,670,1456,0,233,5.739489,3.381867,3.381867,1.000000,0.789670,-1,-1,-1,-1,-1,0.073081
61670,405,0,18279,45.133333,0.000000,30.000000,-1,65.610537,65.610537,-1,23,0,1438,24,0,665,1834,0,307,5.577711,3.274729,3.274729,1.000000,0.776620,-1,-1,-1,-1,-1,0.072557
61680,406,0,18446,45.433498,0.000000,30.000000,-1,65.586089,65.586089,-1,21,0,1613,18,0,703,2362,0,272,5.380754,3.247383,3.247383,1.000000,0.781087,-1,-1,-1,-1,-1,0.071476
61690,402,0,17753,44.161692,0.000000,30.000000,-1,65.543514,65.543514,-1,19,0,1878,22,0,695,2075,0,276,5.453610,2.905191,2.905191,1.000000,0.777379,-1,-1,-1,-1,-1,0.065785
61700,373,0,16994,45.560322,0.000000,30.000000,-1,65.542897,65.542897,-1,20,0,1344,23,0,630,1788,0,257,5.604831,3.316911,3.316911,1.000000,0.772712,-1,-1,-1,-1,-1,0.072803
61710,402,0,18439,45.868159,0.000000,30.000000,-1,65.542600,65.542600,-1,14,0,1925,20,0,679,1880,0,190,5.655549,3.162622,3.162622,1.000000,0.790971,-1,-1,-1,-1,-1,0.068950
61720,427,0,19103,44.737705,0.000000,30.000000,-1,65.541538,65.541538,-1,21,0,1896,12,0,785,1884,0,274,5.336613,3.044674,3.044674,1.000000,0.777906,-1,-1,-1,-1,-1,0.068056
61730,407,0,18464,45.366093,0.000000,30.000000,-1,65.554809,65.554809,-1,20,0,1711,31,0,729,1906,0,261,5.221682,2.983712,2.983712,1.000000,0.774323,-1,-1,-1,-1,-1,0.065770
61740,379,0,17461,46.071240,0.000000,30.000000,-1,65.570815,65.570815,-1,15,0,1431,14,0,677,1632,0,198,5.698671,3.401593,3.401593,1.000000,0.796777,-1,-1,-1,-1,-1,0.073833
61750,407,0,18280,44.914005,0.000000,30.000000,-1,65.636980,65.636980,-1,26,0,1471,22,0,701,1932,0,320,5.068375,2.994688,2.994688,1.000000,0.772182,-1,-1,-1,-1,-1,0.066676
61760,424,0,19104,45.056604,0.000000,30.000000,-1,65.644734,65.644734,-1,20,0,1735,12,0,740,2448,0,235,5.438368,3.061969,3.061969,1.000000,0.788074,-1,-1,-1,-1,-1,0.067958
61770,405,0,18872,46.597531,0.000000,30.000000,-1,65.605447,65.605447,-1,10,0,1686,30,0,689,2120,0,137,5.397749,3.131116,3.131116,1.000000,0.806456,-1,-1,-1,-1,-1,0.067195
61780,412,0,18864,45.786408,0.000000,30.000000,-1,65.648325,65.648325,-1,14,0,1836,25,0,719,2119,0,169,5.282411,3.020871,3.020871,1.000000,0.795394,-1,-1,-1,-1,-1,0.065977
61790,400,0,18505,46.262500,0.000000,30.000000,-1,65.667333,65.667333,-1,15,0,1524,23,0,707,2239,0,166,5.256620,3.198023,3.198023,1.000000,0.796623,-1,-1,-1,-1,-1,0.069128
61800,408,0,18816,46.117647,0.000000,30.000000,-1,65.709715,65.709715,-1,16,0,1752,22,0,674,1730,0,203,5.535563,3.256046,3.256046,1.000000,0.794853,-1,-1,-1,-1,-1,0.070603
61810,398,0,18130,45.552764,0.000000,30.000000,-1,65.750855,65.750855,-1,21,0,1614,21,0,692,1730,0,261,5.374445,3.180592,3.180592,1.000000,0.786673,-1,-1,-1,-1,-1,0.069822
61820,401,0,17695,44.127182,0.000000,30.000000,-1,65.752133,65.752133,-1,24,0,1729,19,0,712,1637,0,263,5.771861,3.199520,3.199520,1.000000,0.771432,-1,-1,-1,-1,-1,0.072507
61830,419,0,18994,45.331742,0.000000,30.000000,-1,65.768927,65.768927,-1,19,0,1595,17,0,681,1677,0,229,5.423415,3.167220,3.167220,1.000000,0.790274,-1,-1,-1,-1,-1,0.069868
61840,432,0,19098,44.208333,0.000000,30.000000,-1,65.787622,65.787622,-1,28,0,1889,20,0,774,1872,0,355,5.254649,3.064685,3.064685,1.000000,0.776499,-1,-1,-1,-1,-1,0.069324
61850,399,0,18447,46.233083,0.000000,30.000000,-1,65.758335,65.758335,-1,19,0,1599,18,0,673,1730,0,225,5.440977,3.229031,3.229031,1.000000,0.785021,-1,-1,-1,-1,-1,0.069842
61860,395,0,18335,46.417722,0.000000,30.000000,-1,65.729370,65.729370,-1,17,0,1442,22,0,682,2004,0,216,5.665386,3.446247,3.446247,1.000000,0.798675,-1,-1,-1,-1,-1,0.074244
61870,383,0,17639,46.054830,0.000000,30.000000,-1,65.704405,65.704405,-1,15,0,1388,29,0,659,2006,0,207,5.368887,3.268562,3.268562,1.000000,0.794502,-1,-1,-1,-1,-1,0.070971
61880,387,0,17741,45.842377,0.000000,30.000000,-1,65.693197,65.693197,-1,15,0,1820,24,0,675,1901,0,189,5.764930,3.235931,3.235931,1.000000,0.794746,-1,-1,-1,-1,-1,0.070588
61890,394,0,18060,45.837563,0.000000,30.000000,-1,65.719214,65.719214,-1,19,0,1551,17,0,655,2057,0,221,5.552924,3.323557,3.323557,1.000000,0.780056,-1,-1,-1,-1,-1,0.072507
61900,389,0,17706,45.516710,0.000000,30.000000,-1,65.701005,65.701005,-1,14,0,1824,16,0,689,1891,0,175,5.688395,3.209757,3.209757,1.000000,0.796591,-1,-1,-1,-1,-1,0.070518
61910,399,0,18177,45.556391,0.000000,30.000000,-1,65.699345,65.699345,-1,21,0,1429,17,0,608,1974,0,292,5.757850,3.490608,3.490608,1.000000,0.787886,-1,-1,-1,-1,-1,0.076622
61920,418,0,19109,45.715311,0.000000,30.000000,-1,65.705793,65.705793,-1,16,0,1785,22,0,763,2153,0,210,5.216977,3.089129,3.089129,1.000000,0.802396,-1,-1,-1,-1,-1,0.067573
61930,414,0,18868,45.574879,0.000000,30.000000,-1,65.672090,65.672090,-1,23,0,1524,18,0,717,2023,0,267,5.389486,3.197241,3.197241,1.000000,0.777204,-1,-1,-1,-1,-1,0.070154
61940,397,0,17885,45.050378,0.000000,30.000000,-1,65.694045,65.694045,-1,23,0,1672,19,0,736,1972,0,299,5.637906,3.221516,3.221516,1.000000,0.772982,-1,-1,-1,-1,-1,0.071509
61950,378,0,17446,46.153439,0.000000,30.000000,-1,65.699415,65.699415,-1,12,0,1478,19,0,615,1637,0,123,5.476655,3.321405,3.321405,1.000000,0.812591,-1,-1,-1,-1,-1,0.071964
61960,379,0,17297,45.638522,0.000000,30.000000,-1,65.703301,65.703301,-1,18,0,1595,10,0,662,2557,0,190,6.126516,3.626342,3.626342,1.000000,0.792165,-1,-1,-1,-1,-1,0.079458
61970,414,0,18989,45.867150,0.000000,30.000000,-1,65.727684,65.727684,-1,15,0,1744,19,0,748,1371,0,217,5.464431,3.203156,3.203156,1.000000,0.802571,-1,-1,-1,-1,-1,0.069836
61980,401,0,18166,45.301746,0.000000,30.000000,-1,65.749587,65.749587,-1,19,0,1751,17,0,690,1569,0,219,5.374985,3.129666,3.129666,1.000000,0.782470,-1,-1,-1,-1,-1,0.069085
61990,402,0,18251,45.400498,0.000000,30.000000,-1,65.753493,65.753493,-1,20,0,1562,17,0,652,2044,0,266,5.293368,3.258812,3.258812,1.000000,0.793265,-1,-1,-1,-1,-1,0.071779
62000,408,0,19154,46.946078,0.000000,30.000000,-1,65.763653,65.763653,-1,10,0,1764,23,0,718,2108,0,132,5.204531,3.180448,3.180448,1.000000,0.815371,-1,-1,-1,-1,-1,0.067747
62010,397,0,17626,44.397985,0.000000,30.000000,-1,65.757234,65.757234,-1,27,0,1893,25,0,768,1490,0,325,5.616368,3.197954,3.197954,1.000000,0.773486,-1,-1,-1,-1,-1,0.072029
62020,374,0,16834,45.010695,0.000000,30.000000,-1,65.777712,65.777712,-1,22,0,1566,21,0,627,1589,0,247,5.489259,3.274259,3.274259,1.000000,0.788830,-1,-1,-1,-1,-1,0.072744
62030,397,0,18139,45.690176,0.000000,30.000000,-1,65.788853,65.788853,-1,15,0,1718,19,0,667,2406,0,194,5.434065,3.264987,3.264987,1.000000,0.813092,-1,-1,-1,-1,-1,0.071459
62040,419,0,18891,45.085919,0.000000,30.000000,-1,65.822667,65.822667,-1,26,0,1793,18,0,730,1978,0,341,5.374509,3.261813,3.261813,1.000000,0.789734,-1,-1,-1,-1,-1,0.072347
62050,410,0,18727,45.675610,0.000000,30.000000,-1,65.851872,65.851872,-1,20,0,1734,24,0,692,2176,0,257,5.239142,3.076305,3.076305,1.000000,0.801698,-1,-1,-1,-1,-1,0.067351
62060,409,0,18554,45.364303,0.000000,30.000000,-1,65.881212,65.881212,-1,20,0,1626,19,0,702,2305,0,256,5.518805,3.292931,3.292931,1.000000,0.797187,-1,-1,-1,-1,-1,0.072589
62070,394,0,18103,45.946701,0.000000,30.000000,-1,65.892725,65.892725,-1,21,0,1452,22,0,668,1690,0,275,5.486406,3.392250,3.392250,1.000000,0.797574,-1,-1,-1,-1,-1,0.073830
62080,395,0,18381,46.534177,0.000000,30.000000,-1,65.897503,65.897503,-1,14,0,1699,21,0,702,2083,0,167,5.535902,3.355851,3.355851,1.000000,0.812275,-1,-1,-1,-1,-1,0.072116
62090,384,0,17787,46.320312,0.000000,30.000000,-1,65.888795,65.888795,-1,17,0,1544,20,0,697,1948,0,200,5.442502,3.331804,3.331804,1.000000,0.803667,-1,-1,-1,-1,-1,0.071930
62100,398,0,18300,45.979899,0.000000,30.000000,-1,65.896066,65.896066,-1,15,0,1533,25,0,621,1831,0,177,5.641594,3.441201,3.441201,1.000000,0.815613,-1,-1,-1,-1,-1,0.074841
62110,400,0,18302,45.755000,0.000000,30.000000,-1,65.924380,65.924380,-1,19,0,1588,19,0,756,2280,0,221,5.398902,3.311931,3.311931,1.000000,0.797118,-1,-1,-1,-1,-1,0.072384
62120,404,0,18625,46.101485,0.000000,30.000000,-1,65.936752,65.936752,-1,21,0,1509,15,0,729,2462,0,274,5.305200,3.320330,3.320330,1.000000,0.793205,-1,-1,-1,-1,-1,0.072022
62130,399,0,18322,45.919799,0.000000,30.000000,-1,65.970855,65.970855,-1,17,0,1628,20,0,716,1901,0,220,5.410949,3.337708,3.337708,1.000000,0.802137,-1,-1,-1,-1,-1,0.072686
62140,404,0,18422,45.599010,0.000000,30.000000,-1,66.012268,66.012268,-1,16,0,1795,17,0,724,2105,0,204,5.345754,3.166269,3.166269,1.000000,0.809052,-1,-1,-1,-1,-1,0.069437
62150,406,0,18803,46.312808,0.000000,30.000000,-1,66.033239,66.033239,-1,14,0,1654,18,0,708,1891,0,170,5.385880,3.262724,3.262724,1.000000,0.813577,-1,-1,-1,-1,-1,0.070450
62160,422,0,19124,45.317536,0.000000,30.000000,-1,66.038956,66.038956,-1,24,0,1688,23,0,783,2125,0,295,5.213681,3.231816,3.231816,1.000000,0.806562,-1,-1,-1,-1,-1,0.071315
62170,399,0,17794,44.596491,0.000000,30.000000,-1,66.080252,66.080252,-1,22,0,1663,18,0,686,2177,0,277,5.264472,3.215060,3.215060,1.000000,0.808870,-1,-1,-1,-1,-1,0.072092
62180,391,0,17810,45.549872,0.000000,30.000000,-1,66.075182,66.075182,-1,25,0,1369,17,0,688,1721,0,303,5.277841,3.426093,3.426093,1.000000,0.800012,-1,-1,-1,-1,-1,0.075216
62190,416,0,18683,44.911058,0.000000,30.000000,-1,66.075630,66.075630,-1,22,0,1697,11,0,761,2051,0,281,5.458717,3.263238,3.263238,1.000000,0.801311,-1,-1,-1,-1,-1,0.072660
62200,392,0,18151,46.303571,0.000000,30.000000,-1,66.064349,66.064349,-1,20,0,1320,19,0,692,1885,0,265,5.173923,3.356142,3.356142,1.000000,0.816816,-1,-1,-1,-1,-1,0.072481
62210,390,0,17836,45.733333,0.000000,30.000000,-1,66.087912,66.087912,-1,19,0,1845,21,0,656,1929,0,253,5.592184,3.400368,3.400368,1.000000,0.816403,-1,-1,-1,-1,-1,0.074352
62220,414,0,18711,45.195652,0.000000,30.000000,-1,66.137032,66.137032,-1,22,0,1672,20,0,716,2124,0,275,5.351827,3.271016,3.271016,1.000000,0.812293,-1,-1,-1,-1,-1,0.072375
62230,396,0,18365,46.376263,0.000000,30.000000,-1,66.126382,66.126382,-1,12,0,1747,19,0,704,1995,0,153,5.540734,3.295125,3.295125,1.000000,0.830160,-1,-1,-1,-1,-1,0.071052
62240,392,0,17948,45.785714,0.000000,30.000000,-1,66.145587,66.145587,-1,19,0,1637,21,0,690,1721,0,259,5.425213,3.403869,3.403869,1.000000,0.811854,-1,-1,-1,-1,-1,0.074343
62250,419,0,19193,45.806683,0.000000,30.000000,-1,66.119992,66.119992,-1,20,0,1913,20,0,724,2127,0,270,5.304999,3.202786,3.202786,1.000000,0.815321,-1,-1,-1,-1,-1,0.069920
62260,391,0,18115,46.329923,0.000000,30.000000,-1,66.180293,66.180293,-1,20,0,1685,18,0,719,1949,0,259,5.559120,3.389972,3.389972,1.000000,0.806937,-1,-1,-1,-1,-1,0.073170
62270,407,0,18507,45.471744,0.000000,30.000000,-1,66.201437,66.201437,-1,21,0,1719,31,0,617,2023,0,275,5.535203,3.281341,3.281341,1.000000,0.811032,-1,-1,-1,-1,-1,0.072162
62280,411,0,18688,45.469586,0.000000,30.000000,-1,66.192102,66.192102,-1,16,0,1950,12,0,709,1810,0,215,5.484779,3.237037,3.237037,1.000000,0.818334,-1,-1,-1,-1,-1,0.071191
62290,433,0,19469,44.963048,0.000000,30.000000,-1,66.188094,66.188094,-1,23,0,1865,13,0,717,2027,0,294,5.146894,3.124523,3.124523,1.000000,0.806031,-1,-1,-1,-1,-1,0.069491
62300,393,0,18136,46.147583,0.000000,30.000000,-1,66.180415,66.180415,-1,17,0,1568,18,0,700,1459,0,206,5.568255,3.457857,3.457857,1.000000,0.821921,-1,-1,-1,-1,-1,0.074930
62310,410,0,19076,46.526829,0.000000,30.000000,-1,66.167121,66.167121,-1,16,0,1447,19,0,729,1963,0,200,5.302066,3.472731,3.472731,1.000000,0.826802,-1,-1,-1,-1,-1,0.074639
62320,407,0,18430,45.282555,0.000000,30.000000,-1,66.192241,66.192241,-1,19,0,1932,24,0,742,1861,0,259,5.168690,3.111057,3.111057,1.000000,0.812717,-1,-1,-1,-1,-1,0.068703
62330,387,0,17476,45.157623,0.000000,30.000000,-1,66.249084,66.249084,-1,18,0,1579,18,0,612,1658,0,234,5.594066,3.386616,3.386616,1.000000,0.814127,-1,-1,-1,-1,-1,0.074995
62340,402,0,18434,45.855721,0.000000,30.000000,-1,66.279918,66.279918,-1,22,0,1536,16,0,633,1948,0,285,5.289457,3.410081,3.410081,1.000000,0.813427,-1,-1,-1,-1,-1,0.074365
62350,407,0,18096,44.461916,0.000000,30.000000,-1,66.288738,66.288738,-1,27,0,1722,15,0,730,1880,0,361,5.486267,3.425925,3.425925,1.000000,0.801391,-1,-1,-1,-1,-1,0.077053
62360,412,0,18677,45.332524,0.000000,30.000000,-1,66.324356,66.324356,-1,22,0,1553,19,0,641,2165,0,286,5.048724,3.202663,3.202663,1.000000,0.814532,-1,-1,-1,-1,-1,0.070648
62370,411,0,18729,45.569343,0.000000,30.000000,-1,66.370815,66.370815,-1,21,0,1700,15,0,752,2142,0,280,5.322250,3.361506,3.361506,1.000000,0.817515,-1,-1,-1,-1,-1,0.073767
62380,402,0,18847,46.883085,0.000000,30.000000,-1,66.400011,66.400011,-1,14,0,1448,17,0,684,1994,0,178,5.068806,3.340102,3.340102,1.000000,0.834980,-1,-1,-1,-1,-1,0.071243
62390,401,0,18293,45.618454,0.000000,30.000000,-1,66.414093,66.414093,-1,22,0,1673,19,0,753,1741,0,280,5.394190,3.477559,3.477559,1.000000,0.822101,-1,-1,-1,-1,-1,0.076231
62400,416,0,19402,46.639423,0.000000,30.000000,-1,66.422379,66.422379,-1,15,0,1714,16,0,739,1941,0,216,5.241343,3.361107,3.361107,1.000000,0.828495,-1,-1,-1,-1,-1,0.072066
62410,408,0,18686,45.799020,0.000000,30.000000,-1,66.384084,66.384084,-1,21,0,1604,20,0,716,1739,0,264,5.327669,3.385799,3.385799,1.000000,0.820217,-1,-1,-1,-1,-1,0.073927
62420,413,0,19242,46.590799,0.000000,30.000000,-1,66.385615,66.385615,-1,16,0,1566,24,0,744,2197,0,197,5.197076,3.380752,3.380752,1.000000,0.835127,-1,-1,-1,-1,-1,0.072563
62430,407,0,18438,45.302211,0.000000,30.000000,-1,66.423473,66.423473,-1,21,0,1676,21,0,737,2013,0,283,5.173273,3.241746,3.241746,1.000000,0.818543,-1,-1,-1,-1,-1,0.071558
62440,405,0,18473,45.612346,0.000000,30.000000,-1,66.401830,66.401830,-1,19,0,1778,20,0,758,1894,0,239,5.274121,3.253922,3.253922,1.000000,0.818634,-1,-1,-1,-1,-1,0.071339
62450,408,0,18871,46.252451,0.000000,30.000000,-1,66.380107,66.380107,-1,19,0,1617,16,0,695,1897,0,234,5.388676,3.366693,3.366693,1.000000,0.820771,-1,-1,-1,-1,-1,0.072790
62460,398,0,18202,45.733668,0.000000,30.000000,-1,66.352763,66.352763,-1,18,0,1627,26,0,738,1670,0,231,5.298809,3.302052,3.302052,1.000000,0.812577,-1,-1,-1,-1,-1,0.072202
62470,407,0,18950,46.560197,0.000000,30.000000,-1,66.365119,66.365119,-1,16,0,1763,16,0,732,2244,0,209,5.270525,3.295873,3.295873,1.000000,0.823462,-1,-1,-1,-1,-1,0.070787
62480,414,0,19083,46.094203,0.000000,30.000000,-1,66.371011,66.371011,-1,17,0,1819,23,0,753,1817,0,226,5.163793,3.204967,3.204967,1.000000,0.817173,-1,-1,-1,-1,-1,0.069531
62490,426,0,19432,45.615023,0.000000,30.000000,-1,66.353798,66.353798,-1,23,0,1597,13,0,706,2244,0,272,5.143673,3.198603,3.198603,1.000000,0.804654,-1,-1,-1,-1,-1,0.070122
62500,415,0,18701,45.062651,0.000000,30.000000,-1,66.361264,66.361264,-1,23,0,1710,23,0,767,1872,0,302,5.136053,3.198772,3.198772,1.000000,0.802315,-1,-1,-1,-1,-1,0.070985
62510,399,0,18371,46.042607,0.000000,30.000000,-1,66.363072,66.363072,-1,17,0,1441,27,0,686,1991,0,204,5.437008,3.330506,3.330506,1.000000,0.821772,-1,-1,-1,-1,-1,0.072335
62520,398,0,17904,44.984925,0.000000,30.000000,-1,66.379077,66.379077,-1,20,0,1557,25,0,683,1855,0,242,5.219846,3.188984,3.188984,1.000000,0.812490,-1,-1,-1,-1,-1,0.070890
62530,401,0,18097,45.129676,0.000000,30.000000,-1,66.419793,66.419793,-1,26,0,1659,22,0,697,1971,0,312,5.242521,3.173106,3.173106,1.000000,0.794761,-1,-1,-1,-1,-1,0.070311
62540,425,0,19105,44.952941,0.000000,30.000000,-1,66.475321,66.475321,-1,23,0,1780,22,0,691,2213,0,286,5.299331,3.225935,3.225935,1.000000,0.809055,-1,-1,-1,-1,-1,0.071763
62550,417,0,19396,46.513189,0.000000,30.000000,-1,66.492988,66.492988,-1,15,0,1694,20,0,725,2057,0,207,5.362501,3.243985,3.243985,1.000000,0.826921,-1,-1,-1,-1,-1,0.069743
62560,410,0,18377,44.821951,0.000000,30.000000,-1,66.470098,66.470098,-1,25,0,1668,18,0,694,1862,0,321,5.259262,3.255662,3.255662,1.000000,0.799292,-1,-1,-1,-1,-1,0.072635
62570,401,0,17823,44.446384,0.000000,30.000000,-1,66.497167,66.497167,-1,29,0,1520,21,0,697,2352,0,352,5.373029,3.407876,3.407876,1.000000,0.797347,-1,-1,-1,-1,-1,0.076674
62580,395,0,18143,45.931646,0.000000,30.000000,-1,66.491815,66.491815,-1,15,0,1633,21,0,720,1753,0,184,5.236496,3.252955,3.252955,1.000000,0.824145,-1,-1,-1,-1,-1,0.070822
62590,409,0,19062,46.606357,0.000000,30.000000,-1,66.455199,66.455199,-1,11,0,1969,19,0,692,2218,0,129,5.271751,3.172189,3.172189,1.000000,0.828688,-1,-1,-1,-1,-1,0.068063
62600,406,0,18607,45.830049,0.000000,30.000000,-1,66.451712,66.451712,-1,19,0,1532,24,0,701,1628,0,221,5.124517,3.321531,3.321531,1.000000,0.821339,-1,-1,-1,-1,-1,0.072475
62610,419,0,18858,45.007160,0.000000,30.000000,-1,66.484940,66.484940,-1,21,0,1602,22,0,689,1875,0,257,5.366470,3.273433,3.273433,1.000000,0.823802,-1,-1,-1,-1,-1,0.072731
62620,403,0,18225,45.223325,0.000000,30.000000,-1,66.465295,66.465295,-1,21,0,1633,29,0,747,1759,0,263,5.279491,3.264642,3.264642,1.000000,0.818979,-1,-1,-1,-1,-1,0.072189
62630,405,0,18746,46.286420,0.000000,30.000000,-1,66.499307,66.499307,-1,19,0,1672,13,0,769,1672,0,214,5.371311,3.406584,3.406584,1.000000,0.827874,-1,-1,-1,-1,-1,0.073598
62640,415,0,18723,45.115663,0.000000,30.000000,-1,66.506543,66.506543,-1,24,0,1804,21,0,744,1811,0,298,5.574175,3.479296,3.479296,1.000000,0.815324,-1,-1,-1,-1,-1,0.077119
62650,408,0,18639,45.683824,0.000000,30.000000,-1,66.503139,66.503139,-1,22,0,1677,23,0,726,1782,0,296,5.211777,3.264297,3.264297,1.000000,0.816091,-1,-1,-1,-1,-1,0.071454
62660,420,0,19661,46.811905,0.000000,30.000000,-1,66.480494,66.480494,-1,14,0,1849,14,0,755,2337,0,175,5.234820,3.302254,3.302254,1.000000,0.839429,-1,-1,-1,-1,-1,0.070543
62670,419,0,18761,44.775656,0.000000,30.000000,-1,66.505250,66.505250,-1,21,0,1833,23,0,713,2070,0,271,5.383623,3.198148,3.198148,1.000000,0.820418,-1,-1,-1,-1,-1,0.071426
62680,403,0,18216,45.200993,0.000000,30.000000,-1,66.556379,66.556379,-1,20,0,1868,14,0,688,1976,0,234,5.365257,3.203867,3.203867,1.000000,0.819396,-1,-1,-1,-1,-1,0.070880
62690,394,0,18359,46.596447,0.000000,30.000000,-1,66.564192,66.564192,-1,10,0,1683,29,0,676,2103,0,117,5.194373,3.216795,3.216795,1.000000,0.842030,-1,-1,-1,-1,-1,0.069035
62700,390,0,17700,45.384615,0.000000,30.000000,-1,66.591017,66.591017,-1,22,0,1468,21,0,649,1983,0,239,5.322006,3.366028,3.366028,1.000000,0.816386,-1,-1,-1,-1,-1,0.074167
62710,395,0,17821,45.116456,0.000000,30.000000,-1,66.579878,66.579878,-1,21,0,1700,14,0,707,1824,0,231,5.319985,3.345135,3.345135,1.000000,0.813103,-1,-1,-1,-1,-1,0.074144
62720,408,0,18618,45.632353,0.000000,30.000000,-1,66.608067,66.608067,-1,22,0,1659,21,0,728,2284,0,290,5.285860,3.351394,3.351394,1.000000,0.813784,-1,-1,-1,-1,-1,0.073443
62730,413,0,18790,45.496368,0.000000,30.000000,-1,66.650559,66.650559,-1,22,0,1576,14,0,668,2558,0,288,5.355337,3.359755,3.359755,1.000000,0.817477,-1,-1,-1,-1,-1,0.073847
62740,430,0,19948,46.390698,0.000000,30.000000,-1,66.662422,66.662422,-1,12,0,1834,21,0,832,1899,0,145,5.156803,3.184781,3.184781,1.000000,0.827915,-1,-1,-1,-1,-1,0.068651
62750,419,0,18894,45.093079,0.000000,30.000000,-1,66.711813,66.711813,-1,26,0,1760,28,0,780,1889,0,327,4.872951,3.012832,3.012832,1.000000,0.803699,-1,-1,-1,-1,-1,0.066814
62760,417,0,18978,45.510791,0.000000,30.000000,-1,66.706133,66.706133,-1,22,0,1499,20,0,718,2177,0,276,5.131819,3.261467,3.261467,1.000000,0.809809,-1,-1,-1,-1,-1,0.071664
62770,396,0,17873,45.133838,0.000000,30.000000,-1,66.738824,66.738824,-1,25,0,1452,14,0,688,1347,0,327,5.522918,3.560536,3.560536,1.000000,0.807359,-1,-1,-1,-1,-1,0.078888
62780,410,0,18685,45.573171,0.000000,30.000000,-1,66.789724,66.789724,-1,21,0,1765,19,0,717,1931,0,251,5.293905,3.259057,3.259057,1.000000,0.813269,-1,-1,-1,-1,-1,0.071513
62790,415,0,18955,45.674699,0.000000,30.000000,-1,66.808916,66.808916,-1,21,0,1641,13,0,739,1864,0,277,5.219978,3.309798,3.309798,1.000000,0.816926,-1,-1,-1,-1,-1,0.072465
62800,408,0,18674,45.769608,0.000000,30.000000,-1,66.848078,66.848078,-1,19,0,1613,21,0,721,1915,0,239,4.977527,3.135685,3.135685,1.000000,0.826016,-1,-1,-1,-1,-1,0.068510
62810,433,0,19643,45.364896,0.000000,30.000000,-1,66.838518,66.838518,-1,22,0,1787,24,0,739,1993,0,288,5.466461,3.295114,3.295114,1.000000,0.819602,-1,-1,-1,-1,-1,0.072636
62820,427,0,19128,44.796253,0.000000,30.000000,-1,66.776558,66.776558,-1,26,0,1726,24,0,727,1919,0,326,4.982813,3.060457,3.060457,1.000000,0.811114,-1,-1,-1,-1,-1,0.068319
62830,397,0,18356,46.236776,0.000000,30.000000,-1,66.772390,66.772390,-1,20,0,1533,22,0,725,1832,0,252,5.250668,3.409762,3.409762,1.000000,0.819195,-1,-1,-1,-1,-1,0.073746
62840,389,0,17892,45.994859,0.000000,30.000000,-1,66.775374,66.775374,-1,19,0,1512,21,0,696,1935,0,223,5.425021,3.485861,3.485861,1.000000,0.821772,-1,-1,-1,-1,-1,0.075788
62850,402,0,18552,46.149254,0.000000,30.000000,-1,66.775011,66.775011,-1,17,0,1635,19,0,660,1725,0,209,5.277224,3.272290,3.272290,1.000000,0.823727,-1,-1,-1,-1,-1,0.070907
62860,412,0,18912,45.902913,0.000000,30.000000,-1,66.803352,66.803352,-1,20,0,1762,20,0,677,2435,0,249,5.325193,3.345057,3.345057,1.000000,0.820446,-1,-1,-1,-1,-1,0.072872
62870,408,0,18628,45.656863,0.000000,30.000000,-1,66.836536,66.836536,-1,19,0,1566,19,0,698,1670,0,238,5.286802,3.371812,3.371812,1.000000,0.832838,-1,-1,-1,-1,-1,0.073851
62880,407,0,18458,45.351351,0.000000,30.000000,-1,66.834002,66.834002,-1,15,0,1841,18,0,675,2123,0,194,5.468498,3.357523,3.357523,1.000000,0.835542,-1,-1,-1,-1,-1,0.074034
62890,413,0,18527,44.859564,0.000000,30.000000,-1,66.850542,66.850542,-1,24,0,1555,13,0,722,1856,0,304,5.180438,3.270732,3.270732,1.000000,0.813766,-1,-1,-1,-1,-1,0.072910
62900,418,0,19169,45.858852,0.000000,30.000000,-1,66.868120,66.868120,-1,17,0,1526,21,0,756,1645,0,196,5.027190,3.192564,3.192564,1.000000,0.824332,-1,-1,-1,-1,-1,0.069617
62910,426,0,19508,45.793427,0.000000,30.000000,-1,66.852317,66.852317,-1,18,0,1493,15,0,747,1957,0,229,5.160849,3.310758,3.310758,1.000000,0.831827,-1,-1,-1,-1,-1,0.072298
62920,413,0,19144,46.353511,0.000000,30.000000,-1,66.847472,66.847472,-1,20,0,1752,17,0,766,2236,0,254,5.199799,3.303603,3.303603,1.000000,0.823317,-1,-1,-1,-1,-1,0.071270
62930,382,0,17525,45.876963,0.000000,30.000000,-1,66.778088,66.778088,-1,16,0,1628,17,0,702,2316,0,183,5.333320,3.312155,3.312155,1.000000,0.832371,-1,-1,-1,-1,-1,0.072196
62940,391,0,18043,46.145780,0.000000,30.000000,-1,66.777310,66.777310,-1,18,0,1436,21,0,668,1886,0,235,5.355907,3.547413,3.547413,1.000000,0.828121,-1,-1,-1,-1,-1,0.076874
62950,384,0,17660,45.989583,0.000000,30.000000,-1,66.803171,66.803171,-1,17,0,1479,20,0,659,1867,0,228,5.397754,3.500683,3.500683,1.000000,0.826327,-1,-1,-1,-1,-1,0.076119
62960,404,0,18754,46.420792,0.000000,30.000000,-1,66.762344,66.762344,-1,16,0,1476,13,0,732,1892,0,211,5.419786,3.567956,3.567956,1.000000,0.836772,-1,-1,-1,-1,-1,0.076861
62970,414,0,18939,45.746377,0.000000,30.000000,-1,66.778341,66.778341,-1,22,0,1806,25,0,750,2230,0,281,5.362340,3.364599,3.364599,1.000000,0.811435,-1,-1,-1,-1,-1,0.073549
62980,390,0,17896,45.887179,0.000000,30.000000,-1,66.736813,66.736813,-1,23,0,1389,29,0,680,1499,0,316,5.277707,3.518874,3.518874,1.000000,0.816720,-1,-1,-1,-1,-1,0.076685
62990,414,0,18776,45.352657,0.000000,30.000000,-1,66.711067,66.711067,-1,23,0,1605,11,0,673,2049,0,264,5.118731,3.265518,3.265518,1.000000,0.815191,-1,-1,-1,-1,-1,0.072003
63000,399,0,18311,45.892231,0.000000,30.000000,-1,66.737699,66.737699,-1,16,0,1725,16,0,715,2017,0,206,5.357712,3.364212,3.364212,1.000000,0.836015,-1,-1,-1,-1,-1,0.073307
63010,394,0,18170,46.116751,0.000000,30.000000,-1,66.693396,66.693396,-1,14,0,1647,18,0,662,1953,0,146,5.310342,3.358500,3.358500,1.000000,0.838170,-1,-1,-1,-1,-1,0.072826
63020,382,0,17448,45.675393,0.000000,30.000000,-1,66.655720,66.655720,-1,19,0,1629,30,0,683,1846,0,253,5.353829,3.300580,3.300580,1.000000,0.824168,-1,-1,-1,-1,-1,0.072262
63030,399,0,18066,45.278195,0.000000,30.000000,-1,66.652662,66.652662,-1,23,0,1403,18,0,674,1888,0,252,5.346075,3.505220,3.505220,1.000000,0.821002,-1,-1,-1,-1,-1,0.077415
63040,391,0,17287,44.212276,0.000000,30.000000,-1,66.625557,66.625557,-1,33,0,1372,18,0,649,1707,0,432,5.164266,3.409720,3.409720,1.000000,0.791785,-1,-1,-1,-1,-1,0.077122
63050,399,0,18448,46.235589,0.000000,30.000000,-1,66.642183,66.642183,-1,18,0,1445,17,0,713,2033,0,229,5.291890,3.445788,3.445788,1.000000,0.828213,-1,-1,-1,-1,-1,0.074527
63060,405,0,18365,45.345679,0.000000,30.000000,-1,66.684509,66.684509,-1,21,0,1449,16,0,677,2007,0,256,5.340181,3.433540,3.433540,1.000000,0.822475,-1,-1,-1,-1,-1,0.075719
63070,388,0,17536,45.195876,0.000000,30.000000,-1,66.700616,66.700616,-1,19,0,1688,29,0,712,1912,0,257,5.490149,3.371780,3.371780,1.000000,0.820270,-1,-1,-1,-1,-1,0.074604
63080,423,0,19375,45.803783,0.000000,30.000000,-1,66.692129,66.692129,-1,20,0,1790,20,0,731,1975,0,263,5.158693,3.189613,3.189613,1.000000,0.822410,-1,-1,-1,-1,-1,0.069636
63090,420,0,19496,46.419048,0.000000,30.000000,-1,66.692347,66.692347,-1,15,0,2130,19,0,747,2129,0,202,5.522426,3.304785,3.304785,1.000000,0.830147,-1,-1,-1,-1,-1,0.071195
63100,418,0,19161,45.839713,0.000000,30.000000,-1,66.704504,66.704504,-1,20,0,1711,17,0,702,1901,0,249,5.126240,3.257561,3.257561,1.000000,0.820879,-1,-1,-1,-1,-1,0.071064
63110,405,0,18597,45.918519,0.000000,30.000000,-1,66.715707,66.715707,-1,20,0,1742,14,0,712,1883,0,255,5.254111,3.315789,3.315789,1.000000,0.821943,-1,-1,-1,-1,-1,0.072210
63120,409,0,18731,45.797066,0.000000,30.000000,-1,66.699429,66.699429,-1,17,0,1909,20,0,719,2156,0,229,5.647799,3.416062,3.416062,1.000000,0.824546,-1,-1,-1,-1,-1,0.074591
63130,420,0,19184,45.676190,0.000000,30.000000,-1,66.673530,66.673530,-1,17,0,1933,13,0,730,2168,0,201,5.465914,3.329098,3.329098,1.000000,0.821904,-1,-1,-1,-1,-1,0.072885
63140,408,0,18696,45.823529,0.000000,30.000000,-1,66.660409,66.660409,-1,14,0,1722,23,0,694,2322,0,189,5.371047,3.256871,3.256871,1.000000,0.824323,-1,-1,-1,-1,-1,0.071074
63150,425,0,19500,45.882353,0.000000,30.000000,-1,66.639385,66.639385,-1,17,0,1917,19,0,734,1966,0,201,5.216368,3.261503,3.261503,1.000000,0.828443,-1,-1,-1,-1,-1,0.071084
63160,418,0,19093,45.677033,0.000000,30.000000,-1,66.599225,66.599225,-1,23,0,1623,18,0,727,2061,0,275,5.313720,3.294847,3.294847,1.000000,0.807899,-1,-1,-1,-1,-1,0.072134
63170,398,0,18014,45.261307,0.000000,30.000000,-1,66.591762,66.591762,-1,22,0,1632,24,0,770,1558,0,276,5.255713,3.251705,3.251705,1.000000,0.811992,-1,-1,-1,-1,-1,0.071843
63180,407,0,18804,46.201474,0.000000,30.000000,-1,66.572325,66.572325,-1,12,0,1580,28,0,703,1709,0,156,5.347143,3.414294,3.414294,1.000000,0.844808,-1,-1,-1,-1,-1,0.073900
63190,412,0,19044,46.223301,0.000000,30.000000,-1,66.547574,66.547574,-1,13,0,1714,17,0,744,1983,0,168,5.372281,3.293982,3.293982,1.000000,0.841721,-1,-1,-1,-1,-1,0.071262
63200,403,0,18760,46.550868,0.000000,30.000000,-1,66.564659,66.564659,-1,17,0,1852,15,0,725,1846,0,215,5.181569,3.248538,3.248538,1.000000,0.835484,-1,-1,-1,-1,-1,0.069785
63210,414,0,18699,45.166667,0.000000,30.000000,-1,66.574737,66.574737,-1,23,0,1697,17,0,668,1579,0,291,5.205827,3.295323,3.295323,1.000000,0.823805,-1,-1,-1,-1,-1,0.072959
63220,416,0,18736,45.038462,0.000000,30.000000,-1,66.595218,66.595218,-1,23,0,1651,22,0,730,1881,0,284,5.384233,3.376527,3.376527,1.000000,0.810955,-1,-1,-1,-1,-1,0.074970
63230,399,0,18737,46.959900,0.000000,30.000000,-1,66.575706,66.575706,-1,15,0,1518,20,0,689,2166,0,182,5.250161,3.409584,3.409584,1.000000,0.832091,-1,-1,-1,-1,-1,0.072606
63240,407,0,18419,45.255528,0.000000,30.000000,-1,66.518921,66.518921,-1,16,0,1785,18,0,700,2142,0,221,5.303960,3.157957,3.157957,1.000000,0.824332,-1,-1,-1,-1,-1,0.069781
63250,414,0,18960,45.797101,0.000000,30.000000,-1,66.470464,66.470464,-1,21,0,1749,17,0,737,1631,0,251,5.412141,3.292483,3.292483,1.000000,0.815635,-1,-1,-1,-1,-1,0.071893
63260,397,0,18405,46.360202,0.000000,30.000000,-1,66.463135,66.463135,-1,16,0,1528,17,0,676,1793,0,180,5.303136,3.288804,3.288804,1.000000,0.820297,-1,-1,-1,-1,-1,0.070940
63270,422,0,19387,45.940758,0.000000,30.000000,-1,66.451643,66.451643,-1,18,0,1630,12,0,744,2233,0,233,5.433712,3.441599,3.441599,1.000000,0.823274,-1,-1,-1,-1,-1,0.074914
63280,410,0,18617,45.407317,0.000000,30.000000,-1,66.470054,66.470054,-1,26,0,1561,20,0,687,1713,0,359,5.195188,3.252896,3.252896,1.000000,0.801313,-1,-1,-1,-1,-1,0.071638
63290,404,0,18422,45.599010,0.000000,30.000000,-1,66.517696,66.517696,-1,20,0,1550,14,0,713,2103,0,234,5.320036,3.234596,3.234596,1.000000,0.802693,-1,-1,-1,-1,-1,0.070936
63300,390,0,17691,45.361538,0.000000,30.000000,-1,66.507716,66.507716,-1,18,0,1467,17,0,659,1517,0,231,5.150980,3.179179,3.179179,1.000000,0.811630,-1,-1,-1,-1,-1,0.070085
63310,385,0,17320,44.987013,0.000000,30.000000,-1,66.515242,66.515242,-1,26,0,1511,22,0,656,1740,0,317,5.364862,3.367358,3.367358,1.000000,0.789522,-1,-1,-1,-1,-1,0.074852
63320,394,0,17939,45.530457,0.000000,30.000000,-1,66.539160,66.539160,-1,21,0,1434,19,0,641,1701,0,269,5.615747,3.512849,3.512849,1.000000,0.806919,-1,-1,-1,-1,-1,0.077154
63330,403,0,18479,45.853598,0.000000,30.000000,-1,66.522972,66.522972,-1,15,0,1655,16,0,687,2067,0,192,5.294158,3.217619,3.217619,1.000000,0.812640,-1,-1,-1,-1,-1,0.070172
63340,393,0,17775,45.229008,0.000000,30.000000,-1,66.511899,66.511899,-1,16,0,1675,27,0,641,2218,0,202,5.149755,3.069559,3.069559,1.000000,0.815537,-1,-1,-1,-1,-1,0.067867
63350,375,0,17009,45.357333,0.000000,30.000000,-1,66.488095,66.488095,-1,18,0,1597,22,0,633,1856,0,225,5.635631,3.410338,3.410338,1.000000,0.806077,-1,-1,-1,-1,-1,0.075188
63360,383,0,17186,44.872063,0.000000,30.000000,-1,66.454440,66.454440,-1,22,0,1553,19,0,643,1860,0,281,5.621906,3.426045,3.426045,1.000000,0.798545,-1,-1,-1,-1,-1,0.076351
63370,396,0,18379,46.411616,0.000000,30.000000,-1,66.410088,66.410088,-1,15,0,1648,21,0,716,2143,0,166,5.382896,3.274151,3.274151,1.000000,0.809699,-1,-1,-1,-1,-1,0.070546
63380,406,0,18822,46.359606,0.000000,30.000000,-1,66.393901,66.393901,-1,17,0,1403,20,0,692,1736,0,214,5.219654,3.310724,3.310724,1.000000,0.812264,-1,-1,-1,-1,-1,0.071414
63390,410,0,18712,45.639024,0.000000,30.000000,-1,66.457888,66.457888,-1,18,0,1895,21,0,728,2045,0,226,5.342289,3.104053,3.104053,1.000000,0.807365,-1,-1,-1,-1,-1,0.068013
63400,429,0,19217,44.794872,0.000000,30.000000,-1,66.492168,66.492168,-1,27,0,1480,19,0,750,2105,0,349,4.962509,3.047647,3.047647,1.000000,0.790512,-1,-1,-1,-1,-1,0.068036
63410,428,0,19006,44.406542,0.000000,30.000000,-1,66.499106,66.499106,-1,25,0,1597,20,0,733,1731,0,331,5.079530,3.003915,3.003915,1.000000,0.789322,-1,-1,-1,-1,-1,0.067646
63420,397,0,17872,45.017632,0.000000,30.000000,-1,66.498098,66.498098,-1,21,0,1713,24,0,620,2007,0,265,5.421175,3.211906,3.211906,1.000000,0.800641,-1,-1,-1,-1,-1,0.071348
63430,408,0,18703,45.840686,0.000000,30.000000,-1,66.485537,66.485537,-1,17,0,1756,24,0,698,1938,0,208,5.498844,3.278701,3.278701,1.000000,0.813299,-1,-1,-1,-1,-1,0.071524
63440,402,0,18465,45.932836,0.000000,30.000000,-1,66.455944,66.455944,-1,18,0,1793,18,0,715,1786,0,211,5.353283,3.291943,3.291943,1.000000,0.812340,-1,-1,-1,-1,-1,0.071669
63450,399,0,17823,44.669173,0.000000,30.000000,-1,66.427874,66.427874,-1,23,0,1619,20,0,652,2032,0,301,5.437302,3.269465,3.269465,1.000000,0.800769,-1,-1,-1,-1,-1,0.073193
63460,408,0,18726,45.897059,0.000000,30.000000,-1,66.423102,66.423102,-1,14,0,1776,9,0,651,2042,0,164,5.225136,3.060811,3.060811,1.000000,0.822050,-1,-1,-1,-1,-1,0.066689
63470,397,0,18244,45.954660,0.000000,30.000000,-1,66.405668,66.405668,-1,21,0,1697,24,0,739,1823,0,249,5.506476,3.353306,3.353306,1.000000,0.800439,-1,-1,-1,-1,-1,0.072970
63480,394,0,18003,45.692893,0.000000,30.000000,-1,66.410432,66.410432,-1,20,0,1644,38,0,641,2243,0,230,5.163082,3.226029,3.226029,1.000000,0.809685,-1,-1,-1,-1,-1,0.070602
63490,387,0,17798,45.989664,0.000000,30.000000,-1,66.372907,66.372907,-1,15,0,1454,22,0,653,1774,0,190,5.462262,3.334588,3.334588,1.000000,0.815527,-1,-1,-1,-1,-1,0.072507
63500,397,0,17853,44.969773,0.000000,30.000000,-1,66.372206,66.372206,-1,27,0,1515,17,0,668,1670,0,328,5.465001,3.349561,3.349561,1.000000,0.791073,-1,-1,-1,-1,-1,0.074485
63510,400,0,18234,45.585000,0.000000,30.000000,-1,66.318306,66.318306,-1,21,0,1721,17,0,690,1869,0,265,5.380639,3.300115,3.300115,1.000000,0.802101,-1,-1,-1,-1,-1,0.072395
63520,395,0,17939,45.415190,0.000000,30.000000,-1,66.330342,66.330342,-1,21,0,1685,19,0,692,1860,0,256,5.613237,3.392067,3.392067,1.000000,0.802899,-1,-1,-1,-1,-1,0.074690
63530,405,0,18257,45.079012,0.000000,30.000000,-1,66.300378,66.300378,-1,20,0,1625,16,0,720,1833,0,248,5.391269,3.175691,3.175691,1.000000,0.796543,-1,-1,-1,-1,-1,0.070447
63540,399,0,18432,46.195489,0.000000,30.000000,-1,66.287815,66.287815,-1,16,0,1892,20,0,683,1825,0,218,5.516103,3.269313,3.269313,1.000000,0.806270,-1,-1,-1,-1,-1,0.070771
63550,391,0,17708,45.289003,0.000000,30.000000,-1,66.275977,66.275977,-1,23,0,1580,16,0,674,1900,0,315,5.546774,3.232425,3.232425,1.000000,0.783241,-1,-1,-1,-1,-1,0.071373
63560,390,0,17703,45.392308,0.000000,30.000000,-1,66.293510,66.293510,-1,20,0,1589,17,0,688,2067,0,231,5.435677,3.217071,3.217071,1.000000,0.785084,-1,-1,-1,-1,-1,0.070873
63570,388,0,18143,46.760309,0.000000,30.000000,-1,66.301273,66.301273,-1,9,0,1791,22,0,658,1733,0,95,5.706835,3.330966,3.330966,1.000000,0.816872,-1,-1,-1,-1,-1,0.071235
63580,396,0,18315,46.250000,0.000000,30.000000,-1,66.402293,66.402293,-1,17,0,1809,14,0,662,1535,0,230,5.653151,3.346849,3.346849,1.000000,0.797508,-1,-1,-1,-1,-1,0.072364
63590,389,0,17563,45.149100,0.000000,30.000000,-1,66.393839,66.393839,-1,25,0,1580,21,0,649,2009,0,296,5.370350,3.212341,3.212341,1.000000,0.779629,-1,-1,-1,-1,-1,0.071150
63600,403,0,18353,45.540943,0.000000,30.000000,-1,66.372092,66.372092,-1,18,0,1653,15,0,707,2143,0,222,5.508709,3.190216,3.190216,1.000000,0.797759,-1,-1,-1,-1,-1,0.070052
63610,407,0,18275,44.901720,0.000000,30.000000,-1,66.325746,66.325746,-1,28,0,1671,16,0,677,1879,0,357,5.506949,3.199791,3.199791,1.000000,0.778322,-1,-1,-1,-1,-1,0.071262
63620,413,0,18394,44.537530,0.000000,30.000000,-1,66.389855,66.389855,-1,29,0,1584,23,0,715,1651,0,385,5.205153,3.066494,3.066494,1.000000,0.769794,-1,-1,-1,-1,-1,0.068852
63630,411,0,18523,45.068127,0.000000,30.000000,-1,66.395346,66.395346,-1,21,0,1759,23,0,698,2058,0,282,5.270644,3.053188,3.053188,1.000000,0.789107,-1,-1,-1,-1,-1,0.067746
63640,404,0,18328,45.366337,0.000000,30.000000,-1,66.379038,66.379038,-1,22,0,1670,23,0,688,2072,0,265,5.433327,3.201162,3.201162,1.000000,0.780140,-1,-1,-1,-1,-1,0.070562
63650,413,0,18846,45.631961,0.000000,30.000000,-1,66.356893,66.356893,-1,10,0,2013,16,0,802,2076,0,136,5.311542,2.983973,2.983973,1.000000,0.807493,-1,-1,-1,-1,-1,0.065392
63660,395,0,17910,45.341772,0.000000,30.000000,-1,66.353210,66.353210,-1,18,0,1500,22,0,693,2215,0,225,5.528044,3.271233,3.271233,1.000000,0.793820,-1,-1,-1,-1,-1,0.072146
63670,429,0,19547,45.564103,0.000000,30.000000,-1,66.348851,66.348851,-1,20,0,1738,22,0,740,2176,0,276,5.175725,3.025241,3.025241,1.000000,0.791615,-1,-1,-1,-1,-1,0.066395
63680,403,0,18537,45.997519,0.000000,30.000000,-1,66.373631,66.373631,-1,15,0,1748,11,0,754,1753,0,192,5.467199,3.220619,3.220619,1.000000,0.801923,-1,-1,-1,-1,-1,0.070017
63690,406,0,18698,46.054187,0.000000,30.000000,-1,66.396139,66.396139,-1,17,0,1697,21,0,711,1743,0,205,5.302747,3.138491,3.138491,1.000000,0.795921,-1,-1,-1,-1,-1,0.068148
63700,406,0,18621,45.864532,0.000000,30.000000,-1,66.467644,66.467644,-1,15,0,1781,17,0,704,1994,0,186,5.456877,3.105872,3.105872,1.000000,0.794305,-1,-1,-1,-1,-1,0.067718
63710,403,0,18166,45.076923,0.000000,30.000000,-1,66.456292,66.456292,-1,24,0,1502,28,0,682,2156,0,305,5.281780,3.151813,3.151813,1.000000,0.775022,-1,-1,-1,-1,-1,0.069921
63720,389,0,17525,45.051414,0.000000,30.000000,-1,66.426705,66.426705,-1,22,0,1345,24,0,672,2085,0,285,5.536707,3.374910,3.374910,1.000000,0.789904,-1,-1,-1,-1,-1,0.074912
63730,412,0,18774,45.567961,0.000000,30.000000,-1,66.449345,66.449345,-1,21,0,1892,12,0,764,1904,0,273,5.444984,3.193019,3.193019,1.000000,0.790262,-1,-1,-1,-1,-1,0.070072
63740,397,0,17712,44.614610,0.000000,30.000000,-1,66.451671,66.451671,-1,32,0,1483,15,0,684,1645,0,392,5.395915,3.304157,3.304157,1.000000,0.762270,-1,-1,-1,-1,-1,0.074060
63750,404,0,18457,45.685644,0.000000,30.000000,-1,66.484261,66.484261,-1,16,0,1828,22,0,709,1583,0,208,5.388641,3.159744,3.159744,1.000000,0.801121,-1,-1,-1,-1,-1,0.069163
63760,398,0,18081,45.429648,0.000000,30.000000,-1,66.497428,66.497428,-1,22,0,1373,15,0,689,1832,0,281,5.557448,3.318479,3.318479,1.000000,0.788005,-1,-1,-1,-1,-1,0.073047
63770,399,0,18087,45.330827,0.000000,30.000000,-1,66.460165,66.460165,-1,21,0,1622,19,0,695,1510,0,235,5.584547,3.246698,3.246698,1.000000,0.786031,-1,-1,-1,-1,-1,0.071622
63780,423,0,19349,45.742317,0.000000,30.000000,-1,66.468913,66.468913,-1,18,0,1851,17,0,733,2115,0,214,5.417855,3.057773,3.057773,1.000000,0.793895,-1,-1,-1,-1,-1,0.066848
63790,431,0,19603,45.482599,0.000000,30.000000,-1,66.475897,66.475897,-1,20,0,1684,15,0,725,2232,0,243,5.363634,3.215860,3.215860,1.000000,0.792879,-1,-1,-1,-1,-1,0.070705
63800,430,0,19748,45.925581,0.000000,30.000000,-1,66.437867,66.437867,-1,17,0,1849,22,0,763,2458,0,216,5.297247,3.124924,3.124924,1.000000,0.798290,-1,-1,-1,-1,-1,0.068043
63810,408,0,18803,46.085784,0.000000,30.000000,-1,66.351114,66.351114,-1,15,0,1850,21,0,740,2082,0,191,5.293634,3.104378,3.104378,1.000000,0.806300,-1,-1,-1,-1,-1,0.067361
63820,419,0,19224,45.880668,0.000000,30.000000,-1,66.401581,66.401581,-1,11,0,2263,22,0,740,2012,0,139,5.352072,2.899055,2.899055,1.000000,0.800850,-1,-1,-1,-1,-1,0.063187
63830,417,0,19058,45.702638,0.000000,30.000000,-1,66.408910,66.408910,-1,16,0,1851,8,0,656,1994,0,199,5.299574,3.015146,3.015146,1.000000,0.794559,-1,-1,-1,-1,-1,0.065973
63840,421,0,19048,45.244656,0.000000,30.000000,-1,66.433589,66.433589,-1,23,0,1579,18,0,735,1902,0,311,5.319118,3.174604,3.174604,1.000000,0.783701,-1,-1,-1,-1,-1,0.070165
63850,402,0,18487,45.987562,0.000000,30.000000,-1,66.494726,66.494726,-1,19,0,1604,23,0,711,2363,0,263,5.506055,3.354937,3.354937,1.000000,0.793800,-1,-1,-1,-1,-1,0.072953
63860,401,0,18243,45.493766,0.000000,30.000000,-1,66.487420,66.487420,-1,19,0,1445,27,0,716,1812,0,255,5.498231,3.328749,3.328749,1.000000,0.793668,-1,-1,-1,-1,-1,0.073169
63870,403,0,18310,45.434243,0.000000,30.000000,-1,66.465101,66.465101,-1,22,0,1639,30,0,719,1977,0,283,5.486597,3.252739,3.252739,1.000000,0.780815,-1,-1,-1,-1,-1,0.071592
63880,411,0,18584,45.216545,0.000000,30.000000,-1,66.436074,66.436074,-1,24,0,1542,15,0,728,1687,0,322,5.412486,3.351157,3.351157,1.000000,0.787691,-1,-1,-1,-1,-1,0.074114
63890,434,0,20242,46.640553,0.000000,30.000000,-1,66.420265,66.420265,-1,19,0,1576,17,0,793,2235,0,231,5.201824,3.185053,3.185053,1.000000,0.798263,-1,-1,-1,-1,-1,0.068289
63900,396,0,18457,46.608586,0.000000,30.000000,-1,66.444493,66.444493,-1,15,0,1603,18,0,723,2122,0,180,5.445004,3.329527,3.329527,1.000000,0.801992,-1,-1,-1,-1,-1,0.071436
63910,380,0,17261,45.423684,0.000000,30.000000,-1,66.443891,66.443891,-1,17,0,1609,22,0,674,1953,0,229,5.688082,3.366429,3.366429,1.000000,0.794891,-1,-1,-1,-1,-1,0.074112
63920,389,0,17519,45.035990,0.000000,30.000000,-1,66.475655,66.475655,-1,21,0,1777,23,0,624,1692,0,251,5.467700,3.091488,3.091488,1.000000,0.786346,-1,-1,-1,-1,-1,0.068645
63930,398,0,18010,45.251256,0.000000,30.000000,-1,66.440255,66.440255,-1,26,0,1548,17,0,672,1762,0,308,5.373889,3.205855,3.205855,1.000000,0.778413,-1,-1,-1,-1,-1,0.070846
63940,400,0,18006,45.015000,0.000000,30.000000,-1,66.442575,66.442575,-1,22,0,1580,24,0,723,2202,0,278,5.475010,3.238502,3.238502,1.000000,0.791969,-1,-1,-1,-1,-1,0.071943
63950,386,0,17737,45.950777,0.000000,30.000000,-1,66.433275,66.433275,-1,19,0,1503,19,0,699,1837,0,242,5.096776,3.130771,3.130771,1.000000,0.793619,-1,-1,-1,-1,-1,0.068133
63960,396,0,17870,45.126263,0.000000,30.000000,-1,66.490319,66.490319,-1,25,0,1455,21,0,732,1940,0,340,5.365467,3.296631,3.296631,1.000000,0.781140,-1,-1,-1,-1,-1,0.073053
63970,406,0,18692,46.039409,0.000000,30.000000,-1,66.517120,66.517120,-1,17,0,1497,16,0,720,1982,0,193,5.459673,3.323813,3.323813,1.000000,0.795290,-1,-1,-1,-1,-1,0.072195
63980,417,0,19039,45.657074,0.000000,30.000000,-1,66.534797,66.534797,-1,18,0,1775,18,0,775,2064,0,226,5.173884,3.057703,3.057703,1.000000,0.800913,-1,-1,-1,-1,-1,0.066971
63990,408,0,18312,44.882353,0.000000,30.000000,-1,66.528014,66.528014,-1,24,0,1670,24,0,667,1671,0,295,5.348257,3.155011,3.155011,1.000000,0.781721,-1,-1,-1,-1,-1,0.070295
64000,414,0,18974,45.830918,0.000000,30.000000,-1,66.495309,66.495309,-1,19,0,1465,23,0,741,1860,0,239,5.593158,3.329548,3.329548,1.000000,0.784763,-1,-1,-1,-1,-1,0.072649
64010,398,0,18126,45.542714,0.000000,30.000000,-1,66.431755,66.431755,-1,15,0,1884,20,0,688,2157,0,192,5.552234,3.157984,3.157984,1.000000,0.795551,-1,-1,-1,-1,-1,0.069341
64020,426,0,19258,45.206573,0.000000,30.000000,-1,66.432236,66.432236,-1,20,0,1619,26,0,774,2245,0,261,5.406333,3.222775,3.222775,1.000000,0.791967,-1,-1,-1,-1,-1,0.071290
64030,393,0,18307,46.582697,0.000000,30.000000,-1,66.407494,66.407494,-1,13,0,1532,16,0,750,1805,0,168,5.392084,3.233870,3.233870,1.000000,0.806209,-1,-1,-1,-1,-1,0.069422
64040,400,0,18197,45.492500,0.000000,30.000000,-1,66.414794,66.414794,-1,16,0,1743,17,0,702,1713,0,196,5.588499,3.256144,3.256144,1.000000,0.795486,-1,-1,-1,-1,-1,0.071575
64050,409,0,18461,45.136919,0.000000,30.000000,-1,66.389145,66.389145,-1,19,0,1686,16,0,704,1967,0,259,5.647193,3.207854,3.207854,1.000000,0.786311,-1,-1,-1,-1,-1,0.071069
64060,423,0,19190,45.366430,0.000000,30.000000,-1,66.429703,66.429703,-1,22,0,1796,17,0,753,1610,0,265,5.022591,2.954669,2.954669,1.000000,0.781714,-1,-1,-1,-1,-1,0.065129
64070,389,0,18053,46.408740,0.000000,30.000000,-1,66.450562,66.450562,-1,15,0,1572,21,0,761,1721,0,178,5.701078,3.331484,3.331484,1.000000,0.795580,-1,-1,-1,-1,-1,0.071786
64080,405,0,17699,43.701235,0.000000,30.000000,-1,66.433188,66.433188,-1,32,0,1642,13,0,674,1755,0,387,5.661564,3.354897,3.354897,1.000000,0.771169,-1,-1,-1,-1,-1,0.076769
64090,398,0,18354,46.115578,0.000000,30.000000,-1,66.430969,66.430969,-1,24,0,1457,11,0,686,1652,0,311,5.709008,3.445096,3.445096,1.000000,0.774852,-1,-1,-1,-1,-1,0.074706
64100,399,0,18579,46.563910,0.000000,30.000000,-1,66.380107,66.380107,-1,17,0,1531,20,0,680,1373,0,215,5.507504,3.397915,3.397915,1.000000,0.797766,-1,-1,-1,-1,-1,0.072973
64110,424,0,19032,44.886792,0.000000,30.000000,-1,66.392917,66.392917,-1,24,0,1936,15,0,757,2661,0,310,5.420773,3.153913,3.153913,1.000000,0.784391,-1,-1,-1,-1,-1,0.070264
64120,416,0,18490,44.447115,0.000000,30.000000,-1,66.413737,66.413737,-1,30,0,1590,26,0,681,1798,0,394,5.013416,2.927289,2.927289,1.000000,0.763148,-1,-1,-1,-1,-1,0.065860
64130,397,0,18245,45.957179,0.000000,30.000000,-1,66.397095,66.397095,-1,19,0,1589,18,0,703,1798,0,236,5.131513,3.092489,3.092489,1.000000,0.795528,-1,-1,-1,-1,-1,0.067291
64140,387,0,17732,45.819121,0.000000,30.000000,-1,66.361324,66.361324,-1,16,0,1682,20,0,698,1867,0,198,5.421450,3.223806,3.223806,1.000000,0.799062,-1,-1,-1,-1,-1,0.070359
64150,414,0,18838,45.502415,0.000000,30.000000,-1,66.325035,66.325035,-1,22,0,1584,22,0,718,1720,0,277,5.221870,3.127394,3.127394,1.000000,0.785221,-1,-1,-1,-1,-1,0.068730
64160,381,0,17751,46.590551,0.000000,30.000000,-1,66.352318,66.352318,-1,11,0,1576,24,0,713,1980,0,143,5.626423,3.303586,3.303586,1.000000,0.799000,-1,-1,-1,-1,-1,0.070907
64170,414,0,19031,45.968599,0.000000,30.000000,-1,66.385161,66.385161,-1,19,0,1608,17,0,729,2327,0,258,5.310082,3.184052,3.184052,1.000000,0.794288,-1,-1,-1,-1,-1,0.069266
64180,419,0,18963,45.257757,0.000000,30.000000,-1,66.456310,66.456310,-1,25,0,1675,15,0,734,2522,0,305,5.399676,3.208574,3.208574,1.000000,0.781199,-1,-1,-1,-1,-1,0.070896
64190,397,0,18221,45.896725,0.000000,30.000000,-1,66.489161,66.489161,-1,18,0,1673,18,0,690,2046,0,218,5.780614,3.282838,3.282838,1.000000,0.791411,-1,-1,-1,-1,-1,0.071527
64200,407,0,18074,44.407862,0.000000,30.000000,-1,66.526779,66.526779,-1,23,0,1848,20,0,691,1738,0,268,5.663888,3.212092,3.212092,1.000000,0.777121,-1,-1,-1,-1,-1,0.072332
64210,422,0,19613,46.476303,0.000000,30.000000,-1,66.533065,66.533065,-1,14,0,1581,16,0,689,2041,0,162,5.488845,3.229466,3.229466,1.000000,0.797246,-1,-1,-1,-1,-1,0.069486
64220,427,0,19730,46.206089,0.000000,30.000000,-1,66.543994,66.543994,-1,16,0,1770,21,0,783,2310,0,188,5.241356,3.120192,3.120192,1.000000,0.801355,-1,-1,-1,-1,-1,0.067528
64230,418,0,18825,45.035885,0.000000,30.000000,-1,66.588048,66.588048,-1,17,0,1816,18,0,718,2004,0,226,5.247486,2.963135,2.963135,1.000000,0.790423,-1,-1,-1,-1,-1,0.065795
64240,396,0,18181,45.911616,0.000000,30.000000,-1,66.582806,66.582806,-1,16,0,1625,20,0,682,1774,0,201,5.447147,3.161439,3.161439,1.000000,0.786058,-1,-1,-1,-1,-1,0.068859
64250,405,0,18635,46.012346,0.000000,30.000000,-1,66.630480,66.630480,-1,18,0,1689,11,0,676,2017,0,245,5.434863,3.229335,3.229335,1.000000,0.787366,-1,-1,-1,-1,-1,0.070184
64260,408,0,18672,45.764706,0.000000,30.000000,-1,66.634533,66.634533,-1,22,0,1711,15,0,735,2141,0,305,5.577828,3.193414,3.193414,1.000000,0.772337,-1,-1,-1,-1,-1,0.069779
64270,405,0,18763,46.328395,0.000000,30.000000,-1,66.655386,66.655386,-1,17,0,1562,15,0,746,2360,0,216,5.323651,3.098571,3.098571,1.000000,0.785071,-1,-1,-1,-1,-1,0.066883
64280,378,0,17001,44.976190,0.000000,30.000000,-1,66.619552,66.619552,-1,27,0,1420,24,0,645,2105,0,319,5.373148,3.241113,3.241113,1.000000,0.769672,-1,-1,-1,-1,-1,0.072063
64290,398,0,18464,46.391960,0.000000,30.000000,-1,66.633557,66.633557,-1,12,0,1754,20,0,714,2038,0,135,5.376072,3.161616,3.161616,1.000000,0.799933,-1,-1,-1,-1,-1,0.068150
64300,393,0,17782,45.246819,0.000000,30.000000,-1,66.600551,66.600551,-1,19,0,1607,20,0,644,1852,0,227,5.644924,3.305155,3.305155,1.000000,0.790802,-1,-1,-1,-1,-1,0.073047
64310,402,0,18277,45.465174,0.000000,30.000000,-1,66.540680,66.540680,-1,19,0,1840,20,0,723,1949,0,258,5.378273,3.094838,3.094838,1.000000,0.792393,-1,-1,-1,-1,-1,0.068071
64320,417,0,18694,44.829736,0.000000,30.000000,-1,66.566706,66.566706,-1,23,0,1950,15,0,665,2148,0,285,5.367263,3.087345,3.087345,1.000000,0.778119,-1,-1,-1,-1,-1,0.068868
64330,420,0,19182,45.671429,0.000000,30.000000,-1,66.574080,66.574080,-1,18,0,1748,21,0,719,1822,0,194,4.935628,2.865506,2.865506,1.000000,0.793906,-1,-1,-1,-1,-1,0.062742
64340,408,0,18480,45.294118,0.000000,30.000000,-1,66.624567,66.624567,-1,22,0,1729,15,0,766,1982,0,277,5.566851,3.250609,3.250609,1.000000,0.789450,-1,-1,-1,-1,-1,0.071767
64350,411,0,18590,45.231144,0.000000,30.000000,-1,66.630554,66.630554,-1,20,0,1883,15,0,745,2065,0,238,5.544070,3.119352,3.119352,1.000000,0.774811,-1,-1,-1,-1,-1,0.068965
64360,416,0,18986,45.639423,0.000000,30.000000,-1,66.669125,66.669125,-1,19,0,1796,21,0,720,2060,0,235,5.339690,3.121047,3.121047,1.000000,0.784834,-1,-1,-1,-1,-1,0.068385
64370,401,0,17935,44.725686,0.000000,30.000000,-1,66.619403,66.619403,-1,25,0,1523,21,0,716,1889,0,325,5.288286,3.118436,3.118436,1.000000,0.775666,-1,-1,-1,-1,-1,0.069724
64380,411,0,19138,46.564477,0.000000,30.000000,-1,66.668670,66.668670,-1,16,0,1783,14,0,681,1968,0,200,5.402979,3.148984,3.148984,1.000000,0.795172,-1,-1,-1,-1,-1,0.067626
64390,414,0,19245,46.485507,0.000000,30.000000,-1,66.602442,66.602442,-1,13,0,2031,13,0,811,2383,0,180,5.263306,2.991008,2.991008,1.000000,0.800863,-1,-1,-1,-1,-1,0.064343
64400,369,0,16819,45.579946,0.000000,30.000000,-1,66.663951,66.663951,-1,19,0,1526,33,0,603,1572,0,244,5.596446,3.279409,3.279409,1.000000,0.785559,-1,-1,-1,-1,-1,0.071949
64410,393,0,17863,45.452926,0.000000,30.000000,-1,66.700442,66.700442,-1,24,0,1444,18,0,659,1614,0,300,5.357748,3.194900,3.194900,1.000000,0.776672,-1,-1,-1,-1,-1,0.070290
64420,394,0,18234,46.279188,0.000000,30.000000,-1,66.725074,66.725074,-1,14,0,1611,21,0,617,2536,0,195,5.484786,3.297665,3.297665,1.000000,0.797739,-1,-1,-1,-1,-1,0.071256
64430,393,0,17923,45.605598,0.000000,30.000000,-1,66.809184,66.809184,-1,18,0,1608,17,0,637,2253,0,248,5.393914,3.206069,3.206069,1.000000,0.789754,-1,-1,-1,-1,-1,0.070300
64440,401,0,18402,45.890274,0.000000,30.000000,-1,66.918433,66.918433,-1,15,0,1540,17,0,697,1916,0,183,5.437888,3.232460,3.232460,1.000000,0.800551,-1,-1,-1,-1,-1,0.070439
64450,412,0,18533,44.983010,0.000000,30.000000,-1,66.980090,66.980090,-1,21,0,1741,27,0,742,2541,0,280,5.357743,3.079266,3.079266,1.000000,0.786786,-1,-1,-1,-1,-1,0.068454
64460,397,0,17813,44.869018,0.000000,30.000000,-1,66.972717,66.972717,-1,23,0,1633,21,0,664,2028,0,308,5.543416,3.173628,3.173628,1.000000,0.774117,-1,-1,-1,-1,-1,0.070731
64470,396,0,18018,45.500000,0.000000,30.000000,-1,66.935620,66.935620,-1,14,0,1545,24,0,664,1839,0,171,5.464047,3.207670,3.207670,1.000000,0.805397,-1,-1,-1,-1,-1,0.070498
64480,413,0,18696,45.268765,0.000000,30.000000,-1,66.945122,66.945122,-1,23,0,1883,21,0,726,2130,0,290,5.380688,3.083511,3.083511,1.000000,0.781452,-1,-1,-1,-1,-1,0.068116
64490,415,0,19214,46.298795,0.000000,30.000000,-1,66.957219,66.957219,-1,15,0,1629,16,0,753,2346,0,191,5.099108,3.054019,3.054019,1.000000,0.801027,-1,-1,-1,-1,-1,0.065963
64500,398,0,18341,46.082915,0.000000,30.000000,-1,67.022354,67.022354,-1,22,0,1429,16,0,738,2006,0,289,5.445234,3.396475,3.396475,1.000000,0.786696,-1,-1,-1,-1,-1,0.073704
64510,396,0,18010,45.479798,0.000000,30.000000,-1,66.997723,66.997723,-1,25,0,1468,16,0,712,1797,0,306,5.370445,3.249805,3.249805,1.000000,0.775167,-1,-1,-1,-1,-1,0.071456
64520,409,0,18258,44.640587,0.000000,30.000000,-1,67.014350,67.014350,-1,27,0,1831,16,0,746,1997,0,342,5.336708,3.049949,3.049949,1.000000,0.774833,-1,-1,-1,-1,-1,0.068322
64530,404,0,18267,45.215347,0.000000,30.000000,-1,67.050583,67.050583,-1,19,0,1473,27,0,718,1707,0,237,5.618834,3.347927,3.347927,1.000000,0.784698,-1,-1,-1,-1,-1,0.074044
64540,411,0,19067,46.391727,0.000000,30.000000,-1,67.048775,67.048775,-1,19,0,1551,10,0,748,2089,0,224,5.315723,3.260108,3.260108,1.000000,0.796023,-1,-1,-1,-1,-1,0.070273
64550,427,0,19816,46.407494,0.000000,30.000000,-1,67.077967,67.077967,-1,15,0,1791,18,0,772,2085,0,202,5.407600,3.109964,3.109964,1.000000,0.789982,-1,-1,-1,-1,-1,0.067014
64560,416,0,19015,45.709135,0.000000,30.000000,-1,67.177229,67.177229,-1,23,0,1678,16,0,721,2266,0,281,5.581966,3.282904,3.282904,1.000000,0.780896,-1,-1,-1,-1,-1,0.071822
64570,418,0,19210,45.956938,0.000000,30.000000,-1,67.236596,67.236596,-1,23,0,1842,9,0,666,1974,0,304,5.403161,3.135003,3.135003,1.000000,0.774716,-1,-1,-1,-1,-1,0.068216
64580,421,0,19211,45.631829,0.000000,30.000000,-1,67.286503,67.286503,-1,19,0,2024,18,0,734,2017,0,256,5.461499,3.135492,3.135492,1.000000,0.785260,-1,-1,-1,-1,-1,0.068713
64590,414,0,18917,45.693237,0.000000,30.000000,-1,67.318338,67.318338,-1,24,0,1558,20,0,744,2203,0,300,5.376763,3.183738,3.183738,1.000000,0.770833,-1,-1,-1,-1,-1,0.069676
64600,413,0,19031,46.079903,0.000000,30.000000,-1,67.302191,67.302191,-1,22,0,1504,15,0,738,2143,0,285,5.311154,3.197493,3.197493,1.000000,0.783123,-1,-1,-1,-1,-1,0.069390
64610,395,0,17826,45.129114,0.000000,30.000000,-1,67.327892,67.327892,-1,27,0,1545,15,0,697,1557,0,347,5.674326,3.389206,3.389206,1.000000,0.772428,-1,-1,-1,-1,-1,0.075100
64620,396,0,17953,45.335859,0.000000,30.000000,-1,67.377319,67.377319,-1,21,0,1719,17,0,684,1659,0,264,5.805997,3.369928,3.369928,1.000000,0.768519,-1,-1,-1,-1,-1,0.074333
64630,418,0,19125,45.753589,0.000000,30.000000,-1,67.300497,67.300497,-1,18,0,1501,17,0,744,2087,0,219,5.308326,3.070519,3.070519,1.000000,0.787617,-1,-1,-1,-1,-1,0.067110
64640,416,0,18940,45.528846,0.000000,30.000000,-1,67.246304,67.246304,-1,20,0,1504,18,0,721,1779,0,253,5.128985,3.065879,3.065879,1.000000,0.781402,-1,-1,-1,-1,-1,0.067339
64650,414,0,19127,46.200483,0.000000,30.000000,-1,67.261097,67.261097,-1,12,0,1861,23,0,717,2371,0,148,5.458791,3.023726,3.023726,1.000000,0.790323,-1,-1,-1,-1,-1,0.065448
64660,417,0,18868,45.247002,0.000000,30.000000,-1,67.239400,67.239400,-1,18,0,1892,24,0,762,2280,0,200,5.386830,2.921723,2.921723,1.000000,0.777882,-1,-1,-1,-1,-1,0.064573
64670,376,0,17524,46.606383,0.000000,30.000000,-1,67.228715,67.228715,-1,17,0,1362,24,0,695,1921,0,198,5.915445,3.450753,3.450753,1.000000,0.774974,-1,-1,-1,-1,-1,0.074040
64680,382,0,17614,46.109948,0.000000,30.000000,-1,67.247417,67.247417,-1,13,0,1569,28,0,696,1921,0,174,5.644505,3.261005,3.261005,1.000000,0.793808,-1,-1,-1,-1,-1,0.070722
64690,396,0,17859,45.098485,0.000000,30.000000,-1,67.252982,67.252982,-1,21,0,1492,12,0,640,1987,0,273,5.422094,3.159556,3.159556,1.000000,0.781628,-1,-1,-1,-1,-1,0.070059
64700,397,0,17959,45.236776,0.000000,30.000000,-1,67.294504,67.294504,-1,21,0,1681,24,0,702,1842,0,274,5.569091,3.168225,3.168225,1.000000,0.775655,-1,-1,-1,-1,-1,0.070036
64710,402,0,18102,45.029851,0.000000,30.000000,-1,67.260413,67.260413,-1,22,0,1516,16,0,712,2062,0,259,5.232303,3.091080,3.091080,1.000000,0.773623,-1,-1,-1,-1,-1,0.068645
64720,405,0,18045,44.555556,0.000000,30.000000,-1,67.181989,67.181989,-1,28,0,1594,18,0,680,1853,0,348,5.527479,3.181398,3.181398,1.000000,0.760774,-1,-1,-1,-1,-1,0.071403
64730,385,0,18107,47.031169,0.000000,30.000000,-1,67.214227,67.214227,-1,12,0,1780,19,0,688,1878,0,134,5.657973,3.259405,3.259405,1.000000,0.792573,-1,-1,-1,-1,-1,0.069303
64740,408,0,18832,46.156863,0.000000,30.000000,-1,67.168171,67.168171,-1,18,0,1601,19,0,736,2069,0,246,5.242444,3.058326,3.058326,1.000000,0.774450,-1,-1,-1,-1,-1,0.066259
64750,422,0,19250,45.616114,0.000000,30.000000,-1,67.229299,67.229299,-1,18,0,1838,21,0,748,1965,0,228,5.593715,3.047450,3.047450,1.000000,0.777695,-1,-1,-1,-1,-1,0.066806
64760,418,0,19121,45.744019,0.000000,30.000000,-1,67.190890,67.190890,-1,19,0,1629,18,0,720,1973,0,240,5.467556,3.131328,3.131328,1.000000,0.778210,-1,-1,-1,-1,-1,0.068453
64770,428,0,19453,45.450935,0.000000,30.000000,-1,67.125739,67.125739,-1,22,0,1690,16,0,745,2421,0,296,5.281329,3.052783,3.052783,1.000000,0.774107,-1,-1,-1,-1,-1,0.067167
64780,428,0,19615,45.829439,0.000000,30.000000,-1,67.193321,67.193321,-1,19,0,1624,19,0,754,1914,0,226,5.258569,3.129671,3.129671,1.000000,0.774365,-1,-1,-1,-1,-1,0.068290
64790,420,0,19278,45.900000,0.000000,30.000000,-1,67.233686,67.233686,-1,21,0,1691,25,0,713,2119,0,261,5.260901,3.032069,3.032069,1.000000,0.777855,-1,-1,-1,-1,-1,0.066058
64800,417,0,18956,45.458034,0.000000,30.000000,-1,67.181367,67.181367,-1,17,0,1607,18,0,735,2135,0,226,5.352839,3.017265,3.017265,1.000000,0.773669,-1,-1,-1,-1,-1,0.066375
64810,401,0,18164,45.296758,0.000000,30.000000,-1,67.194836,67.194836,-1,18,0,1466,20,0,690,1897,0,227,5.271947,3.121177,3.121177,1.000000,0.771786,-1,-1,-1,-1,-1,0.068905
64820,409,0,18626,45.540342,0.000000,30.000000,-1,67.217921,67.217921,-1,17,0,1564,18,0,703,2095,0,242,5.773862,3.262348,3.262348,1.000000,0.774612,-1,-1,-1,-1,-1,0.071636
64830,421,0,19332,45.919240,0.000000,30.000000,-1,67.271053,67.271053,-1,18,0,1652,22,0,740,2239,0,220,5.509884,3.138459,3.138459,1.000000,0.773348,-1,-1,-1,-1,-1,0.068347
64840,406,0,18531,45.642857,0.000000,30.000000,-1,67.247315,67.247315,-1,17,0,1783,25,0,641,2069,0,217,5.486131,3.079296,3.079296,1.000000,0.770747,-1,-1,-1,-1,-1,0.067465
64850,417,0,18619,44.649880,0.000000,30.000000,-1,67.262313,67.262313,-1,23,0,1633,18,0,719,1731,0,288,5.148496,2.905176,2.905176,1.000000,0.772599,-1,-1,-1,-1,-1,0.065066
64860,416,0,18931,45.507212,0.000000,30.000000,-1,67.240452,67.240452,-1,22,0,1623,15,0,739,1843,0,273,5.392677,3.124150,3.124150,1.000000,0.766567,-1,-1,-1,-1,-1,0.068652
64870,401,0,18211,45.413965,0.000000,30.000000,-1,67.187853,67.187853,-1,19,0,1575,18,0,700,1926,0,230,5.784127,3.319067,3.319067,1.000000,0.766246,-1,-1,-1,-1,-1,0.073085
64880,432,0,19310,44.699074,0.000000,30.000000,-1,67.167789,67.167789,-1,30,0,1631,14,0,765,2405,0,383,5.137485,2.920385,2.920385,1.000000,0.751360,-1,-1,-1,-1,-1,0.065334
64890,434,0,19743,45.490783,0.000000,30.000000,-1,67.168212,67.168212,-1,16,0,1977,14,0,730,2141,0,215,5.466274,2.998396,2.998396,1.000000,0.779249,-1,-1,-1,-1,-1,0.065912
64900,425,0,19026,44.767059,0.000000,30.000000,-1,67.177231,67.177231,-1,22,0,1823,25,0,714,2021,0,287,5.307078,2.972922,2.972922,1.000000,0.769560,-1,-1,-1,-1,-1,0.066409
64910,411,0,18834,45.824818,0.000000,30.000000,-1,67.125677,67.125677,-1,21,0,1638,28,0,730,1806,0,273,5.389040,3.121909,3.121909,1.000000,0.767746,-1,-1,-1,-1,-1,0.068127
64920,414,0,19239,46.471014,0.000000,30.000000,-1,67.104215,67.104215,-1,18,0,1494,18,0,734,2033,0,224,5.455006,3.216779,3.216779,1.000000,0.778989,-1,-1,-1,-1,-1,0.069221
64930,398,0,18172,45.658291,0.000000,30.000000,-1,67.057286,67.057286,-1,15,0,1566,22,0,683,1658,0,190,5.513435,3.082880,3.082880,1.000000,0.783568,-1,-1,-1,-1,-1,0.067521
64940,388,0,17676,45.556701,0.000000,30.000000,-1,67.115298,67.115298,-1,13,0,1762,15,0,653,1802,0,157,5.919529,3.212037,3.212037,1.000000,0.782169,-1,-1,-1,-1,-1,0.070506
64950,394,0,17811,45.205584,0.000000,30.000000,-1,67.042726,67.042726,-1,24,0,1507,21,0,676,1989,0,285,5.432233,3.126867,3.126867,1.000000,0.758741,-1,-1,-1,-1,-1,0.069170
64960,414,0,18688,45.140097,0.000000,30.000000,-1,67.091342,67.091342,-1,17,0,1978,15,0,727,2159,0,232,5.572164,3.015943,3.015943,1.000000,0.774317,-1,-1,-1,-1,-1,0.066813
64970,413,0,19360,46.876513,0.000000,30.000000,-1,67.131508,67.131508,-1,13,0,1400,16,0,760,2206,0,175,5.196723,3.075732,3.075732,1.000000,0.782578,-1,-1,-1,-1,-1,0.065613
64980,418,0,19004,45.464115,0.000000,30.000000,-1,67.081509,67.081509,-1,17,0,1944,14,0,784,1867,0,208,5.488024,3.045981,3.045981,1.000000,0.766187,-1,-1,-1,-1,-1,0.066997
64990,404,0,18602,46.044554,0.000000,30.000000,-1,67.061606,67.061606,-1,18,0,1604,17,0,688,1820,0,222,5.483548,3.144812,3.144812,1.000000,0.771201,-1,-1,-1,-1,-1,0.068299
65000,421,0,19133,45.446556,0.000000,30.000000,-1,67.043746,67.043746,-1,18,0,2070,26,0,701,2495,0,228,5.286581,2.904838,2.904838,1.000000,0.768908,-1,-1,-1,-1,-1,0.063918
65010,394,0,17863,45.337563,0.000000,30.000000,-1,67.133124,67.133124,-1,20,0,1775,17,0,701,1656,0,242,5.882766,3.238216,3.238216,1.000000,0.756196,-1,-1,-1,-1,-1,0.071425
65020,398,0,18306,45.994975,0.000000,30.000000,-1,67.090517,67.090517,-1,23,0,1482,17,0,706,2152,0,313,5.505208,3.265790,3.265790,1.000000,0.765239,-1,-1,-1,-1,-1,0.071003
65030,408,0,19022,46.622549,0.000000,30.000000,-1,67.082904,67.082904,-1,17,0,1482,16,0,782,2193,0,228,5.675698,3.327920,3.327920,1.000000,0.778026,-1,-1,-1,-1,-1,0.071380
65040,399,0,18328,45.934837,0.000000,30.000000,-1,67.116652,67.116652,-1,13,0,1704,30,0,700,1952,0,173,5.635282,3.059193,3.059193,1.000000,0.777024,-1,-1,-1,-1,-1,0.066599
65050,396,0,17846,45.065657,0.000000,30.000000,-1,67.128320,67.128320,-1,16,0,1647,20,0,658,1947,0,208,5.649076,3.056793,3.056793,1.000000,0.766680,-1,-1,-1,-1,-1,0.067830
65060,404,0,18645,46.150990,0.000000,30.000000,-1,67.185358,67.185358,-1,20,0,1801,17,0,682,2044,0,259,5.565867,3.123194,3.123194,1.000000,0.759651,-1,-1,-1,-1,-1,0.067673
65070,386,0,17884,46.331606,0.000000,30.000000,-1,67.171382,67.171382,-1,14,0,1440,18,0,719,1912,0,176,5.617852,3.202343,3.202343,1.000000,0.772975,-1,-1,-1,-1,-1,0.069118
65080,405,0,18658,46.069136,0.000000,30.000000,-1,67.166256,67.166256,-1,17,0,1809,11,0,746,1862,0,211,5.798498,3.188804,3.188804,1.000000,0.770452,-1,-1,-1,-1,-1,0.069218
65090,410,0,18508,45.141463,0.000000,30.000000,-1,67.218878,67.218878,-1,22,0,1737,21,0,674,1914,0,282,5.558588,3.062550,3.062550,1.000000,0.750445,-1,-1,-1,-1,-1,0.067843
65100,425,0,19148,45.054118,0.000000,30.000000,-1,67.258252,67.258252,-1,23,0,1676,13,0,748,2184,0,279,5.308504,2.925446,2.925446,1.000000,0.749961,-1,-1,-1,-1,-1,0.064932
65110,398,0,18687,46.952261,0.000000,30.000000,-1,67.300316,67.300316,-1,12,0,1579,25,0,691,1864,0,157,5.607070,3.046316,3.046316,1.000000,0.760948,-1,-1,-1,-1,-1,0.064881
65120,416,0,18989,45.646635,0.000000,30.000000,-1,67.341671,67.341671,-1,12,0,1849,18,0,753,2206,0,127,5.613817,3.028812,3.028812,1.000000,0.764474,-1,-1,-1,-1,-1,0.066353
65130,423,0,18905,44.692671,0.000000,30.000000,-1,67.345411,67.345411,-1,25,0,1613,17,0,716,1853,0,336,5.370660,2.947251,2.947251,1.000000,0.741980,-1,-1,-1,-1,-1,0.065945
65140,407,0,18439,45.304668,0.000000,30.000000,-1,67.364120,67.364120,-1,24,0,1497,14,0,716,1954,0,298,5.501414,3.039594,3.039594,1.000000,0.748074,-1,-1,-1,-1,-1,0.067092
65150,421,0,19005,45.142518,0.000000,30.000000,-1,67.397211,67.397211,-1,23,0,1743,16,0,718,2097,0,305,5.502128,3.030956,3.030956,1.000000,0.748242,-1,-1,-1,-1,-1,0.067142
65160,412,0,18395,44.648058,0.000000,30.000000,-1,67.423050,67.423050,-1,28,0,1570,24,0,683,1816,0,378,5.331901,3.035297,3.035297,1.000000,0.746674,-1,-1,-1,-1,-1,0.067983
65170,411,0,18819,45.788321,0.000000,30.000000,-1,67.409905,67.409905,-1,17,0,1704,15,0,741,2001,0,214,5.506942,2.985122,2.985122,1.000000,0.761328,-1,-1,-1,-1,-1,0.065194
65180,394,0,17760,45.076142,0.000000,30.000000,-1,67.404842,67.404842,-1,21,0,1543,17,0,677,2127,0,272,5.696633,3.103524,3.103524,1.000000,0.748656,-1,-1,-1,-1,-1,0.068851
65190,402,0,18359,45.669154,0.000000,30.000000,-1,67.403726,67.403726,-1,20,0,1515,27,0,675,2041,0,240,5.564650,3.242268,3.242268,1.000000,0.761543,-1,-1,-1,-1,-1,0.070995
65200,414,0,19156,46.270531,0.000000,30.000000,-1,67.417102,67.417102,-1,13,0,1740,15,0,740,1861,0,170,5.338268,3.025719,3.025719,1.000000,0.775501,-1,-1,-1,-1,-1,0.065392
65210,415,0,19011,45.809639,0.000000,30.000000,-1,67.461259,67.461259,-1,16,0,1719,17,0,717,1963,0,217,5.232850,2.891418,2.891418,1.000000,0.763167,-1,-1,-1,-1,-1,0.063118
65220,400,0,17822,44.555000,0.000000,30.000000,-1,67.411177,67.411177,-1,29,0,1656,22,0,672,1783,0,351,5.759080,3.159253,3.159253,1.000000,0.738305,-1,-1,-1,-1,-1,0.070907
65230,393,0,17673,44.969466,0.000000,30.000000,-1,67.497369,67.497369,-1,28,0,1319,18,0,698,2241,0,349,5.441277,3.142389,3.142389,1.000000,0.738106,-1,-1,-1,-1,-1,0.069878
65240,380,0,17830,46.921053,0.000000,30.000000,-1,67.476332,67.476332,-1,9,0,1555,24,0,704,1898,0,97,5.779028,3.309004,3.309004,1.000000,0.779103,-1,-1,-1,-1,-1,0.070523
65250,380,0,17463,45.955263,0.000000,30.000000,-1,67.500945,67.500945,-1,13,0,1600,19,0,679,2038,0,158,5.694170,3.169865,3.169865,1.000000,0.771470,-1,-1,-1,-1,-1,0.068977
65260,402,0,18416,45.810945,0.000000,30.000000,-1,67.520254,67.520254,-1,20,0,1729,18,0,686,1770,0,254,5.770648,3.242856,3.242856,1.000000,0.756890,-1,-1,-1,-1,-1,0.070788
65270,395,0,18295,46.316456,0.000000,30.000000,-1,67.460399,67.460399,-1,11,0,1609,13,0,730,1905,0,131,5.740880,3.115660,3.115660,1.000000,0.765616,-1,-1,-1,-1,-1,0.067269
65280,398,0,17895,44.962312,0.000000,30.000000,-1,67.489243,67.489243,-1,22,0,1572,28,0,698,1624,0,262,5.477500,3.067487,3.067487,1.000000,0.758171,-1,-1,-1,-1,-1,0.068224
65290,383,0,17108,44.668407,0.000000,30.000000,-1,67.486731,67.486731,-1,23,0,1390,32,0,637,1511,0,279,5.141562,2.937596,2.937596,1.000000,0.745174,-1,-1,-1,-1,-1,0.065765
65300,388,0,17775,45.811856,0.000000,30.000000,-1,67.499747,67.499747,-1,18,0,1583,15,0,687,1797,0,230,5.770423,3.281614,3.281614,1.000000,0.763318,-1,-1,-1,-1,-1,0.071632
65310,392,0,17932,45.744898,0.000000,30.000000,-1,67.524872,67.524872,-1,13,0,1572,19,0,709,1754,0,164,5.620245,3.106917,3.106917,1.000000,0.774999,-1,-1,-1,-1,-1,0.067918
65320,387,0,17834,46.082687,0.000000,30.000000,-1,67.548783,67.548783,-1,13,0,1565,17,0,745,2083,0,153,5.853646,3.335107,3.335107,1.000000,0.774565,-1,-1,-1,-1,-1,0.072372
65330,397,0,18062,45.496222,0.000000,30.000000,-1,67.490865,67.490865,-1,20,0,1681,17,0,696,2134,0,255,5.345525,3.025592,3.025592,1.000000,0.762080,-1,-1,-1,-1,-1,0.066502
65340,396,0,18268,46.131313,0.000000,30.000000,-1,67.481881,67.481881,-1,18,0,1545,24,0,734,1564,0,238,5.472429,3.148844,3.148844,1.000000,0.771933,-1,-1,-1,-1,-1,0.068258
65350,398,0,18121,45.530151,0.000000,30.000000,-1,67.457370,67.457370,-1,15,0,2003,21,0,672,2000,0,186,5.602033,3.074923,3.074923,1.000000,0.769011,-1,-1,-1,-1,-1,0.067536
65360,405,0,18547,45.795062,0.000000,30.000000,-1,67.424004,67.424004,-1,20,0,1517,15,0,695,1937,0,249,5.407442,3.120130,3.120130,1.000000,0.761232,-1,-1,-1,-1,-1,0.068132
65370,383,0,17679,46.159269,0.000000,30.000000,-1,67.419028,67.419028,-1,13,0,1527,19,0,727,1929,0,161,5.466325,3.106222,3.106222,1.000000,0.773235,-1,-1,-1,-1,-1,0.067294
65380,382,0,17167,44.939791,0.000000,30.000000,-1,67.383643,67.383643,-1,19,0,1466,30,0,677,1713,0,250,5.722471,3.084435,3.084435,1.000000,0.757311,-1,-1,-1,-1,-1,0.068635
65390,396,0,18023,45.512626,0.000000,30.000000,-1,67.365311,67.365311,-1,16,0,1797,23,0,692,1687,0,198,5.697555,3.054129,3.054129,1.000000,0.768016,-1,-1,-1,-1,-1,0.067105
65400,387,0,17638,45.576227,0.000000,30.000000,-1,67.351911,67.351911,-1,21,0,1449,29,0,645,2005,0,259,5.394049,3.006283,3.006283,1.000000,0.751227,-1,-1,-1,-1,-1,0.065962
65410,409,0,18280,44.694377,0.000000,30.000000,-1,67.386543,67.386543,-1,29,0,1730,12,0,707,2048,0,363,5.530944,3.107430,3.107430,1.000000,0.749980,-1,-1,-1,-1,-1,0.069526
65420,388,0,17629,45.435567,0.000000,30.000000,-1,67.374099,67.374099,-1,16,0,1627,17,0,634,1775,0,187,5.638881,3.143275,3.143275,1.000000,0.776927,-1,-1,-1,-1,-1,0.069181
65430,391,0,17758,45.416880,0.000000,30.000000,-1,67.361752,67.361752,-1,18,0,1822,21,0,715,1841,0,238,5.666955,3.093853,3.093853,1.000000,0.764592,-1,-1,-1,-1,-1,0.068121
65440,398,0,17848,44.844221,0.000000,30.000000,-1,67.271907,67.271907,-1,27,0,1592,15,0,699,1645,0,330,5.716780,3.182718,3.182718,1.000000,0.742051,-1,-1,-1,-1,-1,0.070973
65450,378,0,17278,45.708995,0.000000,30.000000,-1,67.296215,67.296215,-1,14,0,1555,24,0,684,1984,0,178,5.570383,3.111023,3.111023,1.000000,0.774037,-1,-1,-1,-1,-1,0.068061
65460,390,0,17914,45.933333,0.000000,30.000000,-1,67.323323,67.323323,-1,21,0,1456,15,0,678,1572,0,278,5.981267,3.377850,3.377850,1.000000,0.751420,-1,-1,-1,-1,-1,0.073538
65470,407,0,18489,45.427518,0.000000,30.000000,-1,67.268322,67.268322,-1,24,0,1358,19,0,698,1890,0,317,5.327692,3.058350,3.058350,1.000000,0.756307,-1,-1,-1,-1,-1,0.067324
65480,397,0,17878,45.032746,0.000000,30.000000,-1,67.290581,67.290581,-1,21,0,1621,24,0,688,1809,0,270,5.674633,3.185029,3.185029,1.000000,0.755473,-1,-1,-1,-1,-1,0.070727
65490,415,0,18927,45.607229,0.000000,30.000000,-1,67.384953,67.384953,-1,18,0,1475,21,0,684,2041,0,236,5.235977,3.073374,3.073374,1.000000,0.770545,-1,-1,-1,-1,-1,0.067388
65500,410,0,18120,44.195122,0.000000,30.000000,-1,67.406512,67.406512,-1,26,0,1504,24,0,729,2153,0,326,5.368634,2.979159,2.979159,1.000000,0.744784,-1,-1,-1,-1,-1,0.067409
65510,377,0,17345,46.007958,0.000000,30.000000,-1,67.383223,67.383223,-1,19,0,1529,22,0,625,1799,0,222,5.560414,3.182349,3.182349,1.000000,0.758136,-1,-1,-1,-1,-1,0.069170
65520,396,0,18130,45.782828,0.000000,30.000000,-1,67.410370,67.410370,-1,19,0,1439,17,0,712,1613,0,254,5.594765,3.192272,3.192272,1.000000,0.759709,-1,-1,-1,-1,-1,0.069726
65530,416,0,18884,45.394231,0.000000,30.000000,-1,67.457901,67.457901,-1,18,0,1615,15,0,745,1863,0,221,5.653530,3.157711,3.157711,1.000000,0.760679,-1,-1,-1,-1,-1,0.069562
65540,422,0,19560,46.350711,0.000000,30.000000,-1,67.467331,67.467331,-1,16,0,1788,17,0,770,2316,0,198,5.320593,2.966531,2.966531,1.000000,0.768789,-1,-1,-1,-1,-1,0.064002
65550,392,0,18198,46.423469,0.000000,30.000000,-1,67.490219,67.490219,-1,16,0,1406,22,0,718,1793,0,210,5.655597,3.282453,3.282453,1.000000,0.756692,-1,-1,-1,-1,-1,0.070707
65560,419,0,19296,46.052506,0.000000,30.000000,-1,67.474399,67.474399,-1,13,0,1845,15,0,706,1832,0,157,5.535407,2.952092,2.952092,1.000000,0.754144,-1,-1,-1,-1,-1,0.064103
65570,425,0,19660,46.258824,0.000000,30.000000,-1,67.476501,67.476501,-1,19,0,1789,15,0,764,1929,0,226,5.480493,3.025390,3.025390,1.000000,0.756475,-1,-1,-1,-1,-1,0.065401
65580,405,0,18055,44.580247,0.000000,30.000000,-1,67.481972,67.481972,-1,22,0,1775,28,0,728,2006,0,285,5.385366,2.886533,2.886533,1.000000,0.741683,-1,-1,-1,-1,-1,0.064749
65590,411,0,18967,46.148418,0.000000,30.000000,-1,67.544788,67.544788,-1,21,0,1432,17,0,725,1877,0,257,5.411382,3.101652,3.101652,1.000000,0.747621,-1,-1,-1,-1,-1,0.067210
65600,410,0,18857,45.992683,0.000000,30.000000,-1,67.558625,67.558625,-1,20,0,1581,8,0,749,2051,0,258,5.707361,3.269875,3.269875,1.000000,0.765510,-1,-1,-1,-1,-1,0.071096
65610,415,0,19116,46.062651,0.000000,30.000000,-1,67.533480,67.533480,-1,18,0,1566,16,0,759,2014,0,231,5.373917,3.102962,3.102962,1.000000,0.761906,-1,-1,-1,-1,-1,0.067364
65620,424,0,19199,45.280660,0.000000,30.000000,-1,67.563206,67.563206,-1,24,0,1800,27,0,765,1730,0,294,5.438795,2.970010,2.970010,1.000000,0.742184,-1,-1,-1,-1,-1,0.065591
65630,425,0,19250,45.294118,0.000000,30.000000,-1,67.522234,67.522234,-1,25,0,1898,17,0,740,2281,0,311,5.370969,2.880572,2.880572,1.000000,0.729191,-1,-1,-1,-1,-1,0.063597
65640,410,0,19137,46.675610,0.000000,30.000000,-1,67.530804,67.530804,-1,11,0,1660,18,0,709,1731,0,138,5.851265,3.129688,3.129688,1.000000,0.760536,-1,-1,-1,-1,-1,0.067052
65650,432,0,19587,45.340278,0.000000,30.000000,-1,67.527186,67.527186,-1,22,0,1635,15,0,778,2026,0,287,5.481295,3.019697,3.019697,1.000000,0.742361,-1,-1,-1,-1,-1,0.066601
65660,389,0,17620,45.295630,0.000000,30.000000,-1,67.519240,67.519240,-1,18,0,1613,28,0,679,1934,0,230,5.702094,3.064646,3.064646,1.000000,0.743499,-1,-1,-1,-1,-1,0.067659
65670,399,0,18405,46.127820,0.000000,30.000000,-1,67.537300,67.537300,-1,18,0,1689,21,0,695,1892,0,215,5.840027,3.326580,3.326580,1.000000,0.761782,-1,-1,-1,-1,-1,0.072117
65680,405,0,18724,46.232099,0.000000,30.000000,-1,67.517411,67.517411,-1,15,0,2002,26,0,734,2027,0,183,5.581602,3.005582,3.005582,1.000000,0.770652,-1,-1,-1,-1,-1,0.065011
65690,414,0,18841,45.509662,0.000000,30.000000,-1,67.497426,67.497426,-1,23,0,1524,30,0,735,2112,0,283,5.536492,3.142827,3.142827,1.000000,0.752868,-1,-1,-1,-1,-1,0.069058
65700,415,0,18246,43.966265,0.000000,30.000000,-1,67.522854,67.522854,-1,21,0,1811,23,0,704,1995,0,241,5.319055,2.840899,2.840899,1.000000,0.758053,-1,-1,-1,-1,-1,0.064615
65710,379,0,17517,46.218997,0.000000,30.000000,-1,67.525718,67.525718,-1,17,0,1453,19,0,599,1855,0,231,5.512331,3.176826,3.176826,1.000000,0.769523,-1,-1,-1,-1,-1,0.068734
65720,388,0,17886,46.097938,0.000000,30.000000,-1,67.554512,67.554512,-1,13,0,1719,21,0,744,1726,0,173,5.595180,3.059459,3.059459,1.000000,0.770416,-1,-1,-1,-1,-1,0.066369
65730,380,0,17271,45.450000,0.000000,30.000000,-1,67.597012,67.597012,-1,18,0,1723,32,0,655,1821,0,200,5.711596,3.122615,3.122615,1.000000,0.755201,-1,-1,-1,-1,-1,0.068704
65740,398,0,18325,46.042714,0.000000,30.000000,-1,67.587558,67.587558,-1,15,0,1406,21,0,695,1543,0,183,5.567070,3.224088,3.224088,1.000000,0.764872,-1,-1,-1,-1,-1,0.070024
65750,379,0,17465,46.081794,0.000000,30.000000,-1,67.555969,67.555969,-1,15,0,1710,27,0,671,2075,0,194,5.611211,3.049299,3.049299,1.000000,0.759510,-1,-1,-1,-1,-1,0.066171
65760,385,0,17621,45.768831,0.000000,30.000000,-1,67.589524,67.589524,-1,16,0,1629,17,0,684,1805,0,189,5.731174,3.237286,3.237286,1.000000,0.764716,-1,-1,-1,-1,-1,0.070731
65770,378,0,17597,46.552910,0.000000,30.000000,-1,67.577314,67.577314,-1,14,0,1541,23,0,645,1775,0,176,5.549544,3.108556,3.108556,1.000000,0.763916,-1,-1,-1,-1,-1,0.066775
65780,405,0,18379,45.380247,0.000000,30.000000,-1,67.564884,67.564884,-1,22,0,1521,16,0,651,2257,0,268,5.631091,3.227404,3.227404,1.000000,0.751639,-1,-1,-1,-1,-1,0.071119
65790,406,0,18575,45.751232,0.000000,30.000000,-1,67.563069,67.563069,-1,18,0,1766,15,0,783,2296,0,228,5.337078,2.949457,2.949457,1.000000,0.767563,-1,-1,-1,-1,-1,0.064467
65800,394,0,17985,45.647208,0.000000,30.000000,-1,67.567362,67.567362,-1,18,0,1557,23,0,638,1507,0,207,5.523267,3.096869,3.096869,1.000000,0.773559,-1,-1,-1,-1,-1,0.067844
65810,401,0,18171,45.314214,0.000000,30.000000,-1,67.637114,67.637114,-1,17,0,1707,15,0,715,1698,0,220,5.655911,3.119234,3.119234,1.000000,0.770617,-1,-1,-1,-1,-1,0.068836
65820,392,0,17935,45.752551,0.000000,30.000000,-1,67.649512,67.649512,-1,21,0,1494,25,0,654,1973,0,256,5.607986,3.233001,3.233001,1.000000,0.763542,-1,-1,-1,-1,-1,0.070663
65830,414,0,19403,46.867150,0.000000,30.000000,-1,67.628460,67.628460,-1,14,0,1601,17,0,745,1790,0,165,5.401779,3.147622,3.147622,1.000000,0.776611,-1,-1,-1,-1,-1,0.067161
65840,410,0,18639,45.460976,0.000000,30.000000,-1,67.616020,67.616020,-1,20,0,1416,19,0,684,2273,0,239,5.410241,3.179190,3.179190,1.000000,0.771726,-1,-1,-1,-1,-1,0.069932
65850,413,0,18613,45.067797,0.000000,30.000000,-1,67.628002,67.628002,-1,23,0,1722,21,0,762,1809,0,270,5.424904,2.963658,2.963658,1.000000,0.757529,-1,-1,-1,-1,-1,0.065760
65860,400,0,18059,45.147500,0.000000,30.000000,-1,67.640899,67.640899,-1,20,0,1823,24,0,724,2002,0,256,5.489288,2.903034,2.903034,1.000000,0.749583,-1,-1,-1,-1,-1,0.064301
65870,389,0,17601,45.246787,0.000000,30.000000,-1,67.638827,67.638827,-1,24,0,1426,18,0,644,1934,0,325,5.417033,3.219642,3.219642,1.000000,0.762964,-1,-1,-1,-1,-1,0.071157
65880,399,0,18639,46.714286,0.000000,30.000000,-1,67.644723,67.644723,-1,13,0,1530,16,0,721,2270,0,169,5.433884,3.212017,3.212017,1.000000,0.786438,-1,-1,-1,-1,-1,0.068759
65890,418,0,18890,45.191388,0.000000,30.000000,-1,67.656114,67.656114,-1,20,0,1648,19,0,699,2014,0,238,5.446170,3.003591,3.003591,1.000000,0.758970,-1,-1,-1,-1,-1,0.066464
65900,411,0,18263,44.435523,0.000000,30.000000,-1,67.692712,67.692712,-1,25,0,1558,24,0,737,1544,0,319,5.480117,3.049138,3.049138,1.000000,0.754276,-1,-1,-1,-1,-1,0.068619
65910,417,0,18945,45.431655,0.000000,30.000000,-1,67.655582,67.655582,-1,22,0,1733,15,0,762,1811,0,288,5.536779,3.088321,3.088321,1.000000,0.753640,-1,-1,-1,-1,-1,0.067977
65920,409,0,18965,46.369193,0.000000,30.000000,-1,67.683786,67.683786,-1,15,0,1559,21,0,758,2272,0,183,5.398405,3.119932,3.119932,1.000000,0.774703,-1,-1,-1,-1,-1,0.067285
65930,411,0,18495,45.000000,0.000000,30.000000,-1,67.736307,67.736307,-1,21,0,1565,26,0,723,1932,0,283,5.443523,3.082835,3.082835,1.000000,0.761693,-1,-1,-1,-1,-1,0.068507
65940,403,0,18521,45.957816,0.000000,30.000000,-1,67.714540,67.714540,-1,15,0,1639,19,0,712,2005,0,186,5.435569,3.002101,3.002101,1.000000,0.770991,-1,-1,-1,-1,-1,0.065323
65950,408,0,18693,45.816176,0.000000,30.000000,-1,67.714439,67.714439,-1,15,0,2031,19,0,671,1916,0,183,5.661526,3.035836,3.035836,1.000000,0.764158,-1,-1,-1,-1,-1,0.066261
65960,406,0,18311,45.100985,0.000000,30.000000,-1,67.742013,67.742013,-1,25,0,1367,18,0,708,2238,0,311,5.360590,3.062234,3.062234,1.000000,0.736193,-1,-1,-1,-1,-1,0.067897
65970,400,0,18458,46.145000,0.000000,30.000000,-1,67.706794,67.706794,-1,20,0,1496,23,0,678,1715,0,238,5.563100,3.261245,3.261245,1.000000,0.758376,-1,-1,-1,-1,-1,0.070674
65980,397,0,18499,46.596977,0.000000,30.000000,-1,67.695930,67.695930,-1,16,0,1476,25,0,729,1829,0,190,5.511007,3.216593,3.216593,1.000000,0.769399,-1,-1,-1,-1,-1,0.069030
65990,402,0,18434,45.855721,0.000000,30.000000,-1,67.667571,67.667571,-1,19,0,1477,14,0,714,1995,0,214,5.320881,3.028681,3.028681,1.000000,0.762035,-1,-1,-1,-1,-1,0.066048
66000,390,0,17973,46.084615,0.000000,30.000000,-1,67.702053,67.702053,-1,14,0,1599,33,0,700,2064,0,181,5.521571,3.007550,3.007550,1.000000,0.770339,-1,-1,-1,-1,-1,0.065261
66010,417,0,19074,45.741007,0.000000,30.000000,-1,67.749869,67.749869,-1,23,0,1704,18,0,716,2040,0,286,5.626262,3.202675,3.202675,1.000000,0.762333,-1,-1,-1,-1,-1,0.070018
66020,401,0,18163,45.294264,0.000000,30.000000,-1,67.707813,67.707813,-1,21,0,1587,21,0,713,1714,0,267,5.288025,2.963133,2.963133,1.000000,0.761654,-1,-1,-1,-1,-1,0.065420
66030,409,0,18907,46.227384,0.000000,30.000000,-1,67.712117,67.712117,-1,15,0,1679,21,0,710,2140,0,181,5.427010,3.005461,3.005461,1.000000,0.771491,-1,-1,-1,-1,-1,0.065015
66040,423,0,19328,45.692671,0.000000,30.000000,-1,67.758330,67.758330,-1,11,0,2146,17,0,727,1731,0,135,5.273884,2.757468,2.757468,1.000000,0.777015,-1,-1,-1,-1,-1,0.060348
66050,399,0,18619,46.664160,0.000000,30.000000,-1,67.765455,67.765455,-1,14,0,1556,21,0,701,1810,0,181,5.524853,3.229871,3.229871,1.000000,0.770098,-1,-1,-1,-1,-1,0.069215
66060,407,0,18130,44.545455,0.000000,30.000000,-1,67.841589,67.841589,-1,25,0,1652,16,0,754,1864,0,337,5.520532,3.032411,3.032411,1.000000,0.752987,-1,-1,-1,-1,-1,0.068075
66070,406,0,18590,45.788177,0.000000,30.000000,-1,67.884669,67.884669,-1,18,0,1473,10,0,684,1611,0,221,5.784737,3.245582,3.245582,1.000000,0.759584,-1,-1,-1,-1,-1,0.070883
66080,402,0,18195,45.261194,0.000000,30.000000,-1,67.926024,67.926024,-1,22,0,1580,21,0,672,1884,0,300,5.824383,3.218735,3.218735,1.000000,0.757318,-1,-1,-1,-1,-1,0.071115
66090,415,0,19152,46.149398,0.000000,30.000000,-1,67.919956,67.919956,-1,17,0,1633,22,0,756,1796,0,213,5.627152,3.163094,3.163094,1.000000,0.769200,-1,-1,-1,-1,-1,0.068540
66100,411,0,18528,45.080292,0.000000,30.000000,-1,67.947809,67.947809,-1,27,0,1537,17,0,767,2024,0,355,5.243144,2.975545,2.975545,1.000000,0.746927,-1,-1,-1,-1,-1,0.066005
66110,414,0,18554,44.816425,0.000000,30.000000,-1,67.978819,67.978819,-1,17,0,2070,26,0,760,1715,0,237,5.688355,2.872492,2.872492,1.000000,0.757014,-1,-1,-1,-1,-1,0.064095
66120,427,0,19040,44.590164,0.000000,30.000000,-1,67.987447,67.987447,-1,23,0,1882,17,0,739,1750,0,300,5.489962,2.927569,2.927569,1.000000,0.737885,-1,-1,-1,-1,-1,0.065655
66130,420,0,19088,45.447619,0.000000,30.000000,-1,67.972601,67.972601,-1,26,0,1467,20,0,754,1953,0,303,5.496705,3.114916,3.114916,1.000000,0.745374,-1,-1,-1,-1,-1,0.068539
66140,398,0,18495,46.469849,0.000000,30.000000,-1,67.921060,67.921060,-1,18,0,1403,22,0,692,1982,0,234,5.237845,2.996362,2.996362,1.000000,0.757677,-1,-1,-1,-1,-1,0.064480
66150,389,0,17483,44.943445,0.000000,30.000000,-1,67.892067,67.892067,-1,18,0,1724,25,0,635,1896,0,234,5.679214,3.033990,3.033990,1.000000,0.761624,-1,-1,-1,-1,-1,0.067507
66160,404,0,18372,45.475248,0.000000,30.000000,-1,67.923743,67.923743,-1,20,0,1568,21,0,727,1805,0,230,5.510390,3.149303,3.149303,1.000000,0.755979,-1,-1,-1,-1,-1,0.069253
66170,394,0,18084,45.898477,0.000000,30.000000,-1,67.953661,67.953661,-1,20,0,1463,18,0,630,1878,0,284,5.571219,3.090915,3.090915,1.000000,0.746085,-1,-1,-1,-1,-1,0.067342
66180,389,0,18030,46.349614,0.000000,30.000000,-1,67.972989,67.972989,-1,15,0,1716,18,0,653,1828,0,188,5.860703,3.212501,3.212501,1.000000,0.763067,-1,-1,-1,-1,-1,0.069310
66190,390,0,17564,45.035897,0.000000,30.000000,-1,67.966409,67.966409,-1,25,0,1487,28,0,659,1780,0,324,5.628421,3.144229,3.144229,1.000000,0.739482,-1,-1,-1,-1,-1,0.069816
66200,397,0,18225,45.906801,0.000000,30.000000,-1,67.990562,67.990562,-1,15,0,1743,21,0,692,2172,0,182,5.681021,3.036983,3.036983,1.000000,0.755883,-1,-1,-1,-1,-1,0.066155
66210,388,0,17864,46.041237,0.000000,30.000000,-1,68.000448,68.000448,-1,20,0,1791,19,0,671,2147,0,248,5.758833,3.129544,3.129544,1.000000,0.738964,-1,-1,-1,-1,-1,0.067973
66220,392,0,18007,45.936224,0.000000,30.000000,-1,67.887099,67.887099,-1,12,0,1442,19,0,637,1867,0,166,5.659667,3.066767,3.066767,1.000000,0.763212,-1,-1,-1,-1,-1,0.066761
66230,418,0,19248,46.047847,0.000000,30.000000,-1,67.900509,67.900509,-1,12,0,1788,14,0,689,1964,0,157,5.807697,3.053547,3.053547,1.000000,0.757678,-1,-1,-1,-1,-1,0.066312
66240,395,0,18121,45.875949,0.000000,30.000000,-1,67.910380,67.910380,-1,17,0,1605,29,0,689,1906,0,217,5.508927,3.000898,3.000898,1.000000,0.746927,-1,-1,-1,-1,-1,0.065413
66250,397,0,18340,46.196474,0.000000,30.000000,-1,67.951091,67.951091,-1,14,0,1800,17,0,706,2130,0,189,5.679172,3.031635,3.031635,1.000000,0.756408,-1,-1,-1,-1,-1,0.065625
66260,413,0,18444,44.658596,0.000000,30.000000,-1,67.962264,67.962264,-1,21,0,1898,16,0,671,2260,0,242,5.687814,3.034485,3.034485,1.000000,0.744155,-1,-1,-1,-1,-1,0.067949
66270,422,0,19411,45.997630,0.000000,30.000000,-1,67.970635,67.970635,-1,20,0,1666,22,0,766,1896,0,255,5.399112,2.981840,2.981840,1.000000,0.750558,-1,-1,-1,-1,-1,0.064826
66280,434,0,19867,45.776498,0.000000,30.000000,-1,67.956058,67.956058,-1,15,0,1910,16,0,791,2038,0,191,5.466960,2.894023,2.894023,1.000000,0.750754,-1,-1,-1,-1,-1,0.063221
66290,419,0,18690,44.606205,0.000000,30.000000,-1,67.985233,67.985233,-1,30,0,1612,19,0,722,1679,0,407,5.288481,2.896994,2.896994,1.000000,0.719236,-1,-1,-1,-1,-1,0.064946
66300,423,0,19518,46.141844,0.000000,30.000000,-1,67.957065,67.957065,-1,17,0,1595,16,0,742,1892,0,199,5.562195,3.094115,3.094115,1.000000,0.757153,-1,-1,-1,-1,-1,0.067057
66310,401,0,18083,45.094763,0.000000,30.000000,-1,67.944810,67.944810,-1,24,0,1566,22,0,699,1641,0,313,5.421490,3.063508,3.063508,1.000000,0.746042,-1,-1,-1,-1,-1,0.067935
66320,397,0,17955,45.226700,0.000000,30.000000,-1,68.002395,68.002395,-1,22,0,1542,13,0,685,1902,0,285,5.556393,3.094201,3.094201,1.000000,0.754255,-1,-1,-1,-1,-1,0.068415
66330,407,0,18490,45.429975,0.000000,30.000000,-1,68.013088,68.013088,-1,21,0,1725,19,0,691,1629,0,268,5.738017,3.132932,3.132932,1.000000,0.751956,-1,-1,-1,-1,-1,0.068962
66340,411,0,18722,45.552311,0.000000,30.000000,-1,68.043104,68.043104,-1,23,0,1576,16,0,672,1943,0,298,5.402403,3.021341,3.021341,1.000000,0.745995,-1,-1,-1,-1,-1,0.066327
66350,405,0,18420,45.481481,0.000000,30.000000,-1,68.031596,68.031596,-1,20,0,1734,11,0,761,1946,0,270,5.585323,3.102096,3.102096,1.000000,0.755822,-1,-1,-1,-1,-1,0.068206
66360,406,0,18626,45.876847,0.000000,30.000000,-1,68.021959,68.021959,-1,17,0,1612,19,0,712,2138,0,202,5.520090,3.080895,3.080895,1.000000,0.754797,-1,-1,-1,-1,-1,0.067156
66370,395,0,17910,45.341772,0.000000,30.000000,-1,67.969793,67.969793,-1,21,0,1426,17,0,635,1942,0,261,5.641601,3.070876,3.070876,1.000000,0.739438,-1,-1,-1,-1,-1,0.067727
66380,434,0,19617,45.200461,0.000000,30.000000,-1,67.955702,67.955702,-1,21,0,1795,23,0,756,1833,0,249,5.491192,2.875277,2.875277,1.000000,0.742390,-1,-1,-1,-1,-1,0.063612
66390,402,0,18210,45.298507,0.000000,30.000000,-1,67.944097,67.944097,-1,20,0,1649,17,0,731,1903,0,285,5.894426,3.140519,3.140519,1.000000,0.744858,-1,-1,-1,-1,-1,0.069329
66400,415,0,19101,46.026506,0.000000,30.000000,-1,67.931627,67.931627,-1,21,0,1747,17,0,608,1753,0,282,5.747661,3.069818,3.069818,1.000000,0.737916,-1,-1,-1,-1,-1,0.066697
66410,412,0,18697,45.381068,0.000000,30.000000,-1,67.897577,67.897577,-1,24,0,1517,21,0,770,1950,0,299,5.635565,3.036534,3.036534,1.000000,0.726879,-1,-1,-1,-1,-1,0.066912
66420,410,0,18478,45.068293,0.000000,30.000000,-1,67.947559,67.947559,-1,19,0,1819,24,0,672,1927,0,237,5.756954,2.927425,2.927425,1.000000,0.727073,-1,-1,-1,-1,-1,0.064955
66430,389,0,17459,44.881748,0.000000,30.000000,-1,67.996048,67.996048,-1,21,0,1691,15,0,627,1651,0,259,5.899148,3.035728,3.035728,1.000000,0.727114,-1,-1,-1,-1,-1,0.067638
66440,391,0,17579,44.959079,0.000000,30.000000,-1,67.974174,67.974174,-1,23,0,1251,16,0,661,2094,0,291,5.722317,3.174773,3.174773,1.000000,0.734930,-1,-1,-1,-1,-1,0.070615
66450,390,0,17650,45.256410,0.000000,30.000000,-1,67.969745,67.969745,-1,19,0,1833,24,0,687,1348,0,254,5.899352,3.008340,3.008340,1.000000,0.719777,-1,-1,-1,-1,-1,0.066473
66460,395,0,18201,46.078481,0.000000,30.000000,-1,67.979122,67.979122,-1,14,0,1543,17,0,688,1969,0,186,5.752472,3.056449,3.056449,1.000000,0.738970,-1,-1,-1,-1,-1,0.066331
66470,398,0,18487,46.449749,0.000000,30.000000,-1,67.973333,67.973333,-1,12,0,1758,25,0,746,2010,0,153,5.883197,2.969519,2.969519,1.000000,0.738098,-1,-1,-1,-1,-1,0.063930
66480,438,0,19448,44.401826,0.000000,30.000000,-1,68.083968,68.083968,-1,26,0,1757,22,0,696,1991,0,317,5.289138,2.751686,2.751686,1.000000,0.723452,-1,-1,-1,-1,-1,0.061972
66490,399,0,18423,46.172932,0.000000,30.000000,-1,68.126961,68.126961,-1,20,0,1377,25,0,749,1939,0,240,5.480129,2.965270,2.965270,1.000000,0.728141,-1,-1,-1,-1,-1,0.064221
66500,413,0,18786,45.486683,0.000000,30.000000,-1,68.119610,68.119610,-1,21,0,1454,21,0,691,2090,0,274,5.522492,3.042653,3.042653,1.000000,0.737972,-1,-1,-1,-1,-1,0.066891
66510,411,0,18811,45.768856,0.000000,30.000000,-1,68.106321,68.106321,-1,17,0,1598,17,0,762,1850,0,228,5.665869,3.039611,3.039611,1.000000,0.743462,-1,-1,-1,-1,-1,0.066412
66520,418,0,18709,44.758373,0.000000,30.000000,-1,68.134481,68.134481,-1,25,0,1711,19,0,685,1906,0,293,5.772737,2.985864,2.985864,1.000000,0.724561,-1,-1,-1,-1,-1,0.066711
66530,422,0,18820,44.597156,0.000000,30.000000,-1,68.175239,68.175239,-1,26,0,1714,16,0,712,2066,0,326,5.322718,2.827587,2.827587,1.000000,0.721117,-1,-1,-1,-1,-1,0.063403
66540,422,0,18986,44.990521,0.000000,30.000000,-1,68.195670,68.195670,-1,22,0,1527,17,0,734,1798,0,265,5.499098,2.912999,2.912999,1.000000,0.725844,-1,-1,-1,-1,-1,0.064747
66550,405,0,18535,45.765432,0.000000,30.000000,-1,68.243000,68.243000,-1,21,0,1648,16,0,745,1670,0,277,5.740272,3.047499,3.047499,1.000000,0.719817,-1,-1,-1,-1,-1,0.066590
66560,412,0,18555,45.036408,0.000000,30.000000,-1,68.235839,68.235839,-1,23,0,1513,24,0,662,1838,0,286,5.588888,2.995023,2.995023,1.000000,0.729356,-1,-1,-1,-1,-1,0.066502
66570,409,0,18786,45.931540,0.000000,30.000000,-1,68.241563,68.241563,-1,17,0,1744,19,0,745,1726,0,226,5.617261,2.891762,2.891762,1.000000,0.737449,-1,-1,-1,-1,-1,0.062958
66580,412,0,18986,46.082524,0.000000,30.000000,-1,68.229327,68.229327,-1,20,0,1647,15,0,722,1674,0,263,5.672011,3.068396,3.068396,1.000000,0.736521,-1,-1,-1,-1,-1,0.066585
66590,411,0,19027,46.294404,0.000000,30.000000,-1,68.224944,68.224944,-1,18,0,1576,20,0,745,2074,0,225,5.551976,2.983304,2.983304,1.000000,0.735617,-1,-1,-1,-1,-1,0.064442
66600,403,0,18103,44.920596,0.000000,30.000000,-1,68.218969,68.218969,-1,21,0,1764,23,0,698,2109,0,281,5.412875,2.746052,2.746052,1.000000,0.729729,-1,-1,-1,-1,-1,0.061131
66610,420,0,18507,44.064286,0.000000,30.000000,-1,68.176204,68.176204,-1,28,0,1614,22,0,673,1890,0,348,5.427686,2.932745,2.932745,1.000000,0.720979,-1,-1,-1,-1,-1,0.066556
66620,399,0,18105,45.375940,0.000000,30.000000,-1,68.151008,68.151008,-1,24,0,1543,19,0,692,1961,0,284,5.467921,3.008151,3.008151,1.000000,0.727188,-1,-1,-1,-1,-1,0.066294
66630,399,0,18407,46.132832,0.000000,30.000000,-1,68.167273,68.167273,-1,15,0,1588,26,0,674,1589,0,177,5.530556,2.980723,2.980723,1.000000,0.748241,-1,-1,-1,-1,-1,0.064612
66640,402,0,18064,44.935323,0.000000,30.000000,-1,68.183293,68.183293,-1,24,0,1482,17,0,678,1589,0,300,5.441933,3.088924,3.088924,1.000000,0.746454,-1,-1,-1,-1,-1,0.068742
66650,417,0,18523,44.419664,0.000000,30.000000,-1,68.147978,68.147978,-1,33,0,1400,19,0,733,1899,0,410,5.512507,3.130693,3.130693,1.000000,0.731702,-1,-1,-1,-1,-1,0.070480
66660,387,0,17653,45.614987,0.000000,30.000000,-1,68.149663,68.149663,-1,14,0,1624,21,0,664,1933,0,162,5.532053,2.929618,2.929618,1.000000,0.754451,-1,-1,-1,-1,-1,0.064225
66670,393,0,18032,45.882952,0.000000,30.000000,-1,68.194377,68.194377,-1,14,0,1791,23,0,688,2080,0,177,5.810623,3.055062,3.055062,1.000000,0.754296,-1,-1,-1,-1,-1,0.066584
66680,407,0,18257,44.857494,0.000000,30.000000,-1,68.245440,68.245440,-1,26,0,1759,23,0,753,1767,0,305,5.561155,2.984417,2.984417,1.000000,0.730776,-1,-1,-1,-1,-1,0.066531
66690,416,0,18840,45.288462,0.000000,30.000000,-1,68.258493,68.258493,-1,19,0,1849,24,0,729,1986,0,264,5.479773,2.998058,2.998058,1.000000,0.756610,-1,-1,-1,-1,-1,0.066199
66700,414,0,18527,44.751208,0.000000,30.000000,-1,68.325093,68.325093,-1,25,0,1598,19,0,705,2327,0,309,5.540730,3.034495,3.034495,1.000000,0.738021,-1,-1,-1,-1,-1,0.067808
66710,417,0,18732,44.920863,0.000000,30.000000,-1,68.358157,68.358157,-1,23,0,1744,20,0,717,2096,0,296,5.404621,2.877782,2.877782,1.000000,0.741426,-1,-1,-1,-1,-1,0.064063
66720,406,0,18270,45.000000,0.000000,30.000000,-1,68.361412,68.361412,-1,20,0,1640,15,0,720,1889,0,263,5.683690,3.073523,3.073523,1.000000,0.744926,-1,-1,-1,-1,-1,0.068301
66730,394,0,17983,45.642132,0.000000,30.000000,-1,68.372240,68.372240,-1,17,0,1636,20,0,692,1750,0,225,5.699439,3.098845,3.098845,1.000000,0.754033,-1,-1,-1,-1,-1,0.067894
66740,392,0,17758,45.301020,0.000000,30.000000,-1,68.358205,68.358205,-1,14,0,1710,23,0,728,1824,0,187,5.661909,3.056750,3.056750,1.000000,0.761218,-1,-1,-1,-1,-1,0.067476
66750,402,0,18478,45.965174,0.000000,30.000000,-1,68.364379,68.364379,-1,21,0,1666,19,0,735,1606,0,254,5.701094,3.148823,3.148823,1.000000,0.743434,-1,-1,-1,-1,-1,0.068505
66760,420,0,19048,45.352381,0.000000,30.000000,-1,68.351480,68.351480,-1,26,0,1465,21,0,744,2217,0,363,5.385047,2.987856,2.987856,1.000000,0.736134,-1,-1,-1,-1,-1,0.065881
66770,415,0,18703,45.067470,0.000000,30.000000,-1,68.391114,68.391114,-1,18,0,2037,12,0,748,1754,0,243,5.701309,2.879739,2.879739,1.000000,0.744689,-1,-1,-1,-1,-1,0.063898
66780,393,0,17855,45.432570,0.000000,30.000000,-1,68.351498,68.351498,-1,21,0,1548,23,0,686,1775,0,250,5.743087,3.198207,3.198207,1.000000,0.749147,-1,-1,-1,-1,-1,0.070395
66790,412,0,18999,46.114078,0.000000,30.000000,-1,68.358229,68.358229,-1,12,0,1848,22,0,673,2333,0,145,5.473344,2.879060,2.879060,1.000000,0.764569,-1,-1,-1,-1,-1,0.062433
66800,384,0,17509,45.596354,0.000000,30.000000,-1,68.302073,68.302073,-1,16,0,1712,18,0,642,1721,0,215,5.767569,3.019758,3.019758,1.000000,0.743318,-1,-1,-1,-1,-1,0.066228
66810,397,0,18005,45.352645,0.000000,30.000000,-1,68.294640,68.294640,-1,19,0,1702,24,0,678,1656,0,246,5.527779,2.985475,2.985475,1.000000,0.742288,-1,-1,-1,-1,-1,0.065828
66820,412,0,18511,44.929612,0.000000,30.000000,-1,68.282481,68.282481,-1,18,0,1796,16,0,718,2413,0,220,5.272296,2.782200,2.782200,1.000000,0.743527,-1,-1,-1,-1,-1,0.061924
66830,411,0,19063,46.381995,0.000000,30.000000,-1,68.284530,68.284530,-1,17,0,1448,19,0,681,1972,0,217,5.778180,3.189321,3.189321,1.000000,0.747541,-1,-1,-1,-1,-1,0.068762
66840,417,0,18951,45.446043,0.000000,30.000000,-1,68.278983,68.278983,-1,20,0,1727,16,0,751,1521,0,254,5.688638,3.048258,3.048258,1.000000,0.740125,-1,-1,-1,-1,-1,0.067074
66850,416,0,19050,45.793269,0.000000,30.000000,-1,68.257743,68.257743,-1,17,0,1882,26,0,729,2001,0,227,5.397308,2.904890,2.904890,1.000000,0.751696,-1,-1,-1,-1,-1,0.063435
66860,431,0,20114,46.668213,0.000000,30.000000,-1,68.288307,68.288307,-1,14,0,1948,16,0,764,2281,0,161,5.610926,3.023037,3.023037,1.000000,0.759425,-1,-1,-1,-1,-1,0.064777
66870,428,0,18966,44.313084,0.000000,30.000000,-1,68.311188,68.311188,-1,28,0,1763,19,0,739,2175,0,347,5.254228,2.858200,2.858200,1.000000,0.728242,-1,-1,-1,-1,-1,0.064500
66880,421,0,19488,46.289786,0.000000,30.000000,-1,68.329485,68.329485,-1,16,0,1657,19,0,740,1995,0,201,5.751606,3.081444,3.081444,1.000000,0.747070,-1,-1,-1,-1,-1,0.066569
66890,397,0,18557,46.743073,0.000000,30.000000,-1,68.355014,68.355014,-1,15,0,1557,18,0,728,1421,0,176,5.438255,3.054948,3.054948,1.000000,0.758451,-1,-1,-1,-1,-1,0.065356
66900,425,0,19516,45.920000,0.000000,30.000000,-1,68.318918,68.318918,-1,15,0,1866,17,0,777,1721,0,220,5.539041,2.932107,2.932107,1.000000,0.757940,-1,-1,-1,-1,-1,0.063853
66910,416,0,18789,45.165865,0.000000,30.000000,-1,68.264516,68.264516,-1,20,0,1791,18,0,758,1784,0,257,5.647082,2.949416,2.949416,1.000000,0.739859,-1,-1,-1,-1,-1,0.065302
66920,404,0,18631,46.116337,0.000000,30.000000,-1,68.304224,68.304224,-1,11,0,1710,26,0,638,1874,0,130,5.671037,2.966987,2.966987,1.000000,0.759557,-1,-1,-1,-1,-1,0.064337
66930,406,0,18593,45.795567,0.000000,30.000000,-1,68.272791,68.272791,-1,17,0,1712,15,0,739,1841,0,190,5.661469,3.041323,3.041323,1.000000,0.749956,-1,-1,-1,-1,-1,0.066411
66940,410,0,18206,44.404878,0.000000,30.000000,-1,68.287652,68.287652,-1,27,0,1795,25,0,665,1914,0,332,5.533400,2.947204,2.947204,1.000000,0.737510,-1,-1,-1,-1,-1,0.066371
66950,396,0,17723,44.755051,0.000000,30.000000,-1,68.347571,68.347571,-1,25,0,1561,19,0,711,1618,0,328,5.503918,2.957662,2.957662,1.000000,0.733093,-1,-1,-1,-1,-1,0.066086
66960,431,0,19651,45.593968,0.000000,30.000000,-1,68.407358,68.407358,-1,21,0,1643,18,0,783,2144,0,266,5.306285,2.873088,2.873088,1.000000,0.741756,-1,-1,-1,-1,-1,0.063015
66970,403,0,18155,45.049628,0.000000,30.000000,-1,68.484715,68.484715,-1,22,0,1617,22,0,775,1525,0,290,5.668850,3.051580,3.051580,1.000000,0.737864,-1,-1,-1,-1,-1,0.067738
66980,411,0,18869,45.909976,0.000000,30.000000,-1,68.533574,68.533574,-1,15,0,1642,25,0,739,2327,0,219,5.146277,2.876431,2.876431,1.000000,0.764871,-1,-1,-1,-1,-1,0.062654
66990,406,0,18222,44.881773,0.000000,30.000000,-1,68.503073,68.503073,-1,19,0,1785,17,0,754,1945,0,238,5.566339,2.882934,2.882934,1.000000,0.748865,-1,-1,-1,-1,-1,0.064234
67000,399,0,17947,44.979950,0.000000,30.000000,-1,68.462696,68.462696,-1,24,0,1378,22,0,646,2094,0,321,5.645270,3.127495,3.127495,1.000000,0.739534,-1,-1,-1,-1,-1,0.069531
67010,429,0,19340,45.081585,0.000000,30.000000,-1,68.483713,68.483713,-1,23,0,1927,20,0,749,2447,0,303,5.374076,2.877229,2.877229,1.000000,0.741896,-1,-1,-1,-1,-1,0.063823
67020,427,0,19061,44.639344,0.000000,30.000000,-1,68.486281,68.486281,-1,30,0,1703,24,0,787,2092,0,373,5.217415,2.864274,2.864274,1.000000,0.732323,-1,-1,-1,-1,-1,0.064165
67030,437,0,19466,44.544622,0.000000,30.000000,-1,68.544180,68.544180,-1,26,0,1716,8,0,679,2317,0,302,5.487866,2.926195,2.926195,1.000000,0.730496,-1,-1,-1,-1,-1,0.065691
67040,399,0,18567,46.533835,0.000000,30.000000,-1,68.565412,68.565412,-1,16,0,1348,21,0,706,1757,0,179,5.747049,3.221742,3.221742,1.000000,0.750044,-1,-1,-1,-1,-1,0.069234
67050,411,0,19086,46.437956,0.000000,30.000000,-1,68.542963,68.542963,-1,12,0,1769,19,0,780,1668,0,158,5.801018,3.101890,3.101890,1.000000,0.756168,-1,-1,-1,-1,-1,0.066796
67060,408,0,18282,44.808824,0.000000,30.000000,-1,68.516027,68.516027,-1,20,0,1615,21,0,717,1973,0,225,5.414714,2.877770,2.877770,1.000000,0.745160,-1,-1,-1,-1,-1,0.064223
67070,413,0,19043,46.108959,0.000000,30.000000,-1,68.521767,68.521767,-1,18,0,1712,21,0,718,2160,0,208,5.516441,3.039422,3.039422,1.000000,0.750643,-1,-1,-1,-1,-1,0.065918
67080,405,0,18102,44.696296,0.000000,30.000000,-1,68.571484,68.571484,-1,26,0,1554,24,0,746,2177,0,326,5.831560,3.200539,3.200539,1.000000,0.735183,-1,-1,-1,-1,-1,0.071606
67090,389,0,17848,45.881748,0.000000,30.000000,-1,68.628530,68.628530,-1,21,0,1435,15,0,653,1580,0,288,5.728846,3.226596,3.226596,1.000000,0.745717,-1,-1,-1,-1,-1,0.070324
67100,401,0,18688,46.603491,0.000000,30.000000,-1,68.648759,68.648759,-1,18,0,1462,22,0,666,2073,0,224,5.335422,3.003433,3.003433,1.000000,0.745321,-1,-1,-1,-1,-1,0.064447
67110,387,0,17884,46.211886,0.000000,30.000000,-1,68.655782,68.655782,-1,13,0,1645,20,0,654,1916,0,159,5.747975,3.158018,3.158018,1.000000,0.765962,-1,-1,-1,-1,-1,0.068338
67120,418,0,18860,45.119617,0.000000,30.000000,-1,68.649947,68.649947,-1,20,0,1778,16,0,743,1905,0,259,5.175354,2.746553,2.746553,1.000000,0.745835,-1,-1,-1,-1,-1,0.060873
67130,420,0,18922,45.052381,0.000000,30.000000,-1,68.674717,68.674717,-1,25,0,1774,26,0,688,1703,0,324,5.431274,2.945597,2.945597,1.000000,0.732680,-1,-1,-1,-1,-1,0.065382
67140,420,0,19520,46.476190,0.000000,30.000000,-1,68.672797,68.672797,-1,14,0,1738,17,0,734,1852,0,169,5.663653,3.024102,3.024102,1.000000,0.758048,-1,-1,-1,-1,-1,0.065068
67150,405,0,18331,45.261728,0.000000,30.000000,-1,68.648464,68.648464,-1,19,0,1731,23,0,676,1438,0,208,5.605325,3.018426,3.018426,1.000000,0.751426,-1,-1,-1,-1,-1,0.066688
67160,413,0,18381,44.506053,0.000000,30.000000,-1,68.616561,68.616561,-1,32,0,1466,14,0,723,1864,0,442,5.587531,3.094932,3.094932,1.000000,0.729295,-1,-1,-1,-1,-1,0.069540
67170,416,0,19067,45.834135,0.000000,30.000000,-1,68.658153,68.658153,-1,22,0,1555,24,0,726,2364,0,254,5.337858,2.996353,2.996353,1.000000,0.746079,-1,-1,-1,-1,-1,0.065374
67180,380,0,17753,46.718421,0.000000,30.000000,-1,68.648904,68.648904,-1,15,0,1331,32,0,610,1834,0,206,5.664221,3.204325,3.204325,1.000000,0.750439,-1,-1,-1,-1,-1,0.068588
67190,400,0,18456,46.140000,0.000000,30.000000,-1,68.684493,68.684493,-1,15,0,1776,20,0,731,1887,0,187,5.625375,3.075458,3.075458,1.000000,0.769107,-1,-1,-1,-1,-1,0.066655
67200,390,0,17282,44.312821,0.000000,30.000000,-1,68.703680,68.703680,-1,20,0,1744,19,0,667,1421,0,247,5.459757,2.898912,2.898912,1.000000,0.745356,-1,-1,-1,-1,-1,0.065419
67210,402,0,18282,45.477612,0.000000,30.000000,-1,68.674762,68.674762,-1,24,0,1449,18,0,659,1764,0,285,5.510383,3.212668,3.212668,1.000000,0.750384,-1,-1,-1,-1,-1,0.070643
67220,405,0,18656,46.064198,0.000000,30.000000,-1,68.658448,68.658448,-1,17,0,1703,18,0,660,1652,0,226,5.875599,3.240097,3.240097,1.000000,0.764645,-1,-1,-1,-1,-1,0.070339
67230,405,0,18142,44.795062,0.000000,30.000000,-1,68.675339,68.675339,-1,24,0,1710,12,0,731,1947,0,297,5.874430,3.174952,3.174952,1.000000,0.750752,-1,-1,-1,-1,-1,0.070877
67240,399,0,18188,45.583960,0.000000,30.000000,-1,68.704805,68.704805,-1,20,0,1581,16,0,685,2247,0,267,5.406543,2.897074,2.897074,1.000000,0.748254,-1,-1,-1,-1,-1,0.063555
67250,382,0,17152,44.900524,0.000000,30.000000,-1,68.687792,68.687792,-1,22,0,1309,15,0,663,1659,0,276,5.730154,3.282187,3.282187,1.000000,0.755866,-1,-1,-1,-1,-1,0.073099
67260,389,0,17762,45.660668,0.000000,30.000000,-1,68.736572,68.736572,-1,18,0,1623,20,0,626,1561,0,235,5.858495,3.269794,3.269794,1.000000,0.757419,-1,-1,-1,-1,-1,0.071611
67270,410,0,18972,46.273171,0.000000,30.000000,-1,68.739247,68.739247,-1,20,0,1659,14,0,672,1955,0,248,5.611577,3.182732,3.182732,1.000000,0.756164,-1,-1,-1,-1,-1,0.068781
67280,411,0,18647,45.369830,0.000000,30.000000,-1,68.826943,68.826943,-1,22,0,1581,14,0,682,1900,0,263,5.574083,3.063772,3.063772,1.000000,0.738994,-1,-1,-1,-1,-1,0.067529
67290,405,0,18520,45.728395,0.000000,30.000000,-1,68.764687,68.764687,-1,21,0,1466,12,0,708,1990,0,238,5.659419,3.166919,3.166919,1.000000,0.750896,-1,-1,-1,-1,-1,0.069255
67300,415,0,19039,45.877108,0.000000,30.000000,-1,68.782867,68.782867,-1,18,0,1586,24,0,719,2210,0,227,5.468624,3.003091,3.003091,1.000000,0.761543,-1,-1,-1,-1,-1,0.065459
67310,411,0,18536,45.099757,0.000000,30.000000,-1,68.829359,68.829359,-1,22,0,1737,16,0,723,1951,0,266,5.790942,3.090648,3.090648,1.000000,0.739586,-1,-1,-1,-1,-1,0.068529
67320,407,0,18430,45.282555,0.000000,30.000000,-1,68.863809,68.863809,-1,24,0,1459,20,0,679,1838,0,294,5.529751,3.105676,3.105676,1.000000,0.739399,-1,-1,-1,-1,-1,0.068584
67330,396,0,18156,45.848485,0.000000,30.000000,-1,68.844569,68.844569,-1,16,0,1554,24,0,725,1881,0,200,5.455967,3.034774,3.034774,1.000000,0.759461,-1,-1,-1,-1,-1,0.066191
67340,392,0,18023,45.977041,0.000000,30.000000,-1,68.831937,68.831937,-1,18,0,1619,27,0,655,1575,0,213,5.610582,3.151626,3.151626,1.000000,0.754470,-1,-1,-1,-1,-1,0.068548
67350,395,0,17722,44.865823,0.000000,30.000000,-1,68.832355,68.832355,-1,22,0,1560,21,0,687,1804,0,262,5.649558,3.093340,3.093340,1.000000,0.742755,-1,-1,-1,-1,-1,0.068946
67360,419,0,19242,45.923628,0.000000,30.000000,-1,68.817483,68.817483,-1,18,0,1634,27,0,747,2041,0,212,5.422085,2.983643,2.983643,1.000000,0.750423,-1,-1,-1,-1,-1,0.064970
67370,423,0,19162,45.300236,0.000000,30.000000,-1,68.802108,68.802108,-1,23,0,1776,23,0,748,2606,0,302,5.371544,2.858559,2.858559,1.000000,0.731920,-1,-1,-1,-1,-1,0.063103
67380,430,0,19881,46.234884,0.000000,30.000000,-1,68.814949,68.814949,-1,17,0,1544,20,0,744,2183,0,240,5.410095,2.935753,2.935753,1.000000,0.751501,-1,-1,-1,-1,-1,0.063496
67390,431,0,19501,45.245940,0.000000,30.000000,-1,68.805036,68.805036,-1,22,0,1736,16,0,796,2292,0,270,5.386850,2.948583,2.948583,1.000000,0.745610,-1,-1,-1,-1,-1,0.065168
67400,437,0,19802,45.313501,0.000000,30.000000,-1,68.791789,68.791789,-1,22,0,1674,16,0,774,2318,0,276,5.573013,3.073930,3.073930,1.000000,0.750314,-1,-1,-1,-1,-1,0.067837
67410,421,0,19171,45.536817,0.000000,30.000000,-1,68.807574,68.807574,-1,15,0,1928,20,0,735,2574,0,204,5.387284,2.794992,2.794992,1.000000,0.753574,-1,-1,-1,-1,-1,0.061379
67420,390,0,18163,46.571795,0.000000,30.000000,-1,68.829654,68.829654,-1,12,0,1575,19,0,722,1733,0,158,5.557761,3.102068,3.102068,1.000000,0.758613,-1,-1,-1,-1,-1,0.066608
67430,402,0,18665,46.430348,0.000000,30.000000,-1,68.844950,68.844950,-1,18,0,1650,11,0,730,2372,0,220,5.825196,3.147915,3.147915,1.000000,0.747689,-1,-1,-1,-1,-1,0.067799
67440,399,0,17991,45.090226,0.000000,30.000000,-1,68.845145,68.845145,-1,23,0,1804,20,0,706,1795,0,278,5.669897,3.058591,3.058591,1.000000,0.736543,-1,-1,-1,-1,-1,0.067833
67450,407,0,18382,45.164619,0.000000,30.000000,-1,68.811664,68.811664,-1,23,0,1697,19,0,686,1954,0,303,5.476413,3.025635,3.025635,1.000000,0.735764,-1,-1,-1,-1,-1,0.066991
67460,406,0,18312,45.103448,0.000000,30.000000,-1,68.828692,68.828692,-1,27,0,1585,17,0,745,1806,0,329,5.578487,3.124773,3.124773,1.000000,0.728757,-1,-1,-1,-1,-1,0.069280
67470,403,0,18196,45.151365,0.000000,30.000000,-1,68.816168,68.816168,-1,26,0,1651,19,0,700,2187,0,319,5.372331,2.947551,2.947551,1.000000,0.733391,-1,-1,-1,-1,-1,0.065282
67480,409,0,18641,45.577017,0.000000,30.000000,-1,68.824634,68.824634,-1,17,0,1788,19,0,675,2039,0,209,5.621114,3.009751,3.009751,1.000000,0.746920,-1,-1,-1,-1,-1,0.066037
67490,384,0,17079,44.476562,0.000000,30.000000,-1,68.807483,68.807483,-1,26,0,1504,21,0,697,1742,0,304,5.838707,3.155217,3.155217,1.000000,0.725639,-1,-1,-1,-1,-1,0.070941
67500,403,0,18537,45.997519,0.000000,30.000000,-1,68.798781,68.798781,-1,15,0,1770,18,0,677,1835,0,205,5.603652,2.966122,2.966122,1.000000,0.751065,-1,-1,-1,-1,-1,0.064484
67510,388,0,17626,45.427835,0.000000,30.000000,-1,68.806593,68.806593,-1,19,0,1587,19,0,654,1573,0,226,5.558144,2.984504,2.984504,1.000000,0.743767,-1,-1,-1,-1,-1,0.065698
67520,382,0,17486,45.774869,0.000000,30.000000,-1,68.781940,68.781940,-1,13,0,1503,20,0,674,1697,0,169,5.963177,3.152754,3.152754,1.000000,0.749561,-1,-1,-1,-1,-1,0.068875
67530,392,0,17795,45.395408,0.000000,30.000000,-1,68.744198,68.744198,-1,20,0,1466,14,0,705,1795,0,271,5.828169,3.189446,3.189446,1.000000,0.740554,-1,-1,-1,-1,-1,0.070259
67540,412,0,18831,45.706311,0.000000,30.000000,-1,68.763316,68.763316,-1,21,0,1590,12,0,714,1837,0,244,5.070045,2.731388,2.731388,1.000000,0.743395,-1,-1,-1,-1,-1,0.059760
67550,410,0,18548,45.239024,0.000000,30.000000,-1,68.779868,68.779868,-1,25,0,1784,17,0,767,2051,0,325,5.589457,2.994148,2.994148,1.000000,0.730319,-1,-1,-1,-1,-1,0.066185
67560,415,0,18716,45.098795,0.000000,30.000000,-1,68.780722,68.780722,-1,21,0,1770,21,0,662,1707,0,268,5.533941,2.921021,2.921021,1.000000,0.739290,-1,-1,-1,-1,-1,0.064769
67570,386,0,17697,45.847150,0.000000,30.000000,-1,68.815618,68.815618,-1,15,0,1592,24,0,713,1693,0,177,5.481764,3.018031,3.018031,1.000000,0.756513,-1,-1,-1,-1,-1,0.065828
67580,388,0,17917,46.177835,0.000000,30.000000,-1,68.798850,68.798850,-1,12,0,1609,21,0,635,1708,0,165,5.908167,3.207444,3.207444,1.000000,0.762256,-1,-1,-1,-1,-1,0.069459
67590,412,0,18462,44.810680,0.000000,30.000000,-1,68.803488,68.803488,-1,25,0,1482,13,0,694,1690,0,302,5.645752,3.059230,3.059230,1.000000,0.735042,-1,-1,-1,-1,-1,0.068270
67600,409,0,18658,45.618582,0.000000,30.000000,-1,68.859685,68.859685,-1,26,0,1582,18,0,757,1875,0,347,5.636821,3.100284,3.100284,1.000000,0.730327,-1,-1,-1,-1,-1,0.067961
67610,420,0,19607,46.683333,0.000000,30.000000,-1,68.885959,68.885959,-1,12,0,1786,15,0,755,1916,0,157,5.540517,2.950639,2.950639,1.000000,0.752316,-1,-1,-1,-1,-1,0.063205
67620,425,0,19401,45.649412,0.000000,30.000000,-1,68.902118,68.902118,-1,19,0,1643,11,0,817,1882,0,223,5.496727,2.955037,2.955037,1.000000,0.744046,-1,-1,-1,-1,-1,0.064733
67630,407,0,18946,46.550369,0.000000,30.000000,-1,68.921144,68.921144,-1,11,0,1627,18,0,749,1998,0,160,5.638538,3.008901,3.008901,1.000000,0.753918,-1,-1,-1,-1,-1,0.064638
67640,419,0,19386,46.267303,0.000000,30.000000,-1,68.923708,68.923708,-1,14,0,1864,19,0,744,2012,0,195,5.695886,2.986294,2.986294,1.000000,0.751550,-1,-1,-1,-1,-1,0.064544
67650,416,0,18720,45.000000,0.000000,30.000000,-1,68.943002,68.943002,-1,23,0,1915,27,0,725,1802,0,289,5.656426,2.953007,2.953007,1.000000,0.733287,-1,-1,-1,-1,-1,0.065622
67660,424,0,18891,44.554245,0.000000,30.000000,-1,68.950506,68.950506,-1,22,0,1810,23,0,674,1887,0,251,5.552261,2.898773,2.898773,1.000000,0.735138,-1,-1,-1,-1,-1,0.065062
67670,412,0,19028,46.184466,0.000000,30.000000,-1,68.949968,68.949968,-1,17,0,1715,25,0,738,1890,0,220,5.530128,2.948952,2.948952,1.000000,0.739826,-1,-1,-1,-1,-1,0.063852
67680,393,0,18123,46.114504,0.000000,30.000000,-1,69.005794,69.005794,-1,11,0,1579,25,0,700,1514,0,137,5.732469,2.967277,2.967277,1.000000,0.750222,-1,-1,-1,-1,-1,0.064346
67690,386,0,17347,44.940415,0.000000,30.000000,-1,69.026056,69.026056,-1,17,0,1688,23,0,648,1339,0,206,5.946072,3.128872,3.128872,1.000000,0.737116,-1,-1,-1,-1,-1,0.069623
67700,402,0,18382,45.726368,0.000000,30.000000,-1,69.009303,69.009303,-1,16,0,1755,16,0,662,1899,0,216,5.681339,2.981655,2.981655,1.000000,0.741116,-1,-1,-1,-1,-1,0.065206
67710,397,0,18494,46.584383,0.000000,30.000000,-1,69.069806,69.069806,-1,10,0,1567,20,0,628,1976,0,122,5.707146,3.040245,3.040245,1.000000,0.757743,-1,-1,-1,-1,-1,0.065263
67720,397,0,17923,45.146096,0.000000,30.000000,-1,69.066786,69.066786,-1,20,0,1657,21,0,656,1786,0,253,5.645748,2.997409,2.997409,1.000000,0.742209,-1,-1,-1,-1,-1,0.066394
67730,401,0,17894,44.623441,0.000000,30.000000,-1,69.045714,69.045714,-1,23,0,1578,18,0,689,1977,0,263,5.789692,3.094169,3.094169,1.000000,0.729903,-1,-1,-1,-1,-1,0.069340
67740,397,0,17807,44.853904,0.000000,30.000000,-1,69.033863,69.033863,-1,25,0,1499,15,0,685,1647,0,314,5.794328,3.084285,3.084285,1.000000,0.722742,-1,-1,-1,-1,-1,0.068763
67750,395,0,17929,45.389873,0.000000,30.000000,-1,69.024820,69.024820,-1,20,0,1620,13,0,663,1927,0,260,5.749935,3.062844,3.062844,1.000000,0.740473,-1,-1,-1,-1,-1,0.067479
67760,399,0,18523,46.423559,0.000000,30.000000,-1,69.032284,69.032284,-1,12,0,1670,21,0,701,2096,0,154,5.618332,3.039145,3.039145,1.000000,0.753092,-1,-1,-1,-1,-1,0.065466
67770,422,0,19007,45.040284,0.000000,30.000000,-1,69.029989,69.029989,-1,25,0,1695,16,0,789,1927,0,314,5.479774,2.913591,2.913591,1.000000,0.728455,-1,-1,-1,-1,-1,0.064689
67780,420,0,19482,46.385714,0.000000,30.000000,-1,69.022380,69.022380,-1,15,0,1655,25,0,726,1872,0,176,5.630564,3.075899,3.075899,1.000000,0.750015,-1,-1,-1,-1,-1,0.066311
67790,454,0,20774,45.757709,0.000000,30.000000,-1,68.995764,68.995764,-1,23,0,1726,13,0,795,2399,0,268,5.284050,2.855766,2.855766,1.000000,0.738482,-1,-1,-1,-1,-1,0.062411
67800,431,0,19799,45.937355,0.000000,30.000000,-1,68.990555,68.990555,-1,21,0,1923,22,0,780,1953,0,264,5.287147,2.768593,2.768593,1.000000,0.744608,-1,-1,-1,-1,-1,0.060269
67810,417,0,18820,45.131894,0.000000,30.000000,-1,69.005739,69.005739,-1,21,0,1777,21,0,726,1596,0,248,5.504925,2.873173,2.873173,1.000000,0.728431,-1,-1,-1,-1,-1,0.063662
67820,384,0,17406,45.328125,0.000000,30.000000,-1,69.033207,69.033207,-1,19,0,1558,27,0,661,1728,0,245,5.695676,3.030763,3.030763,1.000000,0.734407,-1,-1,-1,-1,-1,0.066863
67830,405,0,18249,45.059259,0.000000,30.000000,-1,69.083018,69.083018,-1,23,0,1758,12,0,698,1772,0,280,5.757106,3.119025,3.119025,1.000000,0.733051,-1,-1,-1,-1,-1,0.069221
67840,389,0,17742,45.609254,0.000000,30.000000,-1,69.048303,69.048303,-1,18,0,1723,23,0,685,1377,0,215,5.761996,3.191732,3.191732,1.000000,0.751657,-1,-1,-1,-1,-1,0.069980
67850,385,0,17458,45.345455,0.000000,30.000000,-1,69.034769,69.034769,-1,23,0,1526,14,0,656,1897,0,260,5.598057,3.047335,3.047335,1.000000,0.731746,-1,-1,-1,-1,-1,0.067203
67860,406,0,18274,45.009852,0.000000,30.000000,-1,69.042246,69.042246,-1,23,0,1589,18,0,697,2089,0,298,5.528527,2.998567,2.998567,1.000000,0.741330,-1,-1,-1,-1,-1,0.066620
67870,413,0,18946,45.874092,0.000000,30.000000,-1,69.047398,69.047398,-1,22,0,1647,17,0,764,1801,0,276,5.638324,3.022001,3.022001,1.000000,0.730270,-1,-1,-1,-1,-1,0.065876
67880,407,0,18722,46.000000,0.000000,30.000000,-1,69.076114,69.076114,-1,17,0,1871,12,0,707,1887,0,205,5.524798,2.923312,2.923312,1.000000,0.740628,-1,-1,-1,-1,-1,0.063550
67890,399,0,18050,45.238095,0.000000,30.000000,-1,69.040055,69.040055,-1,23,0,1598,14,0,681,1909,0,297,5.832804,3.146311,3.146311,1.000000,0.733031,-1,-1,-1,-1,-1,0.069550
67900,391,0,17958,45.928389,0.000000,30.000000,-1,69.049560,69.049560,-1,15,0,1777,11,0,715,2019,0,178,5.972176,3.135241,3.135241,1.000000,0.745880,-1,-1,-1,-1,-1,0.068264
67910,388,0,17298,44.582474,0.000000,30.000000,-1,69.119494,69.119494,-1,18,0,1696,19,0,699,1754,0,215,6.038125,3.099332,3.099332,1.000000,0.741642,-1,-1,-1,-1,-1,0.069519
67920,402,0,18114,45.059701,0.000000,30.000000,-1,69.118748,69.118748,-1,23,0,1593,16,0,646,2137,0,270,5.548936,3.002947,3.002947,1.000000,0.734430,-1,-1,-1,-1,-1,0.066644
67930,405,0,18107,44.708642,0.000000,30.000000,-1,69.132656,69.132656,-1,21,0,1884,20,0,738,2106,0,271,5.525527,2.778941,2.778941,1.000000,0.731523,-1,-1,-1,-1,-1,0.062157
67940,421,0,19017,45.171021,0.000000,30.000000,-1,69.090235,69.090235,-1,21,0,1765,19,0,720,1945,0,282,5.461790,2.969760,2.969760,1.000000,0.749155,-1,-1,-1,-1,-1,0.065745
67950,412,0,19264,46.757282,0.000000,30.000000,-1,69.117110,69.117110,-1,7,0,1828,19,0,694,2180,0,90,5.491853,2.840902,2.840902,1.000000,0.760368,-1,-1,-1,-1,-1,0.060759
67960,406,0,18692,46.039409,0.000000,30.000000,-1,69.156431,69.156431,-1,15,0,1919,20,0,689,1916,0,188,5.455863,2.896530,2.896530,1.000000,0.749806,-1,-1,-1,-1,-1,0.062914
67970,403,0,18155,45.049628,0.000000,30.000000,-1,69.151418,69.151418,-1,26,0,1631,19,0,679,1923,0,314,5.722559,3.017014,3.017014,1.000000,0.726236,-1,-1,-1,-1,-1,0.066971
67980,403,0,18639,46.250620,0.000000,30.000000,-1,69.172059,69.172059,-1,18,0,1551,24,0,686,1731,0,241,5.480545,2.993400,2.993400,1.000000,0.746416,-1,-1,-1,-1,-1,0.064721
67990,387,0,17622,45.534884,0.000000,30.000000,-1,69.186244,69.186244,-1,18,0,1585,20,0,684,1491,0,214,5.792972,3.183527,3.183527,1.000000,0.750938,-1,-1,-1,-1,-1,0.069914
68000,405,0,18274,45.120988,0.000000,30.000000,-1,69.194156,69.194156,-1,18,0,1578,21,0,665,2515,0,248,5.656403,2.930899,2.930899,1.000000,0.746083,-1,-1,-1,-1,-1,0.064956
68010,420,0,19464,46.342857,0.000000,30.000000,-1,69.168568,69.168568,-1,16,0,1662,26,0,776,2153,0,195,5.317416,2.952879,2.952879,1.000000,0.747435,-1,-1,-1,-1,-1,0.063718
68020,411,0,18275,44.464720,0.000000,30.000000,-1,69.200821,69.200821,-1,18,0,1799,16,0,683,1754,0,212,5.789584,2.978114,2.978114,1.000000,0.744920,-1,-1,-1,-1,-1,0.066977
68030,407,0,18661,45.850123,0.000000,30.000000,-1,69.146884,69.146884,-1,21,0,1473,18,0,677,2391,0,260,5.603498,3.091132,3.091132,1.000000,0.738578,-1,-1,-1,-1,-1,0.067418
68040,409,0,18678,45.667482,0.000000,30.000000,-1,69.099422,69.099422,-1,19,0,1680,14,0,746,1831,0,237,5.610484,3.055658,3.055658,1.000000,0.745620,-1,-1,-1,-1,-1,0.066911
68050,406,0,18843,46.411330,0.000000,30.000000,-1,69.111394,69.111394,-1,14,0,1702,13,0,727,1757,0,183,5.901511,3.187452,3.187452,1.000000,0.752690,-1,-1,-1,-1,-1,0.068678
68060,419,0,19182,45.780430,0.000000,30.000000,-1,69.122615,69.122615,-1,20,0,1723,18,0,764,1819,0,257,5.546308,3.027735,3.027735,1.000000,0.750075,-1,-1,-1,-1,-1,0.066136
68070,414,0,18840,45.507246,0.000000,30.000000,-1,69.098514,69.098514,-1,18,0,1683,24,0,724,1643,0,227,5.579145,2.962551,2.962551,1.000000,0.739094,-1,-1,-1,-1,-1,0.065101
68080,418,0,19203,45.940191,0.000000,30.000000,-1,69.106806,69.106806,-1,22,0,1765,22,0,774,2259,0,277,5.744543,3.174915,3.174915,1.000000,0.742082,-1,-1,-1,-1,-1,0.069110
68090,396,0,17830,45.025253,0.000000,30.000000,-1,69.094391,69.094391,-1,24,0,1699,19,0,692,1706,0,289,5.503335,2.901788,2.901788,1.000000,0.727871,-1,-1,-1,-1,-1,0.064448
68100,402,0,18196,45.263682,0.000000,30.000000,-1,69.100681,69.100681,-1,25,0,1704,13,0,699,1908,0,320,5.587562,2.974864,2.974864,1.000000,0.730353,-1,-1,-1,-1,-1,0.065723
68110,411,0,18808,45.761557,0.000000,30.000000,-1,69.096501,69.096501,-1,17,0,1563,20,0,724,1805,0,186,5.617438,3.035209,3.035209,1.000000,0.737767,-1,-1,-1,-1,-1,0.066327
68120,412,0,18687,45.356796,0.000000,30.000000,-1,69.052978,69.052978,-1,18,0,1644,20,0,697,2278,0,225,5.653491,3.044035,3.044035,1.000000,0.741449,-1,-1,-1,-1,-1,0.067113
68130,415,0,18730,45.132530,0.000000,30.000000,-1,69.052002,69.052002,-1,21,0,1839,20,0,788,1783,0,276,5.321302,2.764469,2.764469,1.000000,0.739768,-1,-1,-1,-1,-1,0.061252
68140,420,0,19050,45.357143,0.000000,30.000000,-1,69.020472,69.020472,-1,19,0,1823,18,0,694,1795,0,227,5.790532,2.999944,2.999944,1.000000,0.738811,-1,-1,-1,-1,-1,0.066141
68150,425,0,19224,45.232941,0.000000,30.000000,-1,68.992353,68.992353,-1,23,0,1685,18,0,736,2005,0,305,5.499974,2.907533,2.907533,1.000000,0.734948,-1,-1,-1,-1,-1,0.064279
68160,430,0,19521,45.397674,0.000000,30.000000,-1,68.995543,68.995543,-1,19,0,1880,21,0,754,2110,0,234,5.340290,2.816853,2.816853,1.000000,0.739855,-1,-1,-1,-1,-1,0.062048
68170,399,0,18251,45.741855,0.000000,30.000000,-1,68.929812,68.929812,-1,21,0,1732,28,0,737,2192,0,283,5.709269,3.075192,3.075192,1.000000,0.736267,-1,-1,-1,-1,-1,0.067229
68180,390,0,18024,46.215385,0.000000,30.000000,-1,68.952563,68.952563,-1,11,0,1694,23,0,672,1924,0,144,6.088401,3.253602,3.253602,1.000000,0.753156,-1,-1,-1,-1,-1,0.070401
68190,378,0,17290,45.740741,0.000000,30.000000,-1,68.987565,68.987565,-1,17,0,1385,22,0,658,1579,0,232,5.829175,3.236963,3.236963,1.000000,0.751538,-1,-1,-1,-1,-1,0.070768
68200,387,0,17661,45.635659,0.000000,30.000000,-1,69.018232,69.018232,-1,17,0,1270,20,0,651,2288,0,246,5.690368,3.208857,3.208857,1.000000,0.743173,-1,-1,-1,-1,-1,0.070315
68210,427,0,19374,45.372365,0.000000,30.000000,-1,68.963921,68.963921,-1,19,0,1731,15,0,716,2048,0,241,5.392544,2.897854,2.897854,1.000000,0.743962,-1,-1,-1,-1,-1,0.063868
68220,390,0,17615,45.166667,0.000000,30.000000,-1,68.973659,68.973659,-1,20,0,1508,31,0,665,1797,0,252,5.658278,3.019622,3.019622,1.000000,0.737491,-1,-1,-1,-1,-1,0.066855
68230,398,0,18058,45.371859,0.000000,30.000000,-1,68.965998,68.965998,-1,24,0,1514,16,0,706,1871,0,291,5.612967,3.059084,3.059084,1.000000,0.731180,-1,-1,-1,-1,-1,0.067422
68240,393,0,18021,45.854962,0.000000,30.000000,-1,68.951834,68.951834,-1,23,0,1447,17,0,761,1683,0,336,5.570571,3.056716,3.056716,1.000000,0.732183,-1,-1,-1,-1,-1,0.066661
68250,379,0,17436,46.005277,0.000000,30.000000,-1,68.927277,68.927277,-1,15,0,1523,22,0,671,2055,0,200,5.729788,3.011637,3.011637,1.000000,0.749526,-1,-1,-1,-1,-1,0.065463
68260,377,0,17175,45.557029,0.000000,30.000000,-1,68.944105,68.944105,-1,17,0,1408,18,0,689,1830,0,215,5.748884,3.221812,3.221812,1.000000,0.751796,-1,-1,-1,-1,-1,0.070720
68270,408,0,18131,44.438725,0.000000,30.000000,-1,68.931002,68.931002,-1,26,0,1555,18,0,705,2036,0,301,5.438348,2.934435,2.934435,1.000000,0.727323,-1,-1,-1,-1,-1,0.066033
68280,397,0,17978,45.284635,0.000000,30.000000,-1,68.930137,68.930137,-1,22,0,1648,15,0,654,1863,0,269,5.908335,3.146360,3.146360,1.000000,0.727326,-1,-1,-1,-1,-1,0.069480
68290,405,0,18701,46.175309,0.000000,30.000000,-1,68.958344,68.958344,-1,12,0,1627,15,0,734,2172,0,156,5.686877,3.078908,3.078908,1.000000,0.748180,-1,-1,-1,-1,-1,0.066679
68300,426,0,19513,45.805164,0.000000,30.000000,-1,68.931994,68.931994,-1,22,0,1720,11,0,787,2048,0,268,5.618985,3.068194,3.068194,1.000000,0.741038,-1,-1,-1,-1,-1,0.066984
68310,414,0,18805,45.422705,0.000000,30.000000,-1,68.914757,68.914757,-1,18,0,1691,12,0,731,2122,0,219,5.503438,2.963550,2.963550,1.000000,0.744180,-1,-1,-1,-1,-1,0.065244
68320,427,0,18861,44.170960,0.000000,30.000000,-1,68.910344,68.910344,-1,28,0,1839,21,0,715,2125,0,362,5.524793,2.872330,2.872330,1.000000,0.723910,-1,-1,-1,-1,-1,0.065028
68330,407,0,18319,45.009828,0.000000,30.000000,-1,68.911240,68.911240,-1,25,0,1636,22,0,718,1873,0,321,5.532075,3.004371,3.004371,1.000000,0.730486,-1,-1,-1,-1,-1,0.066749
68340,415,0,18870,45.469880,0.000000,30.000000,-1,68.887970,68.887970,-1,22,0,1555,26,0,761,2401,0,295,5.286067,2.958912,2.958912,1.000000,0.743045,-1,-1,-1,-1,-1,0.065074
68350,402,0,18540,46.119403,0.000000,30.000000,-1,68.937972,68.937972,-1,18,0,1666,20,0,732,1868,0,239,5.482440,3.013710,3.013710,1.000000,0.741948,-1,-1,-1,-1,-1,0.065346
68360,429,0,19273,44.925408,0.000000,30.000000,-1,68.949515,68.949515,-1,22,0,1899,21,0,717,1852,0,272,5.184887,2.727534,2.727534,1.000000,0.737371,-1,-1,-1,-1,-1,0.060712
68370,414,0,18509,44.707729,0.000000,30.000000,-1,68.973905,68.973905,-1,28,0,1882,14,0,673,2036,0,356,5.416242,2.776822,2.776822,1.000000,0.717205,-1,-1,-1,-1,-1,0.062111
68380,431,0,19259,44.684455,0.000000,30.000000,-1,69.016771,69.016771,-1,28,0,1723,12,0,686,1790,0,364,5.778937,3.104169,3.104169,1.000000,0.725713,-1,-1,-1,-1,-1,0.069469
68390,405,0,18388,45.402469,0.000000,30.000000,-1,69.040842,69.040842,-1,23,0,1641,19,0,642,2145,0,262,5.426485,2.917665,2.917665,1.000000,0.735169,-1,-1,-1,-1,-1,0.064262
68400,418,0,18732,44.813397,0.000000,30.000000,-1,69.051356,69.051356,-1,23,0,1840,24,0,704,2238,0,258,5.350820,2.821220,2.821220,1.000000,0.730524,-1,-1,-1,-1,-1,0.062955
68410,421,0,19207,45.622328,0.000000,30.000000,-1,69.053887,69.053887,-1,21,0,1745,12,0,706,1714,0,252,5.548838,2.991938,2.991938,1.000000,0.738120,-1,-1,-1,-1,-1,0.065581
68420,402,0,18337,45.614428,0.000000,30.000000,-1,69.069095,69.069095,-1,16,0,1603,18,0,688,1976,0,195,5.582661,3.005233,3.005233,1.000000,0.747194,-1,-1,-1,-1,-1,0.065883
68430,401,0,18322,45.690773,0.000000,30.000000,-1,69.087545,69.087545,-1,15,0,1744,27,0,756,1884,0,193,5.598425,2.938388,2.938388,1.000000,0.747238,-1,-1,-1,-1,-1,0.064310
68440,388,0,17697,45.610825,0.000000,30.000000,-1,69.089450,69.089450,-1,20,0,1711,13,0,699,1685,0,249,5.884645,3.203843,3.203843,1.000000,0.742679,-1,-1,-1,-1,-1,0.070243
68450,395,0,18319,46.377215,0.000000,30.000000,-1,69.128555,69.128555,-1,17,0,1444,9,0,694,1837,0,232,5.912195,3.287805,3.287805,1.000000,0.750979,-1,-1,-1,-1,-1,0.070893
68460,391,0,18116,46.332481,0.000000,30.000000,-1,69.107088,69.107088,-1,13,0,1349,17,0,695,1648,0,165,5.547939,3.148566,3.148566,1.000000,0.764925,-1,-1,-1,-1,-1,0.067956
68470,413,0,18434,44.634383,0.000000,30.000000,-1,69.123739,69.123739,-1,27,0,1684,25,0,719,1861,0,351,5.181265,2.852115,2.852115,1.000000,0.730358,-1,-1,-1,-1,-1,0.063899
68480,395,0,18088,45.792405,0.000000,30.000000,-1,69.120245,69.120245,-1,17,0,1561,22,0,668,1944,0,220,5.738786,3.117754,3.117754,1.000000,0.743181,-1,-1,-1,-1,-1,0.068085
68490,395,0,18158,45.969620,0.000000,30.000000,-1,69.122095,69.122095,-1,20,0,1539,16,0,720,1852,0,238,5.746818,3.152519,3.152519,1.000000,0.738014,-1,-1,-1,-1,-1,0.068578
68500,405,0,18411,45.459259,0.000000,30.000000,-1,69.084569,69.084569,-1,15,0,1839,21,0,691,2073,0,198,5.613942,2.816158,2.816158,1.000000,0.741371,-1,-1,-1,-1,-1,0.061949
68510,418,0,18923,45.270335,0.000000,30.000000,-1,69.078634,69.078634,-1,21,0,1629,20,0,692,1742,0,272,5.373997,2.897591,2.897591,1.000000,0.742122,-1,-1,-1,-1,-1,0.064006
68520,394,0,18068,45.857868,0.000000,30.000000,-1,69.049867,69.049867,-1,15,0,1586,22,0,664,1709,0,199,5.652793,3.044229,3.044229,1.000000,0.747195,-1,-1,-1,-1,-1,0.066384
68530,405,0,18319,45.232099,0.000000,30.000000,-1,69.065506,69.065506,-1,25,0,1429,21,0,628,2156,0,320,5.747367,3.174914,3.174914,1.000000,0.738362,-1,-1,-1,-1,-1,0.070192
68540,419,0,18753,44.756563,0.000000,30.000000,-1,69.085746,69.085746,-1,29,0,1701,12,0,733,1570,0,378,5.411482,2.915487,2.915487,1.000000,0.718190,-1,-1,-1,-1,-1,0.065141
68550,425,0,19600,46.117647,0.000000,30.000000,-1,69.067194,69.067194,-1,18,0,1754,14,0,770,2241,0,204,5.517874,3.067448,3.067448,1.000000,0.755258,-1,-1,-1,-1,-1,0.066514
68560,418,0,19324,46.229665,0.000000,30.000000,-1,69.075295,69.075295,-1,14,0,1672,17,0,761,2105,0,190,5.463012,2.868157,2.868157,1.000000,0.748131,-1,-1,-1,-1,-1,0.062041
68570,417,0,18777,45.028777,0.000000,30.000000,-1,69.105874,69.105874,-1,21,0,1647,17,0,759,1820,0,265,5.571506,2.976227,2.976227,1.000000,0.746641,-1,-1,-1,-1,-1,0.066096
68580,409,0,18494,45.217604,0.000000,30.000000,-1,69.120850,69.120850,-1,22,0,1766,24,0,695,1898,0,325,5.387170,2.901339,2.901339,1.000000,0.737992,-1,-1,-1,-1,-1,0.064164
68590,425,0,19766,46.508235,0.000000,30.000000,-1,69.158100,69.158100,-1,14,0,1682,21,0,773,2147,0,179,5.423493,2.908271,2.908271,1.000000,0.749422,-1,-1,-1,-1,-1,0.062532
68600,397,0,17907,45.105793,0.000000,30.000000,-1,69.164852,69.164852,-1,22,0,1786,23,0,764,2043,0,274,5.598932,2.966859,2.966859,1.000000,0.734178,-1,-1,-1,-1,-1,0.065776
68610,400,0,18185,45.462500,0.000000,30.000000,-1,69.157162,69.157162,-1,20,0,1666,19,0,686,1684,0,262,5.777016,3.083163,3.083163,1.000000,0.734948,-1,-1,-1,-1,-1,0.067818
68620,400,0,18332,45.830000,0.000000,30.000000,-1,69.154539,69.154539,-1,17,0,1602,27,0,709,1808,0,207,5.484350,2.982317,2.982317,1.000000,0.744718,-1,-1,-1,-1,-1,0.065073
68630,396,0,17813,44.982323,0.000000,30.000000,-1,69.130579,69.130579,-1,22,0,1627,12,0,684,1699,0,263,5.744720,3.040634,3.040634,1.000000,0.730326,-1,-1,-1,-1,-1,0.067596
68640,392,0,18067,46.089286,0.000000,30.000000,-1,69.137433,69.137433,-1,15,0,1354,12,0,660,1604,0,192,5.558364,3.037725,3.037725,1.000000,0.751121,-1,-1,-1,-1,-1,0.065910
68650,390,0,17710,45.410256,0.000000,30.000000,-1,69.113156,69.113156,-1,20,0,1489,17,0,752,1678,0,220,5.735083,3.090070,3.090070,1.000000,0.737689,-1,-1,-1,-1,-1,0.068048
68660,407,0,18836,46.280098,0.000000,30.000000,-1,69.097738,69.097738,-1,14,0,1529,16,0,706,2003,0,173,5.613689,2.919246,2.919246,1.000000,0.731693,-1,-1,-1,-1,-1,0.063078
68670,395,0,17842,45.169620,0.000000,30.000000,-1,69.110077,69.110077,-1,17,0,1695,23,0,681,1671,0,197,5.565764,2.921517,2.921517,1.000000,0.741913,-1,-1,-1,-1,-1,0.064679
68680,412,0,18839,45.725728,0.000000,30.000000,-1,69.055205,69.055205,-1,17,0,1495,21,0,717,1897,0,216,5.671046,2.962565,2.962565,1.000000,0.729957,-1,-1,-1,-1,-1,0.064790
68690,388,0,17605,45.373711,0.000000,30.000000,-1,69.047771,69.047771,-1,18,0,1536,25,0,689,1912,0,251,5.911205,3.062162,3.062162,1.000000,0.729289,-1,-1,-1,-1,-1,0.067488
68700,400,0,18276,45.690000,0.000000,30.000000,-1,69.104837,69.104837,-1,17,0,1618,17,0,670,1738,0,213,5.675009,2.994753,2.994753,1.000000,0.736256,-1,-1,-1,-1,-1,0.065545
68710,407,0,18465,45.368550,0.000000,30.000000,-1,69.133225,69.133225,-1,20,0,1683,13,0,689,1826,0,268,5.765601,2.950206,2.950206,1.000000,0.720498,-1,-1,-1,-1,-1,0.065028
68720,407,0,18466,45.371007,0.000000,30.000000,-1,69.093686,69.093686,-1,18,0,1652,9,0,682,1861,0,231,5.362606,2.868937,2.868937,1.000000,0.733783,-1,-1,-1,-1,-1,0.063233
68730,410,0,18643,45.470732,0.000000,30.000000,-1,69.064475,69.064475,-1,22,0,1566,27,0,722,2123,0,281,5.480636,2.901711,2.901711,1.000000,0.723036,-1,-1,-1,-1,-1,0.063815
68740,392,0,17896,45.653061,0.000000,30.000000,-1,69.110080,69.110080,-1,14,0,1535,22,0,734,2319,0,172,5.622096,2.893210,2.893210,1.000000,0.729285,-1,-1,-1,-1,-1,0.063374
68750,385,0,17886,46.457143,0.000000,30.000000,-1,69.147434,69.147434,-1,11,0,1761,20,0,680,2044,0,118,5.794464,2.961504,2.961504,1.000000,0.736668,-1,-1,-1,-1,-1,0.063747
68760,399,0,18553,46.498747,0.000000,30.000000,-1,69.107422,69.107422,-1,11,0,1739,18,0,662,2047,0,146,5.913262,3.037567,3.037567,1.000000,0.736517,-1,-1,-1,-1,-1,0.065326
68770,412,0,18975,46.055825,0.000000,30.000000,-1,69.100395,69.100395,-1,15,0,1624,17,0,744,2045,0,182,5.398915,2.789789,2.789789,1.000000,0.726669,-1,-1,-1,-1,-1,0.060574
68780,402,0,18201,45.276119,0.000000,30.000000,-1,69.084940,69.084940,-1,21,0,1711,18,0,700,1780,0,278,5.848959,2.985203,2.985203,1.000000,0.719933,-1,-1,-1,-1,-1,0.065933
68790,409,0,18860,46.112469,0.000000,30.000000,-1,69.070679,69.070679,-1,15,0,1776,12,0,670,2134,0,176,5.710592,2.907059,2.907059,1.000000,0.731758,-1,-1,-1,-1,-1,0.063043
68800,404,0,17982,44.509901,0.000000,30.000000,-1,69.072517,69.072517,-1,22,0,1559,21,0,671,2054,0,282,5.655378,2.818456,2.818456,1.000000,0.709938,-1,-1,-1,-1,-1,0.063322
68810,396,0,17845,45.063131,0.000000,30.000000,-1,69.111628,69.111628,-1,25,0,1329,16,0,689,1818,0,325,5.919570,3.220040,3.220040,1.000000,0.713932,-1,-1,-1,-1,-1,0.071456
68820,389,0,18177,46.727506,0.000000,30.000000,-1,69.110964,69.110964,-1,15,0,1218,15,0,694,2043,0,193,5.872129,3.279542,3.279542,1.000000,0.743725,-1,-1,-1,-1,-1,0.070184
68830,386,0,17500,45.336788,0.000000,30.000000,-1,69.103486,69.103486,-1,17,0,1885,23,0,686,1607,0,236,5.652416,2.825502,2.825502,1.000000,0.728817,-1,-1,-1,-1,-1,0.062322
68840,401,0,18200,45.386534,0.000000,30.000000,-1,69.098956,69.098956,-1,17,0,1673,16,0,717,1835,0,224,5.777365,3.015771,3.015771,1.000000,0.734763,-1,-1,-1,-1,-1,0.066446
68850,406,0,18498,45.561576,0.000000,30.000000,-1,69.073954,69.073954,-1,18,0,1605,20,0,661,1869,0,243,5.518747,2.892231,2.892231,1.000000,0.730526,-1,-1,-1,-1,-1,0.063480
68860,412,0,18590,45.121359,0.000000,30.000000,-1,69.074718,69.074718,-1,24,0,1420,22,0,699,2124,0,316,5.513933,2.971273,2.971273,1.000000,0.716151,-1,-1,-1,-1,-1,0.065851
68870,400,0,18196,45.490000,0.000000,30.000000,-1,69.096834,69.096834,-1,18,0,1568,25,0,737,1910,0,207,5.809938,3.075062,3.075062,1.000000,0.738638,-1,-1,-1,-1,-1,0.067599
68880,426,0,19571,45.941315,0.000000,30.000000,-1,69.103929,69.103929,-1,19,0,1840,17,0,754,1987,0,264,5.618345,2.917313,2.917313,1.000000,0.730427,-1,-1,-1,-1,-1,0.063501
68890,423,0,19345,45.732861,0.000000,30.000000,-1,69.148772,69.148772,-1,21,0,1614,16,0,732,1779,0,282,5.383379,2.846048,2.846048,1.000000,0.725008,-1,-1,-1,-1,-1,0.062232
68900,423,0,19447,45.973995,0.000000,30.000000,-1,69.157608,69.157608,-1,16,0,1822,20,0,798,2038,0,220,5.529773,2.872569,2.872569,1.000000,0.735862,-1,-1,-1,-1,-1,0.062482
68910,393,0,17791,45.269720,0.000000,30.000000,-1,69.176269,69.176269,-1,22,0,1484,25,0,718,1943,0,287,5.672115,2.980133,2.980133,1.000000,0.719082,-1,-1,-1,-1,-1,0.065831
68920,389,0,17774,45.691517,0.000000,30.000000,-1,69.186902,69.186902,-1,15,0,1502,24,0,720,1921,0,206,5.804220,3.018402,3.018402,1.000000,0.730282,-1,-1,-1,-1,-1,0.066060
68930,412,0,19032,46.194175,0.000000,30.000000,-1,69.191677,69.191677,-1,20,0,1549,19,0,686,1969,0,228,5.819996,3.170411,3.170411,1.000000,0.731346,-1,-1,-1,-1,-1,0.068632
68940,398,0,18282,45.934673,0.000000,30.000000,-1,69.209003,69.209003,-1,16,0,1718,20,0,751,1751,0,209,5.722432,2.947126,2.947126,1.000000,0.730447,-1,-1,-1,-1,-1,0.064159
68950,412,0,18436,44.747573,0.000000,30.000000,-1,69.263072,69.263072,-1,23,0,1869,21,0,674,2085,0,278,5.867289,2.993437,2.993437,1.000000,0.722450,-1,-1,-1,-1,-1,0.066896
68960,418,0,18978,45.401914,0.000000,30.000000,-1,69.296817,69.296817,-1,21,0,1869,27,0,756,2097,0,283,5.656830,2.878485,2.878485,1.000000,0.720945,-1,-1,-1,-1,-1,0.063400
68970,420,0,19029,45.307143,0.000000,30.000000,-1,69.322928,69.322928,-1,19,0,1792,22,0,723,2258,0,256,5.580130,2.869983,2.869983,1.000000,0.723176,-1,-1,-1,-1,-1,0.063345
68980,407,0,18631,45.776413,0.000000,30.000000,-1,69.267243,69.267243,-1,20,0,1468,21,0,749,1682,0,239,5.687469,3.014414,3.014414,1.000000,0.716500,-1,-1,-1,-1,-1,0.065851
68990,420,0,19643,46.769048,0.000000,30.000000,-1,69.281932,69.281932,-1,13,0,1881,23,0,739,2544,0,159,5.671884,2.914398,2.914398,1.000000,0.732653,-1,-1,-1,-1,-1,0.062315
69000,404,0,18132,44.881188,0.000000,30.000000,-1,69.289929,69.289929,-1,17,0,1694,21,0,670,2064,0,212,5.649682,2.885679,2.885679,1.000000,0.723981,-1,-1,-1,-1,-1,0.064296
69010,405,0,18416,45.471605,0.000000,30.000000,-1,69.290834,69.290834,-1,17,0,1786,26,0,664,1685,0,180,5.640476,2.901323,2.901323,1.000000,0.728245,-1,-1,-1,-1,-1,0.063805
69020,399,0,17823,44.669173,0.000000,30.000000,-1,69.254390,69.254390,-1,25,0,1721,19,0,690,1851,0,311,5.602994,2.935853,2.935853,1.000000,0.718289,-1,-1,-1,-1,-1,0.065724
69030,402,0,18497,46.012438,0.000000,30.000000,-1,69.268854,69.268854,-1,20,0,1560,16,0,692,1863,0,225,5.701312,3.015935,3.015935,1.000000,0.729860,-1,-1,-1,-1,-1,0.065546
69040,401,0,18163,45.294264,0.000000,30.000000,-1,69.276992,69.276992,-1,21,0,1545,19,0,720,1848,0,264,5.457069,2.851327,2.851327,1.000000,0.724818,-1,-1,-1,-1,-1,0.062951
69050,419,0,18302,43.680191,0.000000,30.000000,-1,69.293411,69.293411,-1,29,0,1720,28,0,719,1807,0,350,5.475465,2.756038,2.756038,1.000000,0.701291,-1,-1,-1,-1,-1,0.063096
69060,421,0,19177,45.551069,0.000000,30.000000,-1,69.270115,69.270115,-1,26,0,1727,14,0,744,2065,0,308,5.504570,2.892896,2.892896,1.000000,0.708394,-1,-1,-1,-1,-1,0.063509
69070,416,0,18934,45.514423,0.000000,30.000000,-1,69.286469,69.286469,-1,22,0,1570,17,0,715,1892,0,293,5.647383,2.951174,2.951174,1.000000,0.718998,-1,-1,-1,-1,-1,0.064840
69080,421,0,19119,45.413302,0.000000,30.000000,-1,69.271458,69.271458,-1,25,0,1612,14,0,741,2458,0,332,5.619618,2.901816,2.901816,1.000000,0.715160,-1,-1,-1,-1,-1,0.063898
69090,425,0,19222,45.228235,0.000000,30.000000,-1,69.256997,69.256997,-1,18,0,1949,22,0,730,2180,0,230,5.572123,2.742723,2.742723,1.000000,0.719229,-1,-1,-1,-1,-1,0.060642
69100,403,0,17844,44.277916,0.000000,30.000000,-1,69.276171,69.276171,-1,25,0,1635,11,0,676,1847,0,323,5.980242,2.952760,2.952760,1.000000,0.698632,-1,-1,-1,-1,-1,0.066687
69110,422,0,19121,45.310427,0.000000,30.000000,-1,69.299200,69.299200,-1,23,0,1589,14,0,717,1880,0,274,5.611813,2.903533,2.903533,1.000000,0.710269,-1,-1,-1,-1,-1,0.064081
69120,416,0,18677,44.896635,0.000000,30.000000,-1,69.287038,69.287038,-1,22,0,1849,23,0,759,2302,0,292,5.559220,2.771938,2.771938,1.000000,0.712008,-1,-1,-1,-1,-1,0.061740
69130,407,0,17977,44.169533,0.000000,30.000000,-1,69.277466,69.277466,-1,28,0,1693,26,0,716,1833,0,351,5.794357,2.909984,2.909984,1.000000,0.696623,-1,-1,-1,-1,-1,0.065882
69140,409,0,18541,45.332518,0.000000,30.000000,-1,69.267246,69.267246,-1,22,0,1610,17,0,668,2093,0,281,5.504871,2.818333,2.818333,1.000000,0.715276,-1,-1,-1,-1,-1,0.062170
69150,425,0,19158,45.077647,0.000000,30.000000,-1,69.296586,69.296586,-1,22,0,2037,19,0,769,2115,0,296,5.625438,2.749371,2.749371,1.000000,0.706643,-1,-1,-1,-1,-1,0.060992
69160,404,0,18454,45.678218,0.000000,30.000000,-1,69.289747,69.289747,-1,23,0,1537,24,0,707,2201,0,306,5.867294,3.043833,3.043833,1.000000,0.702690,-1,-1,-1,-1,-1,0.066636
69170,409,0,18975,46.393643,0.000000,30.000000,-1,69.292754,69.292754,-1,14,0,1604,15,0,723,1790,0,187,5.749383,2.956403,2.956403,1.000000,0.721485,-1,-1,-1,-1,-1,0.063724
69180,404,0,18407,45.561881,0.000000,30.000000,-1,69.318357,69.318357,-1,19,0,1639,23,0,717,1795,0,239,5.482071,2.788497,2.788497,1.000000,0.713429,-1,-1,-1,-1,-1,0.061202
69190,389,0,17729,45.575835,0.000000,30.000000,-1,69.279429,69.279429,-1,19,0,1812,23,0,686,1925,0,217,6.020392,2.923909,2.923909,1.000000,0.704882,-1,-1,-1,-1,-1,0.064155
69200,410,0,18394,44.863415,0.000000,30.000000,-1,69.262586,69.262586,-1,20,0,1795,14,0,664,1783,0,255,5.729394,2.832162,2.832162,1.000000,0.706190,-1,-1,-1,-1,-1,0.063129
69210,412,0,18335,44.502427,0.000000,30.000000,-1,69.277611,69.277611,-1,26,0,1665,18,0,732,1723,0,345,5.643653,2.794974,2.794974,1.000000,0.697774,-1,-1,-1,-1,-1,0.062805
69220,399,0,18002,45.117794,0.000000,30.000000,-1,69.224086,69.224086,-1,15,0,1818,22,0,686,1955,0,191,5.751819,2.776287,2.776287,1.000000,0.707568,-1,-1,-1,-1,-1,0.061534
69230,379,0,17612,46.469657,0.000000,30.000000,-1,69.219112,69.219112,-1,16,0,1419,25,0,658,1393,0,210,5.759464,3.058729,3.058729,1.000000,0.714442,-1,-1,-1,-1,-1,0.065822
69240,389,0,17742,45.609254,0.000000,30.000000,-1,69.192425,69.192425,-1,18,0,1715,18,0,677,1733,0,219,6.006608,2.973684,2.973684,1.000000,0.712470,-1,-1,-1,-1,-1,0.065199
69250,390,0,17482,44.825641,0.000000,30.000000,-1,69.185791,69.185791,-1,17,0,1406,21,0,638,1539,0,212,5.762316,2.892385,2.892385,1.000000,0.713281,-1,-1,-1,-1,-1,0.064525
69260,397,0,18415,46.385390,0.000000,30.000000,-1,69.192343,69.192343,-1,13,0,1625,14,0,672,1399,0,155,5.898550,3.009810,3.009810,1.000000,0.726625,-1,-1,-1,-1,-1,0.064887
69270,396,0,18109,45.729798,0.000000,30.000000,-1,69.219118,69.219118,-1,20,0,1683,17,0,695,1680,0,275,5.705149,2.884918,2.884918,1.000000,0.709710,-1,-1,-1,-1,-1,0.063086
69280,409,0,18595,45.464548,0.000000,30.000000,-1,69.197472,69.197472,-1,19,0,1723,15,0,690,1778,0,248,5.853918,2.960903,2.960903,1.000000,0.722559,-1,-1,-1,-1,-1,0.065126
69290,402,0,18067,44.942786,0.000000,30.000000,-1,69.248962,69.248962,-1,20,0,1386,24,0,680,1723,0,251,5.800460,3.044008,3.044008,1.000000,0.719447,-1,-1,-1,-1,-1,0.067731
69300,398,0,17754,44.608040,0.000000,30.000000,-1,69.219669,69.219669,-1,23,0,1695,9,0,687,1787,0,283,5.928819,3.033373,3.033373,1.000000,0.715483,-1,-1,-1,-1,-1,0.068001
69310,395,0,18006,45.584810,0.000000,30.000000,-1,69.207764,69.207764,-1,18,0,1511,19,0,697,1687,0,208,5.672756,2.989571,2.989571,1.000000,0.723985,-1,-1,-1,-1,-1,0.065583
69320,405,0,18683,46.130864,0.000000,30.000000,-1,69.231173,69.231173,-1,19,0,1492,18,0,670,1878,0,259,5.905201,3.127721,3.127721,1.000000,0.723448,-1,-1,-1,-1,-1,0.067801
69330,388,0,17459,44.997423,0.000000,30.000000,-1,69.233862,69.233862,-1,23,0,1698,14,0,701,2145,0,269,5.941876,3.029896,3.029896,1.000000,0.714578,-1,-1,-1,-1,-1,0.067335
69340,398,0,17911,45.002513,0.000000,30.000000,-1,69.239350,69.239350,-1,22,0,1492,22,0,656,1658,0,263,5.945261,3.093265,3.093265,1.000000,0.714809,-1,-1,-1,-1,-1,0.068735
69350,404,0,18257,45.190594,0.000000,30.000000,-1,69.199485,69.199485,-1,22,0,1467,23,0,753,2068,0,254,5.613192,2.978274,2.978274,1.000000,0.722128,-1,-1,-1,-1,-1,0.065905
69360,401,0,17983,44.845387,0.000000,30.000000,-1,69.258300,69.258300,-1,24,0,1656,16,0,671,1917,0,316,5.694749,2.929286,2.929286,1.000000,0.711038,-1,-1,-1,-1,-1,0.065320
69370,407,0,18552,45.582310,0.000000,30.000000,-1,69.285468,69.285468,-1,18,0,1715,19,0,717,1857,0,251,5.720885,2.920392,2.920392,1.000000,0.720759,-1,-1,-1,-1,-1,0.064069
69380,441,0,19930,45.192744,0.000000,30.000000,-1,69.337280,69.337280,-1,21,0,2036,14,0,739,2272,0,293,5.582682,2.794491,2.794491,1.000000,0.720395,-1,-1,-1,-1,-1,0.061835
69390,412,0,18978,46.063107,0.000000,30.000000,-1,69.326905,69.326905,-1,12,0,1704,21,0,756,2304,0,163,5.434875,2.709773,2.709773,1.000000,0.730700,-1,-1,-1,-1,-1,0.058827
69400,407,0,18669,45.869779,0.000000,30.000000,-1,69.269377,69.269377,-1,16,0,1856,10,0,722,2241,0,184,5.891379,2.945582,2.945582,1.000000,0.723931,-1,-1,-1,-1,-1,0.064216
69410,398,0,18222,45.783920,0.000000,30.000000,-1,69.259467,69.259467,-1,18,0,1441,20,0,658,1948,0,237,5.839975,3.040977,3.040977,1.000000,0.725825,-1,-1,-1,-1,-1,0.066420
69420,402,0,18166,45.189055,0.000000,30.000000,-1,69.272212,69.272212,-1,23,0,1368,16,0,719,2260,0,285,5.756165,3.101807,3.101807,1.000000,0.714464,-1,-1,-1,-1,-1,0.068641
69430,394,0,18261,46.347716,0.000000,30.000000,-1,69.266908,69.266908,-1,15,0,1394,21,0,673,1765,0,189,5.710011,3.085251,3.085251,1.000000,0.735492,-1,-1,-1,-1,-1,0.066567
69440,415,0,18942,45.643373,0.000000,30.000000,-1,69.281385,69.281385,-1,18,0,1604,20,0,758,2247,0,248,5.575653,2.863762,2.863762,1.000000,0.720412,-1,-1,-1,-1,-1,0.062742
69450,389,0,17732,45.583548,0.000000,30.000000,-1,69.261448,69.261448,-1,22,0,1524,24,0,693,1765,0,284,5.884806,3.130373,3.130373,1.000000,0.715025,-1,-1,-1,-1,-1,0.068673
69460,385,0,17902,46.498701,0.000000,30.000000,-1,69.276394,69.276394,-1,12,0,1451,19,0,651,2317,0,167,5.736856,2.979162,2.979162,1.000000,0.730428,-1,-1,-1,-1,-1,0.064070
69470,390,0,18246,46.784615,0.000000,30.000000,-1,69.308835,69.308835,-1,10,0,1824,23,0,649,1923,0,115,5.598199,2.884463,2.884463,1.000000,0.741573,-1,-1,-1,-1,-1,0.061654
69480,400,0,18067,45.167500,0.000000,30.000000,-1,69.341894,69.341894,-1,17,0,1735,24,0,731,1794,0,217,5.299452,2.677334,2.677334,1.000000,0.719640,-1,-1,-1,-1,-1,0.059276
69490,399,0,18134,45.448622,0.000000,30.000000,-1,69.345925,69.345925,-1,20,0,1672,22,0,689,2322,0,259,5.809379,2.978663,2.978663,1.000000,0.716894,-1,-1,-1,-1,-1,0.065539
69500,416,0,18589,44.685096,0.000000,30.000000,-1,69.337888,69.337888,-1,21,0,1963,15,0,744,1702,0,249,5.576073,2.739060,2.739060,1.000000,0.708719,-1,-1,-1,-1,-1,0.061297
69510,380,0,16749,44.076316,0.000000,30.000000,-1,69.345036,69.345036,-1,31,0,1422,21,0,607,1955,0,366,5.625240,2.919496,2.919496,1.000000,0.699358,-1,-1,-1,-1,-1,0.066237
69520,385,0,17505,45.467532,0.000000,30.000000,-1,69.366467,69.366467,-1,17,0,1507,15,0,647,2011,0,188,5.839272,3.115336,3.115336,1.000000,0.725746,-1,-1,-1,-1,-1,0.068518
69530,395,0,17629,44.630380,0.000000,30.000000,-1,69.343411,69.343411,-1,27,0,1637,13,0,668,1939,0,345,5.949549,2.988848,2.988848,1.000000,0.704130,-1,-1,-1,-1,-1,0.066969
69540,396,0,18171,45.886364,0.000000,30.000000,-1,69.327775,69.327775,-1,18,0,1446,26,0,698,1465,0,247,5.818055,3.152023,3.152023,1.000000,0.732906,-1,-1,-1,-1,-1,0.068692
69550,405,0,18561,45.829630,0.000000,30.000000,-1,69.290555,69.290555,-1,19,0,1514,24,0,713,1998,0,245,5.471225,2.928422,2.928422,1.000000,0.732847,-1,-1,-1,-1,-1,0.063898
69560,403,0,18120,44.962779,0.000000,30.000000,-1,69.258940,69.258940,-1,23,0,1629,23,0,727,2036,0,284,5.866757,3.024889,3.024889,1.000000,0.716334,-1,-1,-1,-1,-1,0.067275
69570,395,0,17913,45.349367,0.000000,30.000000,-1,69.268799,69.268799,-1,21,0,1360,21,0,691,2080,0,261,5.759609,3.131229,3.131229,1.000000,0.733047,-1,-1,-1,-1,-1,0.069047
69580,403,0,18243,45.267990,0.000000,30.000000,-1,69.283616,69.283616,-1,19,0,1613,20,0,718,1796,0,220,5.778592,3.016752,3.016752,1.000000,0.730972,-1,-1,-1,-1,-1,0.066642
69590,430,0,19166,44.572093,0.000000,30.000000,-1,69.314724,69.314724,-1,22,0,1920,17,0,733,2270,0,310,5.595050,2.878372,2.878372,1.000000,0.723542,-1,-1,-1,-1,-1,0.064578
69600,409,0,18344,44.850856,0.000000,30.000000,-1,69.313727,69.313727,-1,24,0,1506,16,0,712,1712,0,316,5.389885,2.866374,2.866374,1.000000,0.714132,-1,-1,-1,-1,-1,0.063909
69610,430,0,19664,45.730233,0.000000,30.000000,-1,69.289056,69.289056,-1,10,0,2057,12,0,747,2159,0,131,5.656155,2.741408,2.741408,1.000000,0.738409,-1,-1,-1,-1,-1,0.059947
69620,417,0,19250,46.163070,0.000000,30.000000,-1,69.293610,69.293610,-1,15,0,1734,21,0,779,1907,0,175,5.504119,2.884370,2.884370,1.000000,0.732541,-1,-1,-1,-1,-1,0.062482
69630,393,0,17529,44.603053,0.000000,30.000000,-1,69.274288,69.274288,-1,28,0,1514,17,0,683,1867,0,322,5.737021,2.933886,2.933886,1.000000,0.702549,-1,-1,-1,-1,-1,0.065778
69640,379,0,17251,45.517150,0.000000,30.000000,-1,69.297026,69.297026,-1,16,0,1552,15,0,692,1623,0,215,5.892380,3.090030,3.090030,1.000000,0.740156,-1,-1,-1,-1,-1,0.067887
69650,400,0,18036,45.090000,0.000000,30.000000,-1,69.323963,69.323963,-1,22,0,1743,21,0,721,1834,0,275,5.664073,2.859260,2.859260,1.000000,0.713238,-1,-1,-1,-1,-1,0.063412
69660,384,0,17994,46.859375,0.000000,30.000000,-1,69.327720,69.327720,-1,13,0,1390,20,0,621,1681,0,143,5.782346,3.103815,3.103815,1.000000,0.740664,-1,-1,-1,-1,-1,0.066237
69670,401,0,18101,45.139651,0.000000,30.000000,-1,69.330700,69.330700,-1,15,0,1863,15,0,695,1900,0,193,5.745547,2.850938,2.850938,1.000000,0.729935,-1,-1,-1,-1,-1,0.063158
69680,382,0,17035,44.594241,0.000000,30.000000,-1,69.323687,69.323687,-1,28,0,1376,21,0,634,1965,0,342,5.838501,3.065139,3.065139,1.000000,0.705443,-1,-1,-1,-1,-1,0.068734
69690,395,0,18022,45.625316,0.000000,30.000000,-1,69.373100,69.373100,-1,17,0,1869,28,0,695,1947,0,222,5.492620,2.882425,2.882425,1.000000,0.725753,-1,-1,-1,-1,-1,0.063176
69700,398,0,18206,45.743719,0.000000,30.000000,-1,69.416566,69.416566,-1,19,0,1475,17,0,693,1861,0,218,5.638577,3.035388,3.035388,1.000000,0.725233,-1,-1,-1,-1,-1,0.066356
69710,402,0,18450,45.895522,0.000000,30.000000,-1,69.446070,69.446070,-1,20,0,1729,25,0,700,1802,0,261,5.632332,3.015264,3.015264,1.000000,0.726935,-1,-1,-1,-1,-1,0.065698
69720,423,0,18932,44.756501,0.000000,30.000000,-1,69.463871,69.463871,-1,18,0,1998,17,0,815,1972,0,216,5.757314,2.734074,2.734074,1.000000,0.716453,-1,-1,-1,-1,-1,0.061088
69730,407,0,18599,45.697789,0.000000,30.000000,-1,69.500134,69.500134,-1,15,0,1639,21,0,670,1696,0,179,5.553570,2.819543,2.819543,1.000000,0.724909,-1,-1,-1,-1,-1,0.061700
69740,415,0,19011,45.809639,0.000000,30.000000,-1,69.518858,69.518858,-1,20,0,1769,19,0,682,2068,0,268,5.499121,2.802035,2.802035,1.000000,0.717419,-1,-1,-1,-1,-1,0.061167
69750,412,0,19117,46.400485,0.000000,30.000000,-1,69.530470,69.530470,-1,12,0,1708,28,0,676,2013,0,147,5.495357,2.887618,2.887618,1.000000,0.737665,-1,-1,-1,-1,-1,0.062233
69760,394,0,17929,45.505076,0.000000,30.000000,-1,69.547437,69.547437,-1,14,0,1661,27,0,701,1854,0,177,5.927240,3.006770,3.006770,1.000000,0.735703,-1,-1,-1,-1,-1,0.066075
69770,400,0,18272,45.680000,0.000000,30.000000,-1,69.562391,69.562391,-1,19,0,1481,22,0,668,1999,0,244,5.697790,2.946972,2.946972,1.000000,0.726892,-1,-1,-1,-1,-1,0.064513
69780,406,0,17879,44.036946,0.000000,30.000000,-1,69.593769,69.593769,-1,24,0,1690,18,0,673,1955,0,325,5.637407,2.862241,2.862241,1.000000,0.717545,-1,-1,-1,-1,-1,0.064996
69790,405,0,18222,44.992593,0.000000,30.000000,-1,69.585007,69.585007,-1,30,0,1359,12,0,662,1685,0,359,5.737103,3.160663,3.160663,1.000000,0.710793,-1,-1,-1,-1,-1,0.070249
69800,416,0,19157,46.050481,0.000000,30.000000,-1,69.627342,69.627342,-1,19,0,1688,18,0,712,1780,0,246,5.588385,3.004106,3.004106,1.000000,0.726107,-1,-1,-1,-1,-1,0.065235
69810,430,0,19812,46.074419,0.000000,30.000000,-1,69.623915,69.623915,-1,14,0,1961,17,0,735,1980,0,174,5.527490,2.737626,2.737626,1.000000,0.729530,-1,-1,-1,-1,-1,0.059417
69820,422,0,19120,45.308057,0.000000,30.000000,-1,69.614278,69.614278,-1,17,0,2069,24,0,745,1820,0,195,5.627056,2.809302,2.809302,1.000000,0.721646,-1,-1,-1,-1,-1,0.062004
69830,404,0,18273,45.230198,0.000000,30.000000,-1,69.617140,69.617140,-1,24,0,1716,20,0,707,1754,0,293,5.519688,2.780642,2.780642,1.000000,0.714304,-1,-1,-1,-1,-1,0.061478
69840,395,0,18130,45.898734,0.000000,30.000000,-1,69.644457,69.644457,-1,19,0,1550,11,0,670,1773,0,233,5.665492,2.935352,2.935352,1.000000,0.723828,-1,-1,-1,-1,-1,0.063953
69850,402,0,18329,45.594527,0.000000,30.000000,-1,69.616509,69.616509,-1,20,0,1693,10,0,710,1982,0,249,5.673148,3.043744,3.043744,1.000000,0.732752,-1,-1,-1,-1,-1,0.066757
69860,411,0,18648,45.372263,0.000000,30.000000,-1,69.653636,69.653636,-1,20,0,1808,14,0,731,2452,0,271,5.761543,2.964561,2.964561,1.000000,0.725005,-1,-1,-1,-1,-1,0.065339
69870,404,0,18533,45.873762,0.000000,30.000000,-1,69.641828,69.641828,-1,22,0,1415,19,0,747,1813,0,270,5.586049,3.120929,3.120929,1.000000,0.724012,-1,-1,-1,-1,-1,0.068033
69880,401,0,18371,45.812968,0.000000,30.000000,-1,69.663110,69.663110,-1,17,0,1660,15,0,669,1660,0,202,5.764989,3.126472,3.126472,1.000000,0.736400,-1,-1,-1,-1,-1,0.068244
69890,409,0,18471,45.161369,0.000000,30.000000,-1,69.705972,69.705972,-1,24,0,1599,27,0,719,1831,0,299,5.679577,2.932485,2.932485,1.000000,0.709498,-1,-1,-1,-1,-1,0.064933
69900,407,0,18328,45.031941,0.000000,30.000000,-1,69.759003,69.759003,-1,22,0,1705,17,0,749,2093,0,277,5.652537,2.809613,2.809613,1.000000,0.714471,-1,-1,-1,-1,-1,0.062392
69910,403,0,18417,45.699752,0.000000,30.000000,-1,69.790737,69.790737,-1,19,0,1419,18,0,701,1827,0,257,5.728563,3.072572,3.072572,1.000000,0.729009,-1,-1,-1,-1,-1,0.067234
69920,412,0,18359,44.560680,0.000000,30.000000,-1,69.788115,69.788115,-1,22,0,1727,17,0,705,1951,0,290,5.618442,3.005575,3.005575,1.000000,0.730039,-1,-1,-1,-1,-1,0.067449
69930,414,0,18624,44.985507,0.000000,30.000000,-1,69.815936,69.815936,-1,24,0,1524,15,0,718,1767,0,305,5.619872,2.996990,2.996990,1.000000,0.720441,-1,-1,-1,-1,-1,0.066621
69940,402,0,18646,46.383085,0.000000,30.000000,-1,69.833155,69.833155,-1,17,0,1507,18,0,663,1885,0,207,5.666849,3.049865,3.049865,1.000000,0.728930,-1,-1,-1,-1,-1,0.065754
69950,400,0,17735,44.337500,0.000000,30.000000,-1,69.844488,69.844488,-1,25,0,1557,13,0,668,1912,0,303,5.815008,3.098325,3.098325,1.000000,0.726448,-1,-1,-1,-1,-1,0.069880
69960,422,0,19189,45.471564,0.000000,30.000000,-1,69.808536,69.808536,-1,22,0,1538,14,0,711,1902,0,263,5.647164,3.013184,3.013184,1.000000,0.723905,-1,-1,-1,-1,-1,0.066265
69970,436,0,20010,45.894495,0.000000,30.000000,-1,69.825937,69.825937,-1,17,0,1952,11,0,776,2045,0,219,5.465210,2.856219,2.856219,1.000000,0.733389,-1,-1,-1,-1,-1,0.062234
69980,406,0,18310,45.098522,0.000000,30.000000,-1,69.847788,69.847788,-1,18,0,1764,21,0,756,1950,0,220,5.470512,2.826227,2.826227,1.000000,0.727015,-1,-1,-1,-1,-1,0.062668
69990,420,0,19419,46.235714,0.000000,30.000000,-1,69.818631,69.818631,-1,13,0,1764,25,0,720,2387,0,151,5.506837,2.837664,2.837664,1.000000,0.734241,-1,-1,-1,-1,-1,0.061374
70000,423,0,19247,45.501182,0.000000,30.000000,-1,69.835299,69.835299,-1,22,0,1745,24,0,715,2051,0,265,5.525591,2.794797,2.794797,1.000000,0.710201,-1,-1,-1,-1,-1,0.061423
70010,397,0,18110,45.617128,0.000000,30.000000,-1,69.860685,69.860685,-1,18,0,1612,27,0,707,1639,0,219,5.714312,2.977424,2.977424,1.000000,0.727094,-1,-1,-1,-1,-1,0.065270
70020,415,0,18690,45.036145,0.000000,30.000000,-1,69.884858,69.884858,-1,22,0,1790,20,0,769,2099,0,271,5.642478,2.849317,2.849317,1.000000,0.719850,-1,-1,-1,-1,-1,0.063267
70030,420,0,18765,44.678571,0.000000,30.000000,-1,69.896936,69.896936,-1,26,0,1660,18,0,726,1700,0,322,5.841391,3.041073,3.041073,1.000000,0.717254,-1,-1,-1,-1,-1,0.068066
70040,427,0,19122,44.782201,0.000000,30.000000,-1,69.896716,69.896716,-1,20,0,1870,18,0,714,1992,0,232,5.487207,2.773638,2.773638,1.000000,0.718705,-1,-1,-1,-1,-1,0.061936
70050,414,0,18941,45.751208,0.000000,30.000000,-1,69.890766,69.890766,-1,16,0,1817,25,0,755,1961,0,194,5.521508,2.824132,2.824132,1.000000,0.731858,-1,-1,-1,-1,-1,0.061728
70060,399,0,17545,43.972431,0.000000,30.000000,-1,69.898718,69.898718,-1,29,0,1563,27,0,692,1897,0,347,5.677204,3.017867,3.017867,1.000000,0.700906,-1,-1,-1,-1,-1,0.068631
70070,413,0,18940,45.859564,0.000000,30.000000,-1,69.869694,69.869694,-1,19,0,1707,13,0,709,2406,0,235,5.524113,2.814505,2.814505,1.000000,0.722247,-1,-1,-1,-1,-1,0.061372
70080,410,0,18463,45.031707,0.000000,30.000000,-1,69.871635,69.871635,-1,24,0,1904,21,0,707,1826,0,290,5.670207,2.876948,2.876948,1.000000,0.704146,-1,-1,-1,-1,-1,0.063887
70090,379,0,17386,45.873351,0.000000,30.000000,-1,69.936098,69.936098,-1,18,0,1383,30,0,692,1775,0,227,6.067512,3.155004,3.155004,1.000000,0.718723,-1,-1,-1,-1,-1,0.068776
70100,382,0,17796,46.586387,0.000000,30.000000,-1,69.902619,69.902619,-1,14,0,1375,18,0,691,1832,0,179,5.778726,3.144983,3.144983,1.000000,0.739386,-1,-1,-1,-1,-1,0.067509
70110,401,0,17869,44.561097,0.000000,30.000000,-1,69.913034,69.913034,-1,25,0,1670,17,0,732,1827,0,278,5.571047,2.792686,2.792686,1.000000,0.711278,-1,-1,-1,-1,-1,0.062671
70120,398,0,18062,45.381910,0.000000,30.000000,-1,69.840383,69.840383,-1,25,0,1548,20,0,672,2209,0,310,5.500259,2.898999,2.898999,1.000000,0.701572,-1,-1,-1,-1,-1,0.063880
70130,409,0,18449,45.107579,0.000000,30.000000,-1,69.854030,69.854030,-1,23,0,1828,18,0,683,1417,0,314,5.919192,2.929452,2.929452,1.000000,0.710244,-1,-1,-1,-1,-1,0.064944
70140,393,0,18062,45.959288,0.000000,30.000000,-1,69.847138,69.847138,-1,18,0,1374,17,0,648,1894,0,225,5.676346,3.015281,3.015281,1.000000,0.714795,-1,-1,-1,-1,-1,0.065608
70150,416,0,19212,46.182692,0.000000,30.000000,-1,69.827452,69.827452,-1,13,0,1631,21,0,734,2177,0,157,5.788255,3.047139,3.047139,1.000000,0.734731,-1,-1,-1,-1,-1,0.065980
70160,417,0,18694,44.829736,0.000000,30.000000,-1,69.862255,69.862255,-1,22,0,1852,22,0,737,2031,0,270,5.776363,2.791183,2.791183,1.000000,0.707124,-1,-1,-1,-1,-1,0.062262
70170,404,0,18287,45.264851,0.000000,30.000000,-1,69.849675,69.849675,-1,20,0,1673,23,0,699,1799,0,260,5.572680,2.794541,2.794541,1.000000,0.699287,-1,-1,-1,-1,-1,0.061738
70180,389,0,17897,46.007712,0.000000,30.000000,-1,69.850478,69.850478,-1,14,0,1534,17,0,693,2054,0,156,5.673464,2.872380,2.872380,1.000000,0.720289,-1,-1,-1,-1,-1,0.062433
70190,387,0,17477,45.160207,0.000000,30.000000,-1,69.804314,69.804314,-1,22,0,1496,23,0,681,1771,0,273,5.822262,3.026514,3.026514,1.000000,0.707837,-1,-1,-1,-1,-1,0.067017
70200,402,0,18301,45.524876,0.000000,30.000000,-1,69.809136,69.809136,-1,20,0,1640,21,0,684,2008,0,262,5.752518,2.918294,2.918294,1.000000,0.709131,-1,-1,-1,-1,-1,0.064103
70210,406,0,18377,45.263547,0.000000,30.000000,-1,69.853132,69.853132,-1,21,0,1835,15,0,694,2158,0,272,5.819819,2.844971,2.844971,1.000000,0.700256,-1,-1,-1,-1,-1,0.062853
70220,417,0,18814,45.117506,0.000000,30.000000,-1,69.827788,69.827788,-1,23,0,1528,11,0,706,2298,0,292,5.720290,2.884654,2.884654,1.000000,0.704730,-1,-1,-1,-1,-1,0.063936
70230,411,0,18437,44.858881,0.000000,30.000000,-1,69.768021,69.768021,-1,22,0,1607,22,0,710,1794,0,312,5.744145,2.838406,2.838406,1.000000,0.711395,-1,-1,-1,-1,-1,0.063274
70240,414,0,18546,44.797101,0.000000,30.000000,-1,69.737140,69.737140,-1,23,0,1725,16,0,753,2244,0,310,5.542445,2.744823,2.744823,1.000000,0.704548,-1,-1,-1,-1,-1,0.061272
70250,409,0,18549,45.352078,0.000000,30.000000,-1,69.762575,69.762575,-1,13,0,1629,26,0,757,1877,0,172,5.861693,2.863770,2.863770,1.000000,0.721571,-1,-1,-1,-1,-1,0.063145
70260,404,0,18433,45.626238,0.000000,30.000000,-1,69.805783,69.805783,-1,15,0,1793,18,0,678,1967,0,186,5.764098,2.845344,2.845344,1.000000,0.717714,-1,-1,-1,-1,-1,0.062362
70270,402,0,18262,45.427861,0.000000,30.000000,-1,69.805826,69.805826,-1,22,0,1650,20,0,718,1677,0,253,5.601047,2.887107,2.887107,1.000000,0.712371,-1,-1,-1,-1,-1,0.063554
70280,388,0,17843,45.987113,0.000000,30.000000,-1,69.816903,69.816903,-1,17,0,1433,15,0,713,1403,0,223,5.983492,3.090576,3.090576,1.000000,0.722773,-1,-1,-1,-1,-1,0.067205
70290,392,0,17700,45.153061,0.000000,30.000000,-1,69.842316,69.842316,-1,20,0,1625,19,0,721,1707,0,242,5.723395,2.947483,2.947483,1.000000,0.712102,-1,-1,-1,-1,-1,0.065278
70300,409,0,18424,45.046455,0.000000,30.000000,-1,69.893563,69.893563,-1,20,0,1682,20,0,738,2166,0,281,5.677109,2.850833,2.850833,1.000000,0.704078,-1,-1,-1,-1,-1,0.063287
70310,406,0,18042,44.438424,0.000000,30.000000,-1,69.867753,69.867753,-1,27,0,1621,20,0,720,1708,0,364,5.813120,2.975995,2.975995,1.000000,0.702676,-1,-1,-1,-1,-1,0.066969
70320,429,0,19263,44.902098,0.000000,30.000000,-1,69.843950,69.843950,-1,23,0,1751,13,0,770,2262,0,291,5.613974,2.809270,2.809270,1.000000,0.705255,-1,-1,-1,-1,-1,0.062564
70330,410,0,18704,45.619512,0.000000,30.000000,-1,69.747861,69.747861,-1,19,0,1695,18,0,735,2131,0,210,5.631657,2.846392,2.846392,1.000000,0.708705,-1,-1,-1,-1,-1,0.062394
70340,393,0,17670,44.961832,0.000000,30.000000,-1,69.694341,69.694341,-1,25,0,1207,14,0,673,1802,0,303,5.833488,3.107503,3.107503,1.000000,0.708179,-1,-1,-1,-1,-1,0.069114
70350,410,0,19079,46.534146,0.000000,30.000000,-1,69.689344,69.689344,-1,8,0,1772,12,0,721,2119,0,96,5.880557,2.936284,2.936284,1.000000,0.734598,-1,-1,-1,-1,-1,0.063100
70360,418,0,19522,46.703349,0.000000,30.000000,-1,69.704334,69.704334,-1,11,0,1853,29,0,774,1900,0,135,5.406259,2.727071,2.727071,1.000000,0.725196,-1,-1,-1,-1,-1,0.058391
70370,393,0,17606,44.798982,0.000000,30.000000,-1,69.693798,69.693798,-1,21,0,1630,27,0,654,1769,0,259,5.823233,2.803569,2.803569,1.000000,0.696246,-1,-1,-1,-1,-1,0.062581
70380,405,0,18105,44.703704,0.000000,30.000000,-1,69.692903,69.692903,-1,25,0,1646,18,0,663,2217,0,299,5.695779,2.850723,2.850723,1.000000,0.698311,-1,-1,-1,-1,-1,0.063769
70390,411,0,18450,44.890511,0.000000,30.000000,-1,69.665312,69.665312,-1,24,0,1629,12,0,634,1788,0,291,5.584562,2.858125,2.858125,1.000000,0.699513,-1,-1,-1,-1,-1,0.063669
70400,427,0,19425,45.491803,0.000000,30.000000,-1,69.705637,69.705637,-1,15,0,2229,16,0,753,2246,0,172,5.957060,2.792801,2.792801,1.000000,0.704580,-1,-1,-1,-1,-1,0.061391
70410,431,0,19571,45.408353,0.000000,30.000000,-1,69.730724,69.730724,-1,20,0,2084,10,0,701,1898,0,257,5.966302,2.874600,2.874600,1.000000,0.699868,-1,-1,-1,-1,-1,0.063306
70420,416,0,19015,45.709135,0.000000,30.000000,-1,69.780384,69.780384,-1,17,0,1759,17,0,722,1935,0,195,5.794202,2.907263,2.907263,1.000000,0.709488,-1,-1,-1,-1,-1,0.063604
70430,414,0,19176,46.318841,0.000000,30.000000,-1,69.791875,69.791875,-1,12,0,1667,21,0,701,2115,0,149,5.568666,2.822983,2.822983,1.000000,0.719300,-1,-1,-1,-1,-1,0.060947
70440,407,0,18342,45.066339,0.000000,30.000000,-1,69.793316,69.793316,-1,23,0,1602,18,0,719,1838,0,302,5.631310,2.733145,2.733145,1.000000,0.688433,-1,-1,-1,-1,-1,0.060647
70450,391,0,18064,46.199488,0.000000,30.000000,-1,69.761127,69.761127,-1,12,0,1828,19,0,692,1983,0,160,6.134789,2.986269,2.986269,1.000000,0.708786,-1,-1,-1,-1,-1,0.064639
70460,395,0,18131,45.901266,0.000000,30.000000,-1,69.735756,69.735756,-1,19,0,1508,13,0,749,1967,0,233,6.237316,3.154426,3.154426,1.000000,0.701134,-1,-1,-1,-1,-1,0.068722
70470,397,0,18114,45.627204,0.000000,30.000000,-1,69.726455,69.726455,-1,17,0,1627,17,0,714,1789,0,225,5.799930,2.957897,2.957897,1.000000,0.716773,-1,-1,-1,-1,-1,0.064827
70480,429,0,19479,45.405594,0.000000,30.000000,-1,69.749114,69.749114,-1,24,0,1706,19,0,801,2290,0,300,5.719386,2.895999,2.895999,1.000000,0.697334,-1,-1,-1,-1,-1,0.063781
70490,395,0,17656,44.698734,0.000000,30.000000,-1,69.761214,69.761214,-1,21,0,1612,30,0,667,1438,0,296,6.012730,2.935211,2.935211,1.000000,0.697023,-1,-1,-1,-1,-1,0.065667
70500,401,0,17797,44.381546,0.000000,30.000000,-1,69.706130,69.706130,-1,27,0,1523,23,0,699,2057,0,357,5.507042,2.739009,2.739009,1.000000,0.696518,-1,-1,-1,-1,-1,0.061715
70510,415,0,18677,45.004819,0.000000,30.000000,-1,69.691171,69.691171,-1,20,0,1706,22,0,716,1368,0,245,5.734177,2.801336,2.801336,1.000000,0.699810,-1,-1,-1,-1,-1,0.062245
70520,427,0,19260,45.105386,0.000000,30.000000,-1,69.718588,69.718588,-1,24,0,1735,21,0,725,2079,0,297,5.772695,2.917614,2.917614,1.000000,0.706798,-1,-1,-1,-1,-1,0.064684
70530,408,0,18778,46.024510,0.000000,30.000000,-1,69.718873,69.718873,-1,11,0,1806,25,0,753,1913,0,144,5.542556,2.699390,2.699390,1.000000,0.719208,-1,-1,-1,-1,-1,0.058651
70540,418,0,18958,45.354067,0.000000,30.000000,-1,69.684513,69.684513,-1,19,0,1740,14,0,726,1777,0,253,5.828473,2.882053,2.882053,1.000000,0.698770,-1,-1,-1,-1,-1,0.063546
70550,431,0,19180,44.501160,0.000000,30.000000,-1,69.682847,69.682847,-1,25,0,1858,22,0,742,2184,0,327,5.483361,2.735178,2.735178,1.000000,0.693241,-1,-1,-1,-1,-1,0.061463
70560,408,0,18555,45.477941,0.000000,30.000000,-1,69.668876,69.668876,-1,17,0,1533,23,0,708,2174,0,207,5.847542,2.833013,2.833013,1.000000,0.699442,-1,-1,-1,-1,-1,0.062294
70570,399,0,18735,46.954887,0.000000,30.000000,-1,69.716733,69.716733,-1,9,0,1709,17,0,722,1885,0,114,6.067628,3.018420,3.018420,1.000000,0.722811,-1,-1,-1,-1,-1,0.064283
70580,414,0,18813,45.442029,0.000000,30.000000,-1,69.731462,69.731462,-1,19,0,1745,18,0,726,1952,0,237,5.770419,2.748790,2.748790,1.000000,0.701555,-1,-1,-1,-1,-1,0.060490
70590,412,0,18731,45.463592,0.000000,30.000000,-1,69.771715,69.771715,-1,14,0,1852,18,0,695,1734,0,187,5.631787,2.701546,2.701546,1.000000,0.709841,-1,-1,-1,-1,-1,0.059422
70600,409,0,18348,44.860636,0.000000,30.000000,-1,69.748310,69.748310,-1,22,0,1645,21,0,679,2155,0,262,5.644394,2.816312,2.816312,1.000000,0.698174,-1,-1,-1,-1,-1,0.062779
70610,413,0,18793,45.503632,0.000000,30.000000,-1,69.732666,69.732666,-1,17,0,1895,17,0,785,2111,0,223,5.562891,2.685985,2.685985,1.000000,0.704401,-1,-1,-1,-1,-1,0.059028
70620,426,0,19336,45.389671,0.000000,30.000000,-1,69.735778,69.735778,-1,20,0,1759,19,0,737,1716,0,239,5.459140,2.740949,2.740949,1.000000,0.711494,-1,-1,-1,-1,-1,0.060387
70630,421,0,18800,44.655582,0.000000,30.000000,-1,69.754574,69.754574,-1,23,0,1888,22,0,700,2193,0,279,5.421215,2.598240,2.598240,1.000000,0.698868,-1,-1,-1,-1,-1,0.058184
70640,398,0,18140,45.577889,0.000000,30.000000,-1,69.806229,69.806229,-1,21,0,1508,25,0,741,1938,0,260,5.423316,2.776153,2.776153,1.000000,0.692695,-1,-1,-1,-1,-1,0.060910
70650,385,0,18105,47.025974,0.000000,30.000000,-1,69.832312,69.832312,-1,11,0,1691,19,0,729,1923,0,156,5.643064,2.891815,2.891815,1.000000,0.720806,-1,-1,-1,-1,-1,0.061494
70660,419,0,19183,45.782816,0.000000,30.000000,-1,69.835479,69.835479,-1,20,0,1550,13,0,740,1988,0,252,5.844656,3.110055,3.110055,1.000000,0.714457,-1,-1,-1,-1,-1,0.067931
70670,390,0,17597,45.120513,0.000000,30.000000,-1,69.829403,69.829403,-1,19,0,1785,20,0,707,2064,0,220,5.821564,2.895041,2.895041,1.000000,0.710402,-1,-1,-1,-1,-1,0.064162
70680,407,0,17906,43.995086,0.000000,30.000000,-1,69.841338,69.841338,-1,31,0,1607,14,0,644,1881,0,399,5.756168,2.950630,2.950630,1.000000,0.695084,-1,-1,-1,-1,-1,0.067067
70690,392,0,18010,45.943878,0.000000,30.000000,-1,69.798890,69.798890,-1,13,0,1747,22,0,685,1950,0,157,5.605105,2.831848,2.831848,1.000000,0.725706,-1,-1,-1,-1,-1,0.061637
70700,411,0,18603,45.262774,0.000000,30.000000,-1,69.809009,69.809009,-1,17,0,1606,17,0,717,1802,0,214,5.660936,2.850129,2.850129,1.000000,0.716350,-1,-1,-1,-1,-1,0.062969
70710,408,0,18144,44.470588,0.000000,30.000000,-1,69.830412,69.830412,-1,30,0,1622,20,0,692,1898,0,350,5.722510,2.832579,2.832579,1.000000,0.679080,-1,-1,-1,-1,-1,0.063696
70720,408,0,18556,45.480392,0.000000,30.000000,-1,69.814507,69.814507,-1,21,0,1705,23,0,683,1819,0,250,5.577819,2.817022,2.817022,1.000000,0.704539,-1,-1,-1,-1,-1,0.061939
70730,407,0,18487,45.422604,0.000000,30.000000,-1,69.817602,69.817602,-1,19,0,1659,21,0,767,1834,0,232,5.762308,2.885054,2.885054,1.000000,0.715445,-1,-1,-1,-1,-1,0.063516
70740,412,0,18798,45.626214,0.000000,30.000000,-1,69.828918,69.828918,-1,19,0,1546,19,0,730,2048,0,238,5.778113,3.018351,3.018351,1.000000,0.725933,-1,-1,-1,-1,-1,0.066154
70750,416,0,18691,44.930288,0.000000,30.000000,-1,69.821786,69.821786,-1,25,0,1544,24,0,688,1974,0,331,5.572190,2.784037,2.784037,1.000000,0.696793,-1,-1,-1,-1,-1,0.061963
70760,392,0,17979,45.864796,0.000000,30.000000,-1,69.803048,69.803048,-1,16,0,1528,22,0,715,1646,0,201,5.890228,2.955618,2.955618,1.000000,0.711349,-1,-1,-1,-1,-1,0.064442
70770,412,0,18955,46.007282,0.000000,30.000000,-1,69.755737,69.755737,-1,14,0,1689,20,0,686,1981,0,171,5.548873,2.791396,2.791396,1.000000,0.718082,-1,-1,-1,-1,-1,0.060673
70780,398,0,18047,45.344221,0.000000,30.000000,-1,69.626364,69.626364,-1,19,0,1756,22,0,641,1862,0,255,5.896008,2.916507,2.916507,1.000000,0.699621,-1,-1,-1,-1,-1,0.064319
70790,413,0,18964,45.917676,0.000000,30.000000,-1,69.601561,69.601561,-1,18,0,1620,14,0,726,1798,0,226,5.742955,2.999579,2.999579,1.000000,0.721475,-1,-1,-1,-1,-1,0.065325
70800,403,0,18372,45.588089,0.000000,30.000000,-1,69.617570,69.617570,-1,18,0,1706,18,0,691,1561,0,224,5.833038,2.881543,2.881543,1.000000,0.707892,-1,-1,-1,-1,-1,0.063208
70810,394,0,17932,45.512690,0.000000,30.000000,-1,69.607183,69.607183,-1,18,0,1573,25,0,705,1659,0,249,5.835854,2.936565,2.936565,1.000000,0.715603,-1,-1,-1,-1,-1,0.064522
70820,425,0,19026,44.767059,0.000000,30.000000,-1,69.634816,69.634816,-1,21,0,1777,13,0,744,1964,0,258,5.840383,2.906732,2.906732,1.000000,0.705006,-1,-1,-1,-1,-1,0.064930
70830,408,0,18249,44.727941,0.000000,30.000000,-1,69.749849,69.749849,-1,25,0,1950,26,0,733,1747,0,315,5.729533,2.833492,2.833492,1.000000,0.692604,-1,-1,-1,-1,-1,0.063349
70840,376,0,17364,46.180851,0.000000,30.000000,-1,69.764858,69.764858,-1,16,0,1438,19,0,636,1649,0,196,6.162270,3.117619,3.117619,1.000000,0.706744,-1,-1,-1,-1,-1,0.067509
70850,390,0,18081,46.361538,0.000000,30.000000,-1,69.721697,69.721697,-1,13,0,1505,17,0,671,2040,0,164,5.931408,3.020606,3.020606,1.000000,0.722888,-1,-1,-1,-1,-1,0.065153
70860,399,0,18313,45.897243,0.000000,30.000000,-1,69.694698,69.694698,-1,17,0,1554,19,0,692,1370,0,238,5.721994,2.909227,2.909227,1.000000,0.712006,-1,-1,-1,-1,-1,0.063386
70870,408,0,18663,45.742647,0.000000,30.000000,-1,69.630552,69.630552,-1,15,0,1494,22,0,761,2115,0,219,5.761799,2.913855,2.913855,1.000000,0.717804,-1,-1,-1,-1,-1,0.063701
70880,396,0,18181,45.911616,0.000000,30.000000,-1,69.666630,69.666630,-1,12,0,1742,26,0,716,1714,0,140,5.675268,2.724804,2.724804,1.000000,0.705237,-1,-1,-1,-1,-1,0.059349
70890,396,0,17902,45.207071,0.000000,30.000000,-1,69.647693,69.647693,-1,22,0,1558,20,0,718,2329,0,266,5.817164,2.940412,2.940412,1.000000,0.699389,-1,-1,-1,-1,-1,0.065043
70900,396,0,18117,45.750000,0.000000,30.000000,-1,69.669206,69.669206,-1,14,0,1663,20,0,685,1821,0,148,6.013739,2.941829,2.941829,1.000000,0.704255,-1,-1,-1,-1,-1,0.064302
70910,395,0,17990,45.544304,0.000000,30.000000,-1,69.682991,69.682991,-1,21,0,1698,23,0,652,1903,0,272,5.687714,2.804028,2.804028,1.000000,0.693955,-1,-1,-1,-1,-1,0.061567
70920,409,0,18520,45.281174,0.000000,30.000000,-1,69.698974,69.698974,-1,23,0,1792,23,0,707,2329,0,276,5.704316,2.764772,2.764772,1.000000,0.684325,-1,-1,-1,-1,-1,0.061058
70930,400,0,18657,46.642500,0.000000,30.000000,-1,69.733719,69.733719,-1,12,0,1751,26,0,681,2039,0,163,5.606110,2.758414,2.758414,1.000000,0.709883,-1,-1,-1,-1,-1,0.059140
70940,393,0,17869,45.468193,0.000000,30.000000,-1,69.694387,69.694387,-1,21,0,1492,26,0,728,1620,0,262,5.824655,2.965966,2.965966,1.000000,0.700384,-1,-1,-1,-1,-1,0.065232
70950,401,0,18351,45.763092,0.000000,30.000000,-1,69.691570,69.691570,-1,12,0,1640,23,0,735,1796,0,154,5.726203,2.839525,2.839525,1.000000,0.718471,-1,-1,-1,-1,-1,0.062048
70960,420,0,18645,44.392857,0.000000,30.000000,-1,69.704478,69.704478,-1,27,0,1679,20,0,705,1975,0,387,5.673098,2.796403,2.796403,1.000000,0.693098,-1,-1,-1,-1,-1,0.062992
70970,395,0,17966,45.483544,0.000000,30.000000,-1,69.710509,69.710509,-1,21,0,1637,21,0,683,1595,0,280,5.685008,2.840730,2.840730,1.000000,0.687825,-1,-1,-1,-1,-1,0.062456
70980,392,0,17835,45.497449,0.000000,30.000000,-1,69.728399,69.728399,-1,15,0,1636,33,0,686,1767,0,165,6.006272,2.991562,2.991562,1.000000,0.717627,-1,-1,-1,-1,-1,0.065752
70990,397,0,18147,45.710327,0.000000,30.000000,-1,69.724032,69.724032,-1,21,0,1322,17,0,685,1963,0,262,5.752881,2.977478,2.977478,1.000000,0.702426,-1,-1,-1,-1,-1,0.065138
71000,377,0,17438,46.254642,0.000000,30.000000,-1,69.719004,69.719004,-1,14,0,1318,27,0,659,1421,0,168,5.594503,2.886487,2.886487,1.000000,0.719813,-1,-1,-1,-1,-1,0.062404
71010,390,0,17702,45.389744,0.000000,30.000000,-1,69.694950,69.694950,-1,19,0,1572,28,0,716,2160,0,246,5.801951,2.844081,2.844081,1.000000,0.693600,-1,-1,-1,-1,-1,0.062659
71020,395,0,18018,45.615190,0.000000,30.000000,-1,69.798757,69.798757,-1,17,0,1730,18,0,692,1743,0,256,5.725156,2.840245,2.840245,1.000000,0.706069,-1,-1,-1,-1,-1,0.062265
71030,416,0,18713,44.983173,0.000000,30.000000,-1,69.836370,69.836370,-1,20,0,1827,22,0,695,1880,0,234,5.728180,2.764151,2.764151,1.000000,0.709024,-1,-1,-1,-1,-1,0.061449
71040,406,0,18507,45.583744,0.000000,30.000000,-1,69.816124,69.816124,-1,18,0,1704,16,0,711,2239,0,227,5.927613,2.839453,2.839453,1.000000,0.699913,-1,-1,-1,-1,-1,0.062291
71050,412,0,18744,45.495146,0.000000,30.000000,-1,69.852059,69.852059,-1,15,0,1734,28,0,693,2283,0,177,5.538376,2.687583,2.687583,1.000000,0.706339,-1,-1,-1,-1,-1,0.059074
71060,408,0,18599,45.585784,0.000000,30.000000,-1,69.852465,69.852465,-1,17,0,1500,20,0,704,2213,0,221,5.683321,2.880522,2.880522,1.000000,0.708630,-1,-1,-1,-1,-1,0.063189
71070,420,0,19075,45.416667,0.000000,30.000000,-1,69.806606,69.806606,-1,14,0,1768,22,0,712,2189,0,178,5.870038,2.827751,2.827751,1.000000,0.707798,-1,-1,-1,-1,-1,0.062262
71080,396,0,17960,45.353535,0.000000,30.000000,-1,69.826225,69.826225,-1,18,0,1814,21,0,710,2029,0,243,5.929844,2.869098,2.869098,1.000000,0.699445,-1,-1,-1,-1,-1,0.063261
71090,411,0,18632,45.333333,0.000000,30.000000,-1,69.809199,69.809199,-1,18,0,1591,16,0,713,1930,0,210,5.628455,2.786503,2.786503,1.000000,0.706362,-1,-1,-1,-1,-1,0.061467
71100,402,0,18619,46.315920,0.000000,30.000000,-1,69.881734,69.881734,-1,15,0,1662,13,0,741,2043,0,182,5.924307,2.960890,2.960890,1.000000,0.710877,-1,-1,-1,-1,-1,0.063928
71110,398,0,18088,45.447236,0.000000,30.000000,-1,69.912926,69.912926,-1,16,0,1583,22,0,692,1532,0,206,5.696809,2.812045,2.812045,1.000000,0.703676,-1,-1,-1,-1,-1,0.061875
71120,405,0,18329,45.256790,0.000000,30.000000,-1,69.899340,69.899340,-1,17,0,1683,22,0,716,2143,0,222,6.024165,2.944324,2.944324,1.000000,0.707004,-1,-1,-1,-1,-1,0.065058
71130,420,0,18756,44.657143,0.000000,30.000000,-1,69.927916,69.927916,-1,22,0,1617,19,0,740,1919,0,246,5.678037,2.685456,2.685456,1.000000,0.689704,-1,-1,-1,-1,-1,0.060135
71140,415,0,18488,44.549398,0.000000,30.000000,-1,69.941097,69.941097,-1,26,0,1761,15,0,649,2087,0,340,5.844090,2.866983,2.866983,1.000000,0.689395,-1,-1,-1,-1,-1,0.064355
71150,419,0,19328,46.128878,0.000000,30.000000,-1,69.957575,69.957575,-1,18,0,1531,25,0,767,2293,0,251,5.658868,2.812493,2.812493,1.000000,0.707427,-1,-1,-1,-1,-1,0.060970
71160,389,0,17918,46.061697,0.000000,30.000000,-1,69.980243,69.980243,-1,20,0,1588,22,0,678,2154,0,256,5.667827,2.966522,2.966522,1.000000,0.701774,-1,-1,-1,-1,-1,0.064403
71170,395,0,18149,45.946835,0.000000,30.000000,-1,69.993388,69.993388,-1,22,0,1448,13,0,674,2096,0,292,5.976164,3.117507,3.117507,1.000000,0.700818,-1,-1,-1,-1,-1,0.067850
71180,413,0,18806,45.535109,0.000000,30.000000,-1,69.997554,69.997554,-1,21,0,1762,20,0,774,2029,0,268,5.738807,2.859833,2.859833,1.000000,0.698267,-1,-1,-1,-1,-1,0.062805
71190,417,0,18648,44.719424,0.000000,30.000000,-1,70.003003,70.003003,-1,28,0,1613,18,0,775,2136,0,381,5.728024,2.855053,2.855053,1.000000,0.688002,-1,-1,-1,-1,-1,0.063844
71200,400,0,18308,45.770000,0.000000,30.000000,-1,70.007483,70.007483,-1,18,0,1630,25,0,688,1798,0,227,5.698623,2.799710,2.799710,1.000000,0.703853,-1,-1,-1,-1,-1,0.061169
71210,402,0,18133,45.106965,0.000000,30.000000,-1,70.042519,70.042519,-1,20,0,1454,22,0,701,1799,0,266,5.741184,2.854172,2.854172,1.000000,0.701658,-1,-1,-1,-1,-1,0.063276
71220,395,0,18353,46.463291,0.000000,30.000000,-1,70.057920,70.057920,-1,15,0,1581,21,0,669,2057,0,203,5.878624,3.047959,3.047959,1.000000,0.715955,-1,-1,-1,-1,-1,0.065599
71230,405,0,18494,45.664198,0.000000,30.000000,-1,70.033578,70.033578,-1,15,0,1661,23,0,708,2021,0,186,5.860501,2.884316,2.884316,1.000000,0.713548,-1,-1,-1,-1,-1,0.063164
71240,417,0,19048,45.678657,0.000000,30.000000,-1,70.003990,70.003990,-1,19,0,1742,22,0,697,2025,0,236,5.672929,2.763522,2.763522,1.000000,0.698273,-1,-1,-1,-1,-1,0.060499
71250,389,0,17520,45.038560,0.000000,30.000000,-1,69.999372,69.999372,-1,28,0,1383,13,0,669,1614,0,345,6.014724,3.017961,3.017961,1.000000,0.681327,-1,-1,-1,-1,-1,0.067008
71260,403,0,18659,46.300248,0.000000,30.000000,-1,70.000107,70.000107,-1,15,0,1778,18,0,728,2041,0,176,5.625765,2.826321,2.826321,1.000000,0.714425,-1,-1,-1,-1,-1,0.061043
71270,411,0,18497,45.004866,0.000000,30.000000,-1,70.023463,70.023463,-1,22,0,1471,20,0,705,2225,0,271,5.626953,2.813225,2.813225,1.000000,0.701441,-1,-1,-1,-1,-1,0.062509
71280,406,0,18208,44.847291,0.000000,30.000000,-1,70.047562,70.047562,-1,29,0,1651,13,0,691,1928,0,359,5.809543,2.973005,2.973005,1.000000,0.693931,-1,-1,-1,-1,-1,0.066292
71290,403,0,18471,45.833747,0.000000,30.000000,-1,70.047426,70.047426,-1,16,0,1647,11,0,722,1983,0,222,5.841093,2.954961,2.954961,1.000000,0.711730,-1,-1,-1,-1,-1,0.064471
71300,403,0,18175,45.099256,0.000000,30.000000,-1,70.048033,70.048033,-1,23,0,1484,24,0,694,1930,0,302,5.320080,2.771101,2.771101,1.000000,0.707814,-1,-1,-1,-1,-1,0.061444
71310,388,0,17384,44.804124,0.000000,30.000000,-1,70.037793,70.037793,-1,26,0,1517,13,0,732,1973,0,353,5.941902,2.980042,2.980042,1.000000,0.694801,-1,-1,-1,-1,-1,0.066513
71320,394,0,18396,46.690355,0.000000,30.000000,-1,70.036040,70.036040,-1,12,0,1477,15,0,649,1577,0,143,6.178471,3.128273,3.128273,1.000000,0.712936,-1,-1,-1,-1,-1,0.067000
71330,421,0,19022,45.182898,0.000000,30.000000,-1,70.067501,70.067501,-1,20,0,1671,16,0,722,2278,0,259,5.551444,2.758589,2.758589,1.000000,0.703072,-1,-1,-1,-1,-1,0.061054
71340,391,0,18339,46.902813,0.000000,30.000000,-1,70.065325,70.065325,-1,9,0,1442,24,0,699,2249,0,116,6.112608,3.116597,3.116597,1.000000,0.721049,-1,-1,-1,-1,-1,0.066448
71350,421,0,18554,44.071259,0.000000,30.000000,-1,70.080144,70.080144,-1,22,0,1981,21,0,744,1899,0,275,5.696281,2.600066,2.600066,1.000000,0.689982,-1,-1,-1,-1,-1,0.058997
71360,406,0,18296,45.064039,0.000000,30.000000,-1,70.031920,70.031920,-1,26,0,1593,20,0,684,2069,0,309,5.762955,2.835567,2.835567,1.000000,0.691238,-1,-1,-1,-1,-1,0.062923
71370,404,0,18393,45.527228,0.000000,30.000000,-1,70.016800,70.016800,-1,20,0,1612,21,0,715,1793,0,244,5.605217,2.826537,2.826537,1.000000,0.702141,-1,-1,-1,-1,-1,0.062085
71380,417,0,18611,44.630695,0.000000,30.000000,-1,69.992531,69.992531,-1,23,0,1486,13,0,681,1984,0,289,5.755579,2.915312,2.915312,1.000000,0.699675,-1,-1,-1,-1,-1,0.065321
71390,392,0,18112,46.204082,0.000000,30.000000,-1,70.056095,70.056095,-1,17,0,1576,16,0,677,1983,0,222,6.161455,3.067043,3.067043,1.000000,0.696919,-1,-1,-1,-1,-1,0.066380
71400,384,0,17417,45.356771,0.000000,30.000000,-1,70.080324,70.080324,-1,17,0,1656,25,0,680,1710,0,233,5.919982,2.905167,2.905167,1.000000,0.702593,-1,-1,-1,-1,-1,0.064051
71410,403,0,18490,45.880893,0.000000,30.000000,-1,70.114819,70.114819,-1,15,0,1686,11,0,681,1941,0,175,5.853348,2.940401,2.940401,1.000000,0.710304,-1,-1,-1,-1,-1,0.064088
71420,411,0,18899,45.982968,0.000000,30.000000,-1,70.110747,70.110747,-1,16,0,1766,13,0,694,1915,0,180,5.741981,2.819716,2.819716,1.000000,0.711777,-1,-1,-1,-1,-1,0.061321
71430,394,0,18355,46.586294,0.000000,30.000000,-1,70.124980,70.124980,-1,13,0,1571,13,0,660,1826,0,167,5.981946,3.073046,3.073046,1.000000,0.715201,-1,-1,-1,-1,-1,0.065965
71440,409,0,18434,45.070905,0.000000,30.000000,-1,70.163231,70.163231,-1,22,0,1662,30,0,701,2157,0,286,5.619706,2.771376,2.771376,1.000000,0.692452,-1,-1,-1,-1,-1,0.061489
71450,402,0,18466,45.935323,0.000000,30.000000,-1,70.188563,70.188563,-1,13,0,1613,19,0,688,1678,0,166,5.776910,2.862216,2.862216,1.000000,0.707890,-1,-1,-1,-1,-1,0.062310
71460,411,0,18574,45.192214,0.000000,30.000000,-1,70.188651,70.188651,-1,19,0,1952,20,0,731,1808,0,236,5.906282,2.925719,2.925719,1.000000,0.701272,-1,-1,-1,-1,-1,0.064739
71470,391,0,18088,46.260870,0.000000,30.000000,-1,70.187859,70.187859,-1,11,0,1710,15,0,684,2034,0,124,5.843497,2.804901,2.804901,1.000000,0.706561,-1,-1,-1,-1,-1,0.060632
71480,382,0,17313,45.321990,0.000000,30.000000,-1,70.216658,70.216658,-1,17,0,1438,28,0,688,1552,0,229,5.817903,3.039676,3.039676,1.000000,0.714333,-1,-1,-1,-1,-1,0.067068
71490,383,0,17238,45.007833,0.000000,30.000000,-1,70.226244,70.226244,-1,21,0,1656,19,0,668,1529,0,260,6.138110,3.022589,3.022589,1.000000,0.697891,-1,-1,-1,-1,-1,0.067157
71500,384,0,17249,44.919271,0.000000,30.000000,-1,70.174967,70.174967,-1,18,0,1653,23,0,631,1783,0,222,5.990304,2.843898,2.843898,1.000000,0.691940,-1,-1,-1,-1,-1,0.063311
71510,386,0,17648,45.720207,0.000000,30.000000,-1,70.217362,70.217362,-1,21,0,1306,16,0,676,1462,0,259,5.957709,3.024156,3.024156,1.000000,0.692254,-1,-1,-1,-1,-1,0.066145
71520,396,0,17894,45.186869,0.000000,30.000000,-1,70.179054,70.179054,-1,21,0,1484,17,0,706,2296,0,261,5.544154,2.856579,2.856579,1.000000,0.698340,-1,-1,-1,-1,-1,0.063217
71530,411,0,18945,46.094891,0.000000,30.000000,-1,70.155714,70.155714,-1,18,0,1555,11,0,730,1937,0,246,5.920626,3.001515,3.001515,1.000000,0.705414,-1,-1,-1,-1,-1,0.065116
71540,384,0,17538,45.671875,0.000000,30.000000,-1,70.158684,70.158684,-1,17,0,1482,27,0,671,2327,0,215,5.987968,2.977806,2.977806,1.000000,0.707060,-1,-1,-1,-1,-1,0.065200
71550,406,0,18357,45.214286,0.000000,30.000000,-1,70.186904,70.186904,-1,26,0,1474,27,0,718,1954,0,324,5.595566,2.861115,2.861115,1.000000,0.689998,-1,-1,-1,-1,-1,0.063279
71560,365,0,16998,46.569863,0.000000,30.000000,-1,70.157783,70.157783,-1,13,0,1442,26,0,661,1717,0,147,6.034465,3.059469,3.059469,1.000000,0.704809,-1,-1,-1,-1,-1,0.065696
71570,386,0,17574,45.528497,0.000000,30.000000,-1,70.137931,70.137931,-1,16,0,1624,12,0,657,1934,0,188,6.017900,2.916387,2.916387,1.000000,0.702832,-1,-1,-1,-1,-1,0.064056
71580,408,0,18267,44.772059,0.000000,30.000000,-1,70.096568,70.096568,-1,18,0,1854,17,0,686,1923,0,228,5.804721,2.730527,2.730527,1.000000,0.690214,-1,-1,-1,-1,-1,0.060987
71590,394,0,18044,45.796954,0.000000,30.000000,-1,70.095212,70.095212,-1,20,0,1499,22,0,667,1549,0,252,5.796434,2.941299,2.941299,1.000000,0.707141,-1,-1,-1,-1,-1,0.064225
71600,421,0,19013,45.161520,0.000000,30.000000,-1,70.097091,70.097091,-1,23,0,1592,19,0,709,1711,0,310,5.586812,2.742789,2.742789,1.000000,0.691474,-1,-1,-1,-1,-1,0.060733
71610,431,0,19826,46.000000,0.000000,30.000000,-1,70.108040,70.108040,-1,16,0,1847,14,0,809,2186,0,206,5.771934,2.778392,2.778392,1.000000,0.699370,-1,-1,-1,-1,-1,0.060400
71620,409,0,18799,45.963325,0.000000,30.000000,-1,70.108463,70.108463,-1,20,0,1584,21,0,762,2347,0,272,5.729949,2.877340,2.877340,1.000000,0.698538,-1,-1,-1,-1,-1,0.062601
71630,415,0,18594,44.804819,0.000000,30.000000,-1,70.109551,70.109551,-1,21,0,1754,14,0,737,1812,0,249,5.663109,2.791395,2.791395,1.000000,0.696135,-1,-1,-1,-1,-1,0.062301
71640,398,0,18189,45.701005,0.000000,30.000000,-1,70.067458,70.067458,-1,20,0,1395,23,0,655,1692,0,238,5.584769,2.903864,2.903864,1.000000,0.697524,-1,-1,-1,-1,-1,0.063540
71650,396,0,18342,46.318182,0.000000,30.000000,-1,70.076764,70.076764,-1,15,0,1549,24,0,726,1942,0,185,5.589824,2.812533,2.812533,1.000000,0.698617,-1,-1,-1,-1,-1,0.060722
71660,396,0,18133,45.790404,0.000000,30.000000,-1,70.099156,70.099156,-1,18,0,1607,20,0,664,2147,0,216,5.743650,2.836797,2.836797,1.000000,0.702470,-1,-1,-1,-1,-1,0.061952
71670,396,0,17656,44.585859,0.000000,30.000000,-1,70.082522,70.082522,-1,22,0,1767,19,0,632,1450,0,272,6.253783,2.912944,2.912944,1.000000,0.684838,-1,-1,-1,-1,-1,0.065333
71680,414,0,19054,46.024155,0.000000,30.000000,-1,70.042668,70.042668,-1,19,0,1543,15,0,729,1831,0,243,5.773052,2.860258,2.860258,1.000000,0.693980,-1,-1,-1,-1,-1,0.062147
71690,425,0,19256,45.308235,0.000000,30.000000,-1,70.037962,70.037962,-1,14,0,1885,21,0,782,1992,0,177,5.538928,2.642360,2.642360,1.000000,0.705610,-1,-1,-1,-1,-1,0.058320
71700,395,0,17928,45.387342,0.000000,30.000000,-1,70.043228,70.043228,-1,27,0,1464,25,0,693,1971,0,309,5.905601,3.010071,3.010071,1.000000,0.677497,-1,-1,-1,-1,-1,0.066320
71710,418,0,19184,45.894737,0.000000,30.000000,-1,70.078086,70.078086,-1,18,0,1847,13,0,747,2007,0,227,5.742136,2.790559,2.790559,1.000000,0.692995,-1,-1,-1,-1,-1,0.060803
71720,424,0,19248,45.396226,0.000000,30.000000,-1,70.103647,70.103647,-1,21,0,1657,16,0,752,2149,0,252,5.714238,2.796600,2.796600,1.000000,0.697591,-1,-1,-1,-1,-1,0.061604
71730,419,0,18662,44.539379,0.000000,30.000000,-1,70.134819,70.134819,-1,25,0,1620,26,0,723,2089,0,335,5.702695,2.732923,2.732923,1.000000,0.688982,-1,-1,-1,-1,-1,0.061360
71740,419,0,18844,44.973747,0.000000,30.000000,-1,70.117120,70.117120,-1,22,0,1790,25,0,701,2082,0,278,5.561696,2.678464,2.678464,1.000000,0.678588,-1,-1,-1,-1,-1,0.059556
71750,397,0,18014,45.375315,0.000000,30.000000,-1,70.093871,70.093871,-1,18,0,1780,20,0,738,1632,0,231,5.555108,2.626732,2.626732,1.000000,0.685135,-1,-1,-1,-1,-1,0.057889
71760,396,0,18162,45.863636,0.000000,30.000000,-1,70.150149,70.150149,-1,16,0,1532,20,0,677,1768,0,185,5.760322,2.837322,2.837322,1.000000,0.704340,-1,-1,-1,-1,-1,0.061864
71770,418,0,18810,45.000000,0.000000,30.000000,-1,70.165710,70.165710,-1,24,0,1804,19,0,732,2260,0,309,5.768765,2.866004,2.866004,1.000000,0.695072,-1,-1,-1,-1,-1,0.063689
71780,420,0,19121,45.526190,0.000000,30.000000,-1,70.166466,70.166466,-1,17,0,1861,18,0,719,1714,0,201,5.437287,2.548541,2.548541,1.000000,0.686519,-1,-1,-1,-1,-1,0.055980
71790,425,0,19623,46.171765,0.000000,30.000000,-1,70.116190,70.116190,-1,19,0,1735,24,0,745,1870,0,242,5.794216,2.930489,2.930489,1.000000,0.699051,-1,-1,-1,-1,-1,0.063469
71800,406,0,18439,45.416256,0.000000,30.000000,-1,70.142144,70.142144,-1,22,0,1641,18,0,723,1970,0,276,5.611538,2.720564,2.720564,1.000000,0.686654,-1,-1,-1,-1,-1,0.059903
71810,401,0,17833,44.471322,0.000000,30.000000,-1,70.153199,70.153199,-1,23,0,1866,20,0,694,1748,0,304,5.430537,2.500112,2.500112,1.000000,0.685262,-1,-1,-1,-1,-1,0.056219
71820,407,0,18338,45.056511,0.000000,30.000000,-1,70.195114,70.195114,-1,22,0,1549,16,0,711,2380,0,286,5.853728,2.907943,2.907943,1.000000,0.700616,-1,-1,-1,-1,-1,0.064540
71830,413,0,18603,45.043584,0.000000,30.000000,-1,70.174488,70.174488,-1,26,0,1618,16,0,688,1860,0,331,5.691704,2.750588,2.750588,1.000000,0.672410,-1,-1,-1,-1,-1,0.061065
71840,405,0,18453,45.562963,0.000000,30.000000,-1,70.171896,70.171896,-1,13,0,1687,18,0,746,1809,0,162,5.691861,2.743589,2.743589,1.000000,0.705407,-1,-1,-1,-1,-1,0.060215
71850,409,0,18382,44.943765,0.000000,30.000000,-1,70.170874,70.170874,-1,24,0,1551,17,0,700,1462,0,322,5.796669,2.864991,2.864991,1.000000,0.695239,-1,-1,-1,-1,-1,0.063746
71860,416,0,18833,45.271635,0.000000,30.000000,-1,70.211544,70.211544,-1,24,0,1469,20,0,699,2052,0,307,5.429601,2.718064,2.718064,1.000000,0.685611,-1,-1,-1,-1,-1,0.060039
71870,388,0,17752,45.752577,0.000000,30.000000,-1,70.276589,70.276589,-1,15,0,1631,21,0,685,2011,0,198,5.828295,2.855267,2.855267,1.000000,0.707503,-1,-1,-1,-1,-1,0.062407
71880,395,0,17962,45.473418,0.000000,30.000000,-1,70.297684,70.297684,-1,20,0,1646,20,0,666,1936,0,240,6.083418,3.010534,3.010534,1.000000,0.700621,-1,-1,-1,-1,-1,0.066204
71890,418,0,18680,44.688995,0.000000,30.000000,-1,70.310707,70.310707,-1,27,0,1636,17,0,677,1768,0,313,5.597508,2.758837,2.758837,1.000000,0.688328,-1,-1,-1,-1,-1,0.061734
71900,412,0,18991,46.094660,0.000000,30.000000,-1,70.342847,70.342847,-1,15,0,1619,13,0,722,2141,0,200,5.798722,2.828763,2.828763,1.000000,0.702436,-1,-1,-1,-1,-1,0.061369
71910,423,0,19120,45.200946,0.000000,30.000000,-1,70.358002,70.358002,-1,21,0,1708,22,0,726,2140,0,285,5.417691,2.678335,2.678335,1.000000,0.698824,-1,-1,-1,-1,-1,0.059254
71920,382,0,17465,45.719895,0.000000,30.000000,-1,70.351904,70.351904,-1,18,0,1598,24,0,621,1792,0,217,5.991838,2.947080,2.947080,1.000000,0.696468,-1,-1,-1,-1,-1,0.064459
71930,385,0,17883,46.449351,0.000000,30.000000,-1,70.375608,70.375608,-1,14,0,1567,20,0,673,1632,0,165,5.916726,2.944745,2.944745,1.000000,0.714326,-1,-1,-1,-1,-1,0.063397
71940,392,0,17836,45.500000,0.000000,30.000000,-1,70.393642,70.393642,-1,13,0,1699,21,0,714,2008,0,149,6.184240,2.948413,2.948413,1.000000,0.708548,-1,-1,-1,-1,-1,0.064800
71950,406,0,18487,45.534483,0.000000,30.000000,-1,70.435603,70.435603,-1,20,0,1509,24,0,666,1868,0,263,5.639158,2.807475,2.807475,1.000000,0.697175,-1,-1,-1,-1,-1,0.061656
71960,417,0,19034,45.645084,0.000000,30.000000,-1,70.421772,70.421772,-1,18,0,1637,15,0,786,2254,0,226,5.587098,2.819320,2.819320,1.000000,0.705991,-1,-1,-1,-1,-1,0.061766
71970,448,0,20325,45.368304,0.000000,30.000000,-1,70.461058,70.461058,-1,17,0,1843,21,0,814,2218,0,214,5.509469,2.687810,2.687810,1.000000,0.708978,-1,-1,-1,-1,-1,0.059244
71980,428,0,19364,45.242991,0.000000,30.000000,-1,70.462198,70.462198,-1,24,0,1796,23,0,781,2174,0,300,5.460831,2.666654,2.666654,1.000000,0.688261,-1,-1,-1,-1,-1,0.058941
71990,398,0,18252,45.859296,0.000000,30.000000,-1,70.482742,70.482742,-1,20,0,1478,20,0,697,1749,0,255,5.899839,2.905856,2.905856,1.000000,0.687986,-1,-1,-1,-1,-1,0.063365
72000,385,0,17545,45.571429,0.000000,30.000000,-1,70.495811,70.495811,-1,18,0,1576,20,0,702,1593,0,250,5.875429,2.934342,2.934342,1.000000,0.696953,-1,-1,-1,-1,-1,0.064390
72010,396,0,17998,45.449495,0.000000,30.000000,-1,70.508001,70.508001,-1,18,0,1682,21,0,708,1867,0,235,5.827577,2.824900,2.824900,1.000000,0.699106,-1,-1,-1,-1,-1,0.062155
72020,394,0,17728,44.994924,0.000000,30.000000,-1,70.519686,70.519686,-1,19,0,1594,24,0,674,1900,0,217,5.661867,2.708913,2.708913,1.000000,0.697010,-1,-1,-1,-1,-1,0.060205
72030,407,0,18459,45.353808,0.000000,30.000000,-1,70.558698,70.558698,-1,19,0,1457,15,0,728,2066,0,248,5.554159,2.768527,2.768527,1.000000,0.705522,-1,-1,-1,-1,-1,0.061043
72040,409,0,18617,45.518337,0.000000,30.000000,-1,70.582693,70.582693,-1,14,0,1944,23,0,722,1997,0,190,5.842689,2.733163,2.733163,1.000000,0.710652,-1,-1,-1,-1,-1,0.060045
72050,428,0,19306,45.107477,0.000000,30.000000,-1,70.603388,70.603388,-1,17,0,1955,21,0,725,2322,0,210,5.742428,2.761911,2.761911,1.000000,0.704951,-1,-1,-1,-1,-1,0.061230
72060,402,0,17959,44.674129,0.000000,30.000000,-1,70.584609,70.584609,-1,28,0,1776,23,0,695,2092,0,349,5.707195,2.809862,2.809862,1.000000,0.686291,-1,-1,-1,-1,-1,0.062897
72070,389,0,17490,44.961440,0.000000,30.000000,-1,70.615895,70.615895,-1,21,0,1399,21,0,675,1893,0,249,5.761982,2.848129,2.848129,1.000000,0.692194,-1,-1,-1,-1,-1,0.063346
72080,409,0,18648,45.594132,0.000000,30.000000,-1,70.609449,70.609449,-1,17,0,1442,16,0,687,2060,0,235,5.804712,2.921450,2.921450,1.000000,0.714921,-1,-1,-1,-1,-1,0.064075
72090,410,0,18755,45.743902,0.000000,30.000000,-1,70.629166,70.629166,-1,16,0,1672,19,0,732,1906,0,194,5.602020,2.764647,2.764647,1.000000,0.709988,-1,-1,-1,-1,-1,0.060438
72100,422,0,18932,44.862559,0.000000,30.000000,-1,70.603370,70.603370,-1,27,0,1788,17,0,730,2399,0,367,5.718510,2.925250,2.925250,1.000000,0.697505,-1,-1,-1,-1,-1,0.065205
72110,404,0,18685,46.250000,0.000000,30.000000,-1,70.559112,70.559112,-1,9,0,1724,28,0,705,2072,0,109,5.972442,2.903206,2.903206,1.000000,0.711092,-1,-1,-1,-1,-1,0.062772
72120,411,0,18763,45.652068,0.000000,30.000000,-1,70.573522,70.573522,-1,19,0,1652,16,0,738,2250,0,235,5.944599,3.016124,3.016124,1.000000,0.704990,-1,-1,-1,-1,-1,0.066068
72130,402,0,18317,45.564677,0.000000,30.000000,-1,70.532074,70.532074,-1,19,0,1591,19,0,748,1842,0,235,5.900280,2.901544,2.901544,1.000000,0.702677,-1,-1,-1,-1,-1,0.063680
72140,413,0,18754,45.409201,0.000000,30.000000,-1,70.522555,70.522555,-1,17,0,1688,12,0,704,1716,0,230,5.856071,2.844263,2.844263,1.000000,0.704997,-1,-1,-1,-1,-1,0.062636
72150,421,0,18947,45.004751,0.000000,30.000000,-1,70.506993,70.506993,-1,25,0,1761,20,0,765,2282,0,305,5.934740,2.828974,2.828974,1.000000,0.693157,-1,-1,-1,-1,-1,0.062859
72160,409,0,18241,44.599022,0.000000,30.000000,-1,70.503207,70.503207,-1,27,0,1486,16,0,687,1916,0,355,5.594913,2.831854,2.831854,1.000000,0.692102,-1,-1,-1,-1,-1,0.063496
72170,409,0,18637,45.567237,0.000000,30.000000,-1,70.522724,70.522724,-1,18,0,1778,13,0,674,1845,0,234,5.746151,2.791747,2.791747,1.000000,0.696224,-1,-1,-1,-1,-1,0.061267
72180,429,0,19475,45.396270,0.000000,30.000000,-1,70.539820,70.539820,-1,21,0,1611,13,0,751,2106,0,242,5.598231,2.871744,2.871744,1.000000,0.705338,-1,-1,-1,-1,-1,0.063259
72190,405,0,18537,45.770370,0.000000,30.000000,-1,70.506932,70.506932,-1,21,0,1614,23,0,722,1903,0,261,5.684792,2.823262,2.823262,1.000000,0.694165,-1,-1,-1,-1,-1,0.061683
72200,401,0,18407,45.902743,0.000000,30.000000,-1,70.513663,70.513663,-1,19,0,1507,14,0,645,2154,0,242,5.676979,2.940663,2.940663,1.000000,0.708018,-1,-1,-1,-1,-1,0.064063
72210,411,0,18729,45.569343,0.000000,30.000000,-1,70.530568,70.530568,-1,20,0,1661,16,0,742,2257,0,274,5.347308,2.602640,2.602640,1.000000,0.699516,-1,-1,-1,-1,-1,0.057114
72220,404,0,18130,44.876238,0.000000,30.000000,-1,70.534253,70.534253,-1,20,0,1789,16,0,730,1632,0,233,5.880468,2.889806,2.889806,1.000000,0.704990,-1,-1,-1,-1,-1,0.064395
72230,407,0,18848,46.309582,0.000000,30.000000,-1,70.562235,70.562235,-1,15,0,1441,12,0,656,1771,0,203,6.048785,3.069152,3.069152,1.000000,0.713681,-1,-1,-1,-1,-1,0.066275
72240,394,0,18535,47.043147,0.000000,30.000000,-1,70.583922,70.583922,-1,12,0,1400,26,0,690,1859,0,153,5.580780,2.893840,2.893840,1.000000,0.718844,-1,-1,-1,-1,-1,0.061515
72250,390,0,17663,45.289744,0.000000,30.000000,-1,70.575497,70.575497,-1,22,0,1452,20,0,693,1561,0,285,5.858800,2.993826,2.993826,1.000000,0.700385,-1,-1,-1,-1,-1,0.066104
72260,384,0,17407,45.330729,0.000000,30.000000,-1,70.574884,70.574884,-1,24,0,1370,24,0,678,1769,0,294,5.895023,3.018171,3.018171,1.000000,0.689332,-1,-1,-1,-1,-1,0.066581
72270,386,0,17293,44.800518,0.000000,30.000000,-1,70.585208,70.585208,-1,24,0,1550,18,0,639,2009,0,262,5.916076,2.933789,2.933789,1.000000,0.690044,-1,-1,-1,-1,-1,0.065486
72280,409,0,18696,45.711491,0.000000,30.000000,-1,70.611093,70.611093,-1,16,0,1676,25,0,632,2034,0,187,5.561982,2.722199,2.722199,1.000000,0.704817,-1,-1,-1,-1,-1,0.059552
72290,423,0,18930,44.751773,0.000000,30.000000,-1,70.627522,70.627522,-1,25,0,1673,17,0,746,2255,0,340,5.537328,2.833043,2.833043,1.000000,0.703312,-1,-1,-1,-1,-1,0.063306
72300,419,0,19021,45.396181,0.000000,30.000000,-1,70.606014,70.606014,-1,19,0,1644,16,0,729,2077,0,227,5.857144,2.937113,2.937113,1.000000,0.708895,-1,-1,-1,-1,-1,0.064700
72310,413,0,18676,45.220339,0.000000,30.000000,-1,70.613622,70.613622,-1,22,0,1973,27,0,751,2308,0,263,5.706222,2.708859,2.708859,1.000000,0.695060,-1,-1,-1,-1,-1,0.059904
72320,403,0,18218,45.205955,0.000000,30.000000,-1,70.563344,70.563344,-1,20,0,1741,17,0,672,1688,0,261,5.860048,2.904062,2.904062,1.000000,0.700992,-1,-1,-1,-1,-1,0.064241
72330,398,0,17835,44.811558,0.000000,30.000000,-1,70.588113,70.588113,-1,20,0,1610,18,0,655,1921,0,249,5.970152,2.886632,2.886632,1.000000,0.692859,-1,-1,-1,-1,-1,0.064417
72340,404,0,18578,45.985149,0.000000,30.000000,-1,70.567176,70.567176,-1,16,0,1689,18,0,662,2013,0,182,5.870218,2.924219,2.924219,1.000000,0.708401,-1,-1,-1,-1,-1,0.063591
72350,413,0,19264,46.644068,0.000000,30.000000,-1,70.520920,70.520920,-1,15,0,1647,20,0,793,2276,0,197,6.120417,3.036161,3.036161,1.000000,0.705925,-1,-1,-1,-1,-1,0.065092
72360,400,0,18332,45.830000,0.000000,30.000000,-1,70.527002,70.527002,-1,14,0,1559,17,0,687,1501,0,166,5.907517,2.892959,2.892959,1.000000,0.703722,-1,-1,-1,-1,-1,0.063124
72370,412,0,18329,44.487864,0.000000,30.000000,-1,70.535927,70.535927,-1,25,0,1867,21,0,697,2595,0,328,5.753427,2.771596,2.771596,1.000000,0.692306,-1,-1,-1,-1,-1,0.062300
72380,403,0,18292,45.389578,0.000000,30.000000,-1,70.566094,70.566094,-1,19,0,1757,19,0,707,1795,0,210,5.539117,2.671683,2.671683,1.000000,0.694156,-1,-1,-1,-1,-1,0.058861
72390,424,0,18949,44.691038,0.000000,30.000000,-1,70.557760,70.557760,-1,27,0,1768,17,0,734,2185,0,357,5.586974,2.791619,2.791619,1.000000,0.697888,-1,-1,-1,-1,-1,0.062465
72400,404,0,17968,44.475248,0.000000,30.000000,-1,70.529163,70.529163,-1,23,0,1500,26,0,683,1759,0,281,5.670228,2.804018,2.804018,1.000000,0.689797,-1,-1,-1,-1,-1,0.063047
72410,398,0,18271,45.907035,0.000000,30.000000,-1,70.514148,70.514148,-1,20,0,1473,18,0,685,2075,0,246,6.010643,3.110079,3.110079,1.000000,0.705215,-1,-1,-1,-1,-1,0.067747
72420,381,0,17417,45.713911,0.000000,30.000000,-1,70.496124,70.496124,-1,12,0,1643,21,0,651,1732,0,161,5.872427,2.833235,2.833235,1.000000,0.707162,-1,-1,-1,-1,-1,0.061978
72430,394,0,17820,45.228426,0.000000,30.000000,-1,70.538833,70.538833,-1,19,0,1518,19,0,674,2081,0,241,5.649087,2.761315,2.761315,1.000000,0.702568,-1,-1,-1,-1,-1,0.061053
72440,408,0,18533,45.424020,0.000000,30.000000,-1,70.549398,70.549398,-1,26,0,1644,12,0,696,1981,0,304,6.025250,3.013110,3.013110,1.000000,0.685820,-1,-1,-1,-1,-1,0.066333
72450,422,0,19233,45.575829,0.000000,30.000000,-1,70.530650,70.530650,-1,17,0,1793,23,0,747,2045,0,211,5.846790,2.827662,2.827662,1.000000,0.705858,-1,-1,-1,-1,-1,0.062043
72460,422,0,19481,46.163507,0.000000,30.000000,-1,70.515836,70.515836,-1,15,0,1561,20,0,748,1938,0,189,5.554028,2.731009,2.731009,1.000000,0.704605,-1,-1,-1,-1,-1,0.059159
72470,405,0,18452,45.560494,0.000000,30.000000,-1,70.496369,70.496369,-1,17,0,1514,21,0,735,1450,0,206,5.779390,2.824372,2.824372,1.000000,0.702758,-1,-1,-1,-1,-1,0.061992
72480,414,0,19092,46.115942,0.000000,30.000000,-1,70.493924,70.493924,-1,17,0,1643,22,0,721,1882,0,227,5.314082,2.680282,2.680282,1.000000,0.708650,-1,-1,-1,-1,-1,0.058121
72490,418,0,18977,45.399522,0.000000,30.000000,-1,70.501871,70.501871,-1,20,0,1653,21,0,748,2055,0,258,5.508479,2.694870,2.694870,1.000000,0.696862,-1,-1,-1,-1,-1,0.059359
72500,398,0,17929,45.047739,0.000000,30.000000,-1,70.541023,70.541023,-1,24,0,1630,29,0,676,2163,0,295,5.442055,2.683693,2.683693,1.000000,0.694343,-1,-1,-1,-1,-1,0.059574
72510,393,0,17841,45.396947,0.000000,30.000000,-1,70.529847,70.529847,-1,21,0,1516,24,0,669,1621,0,250,6.064634,3.060775,3.060775,1.000000,0.703774,-1,-1,-1,-1,-1,0.067422
72520,404,0,18103,44.809406,0.000000,30.000000,-1,70.533061,70.533061,-1,22,0,1744,17,0,734,2420,0,269,5.909430,2.912509,2.912509,1.000000,0.696243,-1,-1,-1,-1,-1,0.064998
72530,399,0,18301,45.867168,0.000000,30.000000,-1,70.505492,70.505492,-1,19,0,1443,20,0,720,1906,0,242,5.889272,3.000393,3.000393,1.000000,0.698272,-1,-1,-1,-1,-1,0.065415
72540,427,0,19988,46.810304,0.000000,30.000000,-1,70.532870,70.532870,-1,13,0,1411,17,0,759,2248,0,159,5.448684,2.795358,2.795358,1.000000,0.721559,-1,-1,-1,-1,-1,0.059717
72550,401,0,17984,44.847880,0.000000,30.000000,-1,70.541648,70.541648,-1,20,0,1611,26,0,747,1809,0,264,5.755386,2.887175,2.887175,1.000000,0.700950,-1,-1,-1,-1,-1,0.064377
72560,414,0,19146,46.246377,0.000000,30.000000,-1,70.534524,70.534524,-1,16,0,1586,25,0,741,2069,0,195,5.647494,2.768655,2.768655,1.000000,0.703892,-1,-1,-1,-1,-1,0.059867
72570,394,0,17855,45.317259,0.000000,30.000000,-1,70.524783,70.524783,-1,17,0,1544,25,0,674,1527,0,205,5.867578,2.921399,2.921399,1.000000,0.712002,-1,-1,-1,-1,-1,0.064465
72580,386,0,17435,45.168394,0.000000,30.000000,-1,70.494465,70.494465,-1,14,0,1415,19,0,663,1877,0,166,5.983201,2.912802,2.912802,1.000000,0.713400,-1,-1,-1,-1,-1,0.064488
72590,400,0,18117,45.292500,0.000000,30.000000,-1,70.519181,70.519181,-1,19,0,1769,20,0,641,2374,0,236,5.748672,2.812280,2.812280,1.000000,0.701806,-1,-1,-1,-1,-1,0.062092
72600,421,0,18646,44.289786,0.000000,30.000000,-1,70.522632,70.522632,-1,24,0,1870,17,0,715,2355,0,339,5.801306,2.754645,2.754645,1.000000,0.689357,-1,-1,-1,-1,-1,0.062196
72610,405,0,18291,45.162963,0.000000,30.000000,-1,70.488984,70.488984,-1,22,0,1520,25,0,732,2068,0,258,5.721116,2.859718,2.859718,1.000000,0.687195,-1,-1,-1,-1,-1,0.063320
72620,408,0,18567,45.507353,0.000000,30.000000,-1,70.479022,70.479022,-1,17,0,1918,17,0,737,2186,0,216,5.701392,2.695317,2.695317,1.000000,0.701185,-1,-1,-1,-1,-1,0.059228
72630,410,0,18549,45.241463,0.000000,30.000000,-1,70.485471,70.485471,-1,20,0,1581,15,0,677,1981,0,246,5.893376,2.857340,2.857340,1.000000,0.692175,-1,-1,-1,-1,-1,0.063158
72640,421,0,18836,44.741093,0.000000,30.000000,-1,70.501433,70.501433,-1,23,0,1563,17,0,712,1810,0,262,5.497575,2.675652,2.675652,1.000000,0.692137,-1,-1,-1,-1,-1,0.059803
72650,419,0,19314,46.095465,0.000000,30.000000,-1,70.486124,70.486124,-1,17,0,1800,13,0,745,2161,0,199,5.732234,2.824761,2.824761,1.000000,0.703080,-1,-1,-1,-1,-1,0.061281
72660,414,0,18743,45.272947,0.000000,30.000000,-1,70.481566,70.481566,-1,23,0,1609,25,0,715,2333,0,276,5.775624,2.926316,2.926316,1.000000,0.696815,-1,-1,-1,-1,-1,0.064637
72670,418,0,19162,45.842105,0.000000,30.000000,-1,70.473750,70.473750,-1,18,0,1717,12,0,737,2398,0,231,5.793472,2.817829,2.817829,1.000000,0.705236,-1,-1,-1,-1,-1,0.061468
72680,437,0,19340,44.256293,0.000000,30.000000,-1,70.486401,70.486401,-1,27,0,1878,20,0,744,1840,0,321,5.640325,2.708264,2.708264,1.000000,0.676794,-1,-1,-1,-1,-1,0.061195
72690,417,0,19010,45.587530,0.000000,30.000000,-1,70.477328,70.477328,-1,20,0,1665,16,0,766,1994,0,246,5.785386,2.800203,2.800203,1.000000,0.684697,-1,-1,-1,-1,-1,0.061425
72700,373,0,16941,45.418231,0.000000,30.000000,-1,70.478189,70.478189,-1,22,0,1419,22,0,643,1571,0,275,5.825540,2.885810,2.885810,1.000000,0.683425,-1,-1,-1,-1,-1,0.063539
72710,378,0,17397,46.023810,0.000000,30.000000,-1,70.494108,70.494108,-1,14,0,1557,18,0,634,1733,0,188,6.034312,3.142055,3.142055,1.000000,0.720330,-1,-1,-1,-1,-1,0.068270
72720,375,0,17407,46.418667,0.000000,30.000000,-1,70.488654,70.488654,-1,11,0,1399,27,0,724,1970,0,143,5.979983,2.923255,2.923255,1.000000,0.713286,-1,-1,-1,-1,-1,0.062976
72730,390,0,17546,44.989744,0.000000,30.000000,-1,70.489285,70.489285,-1,23,0,1633,19,0,707,1822,0,277,5.798428,2.904503,2.904503,1.000000,0.701716,-1,-1,-1,-1,-1,0.064559
72740,428,0,19130,44.696262,0.000000,30.000000,-1,70.469942,70.469942,-1,22,0,1940,18,0,715,2311,0,264,5.577742,2.712201,2.712201,1.000000,0.701346,-1,-1,-1,-1,-1,0.060681
72750,433,0,19456,44.933025,0.000000,30.000000,-1,70.403937,70.403937,-1,26,0,1890,15,0,754,2040,0,317,5.485295,2.646345,2.646345,1.000000,0.684636,-1,-1,-1,-1,-1,0.058895
72760,423,0,19420,45.910165,0.000000,30.000000,-1,70.424202,70.424202,-1,14,0,1861,13,0,770,2142,0,175,6.112310,2.876038,2.876038,1.000000,0.703627,-1,-1,-1,-1,-1,0.062645
72770,404,0,18481,45.745050,0.000000,30.000000,-1,70.435745,70.435745,-1,13,0,1782,20,0,702,1940,0,151,5.807912,2.816480,2.816480,1.000000,0.711899,-1,-1,-1,-1,-1,0.061569
72780,398,0,17993,45.208543,0.000000,30.000000,-1,70.432224,70.432224,-1,19,0,1778,22,0,745,1953,0,259,5.983102,2.864110,2.864110,1.000000,0.691660,-1,-1,-1,-1,-1,0.063353
72790,413,0,18379,44.501211,0.000000,30.000000,-1,70.454649,70.454649,-1,29,0,1588,20,0,718,2142,0,348,5.700903,2.830862,2.830862,1.000000,0.683935,-1,-1,-1,-1,-1,0.063613
72800,402,0,17883,44.485075,0.000000,30.000000,-1,70.452720,70.452720,-1,27,0,1642,16,0,637,1939,0,328,5.765066,2.871217,2.871217,1.000000,0.683185,-1,-1,-1,-1,-1,0.064543
72810,388,0,17733,45.703608,0.000000,30.000000,-1,70.401286,70.401286,-1,19,0,1269,27,0,677,1617,0,239,5.910500,3.067716,3.067716,1.000000,0.705777,-1,-1,-1,-1,-1,0.067122
72820,396,0,18397,46.457071,0.000000,30.000000,-1,70.357232,70.357232,-1,10,0,1734,20,0,729,2269,0,116,5.730979,2.874000,2.874000,1.000000,0.723295,-1,-1,-1,-1,-1,0.061864
72830,413,0,18098,43.820823,0.000000,30.000000,-1,70.351807,70.351807,-1,36,0,1732,14,0,712,1522,0,474,5.780387,2.833011,2.833011,1.000000,0.670451,-1,-1,-1,-1,-1,0.064650
72840,404,0,18272,45.227723,0.000000,30.000000,-1,70.332914,70.332914,-1,23,0,1502,15,0,675,1663,0,290,5.752734,2.915347,2.915347,1.000000,0.694280,-1,-1,-1,-1,-1,0.064459
72850,433,0,19420,44.849885,0.000000,30.000000,-1,70.341916,70.341916,-1,29,0,1523,17,0,750,2404,0,379,5.502765,2.792407,2.792407,1.000000,0.688354,-1,-1,-1,-1,-1,0.062261
72860,412,0,18593,45.128641,0.000000,30.000000,-1,70.358683,70.358683,-1,20,0,1830,25,0,699,1707,0,236,5.620540,2.715452,2.715452,1.000000,0.691686,-1,-1,-1,-1,-1,0.060171
72870,394,0,17934,45.517766,0.000000,30.000000,-1,70.369689,70.369689,-1,20,0,1540,18,0,695,1913,0,264,5.500432,2.731560,2.731560,1.000000,0.694508,-1,-1,-1,-1,-1,0.060011
72880,393,0,18358,46.712468,0.000000,30.000000,-1,70.393235,70.393235,-1,14,0,1432,17,0,690,1728,0,188,5.942218,3.012465,3.012465,1.000000,0.714443,-1,-1,-1,-1,-1,0.064490
72890,410,0,18449,44.997561,0.000000,30.000000,-1,70.417150,70.417150,-1,21,0,1988,13,0,784,1498,0,252,5.962856,2.854217,2.854217,1.000000,0.703062,-1,-1,-1,-1,-1,0.063430
72900,416,0,18716,44.990385,0.000000,30.000000,-1,70.400085,70.400085,-1,22,0,1547,18,0,670,1900,0,249,5.805260,2.872396,2.872396,1.000000,0.701166,-1,-1,-1,-1,-1,0.063845
72910,417,0,19334,46.364508,0.000000,30.000000,-1,70.388590,70.388590,-1,16,0,1725,19,0,741,2006,0,236,5.721389,2.895374,2.895374,1.000000,0.712336,-1,-1,-1,-1,-1,0.062448
72920,401,0,18006,44.902743,0.000000,30.000000,-1,70.331723,70.331723,-1,17,0,1575,16,0,717,1832,0,182,5.971946,2.883416,2.883416,1.000000,0.703085,-1,-1,-1,-1,-1,0.064215
72930,405,0,18501,45.681481,0.000000,30.000000,-1,70.312632,70.312632,-1,18,0,1832,18,0,689,1631,0,216,5.916738,2.916595,2.916595,1.000000,0.699460,-1,-1,-1,-1,-1,0.063846
72940,425,0,19344,45.515294,0.000000,30.000000,-1,70.307641,70.307641,-1,20,0,1832,17,0,695,2364,0,271,5.564439,2.793992,2.793992,1.000000,0.712572,-1,-1,-1,-1,-1,0.061386
72950,415,0,18470,44.506024,0.000000,30.000000,-1,70.347970,70.347970,-1,20,0,1743,28,0,700,2194,0,269,5.535973,2.666265,2.666265,1.000000,0.704136,-1,-1,-1,-1,-1,0.059908
72960,418,0,18723,44.791866,0.000000,30.000000,-1,70.348128,70.348128,-1,27,0,1483,17,0,707,1966,0,332,5.578443,2.836856,2.836856,1.000000,0.694082,-1,-1,-1,-1,-1,0.063334
72970,401,0,18066,45.052369,0.000000,30.000000,-1,70.335603,70.335603,-1,20,0,1569,14,0,713,1666,0,256,5.763136,2.869686,2.869686,1.000000,0.699877,-1,-1,-1,-1,-1,0.063697
72980,397,0,18174,45.778338,0.000000,30.000000,-1,70.344063,70.344063,-1,16,0,1457,22,0,678,1618,0,196,5.846563,3.018017,3.018017,1.000000,0.716649,-1,-1,-1,-1,-1,0.065927
72990,402,0,18231,45.350746,0.000000,30.000000,-1,70.323789,70.323789,-1,20,0,1668,15,0,685,1942,0,255,5.645215,2.827067,2.827067,1.000000,0.710571,-1,-1,-1,-1,-1,0.062338
73000,421,0,19257,45.741093,0.000000,30.000000,-1,70.337695,70.337695,-1,19,0,1654,15,0,767,1773,0,243,5.717085,2.897344,2.897344,1.000000,0.716811,-1,-1,-1,-1,-1,0.063342
73010,409,0,18693,45.704156,0.000000,30.000000,-1,70.342000,70.342000,-1,15,0,1667,19,0,715,2076,0,189,5.615214,2.789897,2.789897,1.000000,0.720544,-1,-1,-1,-1,-1,0.061043
73020,371,0,17017,45.867925,0.000000,30.000000,-1,70.377975,70.377975,-1,19,0,1378,19,0,623,1623,0,235,5.943940,3.048872,3.048872,1.000000,0.710624,-1,-1,-1,-1,-1,0.066471
73030,383,0,17352,45.305483,0.000000,30.000000,-1,70.426464,70.426464,-1,13,0,1758,13,0,681,2089,0,173,5.876251,2.861037,2.861037,1.000000,0.715506,-1,-1,-1,-1,-1,0.063150
73040,416,0,18750,45.072115,0.000000,30.000000,-1,70.443147,70.443147,-1,23,0,1600,18,0,752,1855,0,307,5.451548,2.800875,2.800875,1.000000,0.704063,-1,-1,-1,-1,-1,0.062142
73050,404,0,18196,45.039604,0.000000,30.000000,-1,70.460211,70.460211,-1,21,0,1661,23,0,687,2021,0,256,5.815899,2.961800,2.961800,1.000000,0.714537,-1,-1,-1,-1,-1,0.065760
73060,391,0,17737,45.363171,0.000000,30.000000,-1,70.462705,70.462705,-1,25,0,1530,13,0,711,1693,0,337,5.968897,3.156545,3.156545,1.000000,0.703699,-1,-1,-1,-1,-1,0.069584
73070,392,0,18149,46.298469,0.000000,30.000000,-1,70.479531,70.479531,-1,17,0,1445,18,0,642,1790,0,183,5.686239,2.997483,2.997483,1.000000,0.717511,-1,-1,-1,-1,-1,0.064743
73080,401,0,17868,44.558603,0.000000,30.000000,-1,70.468547,70.468547,-1,22,0,1677,24,0,659,1733,0,291,5.487899,2.767653,2.767653,1.000000,0.702931,-1,-1,-1,-1,-1,0.062113
73090,402,0,18212,45.303483,0.000000,30.000000,-1,70.471283,70.471283,-1,19,0,1631,26,0,707,1921,0,225,5.583718,2.823887,2.823887,1.000000,0.712258,-1,-1,-1,-1,-1,0.062333
73100,396,0,17611,44.472222,0.000000,30.000000,-1,70.505252,70.505252,-1,26,0,1745,21,0,692,1738,0,302,5.770956,2.831878,2.831878,1.000000,0.691756,-1,-1,-1,-1,-1,0.063677
73110,381,0,17766,46.629921,0.000000,30.000000,-1,70.488461,70.488461,-1,11,0,1499,16,0,677,1679,0,126,5.994898,3.051096,3.051096,1.000000,0.720176,-1,-1,-1,-1,-1,0.065432
73120,392,0,17887,45.630102,0.000000,30.000000,-1,70.509364,70.509364,-1,20,0,1552,15,0,672,1941,0,268,5.829403,3.038065,3.038065,1.000000,0.720475,-1,-1,-1,-1,-1,0.066580
73130,405,0,18420,45.481481,0.000000,30.000000,-1,70.525299,70.525299,-1,17,0,1666,15,0,681,1797,0,215,5.781904,2.843845,2.843845,1.000000,0.715438,-1,-1,-1,-1,-1,0.062528
73140,412,0,18686,45.354369,0.000000,30.000000,-1,70.520604,70.520604,-1,19,0,1483,18,0,709,2222,0,242,5.984074,3.042278,3.042278,1.000000,0.711454,-1,-1,-1,-1,-1,0.067078
73150,412,0,18664,45.300971,0.000000,30.000000,-1,70.528075,70.528075,-1,18,0,1673,23,0,766,2185,0,235,5.699627,2.884631,2.884631,1.000000,0.714941,-1,-1,-1,-1,-1,0.063677
73160,400,0,18351,45.877500,0.000000,30.000000,-1,70.517628,70.517628,-1,19,0,1506,28,0,689,2072,0,226,5.779951,3.027192,3.027192,1.000000,0.715310,-1,-1,-1,-1,-1,0.065984
73170,395,0,17883,45.273418,0.000000,30.000000,-1,70.512274,70.512274,-1,19,0,1618,17,0,698,1802,0,232,5.565676,2.794179,2.794179,1.000000,0.715056,-1,-1,-1,-1,-1,0.061718
73180,391,0,17650,45.140665,0.000000,30.000000,-1,70.495184,70.495184,-1,22,0,1594,20,0,677,1693,0,297,5.947977,2.997645,2.997645,1.000000,0.707161,-1,-1,-1,-1,-1,0.066407
73190,389,0,17965,46.182519,0.000000,30.000000,-1,70.480267,70.480267,-1,14,0,1615,24,0,732,1784,0,177,5.716942,2.876889,2.876889,1.000000,0.718024,-1,-1,-1,-1,-1,0.062294
73200,389,0,17848,45.881748,0.000000,30.000000,-1,70.459099,70.459099,-1,15,0,1548,16,0,677,1671,0,180,6.237727,3.101605,3.101605,1.000000,0.714323,-1,-1,-1,-1,-1,0.067600
73210,394,0,17928,45.502538,0.000000,30.000000,-1,70.459784,70.459784,-1,15,0,1902,15,0,668,1548,0,205,5.841334,2.740247,2.740247,1.000000,0.713565,-1,-1,-1,-1,-1,0.060222
73220,411,0,18427,44.834550,0.000000,30.000000,-1,70.489228,70.489228,-1,22,0,1982,16,0,669,2031,0,267,5.794707,2.846818,2.846818,1.000000,0.709181,-1,-1,-1,-1,-1,0.063496
73230,436,0,19731,45.254587,0.000000,30.000000,-1,70.454463,70.454463,-1,25,0,1854,12,0,725,2116,0,317,5.605391,2.784517,2.784517,1.000000,0.698613,-1,-1,-1,-1,-1,0.061530
73240,408,0,18369,45.022059,0.000000,30.000000,-1,70.467091,70.467091,-1,23,0,1555,24,0,723,2055,0,288,5.847551,2.962498,2.962498,1.000000,0.702901,-1,-1,-1,-1,-1,0.065801
73250,394,0,17906,45.446701,0.000000,30.000000,-1,70.490729,70.490729,-1,22,0,1514,19,0,673,2027,0,285,5.819761,3.059076,3.059076,1.000000,0.705359,-1,-1,-1,-1,-1,0.067311
73260,407,0,18452,45.336609,0.000000,30.000000,-1,70.485909,70.485909,-1,20,0,1422,16,0,725,2016,0,261,5.600343,2.902173,2.902173,1.000000,0.712605,-1,-1,-1,-1,-1,0.064014
73270,401,0,18229,45.458853,0.000000,30.000000,-1,70.493554,70.493554,-1,18,0,1626,25,0,686,1809,0,219,6.071957,3.074819,3.074819,1.000000,0.714624,-1,-1,-1,-1,-1,0.067640
73280,415,0,18865,45.457831,0.000000,30.000000,-1,70.494567,70.494567,-1,21,0,1874,17,0,745,1905,0,288,5.628415,2.865676,2.865676,1.000000,0.709068,-1,-1,-1,-1,-1,0.063040
73290,423,0,19719,46.617021,0.000000,30.000000,-1,70.507835,70.507835,-1,20,0,1636,18,0,733,2457,0,241,5.857738,3.017416,3.017416,1.000000,0.712379,-1,-1,-1,-1,-1,0.064728
73300,418,0,19327,46.236842,0.000000,30.000000,-1,70.475966,70.475966,-1,15,0,1846,22,0,745,2348,0,193,5.663747,2.777470,2.777470,1.000000,0.718070,-1,-1,-1,-1,-1,0.060070
73310,405,0,18167,44.856790,0.000000,30.000000,-1,70.471734,70.471734,-1,23,0,1489,17,0,676,1701,0,300,5.433608,2.763335,2.763335,1.000000,0.703635,-1,-1,-1,-1,-1,0.061603
73320,398,0,18372,46.160804,0.000000,30.000000,-1,70.442630,70.442630,-1,15,0,1472,15,0,680,2050,0,205,5.732485,3.007644,3.007644,1.000000,0.726830,-1,-1,-1,-1,-1,0.065156
73330,398,0,18230,45.804020,0.000000,30.000000,-1,70.455513,70.455513,-1,18,0,1696,16,0,685,1767,0,237,5.755918,2.948596,2.948596,1.000000,0.711639,-1,-1,-1,-1,-1,0.064374
73340,395,0,17719,44.858228,0.000000,30.000000,-1,70.496303,70.496303,-1,24,0,1483,16,0,656,2322,0,296,5.470274,2.844494,2.844494,1.000000,0.711906,-1,-1,-1,-1,-1,0.063411
73350,383,0,17611,45.981723,0.000000,30.000000,-1,70.534950,70.534950,-1,13,0,1440,15,0,630,1848,0,165,5.806425,2.932478,2.932478,1.000000,0.719066,-1,-1,-1,-1,-1,0.063775
73360,396,0,18089,45.679293,0.000000,30.000000,-1,70.529217,70.529217,-1,19,0,1575,13,0,704,1836,0,263,6.009956,2.974892,2.974892,1.000000,0.702959,-1,-1,-1,-1,-1,0.065126
73370,413,0,18350,44.430993,0.000000,30.000000,-1,70.548719,70.548719,-1,28,0,1853,19,0,694,1686,0,332,5.673793,2.787408,2.787408,1.000000,0.690174,-1,-1,-1,-1,-1,0.062736
73380,422,0,19156,45.393365,0.000000,30.000000,-1,70.560347,70.560347,-1,22,0,1577,14,0,744,2057,0,283,5.566127,2.841117,2.841117,1.000000,0.706432,-1,-1,-1,-1,-1,0.062589
73390,408,0,18510,45.367647,0.000000,30.000000,-1,70.562777,70.562777,-1,23,0,1663,21,0,730,1867,0,267,5.686498,2.758588,2.758588,1.000000,0.691223,-1,-1,-1,-1,-1,0.060805
73400,375,0,17195,45.853333,0.000000,30.000000,-1,70.575981,70.575981,-1,16,0,1384,19,0,637,1608,0,218,5.940056,3.043944,3.043944,1.000000,0.720144,-1,-1,-1,-1,-1,0.066384
73410,381,0,17418,45.716535,0.000000,30.000000,-1,70.592433,70.592433,-1,19,0,1540,22,0,706,1530,0,225,5.836209,2.992521,2.992521,1.000000,0.712772,-1,-1,-1,-1,-1,0.065458
73420,390,0,17512,44.902564,0.000000,30.000000,-1,70.604785,70.604785,-1,21,0,1534,17,0,674,1667,0,266,5.691006,2.875661,2.875661,1.000000,0.702391,-1,-1,-1,-1,-1,0.064042
73430,399,0,17733,44.443609,0.000000,30.000000,-1,70.612079,70.612079,-1,25,0,1639,25,0,700,1661,0,309,5.914776,2.988315,2.988315,1.000000,0.693962,-1,-1,-1,-1,-1,0.067238
73440,402,0,18577,46.211443,0.000000,30.000000,-1,70.651128,70.651128,-1,16,0,1469,21,0,681,1669,0,204,5.633155,2.888167,2.888167,1.000000,0.716218,-1,-1,-1,-1,-1,0.062499
73450,403,0,18050,44.789082,0.000000,30.000000,-1,70.658227,70.658227,-1,23,0,1824,29,0,751,1996,0,278,5.697111,2.771576,2.771576,1.000000,0.699313,-1,-1,-1,-1,-1,0.061881
73460,402,0,18024,44.835821,0.000000,30.000000,-1,70.644419,70.644419,-1,19,0,1790,24,0,714,1844,0,233,5.694181,2.790617,2.790617,1.000000,0.708894,-1,-1,-1,-1,-1,0.062241
73470,402,0,18346,45.636816,0.000000,30.000000,-1,70.634580,70.634580,-1,20,0,1652,24,0,661,1762,0,241,5.841138,2.942089,2.942089,1.000000,0.708298,-1,-1,-1,-1,-1,0.064467
73480,400,0,18059,45.147500,0.000000,30.000000,-1,70.629824,70.629824,-1,16,0,1679,25,0,693,1708,0,176,5.728579,2.944516,2.944516,1.000000,0.732088,-1,-1,-1,-1,-1,0.065220
73490,401,0,18192,45.366584,0.000000,30.000000,-1,70.642150,70.642150,-1,22,0,1609,18,0,727,1971,0,277,5.767167,2.890118,2.890118,1.000000,0.702688,-1,-1,-1,-1,-1,0.063706
73500,398,0,17809,44.746231,0.000000,30.000000,-1,70.642035,70.642035,-1,19,0,1649,27,0,665,1722,0,237,5.828504,2.973602,2.973602,1.000000,0.720360,-1,-1,-1,-1,-1,0.066455
73510,387,0,17673,45.666667,0.000000,30.000000,-1,70.638771,70.638771,-1,17,0,1623,24,0,650,1974,0,231,5.916351,3.012159,3.012159,1.000000,0.717314,-1,-1,-1,-1,-1,0.065960
73520,393,0,18335,46.653944,0.000000,30.000000,-1,70.597982,70.597982,-1,16,0,1514,25,0,691,1928,0,203,5.600335,2.977818,2.977818,1.000000,0.726665,-1,-1,-1,-1,-1,0.063828
73530,394,0,18288,46.416244,0.000000,30.000000,-1,70.605752,70.605752,-1,10,0,1449,21,0,698,2024,0,117,5.641195,2.884488,2.884488,1.000000,0.727296,-1,-1,-1,-1,-1,0.062144
73540,400,0,17969,44.922500,0.000000,30.000000,-1,70.604652,70.604652,-1,22,0,1620,12,0,704,2131,0,274,5.957658,3.016509,3.016509,1.000000,0.712546,-1,-1,-1,-1,-1,0.067149
73550,387,0,18002,46.516796,0.000000,30.000000,-1,70.587379,70.587379,-1,13,0,1605,21,0,640,2018,0,174,5.841742,2.997928,2.997928,1.000000,0.727684,-1,-1,-1,-1,-1,0.064448
73560,406,0,18478,45.512315,0.000000,30.000000,-1,70.582314,70.582314,-1,18,0,1627,14,0,663,1866,0,223,5.764920,2.948544,2.948544,1.000000,0.723874,-1,-1,-1,-1,-1,0.064786
73570,403,0,18419,45.704715,0.000000,30.000000,-1,70.552582,70.552582,-1,19,0,1559,22,0,683,1939,0,231,5.683062,2.962158,2.962158,1.000000,0.716947,-1,-1,-1,-1,-1,0.064811
73580,401,0,18192,45.366584,0.000000,30.000000,-1,70.561016,70.561016,-1,18,0,1876,22,0,661,2021,0,237,5.759190,2.849527,2.849527,1.000000,0.711362,-1,-1,-1,-1,-1,0.062811
73590,416,0,19384,46.596154,0.000000,30.000000,-1,70.584709,70.584709,-1,10,0,1789,22,0,714,2099,0,128,5.797556,2.932640,2.932640,1.000000,0.725172,-1,-1,-1,-1,-1,0.062937
73600,401,0,18531,46.211970,0.000000,30.000000,-1,70.612055,70.612055,-1,12,0,1974,18,0,743,1813,0,157,5.823012,2.823704,2.823704,1.000000,0.720268,-1,-1,-1,-1,-1,0.061103
73610,416,0,18943,45.536058,0.000000,30.000000,-1,70.624663,70.624663,-1,12,0,1779,17,0,726,1852,0,158,5.602893,2.771134,2.771134,1.000000,0.731707,-1,-1,-1,-1,-1,0.060856
73620,410,0,18837,45.943902,0.000000,30.000000,-1,70.612252,70.612252,-1,16,0,1572,20,0,723,1866,0,216,5.684114,2.951252,2.951252,1.000000,0.718241,-1,-1,-1,-1,-1,0.064236
73630,395,0,18057,45.713924,0.000000,30.000000,-1,70.624744,70.624744,-1,17,0,1575,19,0,698,1418,0,219,5.774571,2.887093,2.887093,1.000000,0.715329,-1,-1,-1,-1,-1,0.063156
73640,398,0,18236,45.819095,0.000000,30.000000,-1,70.581542,70.581542,-1,15,0,1641,16,0,698,1650,0,173,5.485475,2.747954,2.747954,1.000000,0.711409,-1,-1,-1,-1,-1,0.059974
73650,419,0,18991,45.324582,0.000000,30.000000,-1,70.576800,70.576800,-1,19,0,1858,16,0,743,1998,0,260,5.782313,2.846736,2.846736,1.000000,0.709418,-1,-1,-1,-1,-1,0.062808
73660,388,0,17384,44.804124,0.000000,30.000000,-1,70.604291,70.604291,-1,25,0,1371,16,0,668,1772,0,309,5.817979,3.032782,3.032782,1.000000,0.704582,-1,-1,-1,-1,-1,0.067690
73670,395,0,17581,44.508861,0.000000,30.000000,-1,70.581196,70.581196,-1,25,0,1644,10,0,667,2088,0,300,5.861257,2.937537,2.937537,1.000000,0.702172,-1,-1,-1,-1,-1,0.065999
73680,403,0,18745,46.513648,0.000000,30.000000,-1,70.555401,70.555401,-1,12,0,1510,22,0,661,2061,0,153,5.654096,2.936593,2.936593,1.000000,0.730695,-1,-1,-1,-1,-1,0.063134
73690,421,0,18883,44.852732,0.000000,30.000000,-1,70.582588,70.582588,-1,25,0,1407,18,0,729,1964,0,314,5.566117,2.894012,2.894012,1.000000,0.707101,-1,-1,-1,-1,-1,0.064523
73700,408,0,18686,45.799020,0.000000,30.000000,-1,70.578829,70.578829,-1,18,0,1423,14,0,714,1879,0,217,5.777302,3.052530,3.052530,1.000000,0.718711,-1,-1,-1,-1,-1,0.066651
73710,402,0,18634,46.353234,0.000000,30.000000,-1,70.579478,70.579478,-1,16,0,1497,14,0,678,1845,0,199,5.874624,3.072664,3.072664,1.000000,0.725229,-1,-1,-1,-1,-1,0.066288
73720,410,0,18455,45.012195,0.000000,30.000000,-1,70.585803,70.585803,-1,15,0,1754,21,0,758,1932,0,198,5.868630,2.798269,2.798269,1.000000,0.720191,-1,-1,-1,-1,-1,0.062167
73730,428,0,19205,44.871495,0.000000,30.000000,-1,70.567665,70.567665,-1,22,0,1870,14,0,694,2008,0,301,5.872612,2.951932,2.951932,1.000000,0.716458,-1,-1,-1,-1,-1,0.065786
73740,428,0,19674,45.967290,0.000000,30.000000,-1,70.571007,70.571007,-1,19,0,1916,19,0,802,2000,0,236,5.630536,2.729722,2.729722,1.000000,0.704696,-1,-1,-1,-1,-1,0.059384
73750,417,0,18736,44.930456,0.000000,30.000000,-1,70.571360,70.571360,-1,21,0,1800,23,0,726,1923,0,250,5.621725,2.766764,2.766764,1.000000,0.703465,-1,-1,-1,-1,-1,0.061579
73760,398,0,18031,45.304020,0.000000,30.000000,-1,70.596140,70.596140,-1,20,0,1491,18,0,661,2072,0,274,5.862239,3.029781,3.029781,1.000000,0.718518,-1,-1,-1,-1,-1,0.066877
73770,399,0,18345,45.977444,0.000000,30.000000,-1,70.640011,70.640011,-1,18,0,1712,19,0,697,2003,0,215,6.087592,3.074957,3.074957,1.000000,0.713438,-1,-1,-1,-1,-1,0.066880
73780,405,0,18702,46.177778,0.000000,30.000000,-1,70.670303,70.670303,-1,15,0,1699,22,0,704,1950,0,159,5.368837,2.706001,2.706001,1.000000,0.709511,-1,-1,-1,-1,-1,0.058600
73790,407,0,18758,46.088452,0.000000,30.000000,-1,70.667022,70.667022,-1,17,0,1469,12,0,671,1554,0,217,5.794554,3.022399,3.022399,1.000000,0.713294,-1,-1,-1,-1,-1,0.065578
73800,410,0,19007,46.358537,0.000000,30.000000,-1,70.654127,70.654127,-1,13,0,1705,15,0,727,2019,0,183,5.656430,2.890318,2.890318,1.000000,0.718490,-1,-1,-1,-1,-1,0.062347
73810,399,0,18013,45.145363,0.000000,30.000000,-1,70.694387,70.694387,-1,26,0,1714,19,0,717,1817,0,335,5.699492,2.945812,2.945812,1.000000,0.696664,-1,-1,-1,-1,-1,0.065252
73820,399,0,18198,45.609023,0.000000,30.000000,-1,70.713980,70.713980,-1,14,0,1785,15,0,729,2331,0,181,5.978572,2.930446,2.930446,1.000000,0.715362,-1,-1,-1,-1,-1,0.064251
73830,398,0,18048,45.346734,0.000000,30.000000,-1,70.703457,70.703457,-1,20,0,1776,25,0,696,2152,0,271,5.890486,2.894750,2.894750,1.000000,0.699568,-1,-1,-1,-1,-1,0.063836
73840,414,0,18823,45.466184,0.000000,30.000000,-1,70.713011,70.713011,-1,21,0,1577,18,0,720,2147,0,267,5.764862,2.884897,2.884897,1.000000,0.706966,-1,-1,-1,-1,-1,0.063451
73850,396,0,18243,46.068182,0.000000,30.000000,-1,70.668530,70.668530,-1,13,0,1654,24,0,703,1757,0,170,5.767423,2.855232,2.855232,1.000000,0.722262,-1,-1,-1,-1,-1,0.061978
73860,383,0,17442,45.540470,0.000000,30.000000,-1,70.676643,70.676643,-1,15,0,1741,16,0,645,1634,0,174,5.643168,2.809027,2.809027,1.000000,0.712423,-1,-1,-1,-1,-1,0.061682
73870,394,0,17645,44.784264,0.000000,30.000000,-1,70.714593,70.714593,-1,19,0,1663,17,0,725,1718,0,234,5.744871,2.884873,2.884873,1.000000,0.720307,-1,-1,-1,-1,-1,0.064417
73880,387,0,17929,46.328165,0.000000,30.000000,-1,70.717887,70.717887,-1,15,0,1671,18,0,681,1716,0,191,5.966110,3.008296,3.008296,1.000000,0.714776,-1,-1,-1,-1,-1,0.064934
73890,389,0,17977,46.213368,0.000000,30.000000,-1,70.764254,70.764254,-1,18,0,1604,19,0,659,1892,0,218,5.644416,2.870213,2.870213,1.000000,0.714385,-1,-1,-1,-1,-1,0.062108
73900,415,0,18559,44.720482,0.000000,30.000000,-1,70.786573,70.786573,-1,23,0,1751,20,0,761,1716,0,304,5.737350,2.910614,2.910614,1.000000,0.704688,-1,-1,-1,-1,-1,0.065085
73910,413,0,18577,44.980630,0.000000,30.000000,-1,70.808850,70.808850,-1,23,0,1552,23,0,734,2208,0,268,5.478204,2.744037,2.744037,1.000000,0.692755,-1,-1,-1,-1,-1,0.061005
73920,410,0,18886,46.063415,0.000000,30.000000,-1,70.805200,70.805200,-1,17,0,1637,18,0,694,1697,0,211,5.618417,2.930596,2.930596,1.000000,0.717008,-1,-1,-1,-1,-1,0.063621
73930,373,0,17062,45.742627,0.000000,30.000000,-1,70.847908,70.847908,-1,18,0,1411,11,0,663,2205,0,232,6.035613,3.063200,3.063200,1.000000,0.702496,-1,-1,-1,-1,-1,0.066966
73940,402,0,18134,45.109453,0.000000,30.000000,-1,70.884857,70.884857,-1,22,0,1661,17,0,665,2346,0,265,6.086453,3.031173,3.031173,1.000000,0.701945,-1,-1,-1,-1,-1,0.067196
73950,421,0,19044,45.235154,0.000000,30.000000,-1,70.902594,70.902594,-1,25,0,1602,19,0,741,1889,0,342,6.040226,3.053316,3.053316,1.000000,0.697147,-1,-1,-1,-1,-1,0.067499
73960,416,0,18445,44.338942,0.000000,30.000000,-1,70.908485,70.908485,-1,32,0,1677,11,0,732,1746,0,382,5.587059,2.806942,2.806942,1.000000,0.682863,-1,-1,-1,-1,-1,0.063306
73970,402,0,18406,45.786070,0.000000,30.000000,-1,70.917853,70.917853,-1,14,0,1721,20,0,672,1894,0,175,5.519322,2.713917,2.713917,1.000000,0.713944,-1,-1,-1,-1,-1,0.059274
73980,412,0,18300,44.417476,0.000000,30.000000,-1,70.916940,70.916940,-1,29,0,1478,13,0,692,2019,0,357,5.656930,2.837811,2.837811,1.000000,0.680539,-1,-1,-1,-1,-1,0.063890
73990,397,0,18368,46.267003,0.000000,30.000000,-1,70.907557,70.907557,-1,16,0,1468,21,0,667,1641,0,192,5.769579,3.022193,3.022193,1.000000,0.719694,-1,-1,-1,-1,-1,0.065321
74000,406,0,18061,44.485222,0.000000,30.000000,-1,70.872488,70.872488,-1,29,0,1555,17,0,695,1752,0,393,5.845106,3.002184,3.002184,1.000000,0.693460,-1,-1,-1,-1,-1,0.067487
74010,421,0,19206,45.619952,0.000000,30.000000,-1,70.890347,70.890347,-1,23,0,1689,12,0,698,2306,0,305,5.698147,2.922824,2.922824,1.000000,0.703657,-1,-1,-1,-1,-1,0.064069
74020,410,0,18795,45.841463,0.000000,30.000000,-1,70.899069,70.899069,-1,18,0,1708,16,0,753,1994,0,242,5.647898,2.703380,2.703380,1.000000,0.703416,-1,-1,-1,-1,-1,0.058972
74030,411,0,18819,45.788321,0.000000,30.000000,-1,70.871832,70.871832,-1,17,0,1822,24,0,664,2265,0,191,5.750406,2.794548,2.794548,1.000000,0.701165,-1,-1,-1,-1,-1,0.061032
74040,405,0,18602,45.930864,0.000000,30.000000,-1,70.909956,70.909956,-1,14,0,1771,23,0,735,2326,0,170,5.972329,2.913973,2.913973,1.000000,0.714542,-1,-1,-1,-1,-1,0.063443
74050,413,0,19048,46.121065,0.000000,30.000000,-1,70.903192,70.903192,-1,12,0,1794,21,0,710,2196,0,152,5.347557,2.633649,2.633649,1.000000,0.713461,-1,-1,-1,-1,-1,0.057103
74060,392,0,17995,45.905612,0.000000,30.000000,-1,70.890025,70.890025,-1,13,0,1678,21,0,725,1810,0,162,5.939175,2.875572,2.875572,1.000000,0.708865,-1,-1,-1,-1,-1,0.062641
74070,377,0,17314,45.925729,0.000000,30.000000,-1,70.934966,70.934966,-1,14,0,1411,28,0,613,1583,0,172,5.939736,3.050790,3.050790,1.000000,0.726319,-1,-1,-1,-1,-1,0.066429
74080,394,0,17808,45.197970,0.000000,30.000000,-1,70.950079,70.950079,-1,23,0,1538,16,0,664,1776,0,298,5.748151,2.969398,2.969398,1.000000,0.703013,-1,-1,-1,-1,-1,0.065698
74090,403,0,18257,45.302730,0.000000,30.000000,-1,70.961494,70.961494,-1,18,0,1661,19,0,688,2046,0,206,5.618247,2.773813,2.773813,1.000000,0.709594,-1,-1,-1,-1,-1,0.061228
74100,415,0,18794,45.286747,0.000000,30.000000,-1,70.984410,70.984410,-1,17,0,1960,18,0,706,1995,0,221,5.611945,2.732289,2.732289,1.000000,0.703591,-1,-1,-1,-1,-1,0.060333
74110,399,0,18405,46.127820,0.000000,30.000000,-1,71.000978,71.000978,-1,14,0,1623,27,0,704,1809,0,166,5.523661,2.806808,2.806808,1.000000,0.719605,-1,-1,-1,-1,-1,0.060848
74120,416,0,18818,45.235577,0.000000,30.000000,-1,70.977947,70.977947,-1,27,0,1396,16,0,712,2112,0,362,5.444933,2.895727,2.895727,1.000000,0.706239,-1,-1,-1,-1,-1,0.064014
74130,396,0,17829,45.022727,0.000000,30.000000,-1,70.984127,70.984127,-1,22,0,1589,20,0,733,1706,0,288,5.672966,2.868641,2.868641,1.000000,0.703894,-1,-1,-1,-1,-1,0.063715
74140,401,0,17921,44.690773,0.000000,30.000000,-1,70.991351,70.991351,-1,26,0,1454,16,0,648,1849,0,328,5.832658,2.974609,2.974609,1.000000,0.687745,-1,-1,-1,-1,-1,0.066560
74150,411,0,18802,45.746959,0.000000,30.000000,-1,71.024731,71.024731,-1,15,0,1644,21,0,763,2099,0,198,5.774453,2.916718,2.916718,1.000000,0.720327,-1,-1,-1,-1,-1,0.063758
74160,397,0,17750,44.710327,0.000000,30.000000,-1,70.995549,70.995549,-1,22,0,1562,23,0,695,1762,0,272,5.834989,2.930095,2.930095,1.000000,0.700589,-1,-1,-1,-1,-1,0.065535
74170,400,0,17943,44.857500,0.000000,30.000000,-1,70.965836,70.965836,-1,23,0,1591,18,0,677,1735,0,264,5.756495,2.959358,2.959358,1.000000,0.710694,-1,-1,-1,-1,-1,0.065972
74180,401,0,18020,44.937656,0.000000,30.000000,-1,70.970810,70.970810,-1,22,0,1812,25,0,699,1730,0,284,5.679145,2.833027,2.833027,1.000000,0.701328,-1,-1,-1,-1,-1,0.063044
74190,414,0,18821,45.461353,0.000000,30.000000,-1,70.986133,70.986133,-1,16,0,1632,20,0,712,2291,0,205,5.584052,2.719491,2.719491,1.000000,0.707497,-1,-1,-1,-1,-1,0.059820
74200,398,0,18405,46.243719,0.000000,30.000000,-1,70.990655,70.990655,-1,12,0,1598,21,0,704,1921,0,146,5.868314,2.948269,2.948269,1.000000,0.718190,-1,-1,-1,-1,-1,0.063755
74210,404,0,18367,45.462871,0.000000,30.000000,-1,70.989873,70.989873,-1,14,0,1762,28,0,702,1661,0,179,5.798462,2.804909,2.804909,1.000000,0.717465,-1,-1,-1,-1,-1,0.061697
74220,410,0,18839,45.948780,0.000000,30.000000,-1,70.993577,70.993577,-1,19,0,1741,21,0,688,2177,0,244,5.545644,2.753485,2.753485,1.000000,0.703376,-1,-1,-1,-1,-1,0.059925
74230,405,0,18093,44.674074,0.000000,30.000000,-1,70.990107,70.990107,-1,23,0,1516,23,0,725,1779,0,271,5.566876,2.857463,2.857463,1.000000,0.708216,-1,-1,-1,-1,-1,0.063962
74240,401,0,18350,45.760599,0.000000,30.000000,-1,71.029809,71.029809,-1,20,0,1590,20,0,737,1777,0,262,5.571010,2.950187,2.950187,1.000000,0.715898,-1,-1,-1,-1,-1,0.064470
74250,405,0,18082,44.646914,0.000000,30.000000,-1,71.002931,71.002931,-1,22,0,1742,20,0,725,1865,0,290,5.876838,2.886595,2.886595,1.000000,0.696590,-1,-1,-1,-1,-1,0.064654
74260,395,0,17895,45.303797,0.000000,30.000000,-1,70.996479,70.996479,-1,20,0,1576,16,0,695,1817,0,272,5.991368,2.983316,2.983316,1.000000,0.700881,-1,-1,-1,-1,-1,0.065851
74270,400,0,18234,45.585000,0.000000,30.000000,-1,70.916804,70.916804,-1,27,0,1396,27,0,708,2247,0,333,5.378416,2.895751,2.895751,1.000000,0.710485,-1,-1,-1,-1,-1,0.063524
74280,389,0,17227,44.285347,0.000000,30.000000,-1,70.935392,70.935392,-1,27,0,1302,17,0,662,2172,0,333,5.754718,2.999352,2.999352,1.000000,0.701270,-1,-1,-1,-1,-1,0.067728
74290,401,0,18115,45.174564,0.000000,30.000000,-1,70.923875,70.923875,-1,25,0,1682,21,0,731,2174,0,288,5.836608,3.020772,3.020772,1.000000,0.706073,-1,-1,-1,-1,-1,0.066869
74300,408,0,18304,44.862745,0.000000,30.000000,-1,70.902699,70.902699,-1,25,0,1547,19,0,678,1845,0,301,5.896232,3.063502,3.063502,1.000000,0.699392,-1,-1,-1,-1,-1,0.068286
74310,417,0,18908,45.342926,0.000000,30.000000,-1,70.920457,70.920457,-1,18,0,1744,19,0,751,1637,0,223,5.628013,2.815518,2.815518,1.000000,0.711979,-1,-1,-1,-1,-1,0.062094
74320,422,0,18885,44.751185,0.000000,30.000000,-1,70.906593,70.906593,-1,24,0,1654,27,0,710,2175,0,311,5.466132,2.708095,2.708095,1.000000,0.700656,-1,-1,-1,-1,-1,0.060514
74330,408,0,18617,45.629902,0.000000,30.000000,-1,70.875974,70.875974,-1,20,0,1445,19,0,678,1984,0,239,5.630987,2.913247,2.913247,1.000000,0.708373,-1,-1,-1,-1,-1,0.063845
74340,404,0,18400,45.544554,0.000000,30.000000,-1,70.882120,70.882120,-1,17,0,1499,24,0,661,2024,0,203,5.931707,3.072065,3.072065,1.000000,0.737004,-1,-1,-1,-1,-1,0.067452
74350,421,0,18677,44.363420,0.000000,30.000000,-1,70.853938,70.853938,-1,24,0,1778,24,0,746,2079,0,297,5.475040,2.794161,2.794161,1.000000,0.707070,-1,-1,-1,-1,-1,0.062983
74360,427,0,19615,45.936768,0.000000,30.000000,-1,70.847158,70.847158,-1,15,0,1816,23,0,722,1967,0,189,5.415144,2.754423,2.754423,1.000000,0.728811,-1,-1,-1,-1,-1,0.059961
74370,422,0,19012,45.052133,0.000000,30.000000,-1,70.872607,70.872607,-1,20,0,1840,30,0,721,2304,0,226,5.601401,2.795293,2.795293,1.000000,0.718426,-1,-1,-1,-1,-1,0.062046
74380,414,0,18474,44.623188,0.000000,30.000000,-1,70.847299,70.847299,-1,25,0,1835,18,0,728,1932,0,334,5.601558,2.733041,2.733041,1.000000,0.698689,-1,-1,-1,-1,-1,0.061247
74390,390,0,18067,46.325641,0.000000,30.000000,-1,70.807550,70.807550,-1,14,0,1430,20,0,678,2229,0,186,5.717714,3.030271,3.030271,1.000000,0.728269,-1,-1,-1,-1,-1,0.065412
74400,379,0,17340,45.751979,0.000000,30.000000,-1,70.801557,70.801557,-1,18,0,1606,16,0,672,1714,0,219,5.808391,3.036062,3.036062,1.000000,0.723756,-1,-1,-1,-1,-1,0.066359
74410,409,0,18444,45.095355,0.000000,30.000000,-1,70.809369,70.809369,-1,26,0,1566,24,0,734,1695,0,332,5.614034,2.897550,2.897550,1.000000,0.702523,-1,-1,-1,-1,-1,0.064254
74420,405,0,18473,45.612346,0.000000,30.000000,-1,70.841174,70.841174,-1,23,0,1636,18,0,723,1766,0,329,5.870691,3.068286,3.068286,1.000000,0.710074,-1,-1,-1,-1,-1,0.067269
74430,399,0,18102,45.368421,0.000000,30.000000,-1,70.855983,70.855983,-1,16,0,1579,22,0,668,2029,0,199,5.866790,2.988562,2.988562,1.000000,0.728114,-1,-1,-1,-1,-1,0.065873
74440,379,0,17421,45.965699,0.000000,30.000000,-1,70.867229,70.867229,-1,14,0,1688,16,0,681,1908,0,185,6.195391,3.045217,3.045217,1.000000,0.723926,-1,-1,-1,-1,-1,0.066250
74450,408,0,18714,45.867647,0.000000,30.000000,-1,70.861013,70.861013,-1,16,0,1470,10,0,749,1940,0,207,5.760123,3.110909,3.110909,1.000000,0.731636,-1,-1,-1,-1,-1,0.067824
74460,427,0,19878,46.552693,0.000000,30.000000,-1,70.861656,70.861656,-1,13,0,1769,14,0,771,2292,0,172,5.607715,2.956019,2.956019,1.000000,0.741672,-1,-1,-1,-1,-1,0.063498
74470,430,0,19375,45.058140,0.000000,30.000000,-1,70.829471,70.829471,-1,27,0,1627,26,0,744,1576,0,349,5.525990,2.828052,2.828052,1.000000,0.709633,-1,-1,-1,-1,-1,0.062765
74480,434,0,19456,44.829493,0.000000,30.000000,-1,70.806435,70.806435,-1,23,0,1892,18,0,776,2686,0,291,5.495265,2.719240,2.719240,1.000000,0.707093,-1,-1,-1,-1,-1,0.060657
74490,433,0,19429,44.870670,0.000000,30.000000,-1,70.802048,70.802048,-1,24,0,1874,19,0,703,1971,0,310,5.626816,2.799666,2.799666,1.000000,0.700813,-1,-1,-1,-1,-1,0.062394
74500,425,0,19168,45.101176,0.000000,30.000000,-1,70.830290,70.830290,-1,29,0,1882,15,0,749,1701,0,363,5.793256,3.015820,3.015820,1.000000,0.702973,-1,-1,-1,-1,-1,0.066868
74510,405,0,18472,45.609877,0.000000,30.000000,-1,70.867313,70.867313,-1,20,0,1580,18,0,707,2021,0,254,5.535730,2.843458,2.843458,1.000000,0.722049,-1,-1,-1,-1,-1,0.062343
74520,412,0,18586,45.111650,0.000000,30.000000,-1,70.900409,70.900409,-1,16,0,1945,19,0,720,2087,0,204,5.652821,2.852959,2.852959,1.000000,0.737437,-1,-1,-1,-1,-1,0.063242
74530,400,0,18419,46.047500,0.000000,30.000000,-1,70.903849,70.903849,-1,16,0,1630,18,0,749,1711,0,193,5.765522,2.995312,2.995312,1.000000,0.727199,-1,-1,-1,-1,-1,0.065048
74540,421,0,19171,45.536817,0.000000,30.000000,-1,70.885400,70.885400,-1,17,0,1777,22,0,680,1970,0,223,5.621555,2.917072,2.917072,1.000000,0.731401,-1,-1,-1,-1,-1,0.064060
74550,400,0,18083,45.207500,0.000000,30.000000,-1,70.872588,70.872588,-1,18,0,1599,27,0,698,1821,0,226,5.822938,2.942062,2.942063,1.000000,0.717443,-1,-1,-1,-1,-1,0.065079
74560,400,0,17912,44.780000,0.000000,30.000000,-1,70.877512,70.877512,-1,27,0,1458,16,0,667,1553,0,322,5.831076,3.116900,3.116900,1.000000,0.713292,-1,-1,-1,-1,-1,0.069605
74570,415,0,18695,45.048193,0.000000,30.000000,-1,70.844290,70.844290,-1,25,0,1636,17,0,737,1945,0,310,5.653694,2.897655,2.897655,1.000000,0.712595,-1,-1,-1,-1,-1,0.064323
74580,424,0,18985,44.775943,0.000000,30.000000,-1,70.802054,70.802054,-1,23,0,1656,22,0,706,1936,0,278,5.536857,2.821634,2.821634,1.000000,0.715565,-1,-1,-1,-1,-1,0.063017
74590,417,0,19132,45.880096,0.000000,30.000000,-1,70.801275,70.801275,-1,16,0,1753,9,0,700,1707,0,194,5.512360,2.812980,2.812980,1.000000,0.722360,-1,-1,-1,-1,-1,0.061312
74600,407,0,18600,45.700246,0.000000,30.000000,-1,70.798065,70.798065,-1,21,0,1787,17,0,702,1852,0,256,5.759468,2.930130,2.930130,1.000000,0.719490,-1,-1,-1,-1,-1,0.064116
74610,392,0,17978,45.862245,0.000000,30.000000,-1,70.821226,70.821226,-1,17,0,1718,16,0,674,1914,0,209,5.997045,3.096067,3.096067,1.000000,0.726972,-1,-1,-1,-1,-1,0.067508
74620,396,0,18270,46.136364,0.000000,30.000000,-1,70.833881,70.833881,-1,15,0,1654,18,0,710,1836,0,197,5.738743,2.964720,2.964720,1.000000,0.725645,-1,-1,-1,-1,-1,0.064260
74630,412,0,18134,44.014563,0.000000,30.000000,-1,70.840907,70.840907,-1,28,0,1883,24,0,734,1956,0,343,5.659757,2.868445,2.868445,1.000000,0.707372,-1,-1,-1,-1,-1,0.065170
74640,403,0,18376,45.598015,0.000000,30.000000,-1,70.837778,70.837778,-1,21,0,1441,31,0,637,1702,0,258,5.775090,3.064211,3.064211,1.000000,0.720822,-1,-1,-1,-1,-1,0.067201
74650,406,0,18405,45.332512,0.000000,30.000000,-1,70.832002,70.832002,-1,25,0,1528,20,0,788,1989,0,291,5.767911,3.095800,3.095800,1.000000,0.718450,-1,-1,-1,-1,-1,0.068291
74660,403,0,18453,45.789082,0.000000,30.000000,-1,70.828971,70.828971,-1,19,0,1529,24,0,717,2311,0,237,5.436097,2.841405,2.841405,1.000000,0.719347,-1,-1,-1,-1,-1,0.062054
74670,408,0,18616,45.627451,0.000000,30.000000,-1,70.848195,70.848195,-1,18,0,1556,22,0,703,2010,0,227,5.778706,3.040855,3.040855,1.000000,0.731545,-1,-1,-1,-1,-1,0.066645
74680,408,0,18523,45.399510,0.000000,30.000000,-1,70.874912,70.874912,-1,20,0,1723,16,0,684,2013,0,267,5.742743,2.945166,2.945166,1.000000,0.717380,-1,-1,-1,-1,-1,0.064872
74690,426,0,19665,46.161972,0.000000,30.000000,-1,70.850140,70.850140,-1,15,0,1819,23,0,705,2135,0,188,5.624770,2.911857,2.911857,1.000000,0.732023,-1,-1,-1,-1,-1,0.063079
74700,412,0,18834,45.713592,0.000000,30.000000,-1,70.849581,70.849581,-1,22,0,1509,23,0,718,2282,0,296,5.394948,2.827486,2.827486,1.000000,0.716744,-1,-1,-1,-1,-1,0.061852
74710,389,0,17911,46.043702,0.000000,30.000000,-1,70.849534,70.849534,-1,19,0,1514,21,0,711,1928,0,245,5.849271,3.102131,3.102131,1.000000,0.716811,-1,-1,-1,-1,-1,0.067374
74720,420,0,19014,45.271429,0.000000,30.000000,-1,70.858473,70.858473,-1,22,0,1827,20,0,720,1989,0,268,5.664895,2.884992,2.884992,1.000000,0.712578,-1,-1,-1,-1,-1,0.063727
74730,428,0,19229,44.927570,0.000000,30.000000,-1,70.862915,70.862915,-1,25,0,1710,15,0,764,1817,0,324,5.844654,2.941728,2.941728,1.000000,0.705909,-1,-1,-1,-1,-1,0.065477
74740,428,0,19385,45.292056,0.000000,30.000000,-1,70.890792,70.890792,-1,16,0,1609,24,0,728,1890,0,200,5.591654,2.752138,2.752138,1.000000,0.716414,-1,-1,-1,-1,-1,0.060764
74750,422,0,19377,45.917062,0.000000,30.000000,-1,70.902152,70.902152,-1,16,0,1654,16,0,710,1751,0,206,5.786397,3.056190,3.056190,1.000000,0.733896,-1,-1,-1,-1,-1,0.066559
74760,405,0,17973,44.377778,0.000000,30.000000,-1,70.922996,70.922996,-1,29,0,1568,14,0,704,1761,0,339,5.479692,2.860696,2.860696,1.000000,0.705682,-1,-1,-1,-1,-1,0.064462
74770,407,0,17988,44.196560,0.000000,30.000000,-1,70.892873,70.892873,-1,29,0,1543,14,0,696,2103,0,352,5.669459,2.953801,2.953801,1.000000,0.704893,-1,-1,-1,-1,-1,0.066833
74780,393,0,18260,46.463104,0.000000,30.000000,-1,70.874589,70.874589,-1,16,0,1416,19,0,699,1802,0,213,5.799808,3.082902,3.082902,1.000000,0.728504,-1,-1,-1,-1,-1,0.066352
74790,401,0,18449,46.007481,0.000000,30.000000,-1,70.856415,70.856415,-1,18,0,1625,18,0,721,1865,0,214,5.695846,3.008227,3.008227,1.000000,0.732147,-1,-1,-1,-1,-1,0.065386
74800,403,0,18075,44.851117,0.000000,30.000000,-1,70.853278,70.853278,-1,20,0,1508,20,0,662,1996,0,256,5.824906,2.990644,2.990644,1.000000,0.726179,-1,-1,-1,-1,-1,0.066679
74810,408,0,18248,44.725490,0.000000,30.000000,-1,70.863766,70.863766,-1,25,0,1751,21,0,716,1822,0,292,5.725527,2.897819,2.897819,1.000000,0.708273,-1,-1,-1,-1,-1,0.064791
74820,383,0,17798,46.469974,0.000000,30.000000,-1,70.884200,70.884200,-1,15,0,1505,23,0,660,1626,0,202,5.777638,3.020447,3.020447,1.000000,0.725561,-1,-1,-1,-1,-1,0.064998
74830,391,0,18114,46.327366,0.000000,30.000000,-1,70.877498,70.877498,-1,17,0,1558,15,0,762,1775,0,204,5.915960,3.184698,3.184698,1.000000,0.733498,-1,-1,-1,-1,-1,0.068743
74840,394,0,18042,45.791878,0.000000,30.000000,-1,70.881720,70.881720,-1,13,0,1524,22,0,690,1689,0,167,5.517971,2.809561,2.809561,1.000000,0.738886,-1,-1,-1,-1,-1,0.061355
74850,380,0,16760,44.105263,0.000000,30.000000,-1,70.862947,70.862947,-1,27,0,1631,19,0,710,1588,0,306,5.825294,3.003778,3.003778,1.000000,0.708762,-1,-1,-1,-1,-1,0.068105
74860,403,0,18361,45.560794,0.000000,30.000000,-1,70.852786,70.852786,-1,20,0,1592,18,0,652,1691,0,246,5.930424,3.134919,3.134919,1.000000,0.725332,-1,-1,-1,-1,-1,0.068807
74870,384,0,17801,46.356771,0.000000,30.000000,-1,70.851413,70.851413,-1,13,0,1643,17,0,705,1851,0,167,5.823757,3.017079,3.017079,1.000000,0.742866,-1,-1,-1,-1,-1,0.065084
74880,379,0,17274,45.577836,0.000000,30.000000,-1,70.774980,70.774980,-1,17,0,1620,15,0,648,2061,0,207,6.082981,3.050139,3.050139,1.000000,0.717535,-1,-1,-1,-1,-1,0.066922
74890,396,0,17660,44.595960,0.000000,30.000000,-1,70.770498,70.770498,-1,26,0,1849,22,0,711,2008,0,325,5.775104,2.947720,2.947720,1.000000,0.710972,-1,-1,-1,-1,-1,0.066098
74900,407,0,18433,45.289926,0.000000,30.000000,-1,70.723160,70.723160,-1,20,0,1359,13,0,687,2154,0,270,5.759837,3.066535,3.066535,1.000000,0.722521,-1,-1,-1,-1,-1,0.067709
74910,384,0,17451,45.445312,0.000000,30.000000,-1,70.732852,70.732852,-1,19,0,1595,15,0,685,1812,0,243,5.733054,2.908067,2.908067,1.000000,0.715759,-1,-1,-1,-1,-1,0.063990
74920,396,0,18053,45.588384,0.000000,30.000000,-1,70.736609,70.736609,-1,15,0,1735,16,0,689,1833,0,211,5.797245,2.962616,2.962616,1.000000,0.735682,-1,-1,-1,-1,-1,0.064986
74930,401,0,18420,45.935162,0.000000,30.000000,-1,70.717752,70.717752,-1,16,0,1702,23,0,658,1999,0,188,5.492488,2.874333,2.874333,1.000000,0.738988,-1,-1,-1,-1,-1,0.062574
74940,400,0,18254,45.635000,0.000000,30.000000,-1,70.667963,70.667963,-1,16,0,1529,14,0,674,1863,0,208,5.485793,2.925041,2.925041,1.000000,0.740454,-1,-1,-1,-1,-1,0.064096
74950,408,0,18500,45.343137,0.000000,30.000000,-1,70.699568,70.699568,-1,23,0,1542,20,0,667,2141,0,298,5.626224,3.069038,3.069038,1.000000,0.725104,-1,-1,-1,-1,-1,0.067685
74960,400,0,17875,44.687500,0.000000,30.000000,-1,70.688056,70.688056,-1,23,0,1842,25,0,699,1605,0,290,5.743726,2.896453,2.896453,1.000000,0.713420,-1,-1,-1,-1,-1,0.064816
74970,408,0,18416,45.137255,0.000000,30.000000,-1,70.711447,70.711447,-1,20,0,1766,16,0,703,1698,0,216,5.759691,2.898456,2.898456,1.000000,0.723179,-1,-1,-1,-1,-1,0.064214
74980,397,0,18172,45.773300,0.000000,30.000000,-1,70.771076,70.771076,-1,16,0,1599,12,0,732,1448,0,211,5.816587,3.166500,3.166500,1.000000,0.747060,-1,-1,-1,-1,-1,0.069178
74990,392,0,18476,47.132653,0.000000,30.000000,-1,70.819658,70.819658,-1,12,0,1514,23,0,714,2185,0,165,5.496628,2.937775,2.937775,1.000000,0.743147,-1,-1,-1,-1,-1,0.062330
75000,403,0,18389,45.630273,0.000000,30.000000,-1,70.767415,70.767415,-1,18,0,1628,16,0,688,1835,0,227,5.553609,2.894578,2.894578,1.000000,0.734907,-1,-1,-1,-1,-1,0.063435
75010,428,0,19470,45.490654,0.000000,30.000000,-1,70.760503,70.760503,-1,18,0,1709,16,0,760,2048,0,259,5.457290,2.941186,2.941186,1.000000,0.736558,-1,-1,-1,-1,-1,0.064655
75020,404,0,18507,45.809406,0.000000,30.000000,-1,70.727454,70.727454,-1,18,0,1498,16,0,714,2069,0,221,5.811618,3.082418,3.082418,1.000000,0.728983,-1,-1,-1,-1,-1,0.067288
75030,409,0,19248,47.061125,0.000000,30.000000,-1,70.711918,70.711918,-1,11,0,1724,22,0,692,2089,0,135,5.655530,2.920555,2.920555,1.000000,0.738418,-1,-1,-1,-1,-1,0.062059
75040,413,0,18659,45.179177,0.000000,30.000000,-1,70.660057,70.660057,-1,19,0,1661,17,0,745,1843,0,246,5.597813,2.884200,2.884200,1.000000,0.720584,-1,-1,-1,-1,-1,0.063839
75050,394,0,18061,45.840102,0.000000,30.000000,-1,70.685455,70.685455,-1,18,0,1535,21,0,691,1914,0,248,5.787788,3.086476,3.086476,1.000000,0.731694,-1,-1,-1,-1,-1,0.067331
75060,411,0,18837,45.832117,0.000000,30.000000,-1,70.709614,70.709614,-1,16,0,1658,22,0,740,1799,0,200,5.560902,2.870991,2.870991,1.000000,0.733532,-1,-1,-1,-1,-1,0.062641
75070,400,0,18035,45.087500,0.000000,30.000000,-1,70.714444,70.714444,-1,23,0,1875,20,0,733,1826,0,284,5.504464,2.771686,2.771686,1.000000,0.719078,-1,-1,-1,-1,-1,0.061473
75080,412,0,18404,44.669903,0.000000,30.000000,-1,70.676701,70.676701,-1,22,0,1581,13,0,676,2048,0,242,5.817652,2.986093,2.986093,1.000000,0.726299,-1,-1,-1,-1,-1,0.066848
75090,415,0,19147,46.137349,0.000000,30.000000,-1,70.657910,70.657910,-1,16,0,1741,20,0,709,1949,0,213,5.513816,2.881364,2.881364,1.000000,0.737643,-1,-1,-1,-1,-1,0.062452
75100,410,0,18576,45.307317,0.000000,30.000000,-1,70.633721,70.633721,-1,16,0,1661,19,0,732,1984,0,205,5.470612,2.757920,2.757920,1.000000,0.728296,-1,-1,-1,-1,-1,0.060871
75110,415,0,18829,45.371084,0.000000,30.000000,-1,70.638271,70.638271,-1,20,0,1625,23,0,763,2057,0,260,5.377655,2.804789,2.804789,1.000000,0.714858,-1,-1,-1,-1,-1,0.061819
75120,399,0,18074,45.298246,0.000000,30.000000,-1,70.615138,70.615138,-1,22,0,1632,22,0,693,1817,0,281,5.779423,2.995968,2.995968,1.000000,0.714534,-1,-1,-1,-1,-1,0.066139
75130,396,0,18491,46.694444,0.000000,30.000000,-1,70.654967,70.654967,-1,13,0,1714,24,0,675,1486,0,142,5.627626,2.881272,2.881272,1.000000,0.737398,-1,-1,-1,-1,-1,0.061705
75140,409,0,18485,45.195599,0.000000,30.000000,-1,70.636462,70.636462,-1,23,0,1640,21,0,697,1740,0,301,5.592909,2.920073,2.920073,1.000000,0.712837,-1,-1,-1,-1,-1,0.064610
75150,385,0,17413,45.228571,0.000000,30.000000,-1,70.652329,70.652329,-1,21,0,1513,18,0,683,1623,0,264,5.780978,2.949882,2.949882,1.000000,0.712594,-1,-1,-1,-1,-1,0.065222
75160,396,0,18085,45.669192,0.000000,30.000000,-1,70.642632,70.642632,-1,14,0,1666,22,0,656,1644,0,162,5.860329,3.020142,3.020142,1.000000,0.733075,-1,-1,-1,-1,-1,0.066131
75170,390,0,17771,45.566667,0.000000,30.000000,-1,70.599854,70.599854,-1,21,0,1513,17,0,637,1929,0,278,6.107126,3.193851,3.193851,1.000000,0.720946,-1,-1,-1,-1,-1,0.070092
75180,393,0,17944,45.659033,0.000000,30.000000,-1,70.597693,70.597693,-1,20,0,1453,25,0,685,1769,0,270,5.667758,3.002665,3.002665,1.000000,0.726668,-1,-1,-1,-1,-1,0.065763
75190,410,0,18520,45.170732,0.000000,30.000000,-1,70.602808,70.602808,-1,24,0,1686,22,0,750,2265,0,292,5.650192,2.958286,2.958286,1.000000,0.718444,-1,-1,-1,-1,-1,0.065491
75200,407,0,18479,45.402948,0.000000,30.000000,-1,70.603117,70.603117,-1,19,0,1737,24,0,683,1941,0,242,5.848996,3.032249,3.032249,1.000000,0.724182,-1,-1,-1,-1,-1,0.066785
75210,413,0,19267,46.651332,0.000000,30.000000,-1,70.607308,70.607308,-1,10,0,1772,16,0,770,1769,0,125,5.561683,2.813389,2.813389,1.000000,0.729516,-1,-1,-1,-1,-1,0.060307
75220,424,0,19384,45.716981,0.000000,30.000000,-1,70.624536,70.624536,-1,19,0,1613,27,0,701,2127,0,254,5.419222,2.871490,2.871490,1.000000,0.732613,-1,-1,-1,-1,-1,0.062810
75230,425,0,19083,44.901176,0.000000,30.000000,-1,70.649059,70.649059,-1,18,0,1973,13,0,754,2305,0,235,5.753826,2.888041,2.888041,1.000000,0.725598,-1,-1,-1,-1,-1,0.064320
75240,411,0,19358,47.099757,0.000000,30.000000,-1,70.697541,70.697541,-1,11,0,1540,19,0,698,2306,0,132,5.598106,2.995916,2.995916,1.000000,0.740916,-1,-1,-1,-1,-1,0.063608
75250,401,0,18020,44.937656,0.000000,30.000000,-1,70.625860,70.625860,-1,20,0,1520,22,0,716,1930,0,274,5.688401,2.919959,2.919959,1.000000,0.724722,-1,-1,-1,-1,-1,0.064978
75260,399,0,18245,45.726817,0.000000,30.000000,-1,70.597972,70.597972,-1,20,0,1417,11,0,687,2235,0,268,5.782049,3.095025,3.095025,1.000000,0.719654,-1,-1,-1,-1,-1,0.067685
75270,400,0,18124,45.310000,0.000000,30.000000,-1,70.646380,70.646380,-1,20,0,1586,19,0,768,2132,0,268,5.701057,2.943824,2.943824,1.000000,0.716868,-1,-1,-1,-1,-1,0.064971
75280,400,0,17809,44.522500,0.000000,30.000000,-1,70.607333,70.607333,-1,25,0,1502,17,0,664,1887,0,310,5.625196,3.003335,3.003335,1.000000,0.721952,-1,-1,-1,-1,-1,0.067457
75290,413,0,18798,45.515738,0.000000,30.000000,-1,70.552293,70.552293,-1,21,0,1630,18,0,682,2128,0,273,5.681579,3.052942,3.052942,1.000000,0.723917,-1,-1,-1,-1,-1,0.067074
75300,423,0,19261,45.534279,0.000000,30.000000,-1,70.558071,70.558071,-1,21,0,1547,20,0,772,1945,0,252,5.551855,2.916230,2.916230,1.000000,0.722558,-1,-1,-1,-1,-1,0.064045
75310,411,0,18507,45.029197,0.000000,30.000000,-1,70.547198,70.547198,-1,23,0,1623,16,0,705,1732,0,299,5.487129,2.893205,2.893205,1.000000,0.726313,-1,-1,-1,-1,-1,0.064252
75320,426,0,19025,44.659624,0.000000,30.000000,-1,70.561156,70.561156,-1,25,0,1765,18,0,728,2156,0,343,5.408753,2.809669,2.809669,1.000000,0.715795,-1,-1,-1,-1,-1,0.062913
75330,433,0,19927,46.020785,0.000000,30.000000,-1,70.564761,70.564761,-1,15,0,1928,20,0,732,2253,0,199,5.643172,2.857982,2.857982,1.000000,0.732940,-1,-1,-1,-1,-1,0.062102
75340,412,0,18433,44.740291,0.000000,30.000000,-1,70.609288,70.609288,-1,21,0,1807,23,0,692,2284,0,246,5.737910,2.851318,2.851318,1.000000,0.717386,-1,-1,-1,-1,-1,0.063730
75350,388,0,17705,45.631443,0.000000,30.000000,-1,70.600395,70.600395,-1,24,0,1218,31,0,634,2011,0,305,5.779645,3.132910,3.132910,1.000000,0.708755,-1,-1,-1,-1,-1,0.068657
75360,427,0,19448,45.545667,0.000000,30.000000,-1,70.607980,70.607980,-1,19,0,1729,13,0,772,2063,0,227,5.640548,2.971140,2.971140,1.000000,0.728564,-1,-1,-1,-1,-1,0.065234
75370,402,0,18100,45.024876,0.000000,30.000000,-1,70.577901,70.577901,-1,26,0,1635,26,0,682,1537,0,351,5.698391,2.880027,2.880027,1.000000,0.702008,-1,-1,-1,-1,-1,0.063965
75380,405,0,18500,45.679012,0.000000,30.000000,-1,70.576541,70.576541,-1,17,0,1480,22,0,734,1672,0,202,5.820242,3.037724,3.037724,1.000000,0.728407,-1,-1,-1,-1,-1,0.066502
75390,412,0,18735,45.473301,0.000000,30.000000,-1,70.604270,70.604270,-1,16,0,1768,23,0,698,2024,0,187,5.708022,2.954888,2.954888,1.000000,0.734021,-1,-1,-1,-1,-1,0.064981
75400,410,0,18246,44.502439,0.000000,30.000000,-1,70.634550,70.634550,-1,29,0,1573,22,0,682,1782,0,333,5.654275,2.915992,2.915992,1.000000,0.705970,-1,-1,-1,-1,-1,0.065524
75410,416,0,18971,45.603365,0.000000,30.000000,-1,70.583048,70.583048,-1,21,0,1778,21,0,748,1980,0,264,5.772398,2.976458,2.976458,1.000000,0.712490,-1,-1,-1,-1,-1,0.065268
75420,417,0,18909,45.345324,0.000000,30.000000,-1,70.551007,70.551007,-1,24,0,1582,20,0,745,2067,0,311,5.342465,2.780770,2.780770,1.000000,0.711333,-1,-1,-1,-1,-1,0.061324
75430,389,0,17753,45.637532,0.000000,30.000000,-1,70.537543,70.537543,-1,24,0,1497,18,0,686,1778,0,302,5.754845,3.076346,3.076346,1.000000,0.719566,-1,-1,-1,-1,-1,0.067408
75440,375,0,17061,45.496000,0.000000,30.000000,-1,70.601196,70.601196,-1,14,0,1757,19,0,684,1804,0,193,5.856554,2.925414,2.925414,1.000000,0.726564,-1,-1,-1,-1,-1,0.064300
75450,388,0,17609,45.384021,0.000000,30.000000,-1,70.605883,70.605883,-1,18,0,1358,21,0,646,1600,0,223,5.704912,2.982865,2.982865,1.000000,0.722808,-1,-1,-1,-1,-1,0.065725
75460,405,0,18456,45.570370,0.000000,30.000000,-1,70.538795,70.538795,-1,20,0,1524,22,0,685,1990,0,233,5.667360,3.061858,3.061858,1.000000,0.724863,-1,-1,-1,-1,-1,0.067190
75470,389,0,17745,45.616967,0.000000,30.000000,-1,70.480361,70.480361,-1,22,0,1384,18,0,657,2112,0,261,5.793476,3.076275,3.076275,1.000000,0.712124,-1,-1,-1,-1,-1,0.067437
75480,386,0,17577,45.536269,0.000000,30.000000,-1,70.541788,70.541788,-1,20,0,1609,24,0,655,1869,0,243,5.530749,2.844282,2.844282,1.000000,0.716812,-1,-1,-1,-1,-1,0.062462
75490,403,0,18633,46.235732,0.000000,30.000000,-1,70.554178,70.554178,-1,15,0,1524,19,0,727,2064,0,183,5.853992,3.079562,3.079562,1.000000,0.738430,-1,-1,-1,-1,-1,0.066606
75500,421,0,19126,45.429929,0.000000,30.000000,-1,70.564101,70.564101,-1,13,0,1697,17,0,754,2153,0,158,5.447649,2.759793,2.759793,1.000000,0.736463,-1,-1,-1,-1,-1,0.060748
75510,404,0,17955,44.443069,0.000000,30.000000,-1,70.554052,70.554052,-1,23,0,1726,23,0,758,2091,0,266,5.640004,2.841490,2.841490,1.000000,0.718359,-1,-1,-1,-1,-1,0.063936
75520,395,0,18119,45.870886,0.000000,30.000000,-1,70.569182,70.569182,-1,13,0,1659,26,0,672,2201,0,181,5.555197,2.951735,2.951735,1.000000,0.738100,-1,-1,-1,-1,-1,0.064349
75530,418,0,18938,45.306220,0.000000,30.000000,-1,70.579628,70.579628,-1,22,0,1649,21,0,743,1896,0,255,5.622862,2.912909,2.912909,1.000000,0.714217,-1,-1,-1,-1,-1,0.064294
75540,418,0,19019,45.500000,0.000000,30.000000,-1,70.545560,70.545560,-1,17,0,1920,13,0,706,1852,0,234,5.592041,2.831404,2.831404,1.000000,0.725120,-1,-1,-1,-1,-1,0.062229
75550,408,0,18497,45.335784,0.000000,30.000000,-1,70.543818,70.543818,-1,21,0,1542,18,0,649,2087,0,271,5.911265,3.057339,3.057339,1.000000,0.716535,-1,-1,-1,-1,-1,0.067438
75560,420,0,19025,45.297619,0.000000,30.000000,-1,70.520526,70.520526,-1,20,0,1682,11,0,761,2267,0,253,5.627296,3.011253,3.011253,1.000000,0.736046,-1,-1,-1,-1,-1,0.066477
75570,405,0,18581,45.879012,0.000000,30.000000,-1,70.480652,70.480652,-1,12,0,1954,22,0,777,2340,0,144,5.637658,2.837827,2.837827,1.000000,0.737500,-1,-1,-1,-1,-1,0.061855
75580,387,0,17404,44.971576,0.000000,30.000000,-1,70.479717,70.479717,-1,25,0,1480,20,0,692,1613,0,315,5.900036,3.093566,3.093566,1.000000,0.717650,-1,-1,-1,-1,-1,0.068789
75590,397,0,18165,45.755668,0.000000,30.000000,-1,70.439361,70.439361,-1,15,0,1731,17,0,684,1966,0,177,5.671995,2.888039,2.888039,1.000000,0.737550,-1,-1,-1,-1,-1,0.063119
75600,400,0,17839,44.597500,0.000000,30.000000,-1,70.436123,70.436123,-1,22,0,1795,21,0,675,1524,0,256,5.950646,3.014354,3.014354,1.000000,0.723453,-1,-1,-1,-1,-1,0.067590
75610,406,0,17837,43.933498,0.000000,30.000000,-1,70.428940,70.428940,-1,28,0,1671,18,0,664,1619,0,349,5.911266,2.958779,2.958779,1.000000,0.705502,-1,-1,-1,-1,-1,0.067347
75620,411,0,18798,45.737226,0.000000,30.000000,-1,70.395574,70.395574,-1,14,0,1600,15,0,762,1857,0,174,5.467969,2.865827,2.865827,1.000000,0.739444,-1,-1,-1,-1,-1,0.062659
75630,395,0,17772,44.992405,0.000000,30.000000,-1,70.437373,70.437373,-1,23,0,1399,20,0,669,1625,0,300,5.491032,2.854096,2.854096,1.000000,0.713935,-1,-1,-1,-1,-1,0.063435
75640,394,0,18065,45.850254,0.000000,30.000000,-1,70.430003,70.430003,-1,16,0,1682,24,0,640,1529,0,189,5.599442,2.958933,2.958933,1.000000,0.726582,-1,-1,-1,-1,-1,0.064535
75650,394,0,17658,44.817259,0.000000,30.000000,-1,70.376487,70.376487,-1,24,0,1729,24,0,762,1882,0,313,5.843143,3.023427,3.023427,1.000000,0.713607,-1,-1,-1,-1,-1,0.067461
75660,397,0,17882,45.042821,0.000000,30.000000,-1,70.312884,70.312884,-1,22,0,1745,18,0,671,1623,0,267,5.712054,2.802640,2.802640,1.000000,0.709373,-1,-1,-1,-1,-1,0.062222
75670,388,0,17921,46.188144,0.000000,30.000000,-1,70.280565,70.280565,-1,21,0,1531,21,0,686,1760,0,255,5.735960,3.067182,3.067182,1.000000,0.713532,-1,-1,-1,-1,-1,0.066406
75680,403,0,18335,45.496278,0.000000,30.000000,-1,70.230161,70.230161,-1,17,0,1564,19,0,719,2077,0,217,5.514025,2.881698,2.881698,1.000000,0.726093,-1,-1,-1,-1,-1,0.063339
75690,393,0,17843,45.402036,0.000000,30.000000,-1,70.246932,70.246932,-1,19,0,1531,28,0,708,1850,0,242,5.727553,2.963590,2.963590,1.000000,0.720620,-1,-1,-1,-1,-1,0.065274
75700,401,0,18333,45.718204,0.000000,30.000000,-1,70.270878,70.270878,-1,18,0,1510,21,0,655,1757,0,235,5.803158,3.140475,3.140475,1.000000,0.738142,-1,-1,-1,-1,-1,0.068692
75710,408,0,18442,45.200980,0.000000,30.000000,-1,70.216137,70.216137,-1,22,0,1408,21,0,745,1945,0,293,5.512543,2.948825,2.948825,1.000000,0.725429,-1,-1,-1,-1,-1,0.065238
75720,385,0,17187,44.641558,0.000000,30.000000,-1,70.170361,70.170361,-1,25,0,1625,13,0,662,1757,0,314,6.164686,3.147064,3.147064,1.000000,0.711033,-1,-1,-1,-1,-1,0.070496
75730,397,0,18095,45.579345,0.000000,30.000000,-1,70.124510,70.124510,-1,16,0,1733,15,0,664,1764,0,186,5.947850,3.018684,3.018684,1.000000,0.726767,-1,-1,-1,-1,-1,0.066229
75740,378,0,17353,45.907407,0.000000,30.000000,-1,70.104593,70.104593,-1,15,0,1494,16,0,637,1967,0,172,5.959530,3.169847,3.169847,1.000000,0.728515,-1,-1,-1,-1,-1,0.069049
75750,391,0,18408,47.079284,0.000000,30.000000,-1,70.100934,70.100934,-1,11,0,1431,18,0,716,1954,0,137,5.705453,3.132326,3.132326,1.000000,0.741294,-1,-1,-1,-1,-1,0.066533
75760,395,0,17906,45.331646,0.000000,30.000000,-1,70.066570,70.066570,-1,21,0,1740,21,0,739,2102,0,281,5.705280,2.902134,2.902134,1.000000,0.715970,-1,-1,-1,-1,-1,0.064020
75770,389,0,17331,44.552699,0.000000,30.000000,-1,70.051353,70.051353,-1,28,0,1372,12,0,681,1673,0,348,5.852165,3.068143,3.068143,1.000000,0.704565,-1,-1,-1,-1,-1,0.068865
75780,395,0,18461,46.736709,0.000000,30.000000,-1,70.026326,70.026326,-1,13,0,1735,23,0,704,1763,0,149,5.749779,3.044917,3.044917,1.000000,0.737783,-1,-1,-1,-1,-1,0.065150
75790,427,0,19630,45.971897,0.000000,30.000000,-1,70.018645,70.018645,-1,20,0,1567,18,0,748,2090,0,244,5.426452,2.989629,2.989629,1.000000,0.733530,-1,-1,-1,-1,-1,0.065032
75800,408,0,18620,45.637255,0.000000,30.000000,-1,70.038776,70.038776,-1,20,0,1582,17,0,721,1906,0,249,5.646851,3.060432,3.060432,1.000000,0.730120,-1,-1,-1,-1,-1,0.067060
75810,440,0,19499,44.315909,0.000000,30.000000,-1,69.990820,69.990820,-1,24,0,1839,16,0,766,1988,0,318,5.276134,2.800814,2.800814,1.000000,0.735325,-1,-1,-1,-1,-1,0.063201
75820,433,0,19790,45.704388,0.000000,30.000000,-1,70.005457,70.005457,-1,19,0,1812,23,0,750,2347,0,235,5.389350,2.794417,2.794417,1.000000,0.722888,-1,-1,-1,-1,-1,0.061141
75830,419,0,19163,45.735084,0.000000,30.000000,-1,69.968220,69.968220,-1,19,0,1569,19,0,723,1963,0,229,5.498988,2.950267,2.950267,1.000000,0.730451,-1,-1,-1,-1,-1,0.064508
75840,392,0,18049,46.043367,0.000000,30.000000,-1,69.977672,69.977672,-1,17,0,1723,27,0,682,1891,0,217,5.524900,2.890552,2.890552,1.000000,0.730702,-1,-1,-1,-1,-1,0.062779
75850,396,0,17679,44.643939,0.000000,30.000000,-1,69.969738,69.969738,-1,23,0,1678,17,0,707,1536,0,299,5.706373,2.959932,2.959932,1.000000,0.723558,-1,-1,-1,-1,-1,0.066301
75860,395,0,18372,46.511392,0.000000,30.000000,-1,69.973220,69.973220,-1,14,0,1526,14,0,666,1836,0,176,5.983869,3.222882,3.222882,1.000000,0.739240,-1,-1,-1,-1,-1,0.069292
75870,408,0,18197,44.600490,0.000000,30.000000,-1,69.983514,69.983514,-1,20,0,1563,29,0,710,1865,0,260,5.576865,2.907846,2.907846,1.000000,0.727559,-1,-1,-1,-1,-1,0.065198
75880,404,0,18502,45.797030,0.000000,30.000000,-1,70.056805,70.056805,-1,16,0,1509,22,0,715,1845,0,179,5.617311,2.994900,2.994900,1.000000,0.730269,-1,-1,-1,-1,-1,0.065395
75890,398,0,18204,45.738693,0.000000,30.000000,-1,70.065370,70.065370,-1,21,0,1596,18,0,674,1757,0,275,5.483612,2.976306,2.976306,1.000000,0.730550,-1,-1,-1,-1,-1,0.065072
75900,390,0,17861,45.797436,0.000000,30.000000,-1,70.101506,70.101506,-1,17,0,1562,16,0,712,1909,0,230,5.879416,3.171133,3.171133,1.000000,0.740033,-1,-1,-1,-1,-1,0.069243
75910,369,0,17322,46.943089,0.000000,30.000000,-1,70.152696,70.152696,-1,11,0,1457,12,0,627,1999,0,126,6.295101,3.375179,3.375179,1.000000,0.744764,-1,-1,-1,-1,-1,0.071899
75920,407,0,18543,45.560197,0.000000,30.000000,-1,70.156501,70.156501,-1,19,0,1840,15,0,776,2088,0,231,5.607463,2.912135,2.912135,1.000000,0.735941,-1,-1,-1,-1,-1,0.063918
75930,423,0,18911,44.706856,0.000000,30.000000,-1,70.152557,70.152557,-1,27,0,1523,19,0,724,2374,0,329,5.433804,2.901668,2.901668,1.000000,0.725371,-1,-1,-1,-1,-1,0.064904
75940,403,0,18616,46.193548,0.000000,30.000000,-1,70.192952,70.192952,-1,14,0,1681,24,0,721,2025,0,156,5.820568,3.130867,3.130867,1.000000,0.745453,-1,-1,-1,-1,-1,0.067777
75950,419,0,19552,46.663484,0.000000,30.000000,-1,70.122903,70.122903,-1,15,0,1616,14,0,699,2312,0,191,5.539190,3.077471,3.077471,1.000000,0.758812,-1,-1,-1,-1,-1,0.065950
75960,399,0,18401,46.117794,0.000000,30.000000,-1,70.126732,70.126732,-1,13,0,1767,21,0,707,2284,0,167,5.697402,2.909950,2.909950,1.000000,0.745875,-1,-1,-1,-1,-1,0.063098
75970,412,0,18639,45.240291,0.000000,30.000000,-1,70.084447,70.084447,-1,18,0,1850,25,0,745,2101,0,248,5.591799,2.916407,2.916407,1.000000,0.737092,-1,-1,-1,-1,-1,0.064465
75980,409,0,18556,45.369193,0.000000,30.000000,-1,70.114842,70.114842,-1,15,0,1767,18,0,679,2033,0,182,5.752785,2.919121,2.919121,1.000000,0.740761,-1,-1,-1,-1,-1,0.064341
75990,415,0,18605,44.831325,0.000000,30.000000,-1,70.152916,70.152916,-1,21,0,1717,17,0,750,2355,0,273,5.660353,2.930008,2.930008,1.000000,0.727745,-1,-1,-1,-1,-1,0.065356
76000,401,0,18445,45.997506,0.000000,30.000000,-1,70.151748,70.151748,-1,19,0,1529,20,0,708,1994,0,250,5.623463,2.972190,2.972190,1.000000,0.735741,-1,-1,-1,-1,-1,0.064616
76010,411,0,18578,45.201946,0.000000,30.000000,-1,70.089784,70.089784,-1,23,0,1658,18,0,732,1981,0,259,5.704563,2.985276,2.985276,1.000000,0.721648,-1,-1,-1,-1,-1,0.066043
76020,414,0,18370,44.371981,0.000000,30.000000,-1,70.097006,70.097006,-1,28,0,1615,19,0,740,2022,0,337,5.435151,2.867146,2.867146,1.000000,0.708704,-1,-1,-1,-1,-1,0.064616
76030,397,0,18040,45.440806,0.000000,30.000000,-1,70.060144,70.060144,-1,20,0,1765,27,0,673,1390,0,249,5.658306,2.944309,2.944309,1.000000,0.732604,-1,-1,-1,-1,-1,0.064794
76040,403,0,18336,45.498759,0.000000,30.000000,-1,70.053665,70.053665,-1,21,0,1620,10,0,707,1923,0,279,5.653621,2.995794,2.995794,1.000000,0.728156,-1,-1,-1,-1,-1,0.065843
76050,407,0,18853,46.321867,0.000000,30.000000,-1,70.084337,70.084337,-1,17,0,1576,21,0,694,1926,0,217,5.694627,3.046412,3.046412,1.000000,0.737267,-1,-1,-1,-1,-1,0.065766
76060,401,0,18233,45.468828,0.000000,30.000000,-1,70.078320,70.078320,-1,20,0,1519,16,0,716,1843,0,239,5.679352,3.065512,3.065512,1.000000,0.738964,-1,-1,-1,-1,-1,0.067420
76070,407,0,18431,45.285012,0.000000,30.000000,-1,70.070696,70.070696,-1,25,0,1730,12,0,686,1934,0,296,5.809243,3.054920,3.054920,1.000000,0.716984,-1,-1,-1,-1,-1,0.067460
76080,417,0,18718,44.887290,0.000000,30.000000,-1,70.068330,70.068330,-1,26,0,1585,22,0,691,1959,0,312,5.401874,2.780609,2.780609,1.000000,0.707017,-1,-1,-1,-1,-1,0.061946
76090,428,0,19267,45.016355,0.000000,30.000000,-1,70.024602,70.024602,-1,22,0,1932,21,0,733,2086,0,255,5.611870,2.803239,2.803239,1.000000,0.720239,-1,-1,-1,-1,-1,0.062272
76100,406,0,18596,45.802956,0.000000,30.000000,-1,70.039740,70.039740,-1,13,0,1915,17,0,684,2013,0,179,5.652531,2.867994,2.867994,1.000000,0.737048,-1,-1,-1,-1,-1,0.062616
76110,379,0,17599,46.435356,0.000000,30.000000,-1,70.018296,70.018296,-1,15,0,1392,19,0,722,2101,0,197,5.687902,3.082295,3.082295,1.000000,0.735460,-1,-1,-1,-1,-1,0.066378
76120,380,0,17587,46.281579,0.000000,30.000000,-1,70.007619,70.007619,-1,14,0,1574,16,0,615,1611,0,184,5.922538,3.157287,3.157287,1.000000,0.735114,-1,-1,-1,-1,-1,0.068219
76130,397,0,17975,45.277078,0.000000,30.000000,-1,70.011460,70.011460,-1,16,0,1688,21,0,719,1948,0,197,5.721477,3.023156,3.023156,1.000000,0.740772,-1,-1,-1,-1,-1,0.066770
76140,396,0,18124,45.767677,0.000000,30.000000,-1,70.028195,70.028195,-1,19,0,1540,18,0,673,1933,0,250,5.512717,2.980549,2.980549,1.000000,0.735704,-1,-1,-1,-1,-1,0.065123
76150,407,0,18555,45.589681,0.000000,30.000000,-1,70.024306,70.024306,-1,18,0,1611,19,0,694,2218,0,224,5.773493,3.032347,3.032347,1.000000,0.740422,-1,-1,-1,-1,-1,0.066514
76160,411,0,18512,45.041363,0.000000,30.000000,-1,70.046078,70.046078,-1,26,0,1580,18,0,731,2226,0,325,5.881717,3.195794,3.195794,1.000000,0.730882,-1,-1,-1,-1,-1,0.070952
76170,401,0,18640,46.483791,0.000000,30.000000,-1,70.059067,70.059067,-1,15,0,1547,25,0,642,1810,0,195,5.697750,3.104411,3.104411,1.000000,0.747106,-1,-1,-1,-1,-1,0.066785
76180,413,0,18839,45.615012,0.000000,30.000000,-1,70.074367,70.074367,-1,17,0,1649,23,0,781,1901,0,229,5.306285,2.727209,2.727209,1.000000,0.735179,-1,-1,-1,-1,-1,0.059788
76190,398,0,18185,45.690955,0.000000,30.000000,-1,70.076657,70.076657,-1,16,0,1770,18,0,766,2152,0,195,5.708011,2.996464,2.996464,1.000000,0.740978,-1,-1,-1,-1,-1,0.065581
76200,389,0,17608,45.264781,0.000000,30.000000,-1,70.080304,70.080304,-1,22,0,1643,23,0,676,1752,0,291,5.613361,2.993016,2.993016,1.000000,0.729809,-1,-1,-1,-1,-1,0.066122
76210,388,0,17773,45.806701,0.000000,30.000000,-1,70.120632,70.120632,-1,15,0,1538,17,0,631,1954,0,184,5.952270,3.172178,3.172178,1.000000,0.740443,-1,-1,-1,-1,-1,0.069251
76220,409,0,18954,46.342298,0.000000,30.000000,-1,70.082568,70.082568,-1,13,0,1777,18,0,722,1881,0,144,5.713516,2.964444,2.964444,1.000000,0.740233,-1,-1,-1,-1,-1,0.063968
76230,398,0,18130,45.552764,0.000000,30.000000,-1,70.071649,70.071649,-1,14,0,1614,20,0,702,2087,0,167,5.720912,2.898415,2.898415,1.000000,0.744180,-1,-1,-1,-1,-1,0.063628
76240,389,0,18121,46.583548,0.000000,30.000000,-1,70.104464,70.104464,-1,17,0,1283,14,0,716,1941,0,212,5.922947,3.275241,3.275241,1.000000,0.739545,-1,-1,-1,-1,-1,0.070309
76250,405,0,18729,46.244444,0.000000,30.000000,-1,70.088846,70.088846,-1,14,0,1546,16,0,742,1643,0,170,5.657054,3.057820,3.057820,1.000000,0.746597,-1,-1,-1,-1,-1,0.066123
76260,402,0,18335,45.609453,0.000000,30.000000,-1,70.120262,70.120262,-1,17,0,1557,12,0,671,2122,0,202,5.682891,3.028374,3.028374,1.000000,0.731313,-1,-1,-1,-1,-1,0.066398
76270,392,0,17765,45.318878,0.000000,30.000000,-1,70.096820,70.096820,-1,17,0,1668,22,0,656,2149,0,195,5.834479,3.012399,3.012399,1.000000,0.740872,-1,-1,-1,-1,-1,0.066471
76280,408,0,18483,45.301471,0.000000,30.000000,-1,70.100092,70.100092,-1,20,0,1771,22,0,716,1768,0,259,5.803525,3.021639,3.021639,1.000000,0.733513,-1,-1,-1,-1,-1,0.066701
76290,422,0,19491,46.187204,0.000000,30.000000,-1,70.108306,70.108306,-1,16,0,1982,20,0,764,1785,0,218,5.615897,2.860407,2.860407,1.000000,0.734525,-1,-1,-1,-1,-1,0.061931
76300,403,0,18219,45.208437,0.000000,30.000000,-1,70.094846,70.094846,-1,21,0,1489,24,0,731,2264,0,262,5.693689,3.018470,3.018470,1.000000,0.733705,-1,-1,-1,-1,-1,0.066768
76310,409,0,18609,45.498778,0.000000,30.000000,-1,70.044817,70.044817,-1,17,0,1856,20,0,742,1812,0,210,5.488224,2.846797,2.846797,1.000000,0.728234,-1,-1,-1,-1,-1,0.062569
76320,397,0,18141,45.695214,0.000000,30.000000,-1,70.002205,70.002205,-1,20,0,1878,21,0,726,1993,0,244,5.781964,3.026121,3.026121,1.000000,0.727720,-1,-1,-1,-1,-1,0.066224
76330,418,0,19019,45.500000,0.000000,30.000000,-1,69.964404,69.964404,-1,17,0,1855,13,0,733,2172,0,213,5.551039,2.849736,2.849736,1.000000,0.732840,-1,-1,-1,-1,-1,0.062632
76340,405,0,18495,45.666667,0.000000,30.000000,-1,69.944796,69.944796,-1,16,0,1791,21,0,714,2012,0,197,5.751054,2.955354,2.955354,1.000000,0.736545,-1,-1,-1,-1,-1,0.064716
76350,396,0,18300,46.212121,0.000000,30.000000,-1,69.989836,69.989836,-1,20,0,1619,20,0,746,1792,0,258,5.882312,3.158453,3.158453,1.000000,0.726030,-1,-1,-1,-1,-1,0.068347
76360,409,0,18517,45.273839,0.000000,30.000000,-1,69.990873,69.990873,-1,19,0,1694,15,0,711,1922,0,238,5.733287,2.966795,2.966795,1.000000,0.733521,-1,-1,-1,-1,-1,0.065530
76370,411,0,18514,45.046229,0.000000,30.000000,-1,69.982500,69.982500,-1,25,0,1503,18,0,673,2072,0,305,5.558015,2.970776,2.970776,1.000000,0.723683,-1,-1,-1,-1,-1,0.065949
76380,391,0,17976,45.974425,0.000000,30.000000,-1,69.959168,69.959168,-1,21,0,1708,19,0,662,1678,0,253,5.757880,3.039303,3.039303,1.000000,0.720766,-1,-1,-1,-1,-1,0.066109
76390,396,0,17998,45.449495,0.000000,30.000000,-1,69.955828,69.955828,-1,20,0,1474,18,0,697,2303,0,260,5.834507,3.082761,3.082761,1.000000,0.726670,-1,-1,-1,-1,-1,0.067828
76400,393,0,18017,45.844784,0.000000,30.000000,-1,69.971638,69.971638,-1,14,0,1696,23,0,632,1666,0,167,5.990749,3.052993,3.052993,1.000000,0.723834,-1,-1,-1,-1,-1,0.066594
76410,398,0,17829,44.796482,0.000000,30.000000,-1,69.949520,69.949520,-1,19,0,1761,21,0,683,1776,0,250,5.711554,2.946439,2.946439,1.000000,0.731206,-1,-1,-1,-1,-1,0.065774
76420,406,0,18314,45.108374,0.000000,30.000000,-1,69.911980,69.911980,-1,24,0,1611,11,0,747,1574,0,297,5.509864,2.930319,2.930319,1.000000,0.720680,-1,-1,-1,-1,-1,0.064962
76430,389,0,17784,45.717224,0.000000,30.000000,-1,70.027778,70.027778,-1,17,0,1416,19,0,621,1982,0,216,5.472727,2.922486,2.922486,1.000000,0.732819,-1,-1,-1,-1,-1,0.063925
76440,394,0,17582,44.624365,0.000000,30.000000,-1,70.017632,70.017632,-1,24,0,1549,17,0,667,1960,0,294,5.719587,3.036517,3.036517,1.000000,0.710540,-1,-1,-1,-1,-1,0.068046
76450,389,0,17970,46.195373,0.000000,30.000000,-1,70.012465,70.012465,-1,12,0,1609,24,0,686,1894,0,164,5.702136,2.979098,2.979098,1.000000,0.743106,-1,-1,-1,-1,-1,0.064489
76460,391,0,17949,45.905371,0.000000,30.000000,-1,70.002451,70.002451,-1,15,0,1799,20,0,682,1887,0,192,5.671558,2.963870,2.963870,1.000000,0.734883,-1,-1,-1,-1,-1,0.064565
76470,409,0,18782,45.921760,0.000000,30.000000,-1,70.017730,70.017730,-1,19,0,1745,10,0,717,2212,0,216,5.528056,2.911343,2.911343,1.000000,0.726094,-1,-1,-1,-1,-1,0.063398
76480,404,0,18594,46.024752,0.000000,30.000000,-1,70.007099,70.007099,-1,16,0,1635,23,0,701,1848,0,183,5.638248,2.939310,2.939310,1.000000,0.733141,-1,-1,-1,-1,-1,0.063864
76490,398,0,18183,45.685930,0.000000,30.000000,-1,70.041522,70.041522,-1,19,0,1560,16,0,739,1971,0,237,5.862188,3.068477,3.068477,1.000000,0.732693,-1,-1,-1,-1,-1,0.067165
76500,416,0,19099,45.911058,0.000000,30.000000,-1,70.041625,70.041625,-1,17,0,1515,23,0,703,2248,0,206,5.444690,2.976670,2.976670,1.000000,0.738480,-1,-1,-1,-1,-1,0.064836
76510,430,0,19437,45.202326,0.000000,30.000000,-1,70.042548,70.042548,-1,23,0,1884,11,0,784,2394,0,263,5.416006,2.794182,2.794182,1.000000,0.726542,-1,-1,-1,-1,-1,0.061815
76520,422,0,19390,45.947867,0.000000,30.000000,-1,70.036772,70.036772,-1,17,0,1719,22,0,698,1912,0,200,5.703053,2.993291,2.993291,1.000000,0.732591,-1,-1,-1,-1,-1,0.065145
76530,407,0,18603,45.707617,0.000000,30.000000,-1,70.076278,70.076278,-1,14,0,1797,18,0,670,1952,0,153,5.566251,2.795318,2.795318,1.000000,0.731818,-1,-1,-1,-1,-1,0.061157
76540,382,0,17843,46.709424,0.000000,30.000000,-1,70.086869,70.086869,-1,13,0,1363,28,0,661,1727,0,177,6.132601,3.260942,3.260942,1.000000,0.730519,-1,-1,-1,-1,-1,0.069813
76550,392,0,18001,45.920918,0.000000,30.000000,-1,70.033387,70.033387,-1,18,0,1430,15,0,706,1829,0,222,5.794339,3.078414,3.078414,1.000000,0.725345,-1,-1,-1,-1,-1,0.067037
76560,404,0,18549,45.913366,0.000000,30.000000,-1,70.045124,70.045124,-1,14,0,1739,8,0,710,1900,0,173,6.143098,3.233611,3.233611,1.000000,0.741132,-1,-1,-1,-1,-1,0.070429
76570,397,0,17942,45.193955,0.000000,30.000000,-1,70.019173,70.019173,-1,20,0,1512,22,0,706,2130,0,253,5.592721,2.968752,2.968752,1.000000,0.730147,-1,-1,-1,-1,-1,0.065689
76580,412,0,18457,44.798544,0.000000,30.000000,-1,70.071030,70.071030,-1,23,0,1628,20,0,697,2105,0,266,5.851281,3.021119,3.021119,1.000000,0.723095,-1,-1,-1,-1,-1,0.067438
76590,410,0,18667,45.529268,0.000000,30.000000,-1,70.044196,70.044196,-1,20,0,1560,19,0,709,1848,0,251,5.611833,2.914183,2.914183,1.000000,0.732400,-1,-1,-1,-1,-1,0.064007
76600,405,0,18412,45.461728,0.000000,30.000000,-1,70.034054,70.034054,-1,21,0,1741,19,0,690,1862,0,266,5.905392,3.024414,3.024414,1.000000,0.719888,-1,-1,-1,-1,-1,0.066527
76610,422,0,18818,44.592417,0.000000,30.000000,-1,70.024073,70.024073,-1,26,0,1743,17,0,756,1796,0,318,5.645637,2.861415,2.861415,1.000000,0.711958,-1,-1,-1,-1,-1,0.064168
76620,410,0,18893,46.080488,0.000000,30.000000,-1,70.042714,70.042714,-1,17,0,1444,23,0,710,1701,0,212,5.485060,2.892698,2.892698,1.000000,0.724995,-1,-1,-1,-1,-1,0.062775
76630,389,0,18227,46.856041,0.000000,30.000000,-1,70.016240,70.016240,-1,9,0,1597,16,0,687,1893,0,133,5.753908,2.985840,2.985840,1.000000,0.736364,-1,-1,-1,-1,-1,0.063724
76640,403,0,18490,45.880893,0.000000,30.000000,-1,70.054408,70.054408,-1,16,0,1500,16,0,681,1914,0,202,5.473319,2.913778,2.913778,1.000000,0.730233,-1,-1,-1,-1,-1,0.063507
76650,394,0,18225,46.256345,0.000000,30.000000,-1,70.036927,70.036927,-1,17,0,1648,27,0,644,1777,0,212,5.770371,3.140434,3.140434,1.000000,0.741949,-1,-1,-1,-1,-1,0.067892
76660,410,0,18495,45.109756,0.000000,30.000000,-1,70.045526,70.045526,-1,21,0,1875,26,0,725,1841,0,273,5.907415,2.939739,2.939739,1.000000,0.709444,-1,-1,-1,-1,-1,0.065169
76670,395,0,17567,44.473418,0.000000,30.000000,-1,70.067399,70.067399,-1,30,0,1490,18,0,707,1883,0,371,5.564670,2.935692,2.935692,1.000000,0.696164,-1,-1,-1,-1,-1,0.066010
76680,416,0,18573,44.646635,0.000000,30.000000,-1,70.044581,70.044581,-1,25,0,1562,18,0,708,2200,0,337,5.538041,2.865004,2.865004,1.000000,0.716236,-1,-1,-1,-1,-1,0.064171
76690,426,0,19314,45.338028,0.000000,30.000000,-1,70.027700,70.027700,-1,20,0,1836,12,0,784,2323,0,234,5.705488,2.959838,2.959838,1.000000,0.726569,-1,-1,-1,-1,-1,0.065284
76700,410,0,18591,45.343902,0.000000,30.000000,-1,70.009413,70.009413,-1,19,0,1927,26,0,721,1987,0,219,5.263851,2.624418,2.624418,1.000000,0.730114,-1,-1,-1,-1,-1,0.057878
76710,396,0,18427,46.532828,0.000000,30.000000,-1,69.995550,69.995550,-1,14,0,1635,15,0,692,2108,0,175,5.863013,3.005674,3.005674,1.000000,0.737599,-1,-1,-1,-1,-1,0.064593
76720,420,0,18863,44.911905,0.000000,30.000000,-1,69.971001,69.971001,-1,24,0,1765,14,0,758,2105,0,284,5.606972,2.939853,2.939853,1.000000,0.723180,-1,-1,-1,-1,-1,0.065458
76730,396,0,17565,44.356061,0.000000,30.000000,-1,69.947680,69.947680,-1,24,0,1783,26,0,627,2140,0,293,5.737017,2.776090,2.776090,1.000000,0.705833,-1,-1,-1,-1,-1,0.062586
76740,393,0,18014,45.837150,0.000000,30.000000,-1,69.979072,69.979072,-1,14,0,1445,16,0,644,2052,0,169,5.769231,2.993340,2.993340,1.000000,0.724410,-1,-1,-1,-1,-1,0.065304
76750,403,0,18449,45.779156,0.000000,30.000000,-1,69.983631,69.983631,-1,15,0,1809,19,0,715,1859,0,199,5.619470,2.890633,2.890633,1.000000,0.730469,-1,-1,-1,-1,-1,0.063143
76760,406,0,18409,45.342365,0.000000,30.000000,-1,70.033896,70.033896,-1,16,0,1745,26,0,723,2264,0,225,5.607052,2.896466,2.896466,1.000000,0.732142,-1,-1,-1,-1,-1,0.063880
76770,411,0,18913,46.017032,0.000000,30.000000,-1,70.013007,70.013007,-1,13,0,1690,22,0,695,1955,0,158,5.636003,2.976904,2.976904,1.000000,0.738589,-1,-1,-1,-1,-1,0.064691
76780,406,0,18489,45.539409,0.000000,30.000000,-1,70.008059,70.008059,-1,19,0,1793,18,0,758,2014,0,250,5.666661,2.880137,2.880137,1.000000,0.731057,-1,-1,-1,-1,-1,0.063245
76790,397,0,18022,45.395466,0.000000,30.000000,-1,69.970370,69.970370,-1,15,0,1838,23,0,679,2053,0,204,5.664093,2.918691,2.918691,1.000000,0.731756,-1,-1,-1,-1,-1,0.064295
76800,393,0,17875,45.483461,0.000000,30.000000,-1,69.907469,69.907469,-1,23,0,1564,14,0,690,1797,0,301,5.736031,3.074462,3.074462,1.000000,0.721361,-1,-1,-1,-1,-1,0.067595
76810,382,0,17515,45.850785,0.000000,30.000000,-1,69.926634,69.926634,-1,17,0,1605,21,0,631,1649,0,203,5.907193,3.137393,3.137393,1.000000,0.732462,-1,-1,-1,-1,-1,0.068426
76820,382,0,17474,45.743455,0.000000,30.000000,-1,69.948781,69.948781,-1,13,0,1709,19,0,691,1696,0,161,6.091743,3.163804,3.163804,1.000000,0.738524,-1,-1,-1,-1,-1,0.069164
76830,411,0,18703,45.506083,0.000000,30.000000,-1,69.965567,69.965567,-1,20,0,1492,23,0,700,1868,0,268,5.951975,3.115573,3.115573,1.000000,0.731492,-1,-1,-1,-1,-1,0.068465
76840,417,0,19167,45.964029,0.000000,30.000000,-1,69.983148,69.983148,-1,20,0,1766,21,0,706,2225,0,262,5.652042,2.914819,2.914819,1.000000,0.726447,-1,-1,-1,-1,-1,0.063415
76850,411,0,18838,45.834550,0.000000,30.000000,-1,69.977068,69.977068,-1,18,0,1588,16,0,773,1853,0,220,5.504401,2.922723,2.922723,1.000000,0.735592,-1,-1,-1,-1,-1,0.063767
76860,403,0,18101,44.915633,0.000000,30.000000,-1,69.976576,69.976576,-1,19,0,1776,22,0,745,1586,0,246,5.727307,2.823207,2.823207,1.000000,0.719256,-1,-1,-1,-1,-1,0.062856
76870,396,0,18077,45.648990,0.000000,30.000000,-1,70.071306,70.071306,-1,17,0,1583,20,0,692,1897,0,218,5.539468,2.955481,2.955481,1.000000,0.730184,-1,-1,-1,-1,-1,0.064744
76880,416,0,18494,44.456731,0.000000,30.000000,-1,70.068184,70.068184,-1,37,0,1739,13,0,721,1990,0,464,5.630176,3.064993,3.064993,1.000000,0.694086,-1,-1,-1,-1,-1,0.068943
76890,407,0,18717,45.987715,0.000000,30.000000,-1,70.057167,70.057167,-1,19,0,1650,21,0,681,2050,0,233,5.698861,3.093113,3.093113,1.000000,0.735933,-1,-1,-1,-1,-1,0.067260
76900,420,0,18882,44.957143,0.000000,30.000000,-1,70.051848,70.051848,-1,19,0,1683,23,0,752,2086,0,260,5.308061,2.708946,2.708946,1.000000,0.727209,-1,-1,-1,-1,-1,0.060256
76910,405,0,18721,46.224691,0.000000,30.000000,-1,70.014529,70.014529,-1,17,0,1538,19,0,736,2353,0,190,5.720602,3.065406,3.065406,1.000000,0.739319,-1,-1,-1,-1,-1,0.066315
76920,405,0,18683,46.130864,0.000000,30.000000,-1,70.045014,70.045014,-1,13,0,1580,21,0,740,1732,0,164,5.667959,3.028278,3.028278,1.000000,0.744568,-1,-1,-1,-1,-1,0.065645
76930,422,0,19109,45.281991,0.000000,30.000000,-1,70.019624,70.019624,-1,15,0,1834,14,0,745,1677,0,191,5.544174,2.838809,2.838809,1.000000,0.743448,-1,-1,-1,-1,-1,0.062692
76940,401,0,18501,46.137157,0.000000,30.000000,-1,70.005351,70.005351,-1,16,0,1662,24,0,690,1783,0,186,5.938464,3.107612,3.107612,1.000000,0.743676,-1,-1,-1,-1,-1,0.067356
76950,410,0,18616,45.404878,0.000000,30.000000,-1,70.057209,70.057209,-1,20,0,1732,14,0,709,1937,0,226,5.751459,2.990933,2.990933,1.000000,0.728735,-1,-1,-1,-1,-1,0.065873
76960,408,0,18693,45.816176,0.000000,30.000000,-1,70.073396,70.073396,-1,18,0,1794,19,0,681,2152,0,225,5.772036,3.037838,3.037838,1.000000,0.737801,-1,-1,-1,-1,-1,0.066305
76970,427,0,19165,44.882904,0.000000,30.000000,-1,70.056196,70.056196,-1,17,0,2047,23,0,667,1908,0,196,5.430115,2.722333,2.722333,1.000000,0.730423,-1,-1,-1,-1,-1,0.060654
76980,410,0,18738,45.702439,0.000000,30.000000,-1,70.042000,70.042000,-1,21,0,1645,24,0,719,1974,0,251,5.235972,2.769312,2.769312,1.000000,0.725847,-1,-1,-1,-1,-1,0.060594
76990,421,0,19585,46.520190,0.000000,30.000000,-1,70.027981,70.027981,-1,11,0,1839,16,0,737,2173,0,140,5.467083,2.871227,2.871227,1.000000,0.748329,-1,-1,-1,-1,-1,0.061720
77000,426,0,18388,43.164319,0.000000,30.000000,-1,70.023113,70.023113,-1,36,0,1686,9,0,736,2275,0,456,5.783004,3.005057,3.005057,1.000000,0.706017,-1,-1,-1,-1,-1,0.069619
77010,382,0,17325,45.353403,0.000000,30.000000,-1,70.078153,70.078153,-1,18,0,1493,20,0,666,1597,0,193,5.987000,3.150248,3.150248,1.000000,0.726028,-1,-1,-1,-1,-1,0.069460
77020,409,0,18306,44.757946,0.000000,30.000000,-1,70.115044,70.115044,-1,24,0,1693,11,0,685,2410,0,305,5.880008,3.145722,3.145722,1.000000,0.726005,-1,-1,-1,-1,-1,0.070283
77030,403,0,18349,45.531017,0.000000,30.000000,-1,70.107962,70.107962,-1,19,0,1684,21,0,718,1905,0,238,5.510121,2.902204,2.902204,1.000000,0.729284,-1,-1,-1,-1,-1,0.063741
77040,407,0,18524,45.513514,0.000000,30.000000,-1,70.155852,70.155852,-1,16,0,1782,25,0,711,1732,0,187,5.348669,2.738613,2.738613,1.000000,0.729556,-1,-1,-1,-1,-1,0.060171
77050,415,0,18686,45.026506,0.000000,30.000000,-1,70.106283,70.106283,-1,23,0,1610,13,0,708,2024,0,275,5.438122,2.901408,2.901408,1.000000,0.730268,-1,-1,-1,-1,-1,0.064438
77060,420,0,18941,45.097619,0.000000,30.000000,-1,70.091442,70.091442,-1,24,0,1622,16,0,754,1744,0,318,5.491796,2.914213,2.914213,1.000000,0.723815,-1,-1,-1,-1,-1,0.064620
77070,412,0,18942,45.975728,0.000000,30.000000,-1,70.109017,70.109017,-1,23,0,1535,15,0,731,1752,0,311,5.635197,3.121738,3.121738,1.000000,0.722355,-1,-1,-1,-1,-1,0.067900
77080,416,0,19239,46.247596,0.000000,30.000000,-1,70.088830,70.088830,-1,19,0,1437,20,0,745,1592,0,262,5.527244,2.944711,2.944711,1.000000,0.729777,-1,-1,-1,-1,-1,0.063673
77090,390,0,17639,45.228205,0.000000,30.000000,-1,70.074551,70.074551,-1,17,0,1727,16,0,680,1666,0,228,5.748167,2.889318,2.889318,1.000000,0.718483,-1,-1,-1,-1,-1,0.063883
77100,394,0,18050,45.812183,0.000000,30.000000,-1,70.067091,70.067091,-1,18,0,1426,12,0,672,1722,0,220,5.610231,3.033714,3.033714,1.000000,0.737665,-1,-1,-1,-1,-1,0.066221
77110,409,0,18726,45.784841,0.000000,30.000000,-1,70.026754,70.026754,-1,14,0,1524,16,0,726,2166,0,165,5.892600,3.118344,3.118344,1.000000,0.750244,-1,-1,-1,-1,-1,0.068109
77120,389,0,17407,44.748072,0.000000,30.000000,-1,69.987993,69.987993,-1,21,0,1596,30,0,704,2129,0,252,5.673275,2.941856,2.941856,1.000000,0.731822,-1,-1,-1,-1,-1,0.065743
77130,401,0,17951,44.765586,0.000000,30.000000,-1,69.974709,69.974709,-1,21,0,1763,18,0,670,1855,0,234,5.704355,2.925142,2.925142,1.000000,0.726734,-1,-1,-1,-1,-1,0.065344
77140,418,0,18952,45.339713,0.000000,30.000000,-1,70.030234,70.030234,-1,24,0,1527,19,0,763,2137,0,278,5.417890,2.900292,2.900292,1.000000,0.724411,-1,-1,-1,-1,-1,0.063968
77150,404,0,18147,44.918317,0.000000,30.000000,-1,70.061388,70.061388,-1,17,0,1812,24,0,680,1910,0,213,5.563460,2.743588,2.743588,1.000000,0.734128,-1,-1,-1,-1,-1,0.061079
77160,356,0,16224,45.573034,0.000000,30.000000,-1,70.050542,70.050542,-1,18,0,1336,14,0,607,1913,0,239,5.917517,3.208219,3.208219,1.000000,0.733049,-1,-1,-1,-1,-1,0.070397
77170,374,0,17357,46.409091,0.000000,30.000000,-1,70.035432,70.035432,-1,12,0,1667,23,0,636,1789,0,137,6.083460,3.203528,3.203528,1.000000,0.747252,-1,-1,-1,-1,-1,0.069028
77180,391,0,17604,45.023018,0.000000,30.000000,-1,70.086401,70.086401,-1,15,0,1492,18,0,686,1931,0,179,5.674060,2.820399,2.820399,1.000000,0.732106,-1,-1,-1,-1,-1,0.062643
77190,396,0,18197,45.952020,0.000000,30.000000,-1,70.093257,70.093257,-1,16,0,1714,21,0,721,2004,0,221,5.852731,2.985292,2.985292,1.000000,0.722189,-1,-1,-1,-1,-1,0.064965
77200,402,0,18174,45.208955,0.000000,30.000000,-1,70.075768,70.075768,-1,21,0,1629,23,0,645,1951,0,266,5.787042,3.041553,3.041553,1.000000,0.722273,-1,-1,-1,-1,-1,0.067278
77210,394,0,17681,44.875635,0.000000,30.000000,-1,70.031503,70.031503,-1,25,0,1469,16,0,644,1763,0,316,5.531484,2.982173,2.982173,1.000000,0.728613,-1,-1,-1,-1,-1,0.066454
77220,401,0,18065,45.049875,0.000000,30.000000,-1,69.983836,69.983836,-1,23,0,1709,17,0,675,1713,0,271,5.625243,3.079784,3.079784,1.000000,0.731721,-1,-1,-1,-1,-1,0.068364
77230,414,0,18813,45.442029,0.000000,30.000000,-1,69.949450,69.949450,-1,24,0,1704,7,0,728,1630,0,314,5.734637,3.135043,3.135043,1.000000,0.736593,-1,-1,-1,-1,-1,0.068990
77240,408,0,18668,45.754902,0.000000,30.000000,-1,69.880062,69.880062,-1,16,0,1634,15,0,692,2212,0,212,5.739404,3.089670,3.089670,1.000000,0.737590,-1,-1,-1,-1,-1,0.067527
77250,394,0,17948,45.553299,0.000000,30.000000,-1,69.868899,69.868899,-1,23,0,1410,17,0,692,2104,0,310,5.790121,3.137967,3.137967,1.000000,0.730563,-1,-1,-1,-1,-1,0.068886
77260,399,0,18011,45.140351,0.000000,30.000000,-1,69.867248,69.867248,-1,25,0,1544,21,0,676,1878,0,311,5.893060,3.121142,3.121142,1.000000,0.720787,-1,-1,-1,-1,-1,0.069143
77270,412,0,18726,45.451456,0.000000,30.000000,-1,69.866870,69.866870,-1,22,0,1533,16,0,647,1713,0,286,5.771044,3.135913,3.135913,1.000000,0.736446,-1,-1,-1,-1,-1,0.068995
77280,415,0,18844,45.407229,0.000000,30.000000,-1,69.848440,69.848440,-1,18,0,1667,21,0,710,1937,0,211,5.516186,2.965741,2.965741,1.000000,0.750308,-1,-1,-1,-1,-1,0.065314
77290,407,0,18680,45.896806,0.000000,30.000000,-1,69.886296,69.886296,-1,17,0,1548,25,0,737,2009,0,236,5.615969,3.044965,3.044965,1.000000,0.742101,-1,-1,-1,-1,-1,0.066344
77300,420,0,19296,45.942857,0.000000,30.000000,-1,69.910085,69.910085,-1,15,0,1651,18,0,750,1943,0,180,5.615183,3.074840,3.074840,1.000000,0.753256,-1,-1,-1,-1,-1,0.066927
77310,436,0,19764,45.330275,0.000000,30.000000,-1,69.863995,69.863995,-1,21,0,1738,17,0,798,2199,0,262,5.493122,2.965375,2.965375,1.000000,0.742707,-1,-1,-1,-1,-1,0.065417
77320,447,0,19972,44.680089,0.000000,30.000000,-1,69.808031,69.808031,-1,24,0,1846,27,0,799,2078,0,331,5.186919,2.672639,2.672639,1.000000,0.735215,-1,-1,-1,-1,-1,0.059817
77330,423,0,19612,46.364066,0.000000,30.000000,-1,69.803947,69.803947,-1,18,0,1611,22,0,768,2169,0,206,5.254521,2.929764,2.929764,1.000000,0.751876,-1,-1,-1,-1,-1,0.063190
77340,416,0,19103,45.920673,0.000000,30.000000,-1,69.828090,69.828090,-1,18,0,1642,22,0,743,2078,0,213,5.584381,3.091901,3.091901,1.000000,0.746319,-1,-1,-1,-1,-1,0.067331
77350,398,0,17870,44.899497,0.000000,30.000000,-1,69.895132,69.895132,-1,17,0,1909,20,0,766,1687,0,216,5.719340,2.900127,2.900127,1.000000,0.742822,-1,-1,-1,-1,-1,0.064592
77360,392,0,17363,44.293367,0.000000,30.000000,-1,69.931291,69.931291,-1,33,0,1391,19,0,666,1424,0,418,5.880451,3.240298,3.240298,1.000000,0.712664,-1,-1,-1,-1,-1,0.073155
77370,402,0,18601,46.271144,0.000000,30.000000,-1,69.933444,69.933444,-1,14,0,1557,20,0,670,1878,0,192,5.447790,2.972904,2.972904,1.000000,0.747819,-1,-1,-1,-1,-1,0.064250
77380,407,0,18260,44.864865,0.000000,30.000000,-1,69.892771,69.892771,-1,24,0,1654,24,0,742,2013,0,323,5.494377,2.941682,2.941682,1.000000,0.736082,-1,-1,-1,-1,-1,0.065568
77390,417,0,19113,45.834532,0.000000,30.000000,-1,69.918171,69.918171,-1,25,0,1563,18,0,727,1755,0,306,5.723138,3.256878,3.256878,1.000000,0.743372,-1,-1,-1,-1,-1,0.071057
77400,412,0,18496,44.893204,0.000000,30.000000,-1,69.940636,69.940636,-1,23,0,1478,18,0,725,1901,0,282,5.328277,2.919873,2.919873,1.000000,0.736970,-1,-1,-1,-1,-1,0.065040
77410,391,0,17850,45.652174,0.000000,30.000000,-1,69.978319,69.978319,-1,13,0,1653,25,0,675,2254,0,143,5.597895,2.944549,2.944549,1.000000,0.746857,-1,-1,-1,-1,-1,0.064500
77420,408,0,18014,44.151961,0.000000,30.000000,-1,69.966471,69.966471,-1,27,0,1637,16,0,691,1704,0,345,5.513597,2.954190,2.954190,1.000000,0.727727,-1,-1,-1,-1,-1,0.066910
77430,401,0,18735,46.720698,0.000000,30.000000,-1,69.913050,69.913050,-1,11,0,1685,20,0,667,1710,0,135,5.794068,3.104519,3.104519,1.000000,0.754683,-1,-1,-1,-1,-1,0.066448
77440,417,0,18919,45.369305,0.000000,30.000000,-1,69.976373,69.976373,-1,19,0,1642,11,0,781,2389,0,252,5.631709,2.998416,2.998416,1.000000,0.748759,-1,-1,-1,-1,-1,0.066089
77450,398,0,18178,45.673367,0.000000,30.000000,-1,69.992133,69.992133,-1,24,0,1457,23,0,727,1864,0,296,5.387311,2.992325,2.992325,1.000000,0.737540,-1,-1,-1,-1,-1,0.065516
77460,431,0,19571,45.408353,0.000000,30.000000,-1,69.955189,69.955189,-1,22,0,1771,16,0,802,1996,0,322,5.489847,2.960858,2.960858,1.000000,0.746715,-1,-1,-1,-1,-1,0.065205
77470,408,0,18825,46.139706,0.000000,30.000000,-1,69.923081,69.923081,-1,14,0,1453,19,0,726,1433,0,170,5.529911,3.066593,3.066593,1.000000,0.768423,-1,-1,-1,-1,-1,0.066463
77480,429,0,19438,45.310023,0.000000,30.000000,-1,69.924529,69.924529,-1,22,0,1551,22,0,767,1598,0,283,5.313313,3.042665,3.042665,1.000000,0.750042,-1,-1,-1,-1,-1,0.067152
77490,412,0,18925,45.934466,0.000000,30.000000,-1,69.925918,69.925918,-1,15,0,1655,14,0,691,2193,0,204,5.518904,2.959367,2.959367,1.000000,0.744589,-1,-1,-1,-1,-1,0.064426
77500,427,0,19378,45.381733,0.000000,30.000000,-1,69.956962,69.956962,-1,20,0,1640,15,0,711,2011,0,256,5.201232,2.817801,2.817801,1.000000,0.738365,-1,-1,-1,-1,-1,0.062091
77510,396,0,18605,46.982323,0.000000,30.000000,-1,69.963504,69.963504,-1,12,0,1390,18,0,785,1772,0,155,5.773410,3.153839,3.153839,1.000000,0.759057,-1,-1,-1,-1,-1,0.067128
77520,405,0,18673,46.106173,0.000000,30.000000,-1,69.978954,69.978954,-1,15,0,1562,12,0,688,1747,0,197,5.512991,3.126280,3.126280,1.000000,0.762139,-1,-1,-1,-1,-1,0.067806
77530,396,0,18350,46.338384,0.000000,30.000000,-1,70.019782,70.019782,-1,19,0,1724,14,0,702,1889,0,238,6.019574,3.357390,3.357390,1.000000,0.752320,-1,-1,-1,-1,-1,0.072454
77540,415,0,18845,45.409639,0.000000,30.000000,-1,70.029716,70.029716,-1,18,0,1775,12,0,708,1988,0,226,5.603137,3.000420,3.000420,1.000000,0.747108,-1,-1,-1,-1,-1,0.066075
77550,399,0,18262,45.769424,0.000000,30.000000,-1,70.029624,70.029624,-1,18,0,1536,25,0,671,2096,0,226,5.456920,2.902491,2.902491,1.000000,0.733351,-1,-1,-1,-1,-1,0.063415
77560,398,0,18013,45.258794,0.000000,30.000000,-1,70.018598,70.018598,-1,18,0,1520,16,0,703,1740,0,233,5.702674,3.014842,3.014842,1.000000,0.733274,-1,-1,-1,-1,-1,0.066613
77570,412,0,18178,44.121359,0.000000,30.000000,-1,69.971284,69.971284,-1,27,0,1708,24,0,680,1712,0,348,5.653315,2.918460,2.918460,1.000000,0.721041,-1,-1,-1,-1,-1,0.066146
77580,408,0,18502,45.348039,0.000000,30.000000,-1,69.998379,69.998379,-1,21,0,1597,22,0,760,2392,0,254,5.805242,3.159160,3.159160,1.000000,0.736679,-1,-1,-1,-1,-1,0.069665
77590,398,0,18366,46.145729,0.000000,30.000000,-1,70.009365,70.009365,-1,15,0,1549,21,0,715,1932,0,207,5.399873,2.894695,2.894695,1.000000,0.737509,-1,-1,-1,-1,-1,0.062729
77600,405,0,18837,46.511111,0.000000,30.000000,-1,70.052928,70.052928,-1,10,0,1663,24,0,722,1747,0,123,5.534522,2.958129,2.958129,1.000000,0.757057,-1,-1,-1,-1,-1,0.063600
77610,422,0,19270,45.663507,0.000000,30.000000,-1,70.037364,70.037364,-1,14,0,1877,12,0,812,2396,0,181,5.686195,2.952317,2.952317,1.000000,0.754212,-1,-1,-1,-1,-1,0.064654
77620,414,0,18938,45.743961,0.000000,30.000000,-1,70.072817,70.072817,-1,17,0,1830,20,0,660,2177,0,224,5.578787,2.999428,2.999428,1.000000,0.746534,-1,-1,-1,-1,-1,0.065570
77630,407,0,18581,45.653563,0.000000,30.000000,-1,70.117593,70.117593,-1,17,0,1720,17,0,711,1962,0,195,5.502140,2.962233,2.962233,1.000000,0.751231,-1,-1,-1,-1,-1,0.064885
77640,386,0,17458,45.227979,0.000000,30.000000,-1,70.171555,70.171555,-1,21,0,1467,19,0,614,1896,0,277,5.624155,3.109870,3.109870,1.000000,0.741842,-1,-1,-1,-1,-1,0.068760
77650,407,0,18839,46.287469,0.000000,30.000000,-1,70.177451,70.177451,-1,19,0,1556,13,0,691,1974,0,244,5.464762,3.083150,3.083150,1.000000,0.757295,-1,-1,-1,-1,-1,0.066609
77660,422,0,19093,45.244076,0.000000,30.000000,-1,70.196302,70.196302,-1,20,0,1892,19,0,756,2224,0,266,5.512981,2.960652,2.960652,1.000000,0.746139,-1,-1,-1,-1,-1,0.065437
77670,388,0,17993,46.373711,0.000000,30.000000,-1,70.236481,70.236481,-1,12,0,1496,19,0,645,2133,0,135,5.935340,3.199294,3.199294,1.000000,0.757931,-1,-1,-1,-1,-1,0.068989
77680,374,0,16905,45.200535,0.000000,30.000000,-1,70.247087,70.247087,-1,18,0,1555,25,0,595,1517,0,216,5.946137,3.258090,3.258090,1.000000,0.744727,-1,-1,-1,-1,-1,0.072081
77690,397,0,18241,45.947103,0.000000,30.000000,-1,70.255140,70.255140,-1,17,0,1550,15,0,705,1991,0,204,5.740233,3.099378,3.099378,1.000000,0.748299,-1,-1,-1,-1,-1,0.067455
77700,420,0,19360,46.095238,0.000000,30.000000,-1,70.257231,70.257231,-1,16,0,1617,13,0,738,1880,0,204,5.471568,2.979792,2.979792,1.000000,0.756659,-1,-1,-1,-1,-1,0.064644
77710,430,0,19316,44.920930,0.000000,30.000000,-1,70.264392,70.264392,-1,22,0,1824,22,0,738,2086,0,280,5.306516,2.762088,2.762088,1.000000,0.728711,-1,-1,-1,-1,-1,0.061488
77720,405,0,18803,46.427160,0.000000,30.000000,-1,70.303781,70.303781,-1,20,0,1300,20,0,779,1966,0,229,5.260148,2.984414,2.984414,1.000000,0.744354,-1,-1,-1,-1,-1,0.064282
77730,394,0,17997,45.677665,0.000000,30.000000,-1,70.330611,70.330611,-1,22,0,1593,21,0,712,1897,0,289,5.537530,3.049248,3.049248,1.000000,0.739893,-1,-1,-1,-1,-1,0.066756
77740,399,0,18306,45.879699,0.000000,30.000000,-1,70.340489,70.340489,-1,19,0,1549,13,0,679,2096,0,229,5.583752,3.107679,3.107679,1.000000,0.746079,-1,-1,-1,-1,-1,0.067735
77750,404,0,18483,45.750000,0.000000,30.000000,-1,70.360764,70.360764,-1,19,0,1676,14,0,754,1832,0,228,5.829229,3.117966,3.117966,1.000000,0.745319,-1,-1,-1,-1,-1,0.068152
77760,397,0,18487,46.566751,0.000000,30.000000,-1,70.417861,70.417861,-1,15,0,1600,24,0,754,1802,0,188,5.870014,3.181084,3.181084,1.000000,0.752059,-1,-1,-1,-1,-1,0.068312
77770,400,0,18508,46.270000,0.000000,30.000000,-1,70.433758,70.433758,-1,12,0,1601,20,0,730,2265,0,153,5.396845,2.887917,2.887917,1.000000,0.758096,-1,-1,-1,-1,-1,0.062414
77780,397,0,18226,45.909320,0.000000,30.000000,-1,70.370350,70.370350,-1,15,0,1759,21,0,736,1800,0,189,5.502123,2.836548,2.836548,1.000000,0.740844,-1,-1,-1,-1,-1,0.061786
77790,405,0,18495,45.666667,0.000000,30.000000,-1,70.338145,70.338145,-1,13,0,1779,10,0,702,2037,0,177,5.602611,2.873638,2.873638,1.000000,0.744057,-1,-1,-1,-1,-1,0.062926
77800,420,0,18976,45.180952,0.000000,30.000000,-1,70.314924,70.314924,-1,22,0,1762,18,0,748,2291,0,281,5.543632,2.877797,2.877797,1.000000,0.746477,-1,-1,-1,-1,-1,0.063695
77810,400,0,18648,46.620000,0.000000,30.000000,-1,70.299067,70.299067,-1,16,0,1869,23,0,736,1375,0,191,6.031302,3.289532,3.289532,1.000000,0.751566,-1,-1,-1,-1,-1,0.070561
77820,389,0,17865,45.925450,0.000000,30.000000,-1,70.264596,70.264596,-1,21,0,1263,17,0,688,1604,0,258,5.830485,3.361950,3.361950,1.000000,0.750957,-1,-1,-1,-1,-1,0.073205
77830,413,0,18966,45.922518,0.000000,30.000000,-1,70.283613,70.283613,-1,15,0,1779,13,0,719,1528,0,199,5.397246,2.948655,2.948655,1.000000,0.765613,-1,-1,-1,-1,-1,0.064209
77840,405,0,18617,45.967901,0.000000,30.000000,-1,70.329645,70.329645,-1,18,0,1738,16,0,745,2086,0,226,5.773859,3.083519,3.083519,1.000000,0.751868,-1,-1,-1,-1,-1,0.067080
77850,415,0,18943,45.645783,0.000000,30.000000,-1,70.322177,70.322177,-1,18,0,1528,16,0,712,2039,0,219,5.409754,2.958232,2.958232,1.000000,0.755209,-1,-1,-1,-1,-1,0.064808
77860,413,0,18961,45.910412,0.000000,30.000000,-1,70.248246,70.248246,-1,14,0,1883,28,0,748,1917,0,180,5.497743,2.965188,2.965188,1.000000,0.761479,-1,-1,-1,-1,-1,0.064586
77870,406,0,18687,46.027094,0.000000,30.000000,-1,70.224167,70.224167,-1,13,0,1640,20,0,686,2123,0,159,5.267589,2.858613,2.858613,1.000000,0.759821,-1,-1,-1,-1,-1,0.062107
77880,397,0,18250,45.969773,0.000000,30.000000,-1,70.290630,70.290630,-1,21,0,1435,19,0,688,1711,0,277,5.708025,3.270384,3.270384,1.000000,0.755394,-1,-1,-1,-1,-1,0.071142
77890,404,0,18723,46.344059,0.000000,30.000000,-1,70.298991,70.298991,-1,15,0,1456,17,0,769,1485,0,192,5.642195,3.198799,3.198799,1.000000,0.765667,-1,-1,-1,-1,-1,0.069023
77900,397,0,18149,45.715365,0.000000,30.000000,-1,70.254945,70.254945,-1,16,0,1740,21,0,737,1870,0,204,5.597329,3.033113,3.033113,1.000000,0.759666,-1,-1,-1,-1,-1,0.066348
77910,413,0,18577,44.980630,0.000000,30.000000,-1,70.252678,70.252678,-1,25,0,1819,18,0,766,2051,0,290,5.624878,3.017575,3.017575,1.000000,0.742989,-1,-1,-1,-1,-1,0.067086
77920,401,0,18311,45.663342,0.000000,30.000000,-1,70.293212,70.293212,-1,17,0,1716,24,0,657,1639,0,228,5.818523,3.102508,3.102508,1.000000,0.752660,-1,-1,-1,-1,-1,0.067943
77930,409,0,18467,45.151589,0.000000,30.000000,-1,70.334922,70.334922,-1,20,0,1696,24,0,706,2104,0,242,5.626575,3.041023,3.041023,1.000000,0.749295,-1,-1,-1,-1,-1,0.067351
77940,414,0,19031,45.968599,0.000000,30.000000,-1,70.281751,70.281751,-1,13,0,1877,21,0,724,1657,0,138,5.534546,2.999443,2.999443,1.000000,0.769097,-1,-1,-1,-1,-1,0.065250
77950,413,0,18390,44.527845,0.000000,30.000000,-1,70.278738,70.278738,-1,27,0,1735,19,0,725,2000,0,364,5.530213,2.981490,2.981490,1.000000,0.733501,-1,-1,-1,-1,-1,0.066958
77960,398,0,18499,46.479899,0.000000,30.000000,-1,70.271420,70.271420,-1,18,0,1568,23,0,688,1819,0,229,5.726021,3.170486,3.170486,1.000000,0.750293,-1,-1,-1,-1,-1,0.068212
77970,429,0,19672,45.855478,0.000000,30.000000,-1,70.318829,70.318829,-1,19,0,1585,20,0,747,1767,0,240,5.546875,3.040815,3.040815,1.000000,0.741969,-1,-1,-1,-1,-1,0.066313
77980,416,0,18908,45.451923,0.000000,30.000000,-1,70.301618,70.301618,-1,16,0,1669,13,0,750,1995,0,197,5.672570,2.924442,2.924442,1.000000,0.751340,-1,-1,-1,-1,-1,0.064341
77990,424,0,19461,45.898585,0.000000,30.000000,-1,70.274035,70.274035,-1,18,0,1493,17,0,756,2081,0,207,5.527322,3.049048,3.049048,1.000000,0.753810,-1,-1,-1,-1,-1,0.066430
78000,414,0,18489,44.659420,0.000000,30.000000,-1,70.281573,70.281573,-1,26,0,1614,16,0,688,1615,0,309,5.478200,3.000866,3.000866,1.000000,0.728924,-1,-1,-1,-1,-1,0.067194
78010,417,0,18904,45.333333,0.000000,30.000000,-1,70.246773,70.246773,-1,18,0,1714,16,0,736,1670,0,227,5.532804,3.019668,3.019668,1.000000,0.761441,-1,-1,-1,-1,-1,0.066610
78020,391,0,18232,46.629156,0.000000,30.000000,-1,70.224824,70.224824,-1,11,0,1776,9,0,716,2031,0,124,5.716190,3.106608,3.106608,1.000000,0.768401,-1,-1,-1,-1,-1,0.066624
78030,395,0,17813,45.096203,0.000000,30.000000,-1,70.237916,70.237916,-1,18,0,1615,20,0,680,1981,0,237,5.413086,2.942490,2.942490,1.000000,0.752625,-1,-1,-1,-1,-1,0.065249
78040,395,0,18099,45.820253,0.000000,30.000000,-1,70.258633,70.258633,-1,16,0,1602,24,0,673,2184,0,221,5.795073,3.177400,3.177400,1.000000,0.759848,-1,-1,-1,-1,-1,0.069345
78050,402,0,17836,44.368159,0.000000,30.000000,-1,70.259643,70.259643,-1,30,0,1473,17,0,675,1711,0,359,5.555779,3.144648,3.144648,1.000000,0.735799,-1,-1,-1,-1,-1,0.070876
78060,418,0,18885,45.179426,0.000000,30.000000,-1,70.177442,70.177442,-1,22,0,1750,23,0,773,1918,0,265,5.430450,2.910516,2.910516,1.000000,0.738259,-1,-1,-1,-1,-1,0.064421
78070,391,0,17750,45.396419,0.000000,30.000000,-1,70.240056,70.240056,-1,22,0,1564,24,0,694,1977,0,263,5.546238,3.068425,3.068425,1.000000,0.746189,-1,-1,-1,-1,-1,0.067592
78080,401,0,18481,46.087282,0.000000,30.000000,-1,70.253233,70.253233,-1,15,0,1859,15,0,659,1940,0,201,5.892682,3.109812,3.109812,1.000000,0.752244,-1,-1,-1,-1,-1,0.067477
78090,402,0,18137,45.116915,0.000000,30.000000,-1,70.228759,70.228759,-1,26,0,1488,15,0,720,1926,0,300,5.579440,3.085213,3.085213,1.000000,0.733536,-1,-1,-1,-1,-1,0.068383
78100,402,0,18349,45.644279,0.000000,30.000000,-1,70.261704,70.261704,-1,16,0,1886,17,0,630,2053,0,211,5.685951,3.000438,3.000438,1.000000,0.759178,-1,-1,-1,-1,-1,0.065735
78110,409,0,18837,46.056235,0.000000,30.000000,-1,70.261931,70.261931,-1,19,0,1636,17,0,671,2497,0,216,5.854529,3.301135,3.301135,1.000000,0.761625,-1,-1,-1,-1,-1,0.071676
78120,433,0,19754,45.621247,0.000000,30.000000,-1,70.271337,70.271337,-1,19,0,1982,18,0,853,1707,0,228,5.327174,2.862587,2.862587,1.000000,0.757245,-1,-1,-1,-1,-1,0.062747
78130,420,0,19251,45.835714,0.000000,30.000000,-1,70.236403,70.236403,-1,19,0,1593,19,0,744,2131,0,214,5.707605,3.226522,3.226522,1.000000,0.760128,-1,-1,-1,-1,-1,0.070393
78140,408,0,18665,45.747549,0.000000,30.000000,-1,70.212055,70.212055,-1,18,0,1688,20,0,698,1683,0,223,5.635514,3.061614,3.061614,1.000000,0.748304,-1,-1,-1,-1,-1,0.066924
78150,405,0,18400,45.432099,0.000000,30.000000,-1,70.250924,70.250924,-1,22,0,1571,16,0,720,1943,0,296,5.523026,3.107662,3.107662,1.000000,0.753777,-1,-1,-1,-1,-1,0.068402
78160,405,0,18078,44.637037,0.000000,30.000000,-1,70.215068,70.215068,-1,21,0,1810,20,0,708,1914,0,265,5.414760,2.980184,2.980184,1.000000,0.750230,-1,-1,-1,-1,-1,0.066765
78170,400,0,18230,45.575000,0.000000,30.000000,-1,70.235656,70.235656,-1,19,0,1561,23,0,681,1957,0,230,5.498982,3.027685,3.027685,1.000000,0.756959,-1,-1,-1,-1,-1,0.066433
78180,399,0,17985,45.075188,0.000000,30.000000,-1,70.227078,70.227078,-1,19,0,1726,19,0,709,1975,0,258,5.526741,2.926058,2.926058,1.000000,0.751489,-1,-1,-1,-1,-1,0.064915
78190,429,0,19553,45.578089,0.000000,30.000000,-1,70.302000,70.302000,-1,19,0,1838,17,0,778,2057,0,243,5.528279,2.994088,2.994088,1.000000,0.755600,-1,-1,-1,-1,-1,0.065691
78200,409,0,18772,45.897311,0.000000,30.000000,-1,70.338802,70.338802,-1,16,0,1716,13,0,715,1836,0,204,5.723403,3.133972,3.133972,1.000000,0.769113,-1,-1,-1,-1,-1,0.068282
78210,405,0,18267,45.103704,0.000000,30.000000,-1,70.358570,70.358570,-1,29,0,1420,20,0,661,2215,0,354,5.475893,3.068551,3.068551,1.000000,0.726201,-1,-1,-1,-1,-1,0.068033
78220,408,0,18416,45.137255,0.000000,30.000000,-1,70.370547,70.370547,-1,23,0,1728,21,0,707,1990,0,294,5.667173,3.099751,3.099751,1.000000,0.742082,-1,-1,-1,-1,-1,0.068674
78230,407,0,18593,45.683047,0.000000,30.000000,-1,70.384284,70.384284,-1,18,0,1638,25,0,731,2024,0,225,5.677697,3.004414,3.004414,1.000000,0.749551,-1,-1,-1,-1,-1,0.065767
78240,420,0,19003,45.245238,0.000000,30.000000,-1,70.409251,70.409251,-1,21,0,1648,15,0,723,1548,0,245,5.387673,2.932508,2.932508,1.000000,0.744390,-1,-1,-1,-1,-1,0.064814
78250,417,0,18813,45.115108,0.000000,30.000000,-1,70.422793,70.422793,-1,23,0,1896,13,0,777,1683,0,292,5.577470,2.941544,2.941544,1.000000,0.733885,-1,-1,-1,-1,-1,0.065201
78260,418,0,19251,46.055024,0.000000,30.000000,-1,70.432549,70.432549,-1,18,0,1805,17,0,693,2308,0,238,5.726941,3.060140,3.060140,1.000000,0.743132,-1,-1,-1,-1,-1,0.066445
78270,420,0,19693,46.888095,0.000000,30.000000,-1,70.433809,70.433809,-1,13,0,1851,12,0,743,2312,0,155,5.675775,3.032162,3.032162,1.000000,0.747956,-1,-1,-1,-1,-1,0.064668
78280,422,0,19279,45.684834,0.000000,30.000000,-1,70.465066,70.465066,-1,18,0,1740,18,0,761,2080,0,212,5.527038,2.904016,2.904016,1.000000,0.741791,-1,-1,-1,-1,-1,0.063566
78290,417,0,19194,46.028777,0.000000,30.000000,-1,70.502761,70.502761,-1,19,0,1635,17,0,750,1764,0,250,5.463637,2.970073,2.970073,1.000000,0.740205,-1,-1,-1,-1,-1,0.064526
78300,405,0,18524,45.738272,0.000000,30.000000,-1,70.547722,70.547722,-1,18,0,1935,18,0,696,1663,0,229,5.900759,3.063732,3.063732,1.000000,0.739713,-1,-1,-1,-1,-1,0.066984
78310,405,0,18793,46.402469,0.000000,30.000000,-1,70.544831,70.544831,-1,14,0,1741,13,0,747,1910,0,182,5.583916,2.926019,2.926019,1.000000,0.747302,-1,-1,-1,-1,-1,0.063057
78320,392,0,17670,45.076531,0.000000,30.000000,-1,70.575099,70.575099,-1,22,0,1539,20,0,660,2051,0,288,5.698207,3.061511,3.061511,1.000000,0.742505,-1,-1,-1,-1,-1,0.067918
78330,399,0,18128,45.433584,0.000000,30.000000,-1,70.635591,70.635591,-1,20,0,1609,18,0,727,1897,0,233,5.398498,2.940306,2.940306,1.000000,0.746551,-1,-1,-1,-1,-1,0.064717
78340,367,0,16762,45.673025,0.000000,30.000000,-1,70.643658,70.643658,-1,21,0,1491,23,0,638,1301,0,243,6.073615,3.358784,3.358784,1.000000,0.738333,-1,-1,-1,-1,-1,0.073540
78350,386,0,17795,46.101036,0.000000,30.000000,-1,70.686766,70.686766,-1,20,0,1616,12,0,683,2045,0,246,6.015068,3.263985,3.263985,1.000000,0.745536,-1,-1,-1,-1,-1,0.070801
78360,396,0,18213,45.992424,0.000000,30.000000,-1,70.643826,70.643826,-1,18,0,1713,26,0,699,2002,0,227,5.670705,3.106231,3.106231,1.000000,0.744544,-1,-1,-1,-1,-1,0.067538
78370,412,0,18981,46.070388,0.000000,30.000000,-1,70.625151,70.625151,-1,11,0,1708,18,0,675,2116,0,148,5.382424,2.869772,2.869772,1.000000,0.760100,-1,-1,-1,-1,-1,0.062291
78380,384,0,17417,45.356771,0.000000,30.000000,-1,70.624505,70.624505,-1,18,0,1537,19,0,681,1905,0,221,5.564539,3.021398,3.021398,1.000000,0.744466,-1,-1,-1,-1,-1,0.066614
78390,415,0,18921,45.592771,0.000000,30.000000,-1,70.557951,70.557951,-1,20,0,1643,21,0,680,1864,0,259,5.565143,2.978632,2.978632,1.000000,0.748938,-1,-1,-1,-1,-1,0.065331
78400,411,0,18794,45.727494,0.000000,30.000000,-1,70.569384,70.569384,-1,18,0,1410,23,0,723,2046,0,221,5.263100,2.918455,2.918455,1.000000,0.748277,-1,-1,-1,-1,-1,0.063823
78410,398,0,18247,45.846734,0.000000,30.000000,-1,70.533403,70.533403,-1,17,0,1543,10,0,732,2102,0,207,5.722472,3.109067,3.109067,1.000000,0.744491,-1,-1,-1,-1,-1,0.067814
78420,395,0,18086,45.787342,0.000000,30.000000,-1,70.500332,70.500332,-1,16,0,1843,20,0,703,1927,0,211,5.416253,2.889414,2.889414,1.000000,0.744315,-1,-1,-1,-1,-1,0.063105
78430,383,0,17611,45.981723,0.000000,30.000000,-1,70.521435,70.521435,-1,17,0,1573,6,0,606,1939,0,221,5.887818,3.202323,3.202323,1.000000,0.743188,-1,-1,-1,-1,-1,0.069643
78440,398,0,18409,46.253769,0.000000,30.000000,-1,70.577489,70.577489,-1,12,0,1598,18,0,682,1869,0,140,5.402244,2.885146,2.885146,1.000000,0.755254,-1,-1,-1,-1,-1,0.062376
78450,393,0,17794,45.277354,0.000000,30.000000,-1,70.573677,70.573677,-1,15,0,1847,21,0,666,1986,0,166,5.768704,2.924256,2.924256,1.000000,0.746791,-1,-1,-1,-1,-1,0.064585
78460,399,0,17338,43.453634,0.000000,30.000000,-1,70.570250,70.570250,-1,36,0,1445,18,0,631,2003,0,456,5.483509,2.991488,2.991488,1.000000,0.706385,-1,-1,-1,-1,-1,0.068843
78470,413,0,19236,46.576271,0.000000,30.000000,-1,70.505822,70.505822,-1,13,0,1611,20,0,720,2346,0,150,5.495869,2.928436,2.928436,1.000000,0.743852,-1,-1,-1,-1,-1,0.062874
78480,393,0,17974,45.735369,0.000000,30.000000,-1,70.475242,70.475242,-1,13,0,1850,21,0,735,1612,0,164,5.764423,2.971673,2.971673,1.000000,0.745816,-1,-1,-1,-1,-1,0.064975
78490,388,0,17828,45.948454,0.000000,30.000000,-1,70.495232,70.495232,-1,16,0,1616,13,0,614,1803,0,228,5.768746,3.108033,3.108033,1.000000,0.749383,-1,-1,-1,-1,-1,0.067642
78500,399,0,18099,45.360902,0.000000,30.000000,-1,70.499862,70.499862,-1,19,0,1622,13,0,732,1869,0,256,5.830139,3.111441,3.111441,1.000000,0.741922,-1,-1,-1,-1,-1,0.068593
78510,406,0,18554,45.699507,0.000000,30.000000,-1,70.466368,70.466368,-1,18,0,1723,21,0,714,2080,0,234,5.707437,2.903753,2.903753,1.000000,0.738168,-1,-1,-1,-1,-1,0.063540
78520,398,0,18451,46.359296,0.000000,30.000000,-1,70.438242,70.438242,-1,14,0,1544,20,0,705,1740,0,186,5.463486,2.889111,2.889111,1.000000,0.742261,-1,-1,-1,-1,-1,0.062320
78530,399,0,18209,45.636591,0.000000,30.000000,-1,70.436268,70.436268,-1,16,0,1735,23,0,690,1846,0,198,5.511045,2.900201,2.900201,1.000000,0.734553,-1,-1,-1,-1,-1,0.063550
78540,401,0,18223,45.443890,0.000000,30.000000,-1,70.444822,70.444822,-1,17,0,1786,23,0,707,1998,0,224,5.575367,2.933005,2.933005,1.000000,0.740345,-1,-1,-1,-1,-1,0.064541
78550,398,0,18244,45.839196,0.000000,30.000000,-1,70.445023,70.445023,-1,22,0,1632,14,0,737,1810,0,300,5.696495,3.008339,3.008339,1.000000,0.720691,-1,-1,-1,-1,-1,0.065628
78560,411,0,18866,45.902676,0.000000,30.000000,-1,70.478851,70.478851,-1,19,0,1643,18,0,718,1898,0,246,5.416880,2.924216,2.924216,1.000000,0.740441,-1,-1,-1,-1,-1,0.063705
78570,393,0,17906,45.562341,0.000000,30.000000,-1,70.535295,70.535295,-1,17,0,1770,19,0,713,1629,0,216,5.813864,3.101318,3.101318,1.000000,0.738276,-1,-1,-1,-1,-1,0.068068
78580,380,0,17556,46.200000,0.000000,30.000000,-1,70.583903,70.583903,-1,12,0,1602,20,0,663,1575,0,145,5.632114,2.975154,2.975154,1.000000,0.745174,-1,-1,-1,-1,-1,0.064397
78590,385,0,17648,45.838961,0.000000,30.000000,-1,70.558987,70.558987,-1,15,0,1590,21,0,658,1789,0,205,5.975273,3.108771,3.108771,1.000000,0.739874,-1,-1,-1,-1,-1,0.067819
78600,393,0,17911,45.575064,0.000000,30.000000,-1,70.566468,70.566468,-1,19,0,1448,16,0,690,1380,0,231,5.787835,3.139222,3.139222,1.000000,0.734890,-1,-1,-1,-1,-1,0.068880
78610,394,0,17544,44.527919,0.000000,30.000000,-1,70.595645,70.595645,-1,22,0,1526,7,0,615,2144,0,273,5.954002,3.192843,3.192843,1.000000,0.735094,-1,-1,-1,-1,-1,0.071704
78620,407,0,18031,44.302211,0.000000,30.000000,-1,70.597305,70.597305,-1,27,0,1605,13,0,713,1783,0,330,5.819233,3.096410,3.096410,1.000000,0.720603,-1,-1,-1,-1,-1,0.069893
78630,393,0,17908,45.567430,0.000000,30.000000,-1,70.641948,70.641948,-1,21,0,1610,15,0,673,1660,0,256,5.618756,3.009379,3.009379,1.000000,0.736277,-1,-1,-1,-1,-1,0.066042
78640,389,0,17714,45.537275,0.000000,30.000000,-1,70.623744,70.623744,-1,17,0,1766,24,0,662,2131,0,224,6.148598,3.165333,3.165333,1.000000,0.735087,-1,-1,-1,-1,-1,0.069511
78650,404,0,18256,45.188119,0.000000,30.000000,-1,70.588409,70.588409,-1,22,0,1521,20,0,657,1981,0,276,5.532452,2.896591,2.896591,1.000000,0.725743,-1,-1,-1,-1,-1,0.064101
78660,396,0,18048,45.575758,0.000000,30.000000,-1,70.647662,70.647662,-1,16,0,1518,21,0,657,1569,0,190,5.661327,3.071838,3.071838,1.000000,0.742341,-1,-1,-1,-1,-1,0.067401
78670,395,0,18268,46.248101,0.000000,30.000000,-1,70.647526,70.647526,-1,15,0,1543,19,0,714,2140,0,187,5.641564,3.058255,3.058255,1.000000,0.747954,-1,-1,-1,-1,-1,0.066127
78680,403,0,18121,44.965261,0.000000,30.000000,-1,70.666851,70.666851,-1,22,0,1804,20,0,719,1976,0,276,5.677349,2.995935,2.995935,1.000000,0.726453,-1,-1,-1,-1,-1,0.066628
78690,406,0,18399,45.317734,0.000000,30.000000,-1,70.659601,70.659601,-1,27,0,1494,18,0,709,1943,0,333,5.725282,3.023956,3.023956,1.000000,0.714027,-1,-1,-1,-1,-1,0.066728
78700,414,0,18293,44.185990,0.000000,30.000000,-1,70.586290,70.586290,-1,25,0,1544,14,0,711,2159,0,310,5.559222,2.981841,2.981841,1.000000,0.726505,-1,-1,-1,-1,-1,0.067484
78710,406,0,18301,45.076355,0.000000,30.000000,-1,70.590241,70.590241,-1,24,0,1663,22,0,708,2111,0,304,5.618229,2.979120,2.979120,1.000000,0.718349,-1,-1,-1,-1,-1,0.066091
78720,418,0,19005,45.466507,0.000000,30.000000,-1,70.597211,70.597211,-1,18,0,1845,16,0,742,1512,0,219,5.753390,2.983908,2.983908,1.000000,0.743757,-1,-1,-1,-1,-1,0.065629
78730,425,0,19510,45.905882,0.000000,30.000000,-1,70.616863,70.616863,-1,14,0,1966,19,0,727,2085,0,185,5.483995,2.780318,2.780318,1.000000,0.746922,-1,-1,-1,-1,-1,0.060566
78740,425,0,19313,45.442353,0.000000,30.000000,-1,70.650857,70.650857,-1,18,0,1894,25,0,735,2281,0,222,5.257977,2.730258,2.730258,1.000000,0.738253,-1,-1,-1,-1,-1,0.060082
78750,408,0,18778,46.024510,0.000000,30.000000,-1,70.686335,70.686335,-1,15,0,1743,22,0,731,2196,0,196,5.768721,3.083053,3.083053,1.000000,0.749933,-1,-1,-1,-1,-1,0.066987
78760,409,0,18982,46.410758,0.000000,30.000000,-1,70.691234,70.691234,-1,14,0,1852,23,0,675,1306,0,172,5.400233,2.883618,2.883618,1.000000,0.749174,-1,-1,-1,-1,-1,0.062133
78770,390,0,18086,46.374359,0.000000,30.000000,-1,70.691363,70.691363,-1,13,0,1673,23,0,712,1933,0,162,5.854807,3.111554,3.111554,1.000000,0.741211,-1,-1,-1,-1,-1,0.067096
78780,394,0,18064,45.847716,0.000000,30.000000,-1,70.655447,70.655447,-1,16,0,1500,13,0,668,1431,0,194,5.662601,3.122993,3.122993,1.000000,0.754869,-1,-1,-1,-1,-1,0.068117
78790,408,0,18509,45.365196,0.000000,30.000000,-1,70.673834,70.673834,-1,23,0,1671,16,0,766,2330,0,285,5.709179,3.117034,3.117034,1.000000,0.726900,-1,-1,-1,-1,-1,0.068710
78800,391,0,18010,46.061381,0.000000,30.000000,-1,70.649861,70.649861,-1,17,0,1404,20,0,733,1869,0,204,5.849203,3.221921,3.221921,1.000000,0.741861,-1,-1,-1,-1,-1,0.069948
78810,397,0,18059,45.488665,0.000000,30.000000,-1,70.659062,70.659062,-1,15,0,1743,25,0,682,1651,0,184,5.674637,3.008942,3.008942,1.000000,0.746190,-1,-1,-1,-1,-1,0.066147
78820,401,0,18147,45.254364,0.000000,30.000000,-1,70.653111,70.653111,-1,23,0,1588,15,0,732,1698,0,306,5.688572,3.161564,3.161564,1.000000,0.734677,-1,-1,-1,-1,-1,0.069862
78830,391,0,17822,45.580563,0.000000,30.000000,-1,70.643306,70.643306,-1,20,0,1468,23,0,684,1679,0,244,5.402801,2.987408,2.987408,1.000000,0.737197,-1,-1,-1,-1,-1,0.065541
78840,404,0,18354,45.430693,0.000000,30.000000,-1,70.685518,70.685518,-1,18,0,1800,18,0,655,1681,0,217,5.798208,3.002004,3.002004,1.000000,0.730748,-1,-1,-1,-1,-1,0.066079
78850,407,0,18368,45.130221,0.000000,30.000000,-1,70.740364,70.740364,-1,22,0,1676,23,0,711,1540,0,277,5.796317,3.112188,3.112188,1.000000,0.736233,-1,-1,-1,-1,-1,0.068960
78860,405,0,18574,45.861728,0.000000,30.000000,-1,70.705825,70.705825,-1,18,0,1918,13,0,693,1966,0,221,5.971230,3.054873,3.054873,1.000000,0.743368,-1,-1,-1,-1,-1,0.066611
78870,419,0,19006,45.360382,0.000000,30.000000,-1,70.756445,70.756445,-1,21,0,1451,17,0,699,1892,0,265,5.366499,2.958765,2.958765,1.000000,0.741242,-1,-1,-1,-1,-1,0.065228
78880,413,0,19056,46.140436,0.000000,30.000000,-1,70.721715,70.721715,-1,19,0,1633,17,0,769,2030,0,198,5.542542,3.010438,3.010438,1.000000,0.742323,-1,-1,-1,-1,-1,0.065245
78890,400,0,18392,45.980000,0.000000,30.000000,-1,70.703893,70.703893,-1,15,0,1677,19,0,722,2162,0,173,5.548227,2.960940,2.960940,1.000000,0.742312,-1,-1,-1,-1,-1,0.064396
78900,404,0,18113,44.834158,0.000000,30.000000,-1,70.707172,70.707172,-1,22,0,1611,24,0,701,2194,0,286,5.362869,2.821950,2.821950,1.000000,0.727263,-1,-1,-1,-1,-1,0.062942
78910,405,0,18183,44.896296,0.000000,30.000000,-1,70.717483,70.717483,-1,23,0,1700,16,0,745,1616,0,297,5.576987,2.954347,2.954347,1.000000,0.723384,-1,-1,-1,-1,-1,0.065804
78920,405,0,18403,45.439506,0.000000,30.000000,-1,70.711732,70.711732,-1,23,0,1481,16,0,689,1616,0,281,5.470601,2.936454,2.936454,1.000000,0.721790,-1,-1,-1,-1,-1,0.064623
78930,400,0,18113,45.282500,0.000000,30.000000,-1,70.726274,70.726274,-1,17,0,1814,15,0,746,2113,0,216,5.736886,2.958710,2.958710,1.000000,0.741238,-1,-1,-1,-1,-1,0.065339
78940,401,0,18331,45.713217,0.000000,30.000000,-1,70.675359,70.675359,-1,23,0,1466,16,0,663,1551,0,279,5.754906,3.149500,3.149500,1.000000,0.729208,-1,-1,-1,-1,-1,0.068897
78950,416,0,18992,45.653846,0.000000,30.000000,-1,70.715880,70.715880,-1,17,0,1735,21,0,720,1906,0,222,5.517988,2.950075,2.950075,1.000000,0.747587,-1,-1,-1,-1,-1,0.064618
78960,409,0,18399,44.985330,0.000000,30.000000,-1,70.760259,70.760259,-1,22,0,1670,18,0,714,1714,0,274,5.770530,3.045048,3.045048,1.000000,0.732665,-1,-1,-1,-1,-1,0.067690
78970,421,0,18854,44.783848,0.000000,30.000000,-1,70.739260,70.739260,-1,26,0,1588,16,0,663,2071,0,315,5.222917,2.778327,2.778327,1.000000,0.722866,-1,-1,-1,-1,-1,0.062039
78980,396,0,17837,45.042929,0.000000,30.000000,-1,70.702248,70.702248,-1,22,0,1515,22,0,666,2089,0,261,5.543196,2.960532,2.960532,1.000000,0.731694,-1,-1,-1,-1,-1,0.065727
78990,393,0,18296,46.554707,0.000000,30.000000,-1,70.685833,70.685833,-1,12,0,1636,23,0,716,1452,0,164,5.713452,3.074141,3.074141,1.000000,0.757594,-1,-1,-1,-1,-1,0.066033
79000,391,0,18233,46.631714,0.000000,30.000000,-1,70.696759,70.696759,-1,15,0,1713,18,0,709,1690,0,214,5.790128,3.068477,3.068477,1.000000,0.746227,-1,-1,-1,-1,-1,0.065802
79010,411,0,18526,45.075426,0.000000,30.000000,-1,70.672244,70.672244,-1,21,0,1817,20,0,675,2131,0,266,5.546806,2.953599,2.953599,1.000000,0.733635,-1,-1,-1,-1,-1,0.065526
79020,406,0,18461,45.470443,0.000000,30.000000,-1,70.662748,70.662748,-1,14,0,1661,21,0,708,1839,0,198,5.478651,2.824695,2.824695,1.000000,0.742668,-1,-1,-1,-1,-1,0.062122
79030,418,0,18907,45.232057,0.000000,30.000000,-1,70.623526,70.623526,-1,20,0,1687,21,0,708,1796,0,250,5.610816,2.957879,2.957879,1.000000,0.730243,-1,-1,-1,-1,-1,0.065393
79040,397,0,18044,45.450882,0.000000,30.000000,-1,70.591055,70.591055,-1,24,0,1596,20,0,699,1806,0,294,5.573813,3.045835,3.045835,1.000000,0.728893,-1,-1,-1,-1,-1,0.067014
79050,410,0,18684,45.570732,0.000000,30.000000,-1,70.601905,70.601905,-1,16,0,1698,22,0,669,1887,0,201,5.583008,2.957294,2.957294,1.000000,0.739669,-1,-1,-1,-1,-1,0.064895
79060,401,0,18048,45.007481,0.000000,30.000000,-1,70.631649,70.631649,-1,24,0,1694,21,0,727,2025,0,280,5.560631,2.862953,2.862953,1.000000,0.720146,-1,-1,-1,-1,-1,0.063611
79070,392,0,17369,44.308673,0.000000,30.000000,-1,70.601877,70.601877,-1,27,0,1408,23,0,662,1854,0,317,5.662510,3.060643,3.060643,1.000000,0.723970,-1,-1,-1,-1,-1,0.069075
79080,393,0,17881,45.498728,0.000000,30.000000,-1,70.587775,70.587775,-1,21,0,1354,16,0,635,1853,0,250,5.710105,3.203018,3.203018,1.000000,0.738354,-1,-1,-1,-1,-1,0.070398
79090,396,0,17879,45.148990,0.000000,30.000000,-1,70.585435,70.585435,-1,22,0,1445,25,0,700,2022,0,289,5.569587,3.008696,3.008696,1.000000,0.732189,-1,-1,-1,-1,-1,0.066639
79100,409,0,18744,45.828851,0.000000,30.000000,-1,70.599925,70.599925,-1,19,0,1548,21,0,690,2147,0,236,5.600998,3.061419,3.061419,1.000000,0.740250,-1,-1,-1,-1,-1,0.066801
79110,409,0,18619,45.523227,0.000000,30.000000,-1,70.592567,70.592567,-1,21,0,1530,18,0,721,2023,0,277,5.586287,2.981882,2.981882,1.000000,0.724808,-1,-1,-1,-1,-1,0.065502
79120,410,0,18917,46.139024,0.000000,30.000000,-1,70.602157,70.602157,-1,18,0,1753,16,0,723,2147,0,209,5.651351,3.095919,3.095919,1.000000,0.741115,-1,-1,-1,-1,-1,0.067100
79130,415,0,19237,46.354217,0.000000,30.000000,-1,70.676509,70.676509,-1,18,0,1761,20,0,771,1652,0,219,5.575938,2.955789,2.955789,1.000000,0.734866,-1,-1,-1,-1,-1,0.063765
79140,412,0,18590,45.121359,0.000000,30.000000,-1,70.672781,70.672781,-1,21,0,1677,28,0,771,2196,0,266,5.354321,2.759814,2.759814,1.000000,0.725631,-1,-1,-1,-1,-1,0.061164
79150,395,0,18199,46.073418,0.000000,30.000000,-1,70.731194,70.731194,-1,14,0,1560,13,0,649,1824,0,190,5.754497,3.171252,3.171252,1.000000,0.751080,-1,-1,-1,-1,-1,0.068830
79160,395,0,17631,44.635443,0.000000,30.000000,-1,70.762918,70.762918,-1,24,0,1759,20,0,710,1537,0,289,5.745225,3.002575,3.002575,1.000000,0.730717,-1,-1,-1,-1,-1,0.067269
79170,380,0,17236,45.357895,0.000000,30.000000,-1,70.806220,70.806220,-1,17,0,1582,23,0,658,1883,0,219,5.604278,2.931812,2.931812,1.000000,0.735169,-1,-1,-1,-1,-1,0.064637
79180,377,0,17077,45.297082,0.000000,30.000000,-1,70.798911,70.798911,-1,17,0,1577,24,0,642,1633,0,235,5.744473,2.985097,2.985097,1.000000,0.740567,-1,-1,-1,-1,-1,0.065900
79190,368,0,16836,45.750000,0.000000,30.000000,-1,70.757840,70.757840,-1,18,0,1466,24,0,624,1763,0,229,6.196821,3.300462,3.300462,1.000000,0.739214,-1,-1,-1,-1,-1,0.072141
79200,386,0,17821,46.168394,0.000000,30.000000,-1,70.735705,70.735705,-1,12,0,1542,21,0,663,1988,0,149,5.701665,3.021256,3.021256,1.000000,0.747852,-1,-1,-1,-1,-1,0.065440
79210,376,0,17218,45.792553,0.000000,30.000000,-1,70.790684,70.790684,-1,15,0,1646,22,0,636,2027,0,187,5.585730,2.959293,2.959293,1.000000,0.743687,-1,-1,-1,-1,-1,0.064624
79220,396,0,17799,44.946970,0.000000,30.000000,-1,70.725434,70.725434,-1,18,0,1642,17,0,655,1973,0,233,5.632532,2.988439,2.988439,1.000000,0.739326,-1,-1,-1,-1,-1,0.066488
79230,412,0,18406,44.674757,0.000000,30.000000,-1,70.779691,70.779691,-1,21,0,1734,16,0,695,2437,0,255,5.381104,2.806483,2.806483,1.000000,0.736850,-1,-1,-1,-1,-1,0.062820
79240,383,0,17622,46.010444,0.000000,30.000000,-1,70.844229,70.844229,-1,13,0,1509,23,0,646,1878,0,149,5.946174,3.137502,3.137502,1.000000,0.736980,-1,-1,-1,-1,-1,0.068191
79250,389,0,17897,46.007712,0.000000,30.000000,-1,70.912388,70.912388,-1,18,0,1521,15,0,712,1485,0,205,5.848703,3.199651,3.199651,1.000000,0.748730,-1,-1,-1,-1,-1,0.069546
79260,391,0,17577,44.953964,0.000000,30.000000,-1,70.970018,70.970018,-1,19,0,1672,25,0,655,2061,0,233,5.720026,2.953460,2.953460,1.000000,0.732718,-1,-1,-1,-1,-1,0.065700
79270,389,0,17513,45.020566,0.000000,30.000000,-1,70.950437,70.950437,-1,21,0,1644,14,0,668,1799,0,281,6.076275,3.171368,3.171368,1.000000,0.733385,-1,-1,-1,-1,-1,0.070443
79280,427,0,19469,45.594848,0.000000,30.000000,-1,70.938929,70.938929,-1,22,0,1653,19,0,754,1955,0,288,5.583397,3.018755,3.018755,1.000000,0.735254,-1,-1,-1,-1,-1,0.066208
79290,421,0,18756,44.551069,0.000000,30.000000,-1,70.879772,70.879772,-1,29,0,1464,20,0,781,2221,0,379,5.484324,2.935086,2.935086,1.000000,0.711368,-1,-1,-1,-1,-1,0.065881
79300,416,0,18976,45.615385,0.000000,30.000000,-1,70.836056,70.836056,-1,20,0,1499,16,0,738,1897,0,227,5.483755,3.009721,3.009721,1.000000,0.739244,-1,-1,-1,-1,-1,0.065980
79310,409,0,19149,46.819071,0.000000,30.000000,-1,70.814716,70.814716,-1,11,0,1785,17,0,752,1818,0,145,5.597087,2.926664,2.926664,1.000000,0.751792,-1,-1,-1,-1,-1,0.062510
79320,420,0,19215,45.750000,0.000000,30.000000,-1,70.824564,70.824564,-1,20,0,1884,19,0,730,2268,0,234,5.464639,2.898400,2.898400,1.000000,0.738239,-1,-1,-1,-1,-1,0.063353
79330,401,0,17874,44.573566,0.000000,30.000000,-1,70.877140,70.877140,-1,23,0,1628,20,0,707,1893,0,318,5.629446,3.015608,3.015608,1.000000,0.735043,-1,-1,-1,-1,-1,0.067655
79340,388,0,17675,45.554124,0.000000,30.000000,-1,70.959604,70.959604,-1,17,0,1707,17,0,654,2020,0,214,6.069460,3.153907,3.153907,1.000000,0.739344,-1,-1,-1,-1,-1,0.069234
79350,414,0,18769,45.335749,0.000000,30.000000,-1,70.994459,70.994459,-1,21,0,1578,13,0,726,1838,0,229,5.270327,2.918538,2.918538,1.000000,0.742095,-1,-1,-1,-1,-1,0.064376
79360,430,0,19476,45.293023,0.000000,30.000000,-1,70.996714,70.996714,-1,21,0,1868,15,0,837,2062,0,271,5.375129,2.762302,2.762302,1.000000,0.737077,-1,-1,-1,-1,-1,0.060987
79370,400,0,18406,46.015000,0.000000,30.000000,-1,70.952787,70.952787,-1,11,0,1714,15,0,705,1686,0,141,5.873493,3.019245,3.019245,1.000000,0.747538,-1,-1,-1,-1,-1,0.065614
79380,414,0,18676,45.111111,0.000000,30.000000,-1,70.962786,70.962786,-1,20,0,1614,19,0,700,1810,0,258,5.501479,2.851523,2.851523,1.000000,0.735881,-1,-1,-1,-1,-1,0.063211
79390,413,0,18352,44.435835,0.000000,30.000000,-1,70.925839,70.925839,-1,25,0,1723,24,0,701,1536,0,320,5.462267,2.845220,2.845220,1.000000,0.709176,-1,-1,-1,-1,-1,0.064030
79400,391,0,17626,45.079284,0.000000,30.000000,-1,70.918870,70.918870,-1,14,0,1678,13,0,690,1516,0,179,5.927494,3.062276,3.062276,1.000000,0.747211,-1,-1,-1,-1,-1,0.067931
79410,404,0,18364,45.455446,0.000000,30.000000,-1,70.853518,70.853518,-1,17,0,1526,17,0,648,1746,0,226,5.599787,3.033189,3.033189,1.000000,0.743934,-1,-1,-1,-1,-1,0.066729
79420,422,0,18723,44.367299,0.000000,30.000000,-1,70.802809,70.802809,-1,25,0,1821,14,0,747,1963,0,296,5.374257,2.775032,2.775032,1.000000,0.723236,-1,-1,-1,-1,-1,0.062547
79430,426,0,19544,45.877934,0.000000,30.000000,-1,70.803878,70.803878,-1,21,0,1509,20,0,787,1812,0,258,5.345702,2.871826,2.871826,1.000000,0.727891,-1,-1,-1,-1,-1,0.062597
79440,425,0,19152,45.063529,0.000000,30.000000,-1,70.768223,70.768223,-1,26,0,1652,18,0,779,2060,0,328,5.496407,2.989755,2.989755,1.000000,0.730848,-1,-1,-1,-1,-1,0.066345
79450,413,0,19110,46.271186,0.000000,30.000000,-1,70.687807,70.687807,-1,16,0,1677,21,0,772,2068,0,200,5.596282,2.925914,2.925914,1.000000,0.733877,-1,-1,-1,-1,-1,0.063234
79460,396,0,17991,45.431818,0.000000,30.000000,-1,70.633706,70.633706,-1,15,0,1744,28,0,669,2234,0,175,5.455550,2.737331,2.737331,1.000000,0.739900,-1,-1,-1,-1,-1,0.060251
79470,407,0,18491,45.432432,0.000000,30.000000,-1,70.591369,70.591369,-1,17,0,1513,18,0,694,1923,0,206,5.682149,2.974690,2.974690,1.000000,0.730441,-1,-1,-1,-1,-1,0.065475
79480,414,0,18699,45.166667,0.000000,30.000000,-1,70.593133,70.593133,-1,21,0,1657,12,0,746,2393,0,294,5.581456,2.969499,2.969499,1.000000,0.743429,-1,-1,-1,-1,-1,0.065745
79490,423,0,19154,45.281324,0.000000,30.000000,-1,70.622951,70.622951,-1,17,0,1791,15,0,743,2089,0,225,5.568236,2.902326,2.902326,1.000000,0.733694,-1,-1,-1,-1,-1,0.064095
79500,420,0,19313,45.983333,0.000000,30.000000,-1,70.578522,70.578522,-1,14,0,1767,24,0,764,1848,0,184,5.797918,3.015801,3.015801,1.000000,0.743626,-1,-1,-1,-1,-1,0.065585
79510,402,0,18021,44.828358,0.000000,30.000000,-1,70.587370,70.587370,-1,22,0,1526,21,0,690,1832,0,278,5.761125,3.066897,3.066897,1.000000,0.720949,-1,-1,-1,-1,-1,0.068414
79520,415,0,18829,45.371084,0.000000,30.000000,-1,70.592650,70.592650,-1,23,0,1606,17,0,733,1980,0,277,5.555335,2.895841,2.895841,1.000000,0.727190,-1,-1,-1,-1,-1,0.063826
79530,408,0,18534,45.426471,0.000000,30.000000,-1,70.580555,70.580555,-1,17,0,1695,27,0,733,2086,0,220,5.576176,2.883325,2.883325,1.000000,0.736990,-1,-1,-1,-1,-1,0.063472
79540,404,0,18606,46.054455,0.000000,30.000000,-1,70.569870,70.569870,-1,12,0,1471,24,0,690,2187,0,156,5.578581,2.926487,2.926487,1.000000,0.746899,-1,-1,-1,-1,-1,0.063544
79550,408,0,18476,45.284314,0.000000,30.000000,-1,70.542921,70.542921,-1,21,0,1748,15,0,705,2000,0,263,5.937515,3.073923,3.073923,1.000000,0.718138,-1,-1,-1,-1,-1,0.067881
79560,411,0,18904,45.995134,0.000000,30.000000,-1,70.484606,70.484606,-1,21,0,1435,15,0,720,2313,0,261,5.591829,3.094766,3.094766,1.000000,0.729926,-1,-1,-1,-1,-1,0.067285
79570,402,0,18152,45.154229,0.000000,30.000000,-1,70.468433,70.468433,-1,21,0,1515,18,0,711,1906,0,290,5.653678,2.952280,2.952280,1.000000,0.727422,-1,-1,-1,-1,-1,0.065382
79580,400,0,18345,45.862500,0.000000,30.000000,-1,70.452875,70.452875,-1,22,0,1615,20,0,641,2025,0,226,5.440486,2.901954,2.901954,1.000000,0.722116,-1,-1,-1,-1,-1,0.063275
79590,400,0,18537,46.342500,0.000000,30.000000,-1,70.496790,70.496790,-1,16,0,1664,16,0,720,2427,0,196,5.643541,3.089852,3.089852,1.000000,0.747046,-1,-1,-1,-1,-1,0.066674
79600,397,0,18237,45.937028,0.000000,30.000000,-1,70.542469,70.542469,-1,20,0,1434,25,0,648,2131,0,282,5.769610,3.101927,3.101927,1.000000,0.727292,-1,-1,-1,-1,-1,0.067526
79610,403,0,18334,45.493797,0.000000,30.000000,-1,70.528363,70.528363,-1,16,0,1592,21,0,718,1687,0,206,5.670834,2.948804,2.948804,1.000000,0.732086,-1,-1,-1,-1,-1,0.064818
79620,416,0,18875,45.372596,0.000000,30.000000,-1,70.520795,70.520795,-1,18,0,1892,22,0,724,1636,0,217,5.875859,2.931032,2.931032,1.000000,0.728432,-1,-1,-1,-1,-1,0.064599
79630,401,0,18247,45.503741,0.000000,30.000000,-1,70.471858,70.471858,-1,17,0,1770,18,0,709,1978,0,222,5.693982,2.883918,2.883918,1.000000,0.727098,-1,-1,-1,-1,-1,0.063378
79640,418,0,19201,45.935407,0.000000,30.000000,-1,70.509348,70.509348,-1,18,0,1836,18,0,747,1844,0,218,5.541242,2.772952,2.772952,1.000000,0.715437,-1,-1,-1,-1,-1,0.060366
79650,409,0,18262,44.650367,0.000000,30.000000,-1,70.530884,70.530884,-1,24,0,1607,20,0,755,1653,0,294,5.554885,2.889463,2.889463,1.000000,0.715802,-1,-1,-1,-1,-1,0.064713
79660,395,0,18062,45.726582,0.000000,30.000000,-1,70.535101,70.535101,-1,17,0,1702,15,0,717,1783,0,210,5.826453,3.019237,3.019237,1.000000,0.724944,-1,-1,-1,-1,-1,0.066028
79670,402,0,18181,45.226368,0.000000,30.000000,-1,70.509323,70.509323,-1,18,0,1717,23,0,658,2116,0,209,5.807364,2.977225,2.977225,1.000000,0.728239,-1,-1,-1,-1,-1,0.065829
79680,398,0,18304,45.989950,0.000000,30.000000,-1,70.548405,70.548405,-1,14,0,1572,15,0,706,2055,0,175,5.709069,3.046794,3.046794,1.000000,0.741738,-1,-1,-1,-1,-1,0.066249
79690,408,0,18436,45.186275,0.000000,30.000000,-1,70.497125,70.497125,-1,18,0,1855,19,0,734,1845,0,222,5.473408,2.829347,2.829347,1.000000,0.725077,-1,-1,-1,-1,-1,0.062615
79700,402,0,17947,44.644279,0.000000,30.000000,-1,70.427927,70.427927,-1,25,0,1384,22,0,664,1970,0,315,5.624881,2.975450,2.975450,1.000000,0.711210,-1,-1,-1,-1,-1,0.066648
79710,405,0,18322,45.239506,0.000000,30.000000,-1,70.421733,70.421733,-1,21,0,1669,15,0,667,2134,0,245,5.571974,2.994398,2.994398,1.000000,0.732159,-1,-1,-1,-1,-1,0.066190
79720,398,0,18410,46.256281,0.000000,30.000000,-1,70.428789,70.428789,-1,12,0,1664,18,0,713,1929,0,178,5.711140,2.933571,2.933571,1.000000,0.735456,-1,-1,-1,-1,-1,0.063420
79730,401,0,17982,44.842893,0.000000,30.000000,-1,70.452953,70.452953,-1,26,0,1572,18,0,718,1769,0,301,5.501367,2.969420,2.969420,1.000000,0.718262,-1,-1,-1,-1,-1,0.066218
79740,400,0,18219,45.547500,0.000000,30.000000,-1,70.473791,70.473791,-1,19,0,1512,15,0,674,1627,0,242,5.757580,3.043848,3.043848,1.000000,0.727757,-1,-1,-1,-1,-1,0.066828
79750,397,0,17952,45.219144,0.000000,30.000000,-1,70.522839,70.522839,-1,21,0,1612,16,0,729,1713,0,269,5.698924,2.931638,2.931638,1.000000,0.717751,-1,-1,-1,-1,-1,0.064832
79760,397,0,17754,44.720403,0.000000,30.000000,-1,70.475611,70.475611,-1,22,0,1445,15,0,681,2105,0,299,6.005165,3.181832,3.181832,1.000000,0.724746,-1,-1,-1,-1,-1,0.071149
79770,425,0,18952,44.592941,0.000000,30.000000,-1,70.492930,70.492930,-1,26,0,1902,19,0,707,1822,0,349,5.627477,2.884120,2.884120,1.000000,0.714794,-1,-1,-1,-1,-1,0.064677
79780,420,0,18834,44.842857,0.000000,30.000000,-1,70.482532,70.482532,-1,23,0,1536,24,0,731,1845,0,283,5.272181,2.687797,2.687797,1.000000,0.720121,-1,-1,-1,-1,-1,0.059938
79790,419,0,18909,45.128878,0.000000,30.000000,-1,70.442118,70.442118,-1,22,0,1574,18,0,755,2200,0,250,5.600884,2.894059,2.894059,1.000000,0.719273,-1,-1,-1,-1,-1,0.064129
79800,431,0,19534,45.322506,0.000000,30.000000,-1,70.399560,70.399560,-1,22,0,1619,17,0,778,2061,0,294,5.291967,2.757419,2.757419,1.000000,0.723148,-1,-1,-1,-1,-1,0.060840
79810,407,0,18882,46.393120,0.000000,30.000000,-1,70.369505,70.369505,-1,12,0,1723,11,0,753,1718,0,156,5.867175,3.064633,3.064633,1.000000,0.743481,-1,-1,-1,-1,-1,0.066058
79820,388,0,17675,45.554124,0.000000,30.000000,-1,70.378784,70.378784,-1,18,0,1820,16,0,713,1967,0,241,5.839274,2.892316,2.892316,1.000000,0.717962,-1,-1,-1,-1,-1,0.063492
79830,403,0,18494,45.890819,0.000000,30.000000,-1,70.389802,70.389802,-1,18,0,1612,15,0,676,1896,0,211,5.774636,3.030870,3.030870,1.000000,0.726204,-1,-1,-1,-1,-1,0.066045
79840,411,0,18784,45.703163,0.000000,30.000000,-1,70.431537,70.431537,-1,17,0,1774,15,0,717,1754,0,197,5.555434,2.823317,2.823317,1.000000,0.722806,-1,-1,-1,-1,-1,0.061775
79850,401,0,17988,44.857855,0.000000,30.000000,-1,70.465088,70.465088,-1,22,0,1372,23,0,691,1654,0,276,5.639361,2.973512,2.973512,1.000000,0.728069,-1,-1,-1,-1,-1,0.066287
79860,404,0,17968,44.475248,0.000000,30.000000,-1,70.488424,70.488424,-1,26,0,1535,22,0,707,1864,0,350,5.782666,3.021023,3.021023,1.000000,0.711125,-1,-1,-1,-1,-1,0.067926
79870,409,0,18866,46.127139,0.000000,30.000000,-1,70.490035,70.490035,-1,14,0,1686,17,0,767,2021,0,169,5.911972,3.145718,3.145718,1.000000,0.736686,-1,-1,-1,-1,-1,0.068197
79880,418,0,18743,44.839713,0.000000,30.000000,-1,70.415462,70.415462,-1,29,0,1593,22,0,741,2136,0,357,5.611314,2.974184,2.974184,1.000000,0.712062,-1,-1,-1,-1,-1,0.066329
79890,419,0,19007,45.362768,0.000000,30.000000,-1,70.390382,70.390382,-1,21,0,1797,20,0,676,1620,0,274,5.619965,2.815198,2.815198,1.000000,0.716609,-1,-1,-1,-1,-1,0.062060
79900,421,0,19402,46.085511,0.000000,30.000000,-1,70.406453,70.406453,-1,19,0,1483,10,0,695,2480,0,238,5.493783,2.840285,2.840285,1.000000,0.718177,-1,-1,-1,-1,-1,0.061631
79910,418,0,18811,45.002392,0.000000,30.000000,-1,70.457020,70.457020,-1,24,0,1597,17,0,704,2046,0,312,5.575548,2.898991,2.898991,1.000000,0.710270,-1,-1,-1,-1,-1,0.064419
79920,422,0,19068,45.184834,0.000000,30.000000,-1,70.437802,70.437802,-1,25,0,1904,28,0,770,1889,0,326,5.831875,2.899562,2.899562,1.000000,0.704813,-1,-1,-1,-1,-1,0.064171
79930,409,0,18755,45.855746,0.000000,30.000000,-1,70.509837,70.509837,-1,16,0,1494,19,0,750,1947,0,193,5.594591,2.858081,2.858081,1.000000,0.723883,-1,-1,-1,-1,-1,0.062328
79940,412,0,18843,45.735437,0.000000,30.000000,-1,70.544075,70.544075,-1,12,0,1921,16,0,710,1955,0,169,5.684665,2.843537,2.843537,1.000000,0.737648,-1,-1,-1,-1,-1,0.062174
79950,407,0,18344,45.071253,0.000000,30.000000,-1,70.561873,70.561873,-1,24,0,1991,13,0,785,1938,0,279,5.935073,2.908712,2.908712,1.000000,0.700548,-1,-1,-1,-1,-1,0.064536
79960,416,0,18882,45.389423,0.000000,30.000000,-1,70.520019,70.520019,-1,25,0,1489,17,0,663,1825,0,296,5.450963,2.914078,2.914078,1.000000,0.714201,-1,-1,-1,-1,-1,0.064202
79970,393,0,17869,45.468193,0.000000,30.000000,-1,70.507863,70.507863,-1,16,0,1560,23,0,691,1466,0,196,5.930526,2.957515,2.957515,1.000000,0.722501,-1,-1,-1,-1,-1,0.065046
79980,408,0,18445,45.208333,0.000000,30.000000,-1,70.556357,70.556357,-1,16,0,1755,26,0,701,1908,0,205,5.783770,2.913942,2.913942,1.000000,0.720298,-1,-1,-1,-1,-1,0.064456
79990,433,0,19143,44.210162,0.000000,30.000000,-1,70.624406,70.624406,-1,27,0,1821,16,0,769,2400,0,348,5.515689,2.803348,2.803348,1.000000,0.715141,-1,-1,-1,-1,-1,0.063410
80000,442,0,19919,45.065611,0.000000,30.000000,-1,70.586626,70.586626,-1,25,0,1999,21,0,729,2117,0,311,5.235103,2.568280,2.568280,1.000000,0.702386,-1,-1,-1,-1,-1,0.056990
80010,404,0,18068,44.722772,0.000000,30.000000,-1,70.583739,70.583739,-1,24,0,1791,26,0,671,1736,0,292,5.731907,2.783063,2.783063,1.000000,0.699438,-1,-1,-1,-1,-1,0.062229
80020,417,0,19013,45.594724,0.000000,30.000000,-1,70.598590,70.598590,-1,19,0,1594,18,0,697,1701,0,244,5.690018,2.982701,2.982701,1.000000,0.724071,-1,-1,-1,-1,-1,0.065418
80030,408,0,18160,44.509804,0.000000,30.000000,-1,70.563326,70.563326,-1,22,0,1975,19,0,763,1624,0,284,5.908704,2.892630,2.892630,1.000000,0.714088,-1,-1,-1,-1,-1,0.064989
80040,387,0,17813,46.028424,0.000000,30.000000,-1,70.570426,70.570426,-1,12,0,1574,22,0,669,1771,0,163,5.969256,3.054615,3.054615,1.000000,0.727583,-1,-1,-1,-1,-1,0.066364
80050,390,0,18035,46.243590,0.000000,30.000000,-1,70.508733,70.508733,-1,13,0,1422,19,0,673,1956,0,163,5.691175,3.012488,3.012488,1.000000,0.735740,-1,-1,-1,-1,-1,0.065144
80060,406,0,18570,45.738916,0.000000,30.000000,-1,70.450942,70.450942,-1,14,0,1736,13,0,714,1993,0,164,5.671794,2.892304,2.892304,1.000000,0.729638,-1,-1,-1,-1,-1,0.063235
80070,410,0,18871,46.026829,0.000000,30.000000,-1,70.408881,70.408881,-1,17,0,1677,11,0,720,1669,0,207,5.729473,2.943524,2.943524,1.000000,0.719472,-1,-1,-1,-1,-1,0.063952
80080,421,0,19270,45.771971,0.000000,30.000000,-1,70.352050,70.352050,-1,18,0,1928,21,0,706,2002,0,219,5.793839,2.914791,2.914791,1.000000,0.721159,-1,-1,-1,-1,-1,0.063681
80090,419,0,19393,46.284010,0.000000,30.000000,-1,70.295725,70.295725,-1,15,0,1634,16,0,758,1992,0,172,5.394857,2.842102,2.842102,1.000000,0.738831,-1,-1,-1,-1,-1,0.061406
80100,420,0,19101,45.478571,0.000000,30.000000,-1,70.293754,70.293754,-1,22,0,1814,14,0,734,2261,0,269,5.622202,2.881426,2.881426,1.000000,0.718472,-1,-1,-1,-1,-1,0.063358
80110,415,0,19307,46.522892,0.000000,30.000000,-1,70.263998,70.263998,-1,15,0,1605,19,0,732,2047,0,181,5.800932,3.080116,3.080116,1.000000,0.732356,-1,-1,-1,-1,-1,0.066206
80120,408,0,19006,46.583333,0.000000,30.000000,-1,70.266547,70.266547,-1,14,0,1606,18,0,729,1948,0,182,5.844373,3.109195,3.109195,1.000000,0.738099,-1,-1,-1,-1,-1,0.066745
80130,403,0,18139,45.009926,0.000000,30.000000,-1,70.267159,70.267159,-1,21,0,1686,21,0,703,1882,0,255,5.581901,2.910713,2.910713,1.000000,0.725540,-1,-1,-1,-1,-1,0.064668
80140,409,0,18464,45.144254,0.000000,30.000000,-1,70.261482,70.261482,-1,25,0,1574,16,0,707,1814,0,312,5.792313,3.047832,3.047832,1.000000,0.712521,-1,-1,-1,-1,-1,0.067513
80150,386,0,17783,46.069948,0.000000,30.000000,-1,70.243547,70.243547,-1,15,0,1600,12,0,688,1704,0,180,5.791016,3.016534,3.016534,1.000000,0.724258,-1,-1,-1,-1,-1,0.065477
80160,390,0,17689,45.356410,0.000000,30.000000,-1,70.279891,70.279891,-1,20,0,1389,22,0,674,1638,0,243,5.674740,2.971170,2.971170,1.000000,0.725425,-1,-1,-1,-1,-1,0.065507
80170,398,0,18228,45.798995,0.000000,30.000000,-1,70.252249,70.252249,-1,18,0,1721,13,0,676,1744,0,212,5.509569,2.853915,2.853915,1.000000,0.723144,-1,-1,-1,-1,-1,0.062314
80180,393,0,17743,45.147583,0.000000,30.000000,-1,70.261061,70.261061,-1,21,0,1408,21,0,656,1929,0,263,5.661720,2.972716,2.972716,1.000000,0.720120,-1,-1,-1,-1,-1,0.065844
80190,389,0,17687,45.467866,0.000000,30.000000,-1,70.212586,70.212586,-1,16,0,1634,15,0,669,1582,0,188,5.945283,3.075283,3.075283,1.000000,0.732334,-1,-1,-1,-1,-1,0.067636
80200,406,0,18355,45.209360,0.000000,30.000000,-1,70.198638,70.198638,-1,20,0,1700,17,0,708,2202,0,234,5.613503,2.924029,2.924029,1.000000,0.726431,-1,-1,-1,-1,-1,0.064678
80210,401,0,18312,45.665835,0.000000,30.000000,-1,70.176114,70.176114,-1,20,0,1802,16,0,720,1700,0,257,5.849670,2.978854,2.978854,1.000000,0.714624,-1,-1,-1,-1,-1,0.065232
80220,412,0,18519,44.949029,0.000000,30.000000,-1,70.163292,70.163292,-1,23,0,1627,13,0,707,2009,0,289,5.686333,2.897693,2.897693,1.000000,0.719987,-1,-1,-1,-1,-1,0.064466
80230,416,0,18746,45.062500,0.000000,30.000000,-1,70.227729,70.227729,-1,24,0,1398,25,0,704,2024,0,327,5.437022,2.929163,2.929163,1.000000,0.722606,-1,-1,-1,-1,-1,0.065002
80240,417,0,19454,46.652278,0.000000,30.000000,-1,70.252801,70.252801,-1,15,0,1520,21,0,716,1892,0,166,5.617602,3.010010,3.010010,1.000000,0.744065,-1,-1,-1,-1,-1,0.064520
80250,398,0,18154,45.613065,0.000000,30.000000,-1,70.357056,70.357056,-1,19,0,1686,24,0,757,1881,0,230,5.781785,3.000699,3.000699,1.000000,0.726541,-1,-1,-1,-1,-1,0.065786
80260,392,0,18227,46.497449,0.000000,30.000000,-1,70.339606,70.339606,-1,12,0,1771,18,0,716,1971,0,157,5.604414,2.928506,2.928506,1.000000,0.745559,-1,-1,-1,-1,-1,0.062982
80270,402,0,18045,44.888060,0.000000,30.000000,-1,70.256802,70.256802,-1,21,0,1696,18,0,729,2220,0,275,5.909353,3.061625,3.061625,1.000000,0.725321,-1,-1,-1,-1,-1,0.068206
80280,396,0,17725,44.760101,0.000000,30.000000,-1,70.250099,70.250099,-1,21,0,1654,11,0,711,1854,0,258,5.693712,2.906216,2.906216,1.000000,0.724871,-1,-1,-1,-1,-1,0.064929
80290,399,0,18313,45.897243,0.000000,30.000000,-1,70.211762,70.211762,-1,22,0,1409,17,0,711,1750,0,240,5.660856,3.043404,3.043404,1.000000,0.722417,-1,-1,-1,-1,-1,0.066309
80300,394,0,17765,45.088832,0.000000,30.000000,-1,70.185815,70.185815,-1,22,0,1619,21,0,703,1911,0,277,5.702652,2.987260,2.987260,1.000000,0.720532,-1,-1,-1,-1,-1,0.066253
80310,405,0,18078,44.637037,0.000000,30.000000,-1,70.165782,70.165782,-1,24,0,1794,17,0,663,1902,0,312,5.831642,2.958128,2.958128,1.000000,0.712194,-1,-1,-1,-1,-1,0.066271
80320,390,0,17749,45.510256,0.000000,30.000000,-1,70.113753,70.113753,-1,21,0,1493,10,0,671,1729,0,261,5.644160,3.031909,3.031909,1.000000,0.723680,-1,-1,-1,-1,-1,0.066620
80330,394,0,18263,46.352792,0.000000,30.000000,-1,70.110332,70.110332,-1,15,0,1661,13,0,673,2106,0,189,5.861764,3.065115,3.065115,1.000000,0.727922,-1,-1,-1,-1,-1,0.066126
80340,390,0,17705,45.397436,0.000000,30.000000,-1,70.130867,70.130867,-1,22,0,1461,17,0,679,1980,0,291,5.837706,3.090499,3.090499,1.000000,0.720551,-1,-1,-1,-1,-1,0.068077
80350,380,0,17345,45.644737,0.000000,30.000000,-1,70.102104,70.102104,-1,20,0,1286,19,0,636,1845,0,265,5.937750,3.215843,3.215843,1.000000,0.716451,-1,-1,-1,-1,-1,0.070454
80360,386,0,17797,46.106218,0.000000,30.000000,-1,70.107097,70.107097,-1,10,0,1624,26,0,687,1868,0,139,5.809719,2.966742,2.966742,1.000000,0.739327,-1,-1,-1,-1,-1,0.064346
80370,394,0,17516,44.456853,0.000000,30.000000,-1,70.137246,70.137246,-1,21,0,1729,23,0,676,1553,0,269,5.832013,2.918773,2.918773,1.000000,0.714405,-1,-1,-1,-1,-1,0.065654
80380,416,0,18986,45.639423,0.000000,30.000000,-1,70.130517,70.130517,-1,22,0,1580,21,0,703,1974,0,269,5.458651,2.926937,2.926937,1.000000,0.727214,-1,-1,-1,-1,-1,0.064132
80390,393,0,18024,45.862595,0.000000,30.000000,-1,70.089714,70.089714,-1,18,0,1520,14,0,698,1772,0,241,5.607555,2.972880,2.972880,1.000000,0.727020,-1,-1,-1,-1,-1,0.064821
80400,399,0,18177,45.556391,0.000000,30.000000,-1,70.032349,70.032349,-1,17,0,1746,20,0,697,1972,0,216,5.756236,2.925469,2.925469,1.000000,0.724046,-1,-1,-1,-1,-1,0.064216
80410,410,0,18294,44.619512,0.000000,30.000000,-1,70.049142,70.049142,-1,23,0,1737,15,0,700,1894,0,331,5.404177,2.725324,2.725324,1.000000,0.709443,-1,-1,-1,-1,-1,0.061079
80420,411,0,18444,44.875912,0.000000,30.000000,-1,70.058176,70.058176,-1,23,0,1756,17,0,726,1706,0,296,5.771944,2.952769,2.952769,1.000000,0.715602,-1,-1,-1,-1,-1,0.065799
80430,425,0,19429,45.715294,0.000000,30.000000,-1,70.004220,70.004220,-1,20,0,1583,21,0,728,2205,0,270,5.528268,2.919799,2.919799,1.000000,0.723992,-1,-1,-1,-1,-1,0.063869
80440,422,0,19245,45.604265,0.000000,30.000000,-1,69.983892,69.983892,-1,22,0,1710,16,0,763,2158,0,258,5.402363,2.780891,2.780891,1.000000,0.720955,-1,-1,-1,-1,-1,0.060979
80450,399,0,17968,45.032581,0.000000,30.000000,-1,69.953362,69.953362,-1,21,0,1882,19,0,696,1769,0,267,5.919653,2.923407,2.923407,1.000000,0.715201,-1,-1,-1,-1,-1,0.064918
80460,396,0,18228,46.030303,0.000000,30.000000,-1,69.985023,69.985023,-1,14,0,1650,15,0,660,2232,0,168,5.544046,2.832818,2.832818,1.000000,0.726259,-1,-1,-1,-1,-1,0.061542
80470,416,0,18458,44.370192,0.000000,30.000000,-1,70.063658,70.063658,-1,23,0,1799,14,0,732,1985,0,298,5.460535,2.681864,2.681864,1.000000,0.705671,-1,-1,-1,-1,-1,0.060443
80480,397,0,18543,46.707809,0.000000,30.000000,-1,69.961225,69.961225,-1,14,0,1580,24,0,695,1810,0,162,5.966135,3.087601,3.087601,1.000000,0.724452,-1,-1,-1,-1,-1,0.066105
80490,402,0,18491,45.997512,0.000000,30.000000,-1,70.020334,70.020334,-1,13,0,1757,22,0,666,1723,0,161,5.581051,2.921318,2.921318,1.000000,0.739386,-1,-1,-1,-1,-1,0.063510
80500,416,0,18285,43.954327,0.000000,30.000000,-1,69.989171,69.989171,-1,27,0,1777,25,0,742,1599,0,353,5.502390,2.690719,2.690719,1.000000,0.700850,-1,-1,-1,-1,-1,0.061216
80510,396,0,17934,45.287879,0.000000,30.000000,-1,69.964481,69.964481,-1,19,0,1684,22,0,726,2058,0,242,6.023243,2.922043,2.922043,1.000000,0.709525,-1,-1,-1,-1,-1,0.064522
80520,395,0,18047,45.688608,0.000000,30.000000,-1,69.883970,69.883970,-1,20,0,1383,20,0,684,1976,0,289,5.535788,2.875182,2.875182,1.000000,0.711072,-1,-1,-1,-1,-1,0.062930
80530,384,0,17537,45.669271,0.000000,30.000000,-1,69.882420,69.882420,-1,20,0,1507,17,0,749,1728,0,253,5.763657,2.941948,2.941948,1.000000,0.709063,-1,-1,-1,-1,-1,0.064419
80540,380,0,17431,45.871053,0.000000,30.000000,-1,69.873157,69.873157,-1,16,0,1635,17,0,618,1558,0,225,5.902066,2.936468,2.936468,1.000000,0.719167,-1,-1,-1,-1,-1,0.064016
80550,413,0,18970,45.932203,0.000000,30.000000,-1,69.888877,69.888877,-1,15,0,1751,19,0,701,1993,0,183,5.644791,2.907555,2.907555,1.000000,0.729342,-1,-1,-1,-1,-1,0.063301
80560,405,0,18507,45.696296,0.000000,30.000000,-1,69.904361,69.904361,-1,15,0,1871,19,0,678,2308,0,195,5.996689,2.951459,2.951459,1.000000,0.729235,-1,-1,-1,-1,-1,0.064589
80570,421,0,19127,45.432304,0.000000,30.000000,-1,69.819784,69.819784,-1,20,0,1689,18,0,687,1701,0,252,5.734482,2.925059,2.925059,1.000000,0.723195,-1,-1,-1,-1,-1,0.064383
80580,408,0,18624,45.647059,0.000000,30.000000,-1,69.857174,69.857174,-1,19,0,1764,26,0,758,1789,0,248,5.733563,3.006400,3.006400,1.000000,0.721665,-1,-1,-1,-1,-1,0.065862
80590,412,0,18173,44.109223,0.000000,30.000000,-1,69.822759,69.822759,-1,27,0,1606,24,0,677,2144,0,346,5.533913,2.835192,2.835192,1.000000,0.702060,-1,-1,-1,-1,-1,0.064277
80600,398,0,17714,44.507538,0.000000,30.000000,-1,69.851248,69.851248,-1,28,0,1531,11,0,678,2065,0,362,5.880737,3.035990,3.035990,1.000000,0.707204,-1,-1,-1,-1,-1,0.068213
80610,385,0,17568,45.631169,0.000000,30.000000,-1,69.845970,69.845970,-1,17,0,1594,22,0,619,1666,0,222,5.765745,2.910074,2.910074,1.000000,0.717270,-1,-1,-1,-1,-1,0.063774
80620,377,0,17245,45.742706,0.000000,30.000000,-1,69.800174,69.800174,-1,16,0,1608,18,0,681,1816,0,201,5.947918,3.072418,3.072418,1.000000,0.723489,-1,-1,-1,-1,-1,0.067167
80630,414,0,18656,45.062802,0.000000,30.000000,-1,69.792024,69.792024,-1,22,0,1603,19,0,751,2089,0,267,5.589514,2.805816,2.805816,1.000000,0.708066,-1,-1,-1,-1,-1,0.062265
80640,394,0,18240,46.294416,0.000000,30.000000,-1,69.747259,69.747259,-1,15,0,1666,24,0,647,2199,0,196,5.724008,2.930210,2.930210,1.000000,0.721828,-1,-1,-1,-1,-1,0.063295
80650,417,0,18582,44.561151,0.000000,30.000000,-1,69.763642,69.763642,-1,28,0,1503,7,0,769,2092,0,366,5.622420,2.897622,2.897622,1.000000,0.704802,-1,-1,-1,-1,-1,0.065026
80660,427,0,18939,44.353630,0.000000,30.000000,-1,69.744390,69.744390,-1,30,0,1670,22,0,769,1770,0,384,5.586050,2.840849,2.840849,1.000000,0.689406,-1,-1,-1,-1,-1,0.064050
80670,415,0,18668,44.983133,0.000000,30.000000,-1,69.758678,69.758678,-1,25,0,1443,23,0,662,2015,0,376,5.518017,2.889709,2.889709,1.000000,0.707786,-1,-1,-1,-1,-1,0.064240
80680,415,0,18527,44.643373,0.000000,30.000000,-1,69.796621,69.796621,-1,24,0,1452,21,0,743,2114,0,314,5.378331,2.788048,2.788048,1.000000,0.707761,-1,-1,-1,-1,-1,0.062452
80690,410,0,18167,44.309756,0.000000,30.000000,-1,69.774426,69.774426,-1,32,0,1472,26,0,673,1564,0,402,5.776057,3.046707,3.046707,1.000000,0.693609,-1,-1,-1,-1,-1,0.068759
80700,405,0,18098,44.686420,0.000000,30.000000,-1,69.829760,69.829760,-1,24,0,1533,20,0,734,2163,0,304,5.620961,2.784389,2.784389,1.000000,0.696929,-1,-1,-1,-1,-1,0.062310
80710,405,0,18395,45.419753,0.000000,30.000000,-1,69.916282,69.916282,-1,22,0,1610,19,0,700,1875,0,290,5.719368,2.909439,2.909439,1.000000,0.704699,-1,-1,-1,-1,-1,0.064057
80720,388,0,17788,45.845361,0.000000,30.000000,-1,69.951653,69.951653,-1,17,0,1466,21,0,648,1861,0,213,5.727049,3.028474,3.028474,1.000000,0.714135,-1,-1,-1,-1,-1,0.066058
80730,397,0,18176,45.783375,0.000000,30.000000,-1,69.887269,69.887269,-1,18,0,1829,20,0,688,2135,0,208,5.741738,2.917852,2.917852,1.000000,0.712812,-1,-1,-1,-1,-1,0.063732
80740,401,0,18103,45.144638,0.000000,30.000000,-1,69.862509,69.862509,-1,22,0,1570,15,0,706,1740,0,275,5.962389,3.049249,3.049249,1.000000,0.716705,-1,-1,-1,-1,-1,0.067544
80750,412,0,18662,45.296117,0.000000,30.000000,-1,69.870646,69.870646,-1,21,0,1806,23,0,643,1826,0,273,5.426277,2.759114,2.759114,1.000000,0.711711,-1,-1,-1,-1,-1,0.060913
80760,420,0,18928,45.066667,0.000000,30.000000,-1,69.830093,69.830093,-1,19,0,1722,26,0,765,1920,0,245,5.572295,2.723397,2.723397,1.000000,0.707138,-1,-1,-1,-1,-1,0.060430
80770,416,0,18658,44.850962,0.000000,30.000000,-1,69.780309,69.780309,-1,21,0,1543,11,0,714,1915,0,271,5.681018,2.923664,2.923664,1.000000,0.715433,-1,-1,-1,-1,-1,0.065186
80780,390,0,17853,45.776923,0.000000,30.000000,-1,69.777068,69.777068,-1,18,0,1564,23,0,666,1939,0,216,5.520472,2.886121,2.886121,1.000000,0.723285,-1,-1,-1,-1,-1,0.063048
80790,400,0,17706,44.265000,0.000000,30.000000,-1,69.783407,69.783407,-1,32,0,1480,17,0,695,1611,0,411,5.613739,2.993166,2.993166,1.000000,0.697901,-1,-1,-1,-1,-1,0.067619
80800,413,0,19040,46.101695,0.000000,30.000000,-1,69.761922,69.761922,-1,17,0,1696,15,0,714,2332,0,203,5.548433,2.963404,2.963404,1.000000,0.731696,-1,-1,-1,-1,-1,0.064280
80810,409,0,18798,45.960880,0.000000,30.000000,-1,69.799181,69.799181,-1,13,0,1560,11,0,705,1785,0,161,5.729239,2.911697,2.911697,1.000000,0.725870,-1,-1,-1,-1,-1,0.063352
80820,423,0,19091,45.132388,0.000000,30.000000,-1,69.813577,69.813577,-1,22,0,1873,21,0,727,1717,0,288,5.621368,2.831201,2.831201,1.000000,0.706393,-1,-1,-1,-1,-1,0.062731
80830,406,0,18668,45.980296,0.000000,30.000000,-1,69.788997,69.788997,-1,16,0,1662,33,0,664,1954,0,205,5.987655,3.073569,3.073569,1.000000,0.723698,-1,-1,-1,-1,-1,0.066845
80840,413,0,18729,45.348668,0.000000,30.000000,-1,69.781355,69.781355,-1,24,0,1635,18,0,754,2180,0,280,5.843652,2.962297,2.962297,1.000000,0.703999,-1,-1,-1,-1,-1,0.065323
80850,404,0,18298,45.292079,0.000000,30.000000,-1,69.772598,69.772598,-1,20,0,1532,17,0,738,2069,0,216,5.531264,2.811145,2.811145,1.000000,0.712700,-1,-1,-1,-1,-1,0.062067
80860,396,0,18442,46.570707,0.000000,30.000000,-1,69.773506,69.773506,-1,16,0,1455,18,0,672,1681,0,203,5.670299,2.996368,2.996368,1.000000,0.723195,-1,-1,-1,-1,-1,0.064340
80870,407,0,18395,45.196560,0.000000,30.000000,-1,69.762164,69.762164,-1,22,0,1696,14,0,698,1722,0,265,5.869365,2.961511,2.961511,1.000000,0.711210,-1,-1,-1,-1,-1,0.065525
80880,397,0,18091,45.569270,0.000000,30.000000,-1,69.743740,69.743740,-1,15,0,1802,25,0,662,1927,0,201,5.767475,2.815948,2.815948,1.000000,0.716124,-1,-1,-1,-1,-1,0.061795
80890,405,0,18506,45.693827,0.000000,30.000000,-1,69.740787,69.740787,-1,17,0,1766,20,0,738,1898,0,212,5.745695,2.898279,2.898279,1.000000,0.718259,-1,-1,-1,-1,-1,0.063428
80900,405,0,18549,45.800000,0.000000,30.000000,-1,69.755243,69.755243,-1,17,0,1747,13,0,699,1731,0,227,5.806772,2.978295,2.978295,1.000000,0.726133,-1,-1,-1,-1,-1,0.065028
80910,415,0,18881,45.496386,0.000000,30.000000,-1,69.720672,69.720672,-1,19,0,1893,19,0,702,1991,0,218,5.467617,2.804041,2.804041,1.000000,0.725745,-1,-1,-1,-1,-1,0.061632
80920,415,0,19220,46.313253,0.000000,30.000000,-1,69.663007,69.663007,-1,16,0,1807,20,0,732,2248,0,217,5.574575,2.829900,2.829900,1.000000,0.724521,-1,-1,-1,-1,-1,0.061103
80930,405,0,18395,45.419753,0.000000,30.000000,-1,69.660669,69.660669,-1,19,0,1698,12,0,719,1753,0,299,5.936536,3.008790,3.008790,1.000000,0.718958,-1,-1,-1,-1,-1,0.066244
80940,407,0,18740,46.044226,0.000000,30.000000,-1,69.603949,69.603949,-1,16,0,1509,16,0,745,2129,0,178,5.658483,2.966649,2.966649,1.000000,0.733064,-1,-1,-1,-1,-1,0.064430
80950,416,0,18599,44.709135,0.000000,30.000000,-1,69.588903,69.588903,-1,25,0,1657,21,0,734,1679,0,309,5.504401,2.866020,2.866020,1.000000,0.710962,-1,-1,-1,-1,-1,0.064104
80960,410,0,18671,45.539024,0.000000,30.000000,-1,69.565958,69.565958,-1,16,0,1766,24,0,662,2147,0,219,5.706098,2.854297,2.854297,1.000000,0.721981,-1,-1,-1,-1,-1,0.062678
80970,410,0,18889,46.070732,0.000000,30.000000,-1,69.577850,69.577850,-1,16,0,1670,16,0,730,2215,0,192,5.669291,2.924166,2.924166,1.000000,0.726629,-1,-1,-1,-1,-1,0.063471
80980,390,0,17342,44.466667,0.000000,30.000000,-1,69.628244,69.628244,-1,22,0,1611,26,0,684,1727,0,286,5.731428,2.950623,2.950623,1.000000,0.715698,-1,-1,-1,-1,-1,0.066356
80990,394,0,17822,45.233503,0.000000,30.000000,-1,69.619459,69.619459,-1,23,0,1686,22,0,627,1430,0,302,5.596292,2.863220,2.863220,1.000000,0.706126,-1,-1,-1,-1,-1,0.063299
81000,392,0,17602,44.903061,0.000000,30.000000,-1,69.545393,69.545393,-1,24,0,1517,28,0,677,1686,0,316,5.626546,2.903216,2.903216,1.000000,0.703601,-1,-1,-1,-1,-1,0.064655
81010,407,0,18177,44.660934,0.000000,30.000000,-1,69.557683,69.557683,-1,26,0,1782,16,0,708,1391,0,343,5.908798,2.924710,2.924710,1.000000,0.708466,-1,-1,-1,-1,-1,0.065487
81020,398,0,18615,46.771357,0.000000,30.000000,-1,69.538437,69.538437,-1,15,0,1453,23,0,775,1738,0,199,5.624744,3.003517,3.003517,1.000000,0.727624,-1,-1,-1,-1,-1,0.064217
81030,399,0,18306,45.879699,0.000000,30.000000,-1,69.596416,69.596416,-1,18,0,1694,26,0,715,2012,0,229,5.519180,2.877884,2.877884,1.000000,0.722876,-1,-1,-1,-1,-1,0.062727
81040,410,0,18518,45.165854,0.000000,30.000000,-1,69.557458,69.557458,-1,21,0,1704,16,0,739,1901,0,281,6.003464,3.024643,3.024643,1.000000,0.706265,-1,-1,-1,-1,-1,0.066967
81050,405,0,18447,45.548148,0.000000,30.000000,-1,69.538949,69.538949,-1,20,0,1785,18,0,730,1857,0,261,5.985513,3.031653,3.031653,1.000000,0.718047,-1,-1,-1,-1,-1,0.066559
81060,403,0,18628,46.223325,0.000000,30.000000,-1,69.558568,69.558568,-1,16,0,1520,23,0,726,2129,0,191,5.742677,3.010838,3.010838,1.000000,0.732191,-1,-1,-1,-1,-1,0.065137
81070,379,0,17394,45.894459,0.000000,30.000000,-1,69.564160,69.564160,-1,18,0,1508,22,0,686,1690,0,222,6.226493,3.384388,3.384388,1.000000,0.728843,-1,-1,-1,-1,-1,0.073743
81080,396,0,18253,46.093434,0.000000,30.000000,-1,69.541226,69.541226,-1,18,0,1537,14,0,681,2075,0,234,5.720322,3.113252,3.113252,1.000000,0.730877,-1,-1,-1,-1,-1,0.067542
81090,411,0,18992,46.209246,0.000000,30.000000,-1,69.534436,69.534436,-1,11,0,1864,12,0,721,2230,0,147,5.710699,2.880310,2.880310,1.000000,0.738142,-1,-1,-1,-1,-1,0.062332
81100,392,0,17540,44.744898,0.000000,30.000000,-1,69.564310,69.564310,-1,21,0,1731,26,0,676,1874,0,275,5.392259,2.706744,2.706744,1.000000,0.711745,-1,-1,-1,-1,-1,0.060493
81110,403,0,18128,44.982630,0.000000,30.000000,-1,69.613361,69.613361,-1,27,0,1679,23,0,702,2184,0,314,5.756139,2.983552,2.983552,1.000000,0.706275,-1,-1,-1,-1,-1,0.066327
81120,392,0,17814,45.443878,0.000000,30.000000,-1,69.650668,69.650668,-1,17,0,1592,20,0,691,1989,0,217,5.855583,2.971798,2.971798,1.000000,0.718308,-1,-1,-1,-1,-1,0.065395
81130,393,0,18045,45.916031,0.000000,30.000000,-1,69.645165,69.645165,-1,19,0,1442,18,0,658,1606,0,229,5.735660,3.021762,3.021762,1.000000,0.722414,-1,-1,-1,-1,-1,0.065811
81140,410,0,18717,45.651220,0.000000,30.000000,-1,69.654272,69.654272,-1,17,0,1653,17,0,735,1793,0,219,5.933479,3.010423,3.010423,1.000000,0.722632,-1,-1,-1,-1,-1,0.065944
81150,401,0,18569,46.306733,0.000000,30.000000,-1,69.684366,69.684366,-1,14,0,1548,16,0,722,1682,0,175,5.799127,3.069376,3.069376,1.000000,0.736320,-1,-1,-1,-1,-1,0.066284
81160,398,0,18214,45.763819,0.000000,30.000000,-1,69.690623,69.690623,-1,24,0,1728,12,0,692,1989,0,286,5.859849,3.066927,3.066927,1.000000,0.719455,-1,-1,-1,-1,-1,0.067016
81170,397,0,17978,45.284635,0.000000,30.000000,-1,69.666537,69.666537,-1,21,0,1501,26,0,682,1861,0,313,5.697264,3.012344,3.012344,1.000000,0.713430,-1,-1,-1,-1,-1,0.066520
81180,394,0,17966,45.598985,0.000000,30.000000,-1,69.662028,69.662028,-1,18,0,1491,17,0,646,1634,0,237,5.749311,2.928656,2.928656,1.000000,0.710202,-1,-1,-1,-1,-1,0.064226
81190,414,0,18699,45.166667,0.000000,30.000000,-1,69.647040,69.647040,-1,18,0,1800,11,0,685,1799,0,207,5.835872,2.972847,2.972847,1.000000,0.719196,-1,-1,-1,-1,-1,0.065819
81200,423,0,19226,45.451537,0.000000,30.000000,-1,69.710912,69.710912,-1,18,0,1655,20,0,732,2079,0,219,5.561296,2.878758,2.878758,1.000000,0.723338,-1,-1,-1,-1,-1,0.063337
81210,417,0,18993,45.546763,0.000000,30.000000,-1,69.677355,69.677355,-1,20,0,1673,16,0,719,2040,0,259,5.640609,2.918830,2.918830,1.000000,0.717229,-1,-1,-1,-1,-1,0.064084
81220,411,0,18535,45.097324,0.000000,30.000000,-1,69.689237,69.689237,-1,29,0,1705,19,0,734,2176,0,336,5.597031,2.935700,2.935700,1.000000,0.705375,-1,-1,-1,-1,-1,0.065097
81230,386,0,17702,45.860104,0.000000,30.000000,-1,69.740199,69.740199,-1,10,0,1678,20,0,649,1617,0,120,5.732095,2.886089,2.886089,1.000000,0.735767,-1,-1,-1,-1,-1,0.062932
81240,386,0,17542,45.445596,0.000000,30.000000,-1,69.712804,69.712804,-1,16,0,1701,21,0,668,1602,0,194,6.075793,3.062931,3.062931,1.000000,0.725515,-1,-1,-1,-1,-1,0.067398
81250,397,0,18440,46.448363,0.000000,30.000000,-1,69.733080,69.733080,-1,16,0,1597,20,0,698,1526,0,204,5.729677,2.956301,2.956301,1.000000,0.719679,-1,-1,-1,-1,-1,0.063647
81260,399,0,18480,46.315789,0.000000,30.000000,-1,69.767045,69.767045,-1,15,0,1627,15,0,699,2085,0,176,6.031733,3.152895,3.152895,1.000000,0.734722,-1,-1,-1,-1,-1,0.068074
81270,390,0,17407,44.633333,0.000000,30.000000,-1,69.745390,69.745390,-1,23,0,1627,24,0,669,1583,0,288,5.601743,2.846608,2.846608,1.000000,0.706696,-1,-1,-1,-1,-1,0.063778
81280,393,0,17788,45.262087,0.000000,30.000000,-1,69.776422,69.776422,-1,19,0,1457,22,0,665,2018,0,257,5.718383,2.932229,2.932229,1.000000,0.714349,-1,-1,-1,-1,-1,0.064783
81290,404,0,18606,46.054455,0.000000,30.000000,-1,69.718478,69.718478,-1,18,0,1651,17,0,690,1769,0,237,5.844018,3.072118,3.072118,1.000000,0.719111,-1,-1,-1,-1,-1,0.066706
81300,407,0,18583,45.658477,0.000000,30.000000,-1,69.738309,69.738309,-1,24,0,1501,19,0,686,2109,0,298,5.483775,2.920812,2.920812,1.000000,0.711020,-1,-1,-1,-1,-1,0.063971
81310,420,0,18851,44.883333,0.000000,30.000000,-1,69.733489,69.733489,-1,26,0,1566,10,0,747,1918,0,321,5.735774,3.057084,3.057084,1.000000,0.712169,-1,-1,-1,-1,-1,0.068112
81320,405,0,18789,46.392593,0.000000,30.000000,-1,69.684549,69.684549,-1,17,0,1772,29,0,672,1896,0,243,5.618077,2.880317,2.880317,1.000000,0.724008,-1,-1,-1,-1,-1,0.062086
81330,412,0,18525,44.963592,0.000000,30.000000,-1,69.739973,69.739973,-1,23,0,1891,20,0,742,2171,0,279,5.602940,2.834069,2.834069,1.000000,0.717962,-1,-1,-1,-1,-1,0.063030
81340,422,0,19079,45.210900,0.000000,30.000000,-1,69.753132,69.753132,-1,18,0,1853,15,0,762,1839,0,221,5.589518,2.779135,2.779135,1.000000,0.728340,-1,-1,-1,-1,-1,0.061470
81350,427,0,19544,45.770492,0.000000,30.000000,-1,69.749744,69.749744,-1,20,0,1809,22,0,759,2222,0,255,5.628066,2.897863,2.897863,1.000000,0.721868,-1,-1,-1,-1,-1,0.063313
81360,403,0,18475,45.843672,0.000000,30.000000,-1,69.739432,69.739432,-1,18,0,1515,23,0,717,1817,0,239,5.569318,2.908409,2.908409,1.000000,0.724132,-1,-1,-1,-1,-1,0.063442
81370,405,0,18500,45.679012,0.000000,30.000000,-1,69.710432,69.710432,-1,17,0,1720,17,0,704,1809,0,189,5.766056,2.949640,2.949640,1.000000,0.718508,-1,-1,-1,-1,-1,0.064573
81380,401,0,17774,44.324190,0.000000,30.000000,-1,69.725779,69.725779,-1,22,0,1740,24,0,679,1903,0,272,5.898311,2.925107,2.925107,1.000000,0.725540,-1,-1,-1,-1,-1,0.065993
81390,394,0,17618,44.715736,0.000000,30.000000,-1,69.705983,69.705983,-1,22,0,1458,19,0,664,1820,0,265,5.586807,2.868716,2.868716,1.000000,0.722471,-1,-1,-1,-1,-1,0.064155
81400,424,0,19421,45.804245,0.000000,30.000000,-1,69.702744,69.702744,-1,11,0,1845,19,0,726,2049,0,132,5.758727,2.855829,2.855829,1.000000,0.731608,-1,-1,-1,-1,-1,0.062349
81410,412,0,18306,44.432039,0.000000,30.000000,-1,69.664809,69.664809,-1,27,0,1588,17,0,658,1962,0,341,5.546940,2.834822,2.834822,1.000000,0.707519,-1,-1,-1,-1,-1,0.063801
81420,403,0,18462,45.811414,0.000000,30.000000,-1,69.694237,69.694237,-1,20,0,1634,14,0,710,2236,0,239,5.810472,3.012168,3.012168,1.000000,0.715880,-1,-1,-1,-1,-1,0.065751
81430,408,0,18543,45.448529,0.000000,30.000000,-1,69.678153,69.678153,-1,21,0,1386,15,0,759,1694,0,260,5.813598,3.086087,3.086087,1.000000,0.723987,-1,-1,-1,-1,-1,0.067903
81440,415,0,19556,47.122892,0.000000,30.000000,-1,69.657650,69.657650,-1,12,0,1693,21,0,713,1645,0,141,5.485361,2.905803,2.905803,1.000000,0.742926,-1,-1,-1,-1,-1,0.061664
81450,421,0,19301,45.845606,0.000000,30.000000,-1,69.718253,69.718253,-1,17,0,1782,19,0,781,2053,0,188,5.776698,2.972991,2.972991,1.000000,0.732618,-1,-1,-1,-1,-1,0.064848
81460,387,0,17294,44.687339,0.000000,30.000000,-1,69.751070,69.751070,-1,29,0,1575,20,0,696,1745,0,355,5.722547,3.016225,3.016225,1.000000,0.709508,-1,-1,-1,-1,-1,0.067496
81470,393,0,17638,44.880407,0.000000,30.000000,-1,69.771459,69.771459,-1,21,0,1611,18,0,657,1635,0,265,5.662886,2.834933,2.834933,1.000000,0.706576,-1,-1,-1,-1,-1,0.063166
81480,404,0,18490,45.767327,0.000000,30.000000,-1,69.770362,69.770362,-1,16,0,1679,23,0,703,1961,0,209,5.494769,2.803852,2.803852,1.000000,0.720774,-1,-1,-1,-1,-1,0.061263
81490,386,0,17631,45.676166,0.000000,30.000000,-1,69.824230,69.824230,-1,25,0,1303,12,0,690,1744,0,327,5.542091,3.036493,3.036493,1.000000,0.713871,-1,-1,-1,-1,-1,0.066479
81500,396,0,18126,45.772727,0.000000,30.000000,-1,69.821417,69.821417,-1,15,0,1591,16,0,735,2180,0,175,5.787813,3.044438,3.044438,1.000000,0.733974,-1,-1,-1,-1,-1,0.066512
81510,374,0,16852,45.058824,0.000000,30.000000,-1,69.854617,69.854617,-1,19,0,1477,29,0,661,1969,0,242,6.076474,3.129408,3.129408,1.000000,0.720328,-1,-1,-1,-1,-1,0.069452
81520,415,0,19163,46.175904,0.000000,30.000000,-1,69.894745,69.894745,-1,14,0,1620,22,0,691,1916,0,158,5.702226,2.954114,2.954114,1.000000,0.732608,-1,-1,-1,-1,-1,0.063975
81530,407,0,18482,45.410319,0.000000,30.000000,-1,69.832215,69.832215,-1,19,0,1704,20,0,737,1846,0,243,5.498202,2.830920,2.830920,1.000000,0.715096,-1,-1,-1,-1,-1,0.062341
81540,406,0,18802,46.310345,0.000000,30.000000,-1,69.833050,69.833050,-1,16,0,1556,15,0,724,2113,0,193,5.577518,3.075074,3.075074,1.000000,0.737824,-1,-1,-1,-1,-1,0.066401
81550,378,0,17139,45.341270,0.000000,30.000000,-1,69.828987,69.828987,-1,20,0,1408,15,0,645,2028,0,280,5.806960,3.116194,3.116194,1.000000,0.731554,-1,-1,-1,-1,-1,0.068728
81560,395,0,17905,45.329114,0.000000,30.000000,-1,69.862943,69.862943,-1,23,0,1550,17,0,702,1836,0,307,5.762970,3.083685,3.083685,1.000000,0.718552,-1,-1,-1,-1,-1,0.068029
81570,399,0,18119,45.411028,0.000000,30.000000,-1,69.903361,69.903361,-1,20,0,1592,25,0,685,1827,0,267,5.801194,2.955460,2.955460,1.000000,0.713773,-1,-1,-1,-1,-1,0.065082
81580,414,0,18574,44.864734,0.000000,30.000000,-1,69.940777,69.940777,-1,25,0,1436,18,0,757,2056,0,338,5.600094,2.937403,2.937403,1.000000,0.715452,-1,-1,-1,-1,-1,0.065472
81590,390,0,17906,45.912821,0.000000,30.000000,-1,69.906568,69.906568,-1,13,0,1751,22,0,655,1892,0,192,5.745866,2.854501,2.854501,1.000000,0.735091,-1,-1,-1,-1,-1,0.062172
81600,389,0,17553,45.123393,0.000000,30.000000,-1,69.923888,69.923888,-1,21,0,1529,18,0,644,1410,0,269,5.766926,2.979065,2.979065,1.000000,0.725489,-1,-1,-1,-1,-1,0.066020
81610,377,0,17042,45.204244,0.000000,30.000000,-1,69.914564,69.914564,-1,21,0,1518,24,0,617,1691,0,254,6.132540,3.215319,3.215319,1.000000,0.719669,-1,-1,-1,-1,-1,0.071129
81620,396,0,18298,46.207071,0.000000,30.000000,-1,69.918133,69.918133,-1,14,0,1865,20,0,712,1704,0,179,5.964886,3.064455,3.064455,1.000000,0.732809,-1,-1,-1,-1,-1,0.066320
81630,392,0,18067,46.089286,0.000000,30.000000,-1,69.843914,69.843914,-1,18,0,1679,22,0,714,1661,0,226,5.798149,2.922697,2.922697,1.000000,0.723932,-1,-1,-1,-1,-1,0.063414
81640,413,0,18748,45.394673,0.000000,30.000000,-1,69.817207,69.817207,-1,22,0,1422,14,0,703,1754,0,283,5.699805,3.094960,3.094960,1.000000,0.725926,-1,-1,-1,-1,-1,0.068179
81650,409,0,18983,46.413203,0.000000,30.000000,-1,69.824211,69.824211,-1,10,0,1544,20,0,724,1922,0,116,5.562863,2.823561,2.823561,1.000000,0.731142,-1,-1,-1,-1,-1,0.060835
81660,402,0,18539,46.116915,0.000000,30.000000,-1,69.760829,69.760829,-1,12,0,1414,30,0,681,1839,0,131,5.625366,3.054271,3.054271,1.000000,0.738714,-1,-1,-1,-1,-1,0.066229
81670,419,0,18911,45.133652,0.000000,30.000000,-1,69.735128,69.735128,-1,24,0,1653,21,0,749,1783,0,315,5.724162,2.984782,2.984782,1.000000,0.715607,-1,-1,-1,-1,-1,0.066132
81680,416,0,18856,45.326923,0.000000,30.000000,-1,69.677662,69.677662,-1,18,0,1832,16,0,731,2029,0,216,5.671486,2.852725,2.852725,1.000000,0.724754,-1,-1,-1,-1,-1,0.062937
81690,401,0,18177,45.329177,0.000000,30.000000,-1,69.648457,69.648457,-1,23,0,1295,20,0,649,1982,0,285,5.400197,2.938183,2.938183,1.000000,0.714225,-1,-1,-1,-1,-1,0.064819
81700,382,0,17681,46.285340,0.000000,30.000000,-1,69.603077,69.603077,-1,14,0,1471,21,0,672,1824,0,176,6.097067,3.164776,3.164776,1.000000,0.733753,-1,-1,-1,-1,-1,0.068375
81710,422,0,19327,45.798578,0.000000,30.000000,-1,69.598696,69.598696,-1,22,0,1611,16,0,719,1762,0,288,5.781841,3.117279,3.117279,1.000000,0.719989,-1,-1,-1,-1,-1,0.068065
81720,410,0,18678,45.556098,0.000000,30.000000,-1,69.589678,69.589678,-1,18,0,1614,18,0,764,1889,0,222,5.467361,2.769747,2.769747,1.000000,0.713962,-1,-1,-1,-1,-1,0.060799
81730,411,0,18532,45.090024,0.000000,30.000000,-1,69.569393,69.569393,-1,23,0,1632,15,0,716,1981,0,307,5.587133,2.844277,2.844277,1.000000,0.710796,-1,-1,-1,-1,-1,0.063080
81740,399,0,18060,45.263158,0.000000,30.000000,-1,69.581285,69.581285,-1,24,0,1628,19,0,685,1864,0,288,5.449801,2.825173,2.825173,1.000000,0.711787,-1,-1,-1,-1,-1,0.062417
81750,407,0,18496,45.444717,0.000000,30.000000,-1,69.551038,69.551038,-1,18,0,1686,18,0,715,1997,0,206,5.499100,2.824523,2.824523,1.000000,0.722010,-1,-1,-1,-1,-1,0.062153
81760,410,0,18625,45.426829,0.000000,30.000000,-1,69.601826,69.601826,-1,24,0,1619,20,0,715,2109,0,334,5.513902,2.862928,2.862928,1.000000,0.713890,-1,-1,-1,-1,-1,0.063023
81770,395,0,18177,46.017722,0.000000,30.000000,-1,69.594543,69.594543,-1,18,0,1570,20,0,674,1804,0,233,5.943656,3.131932,3.131932,1.000000,0.729558,-1,-1,-1,-1,-1,0.068059
81780,392,0,17824,45.469388,0.000000,30.000000,-1,69.526257,69.526257,-1,19,0,1727,8,0,674,2194,0,258,5.955321,3.035326,3.035326,1.000000,0.721631,-1,-1,-1,-1,-1,0.066755
81790,391,0,17883,45.736573,0.000000,30.000000,-1,69.478779,69.478779,-1,15,0,1672,22,0,640,1893,0,163,5.512373,2.898661,2.898661,1.000000,0.740124,-1,-1,-1,-1,-1,0.063377
81800,421,0,19055,45.261283,0.000000,30.000000,-1,69.499292,69.499292,-1,24,0,1688,21,0,746,2200,0,293,5.468944,2.911104,2.911104,1.000000,0.727030,-1,-1,-1,-1,-1,0.064318
81810,404,0,18056,44.693069,0.000000,30.000000,-1,69.525144,69.525144,-1,22,0,1734,29,0,728,2012,0,275,5.634904,2.931456,2.931456,1.000000,0.722859,-1,-1,-1,-1,-1,0.065591
81820,416,0,19082,45.870192,0.000000,30.000000,-1,69.548947,69.548947,-1,22,0,1715,20,0,713,1930,0,264,5.639407,3.082548,3.082548,1.000000,0.733598,-1,-1,-1,-1,-1,0.067202
81830,415,0,18447,44.450602,0.000000,30.000000,-1,69.562043,69.562043,-1,23,0,1716,22,0,712,2026,0,296,5.475910,2.779282,2.779282,1.000000,0.713746,-1,-1,-1,-1,-1,0.062525
81840,404,0,18368,45.465347,0.000000,30.000000,-1,69.526350,69.526350,-1,24,0,1440,21,0,718,1708,0,287,5.665193,2.972360,2.972360,1.000000,0.718837,-1,-1,-1,-1,-1,0.065376
81850,408,0,18745,45.943627,0.000000,30.000000,-1,69.579194,69.579194,-1,17,0,1495,20,0,724,1914,0,192,5.486350,3.000754,3.000754,1.000000,0.742376,-1,-1,-1,-1,-1,0.065314
81860,414,0,18941,45.751208,0.000000,30.000000,-1,69.608838,69.608838,-1,22,0,1526,24,0,731,1695,0,273,5.452793,2.952564,2.952564,1.000000,0.728028,-1,-1,-1,-1,-1,0.064535
81870,396,0,18068,45.626263,0.000000,30.000000,-1,69.540901,69.540901,-1,17,0,1840,22,0,716,1651,0,231,6.041000,3.036441,3.036441,1.000000,0.728037,-1,-1,-1,-1,-1,0.066550
81880,388,0,17560,45.257732,0.000000,30.000000,-1,69.596583,69.596583,-1,22,0,1602,16,0,714,1922,0,274,6.032581,3.238897,3.238897,1.000000,0.727511,-1,-1,-1,-1,-1,0.071566
81890,411,0,19051,46.352798,0.000000,30.000000,-1,69.637499,69.637499,-1,15,0,1864,17,0,719,2312,0,193,5.767031,2.966024,2.966024,1.000000,0.730859,-1,-1,-1,-1,-1,0.063988
81900,402,0,18414,45.805970,0.000000,30.000000,-1,69.685891,69.685891,-1,11,0,1517,20,0,679,1643,0,135,5.699710,2.984331,2.984331,1.000000,0.748910,-1,-1,-1,-1,-1,0.065152
81910,409,0,18332,44.821516,0.000000,30.000000,-1,69.659230,69.659230,-1,26,0,1685,18,0,707,1894,0,312,5.455381,2.832312,2.832312,1.000000,0.712264,-1,-1,-1,-1,-1,0.063191
81920,392,0,17949,45.788265,0.000000,30.000000,-1,69.675581,69.675581,-1,16,0,1509,20,0,696,1858,0,203,5.654798,3.132434,3.132434,1.000000,0.749298,-1,-1,-1,-1,-1,0.068411
81930,391,0,17770,45.447570,0.000000,30.000000,-1,69.708441,69.708441,-1,19,0,1530,20,0,718,2144,0,247,5.555964,2.970038,2.970038,1.000000,0.738983,-1,-1,-1,-1,-1,0.065351
81940,407,0,18549,45.574939,0.000000,30.000000,-1,69.737398,69.737398,-1,17,0,2019,21,0,748,1868,0,203,5.962456,3.052286,3.052286,1.000000,0.731978,-1,-1,-1,-1,-1,0.066973
81950,413,0,18961,45.910412,0.000000,30.000000,-1,69.687042,69.687042,-1,15,0,1666,26,0,667,2122,0,177,5.675681,2.992024,2.992024,1.000000,0.738758,-1,-1,-1,-1,-1,0.065171
81960,412,0,18821,45.682039,0.000000,30.000000,-1,69.636045,69.636045,-1,18,0,1656,27,0,732,2132,0,234,5.675690,2.954743,2.954743,1.000000,0.729933,-1,-1,-1,-1,-1,0.064681
81970,401,0,17753,44.271820,0.000000,30.000000,-1,69.630091,69.630091,-1,28,0,1424,26,0,702,1770,0,370,5.612162,3.081105,3.081105,1.000000,0.720382,-1,-1,-1,-1,-1,0.069595
81980,384,0,18029,46.950521,0.000000,30.000000,-1,69.589661,69.589661,-1,8,0,1688,23,0,646,1964,0,116,6.074906,3.102302,3.102302,1.000000,0.751905,-1,-1,-1,-1,-1,0.066076
81990,379,0,17030,44.934037,0.000000,30.000000,-1,69.571932,69.571932,-1,22,0,1500,25,0,624,1927,0,265,5.701450,3.042488,3.042488,1.000000,0.733525,-1,-1,-1,-1,-1,0.067710
82000,406,0,18378,45.266010,0.000000,30.000000,-1,69.578735,69.578735,-1,20,0,1705,17,0,692,2243,0,250,5.674542,2.994940,2.994940,1.000000,0.728547,-1,-1,-1,-1,-1,0.066163
82010,400,0,18331,45.827500,0.000000,30.000000,-1,69.586929,69.586929,-1,19,0,1745,13,0,647,1794,0,261,5.881450,3.147241,3.147241,1.000000,0.727060,-1,-1,-1,-1,-1,0.068676
82020,393,0,17841,45.396947,0.000000,30.000000,-1,69.618183,69.618183,-1,20,0,1713,22,0,665,2348,0,263,5.672673,3.045005,3.045005,1.000000,0.731279,-1,-1,-1,-1,-1,0.067075
82030,419,0,19190,45.799523,0.000000,30.000000,-1,69.629078,69.629078,-1,15,0,1962,14,0,734,2193,0,188,5.507902,2.806528,2.806528,1.000000,0.732769,-1,-1,-1,-1,-1,0.061279
82040,413,0,18949,45.881356,0.000000,30.000000,-1,69.686896,69.686896,-1,18,0,1599,16,0,743,2211,0,250,5.581895,2.913320,2.913320,1.000000,0.732450,-1,-1,-1,-1,-1,0.063497
82050,400,0,18335,45.837500,0.000000,30.000000,-1,69.643469,69.643469,-1,11,0,1959,21,0,766,1779,0,142,5.765045,2.869777,2.869777,1.000000,0.752639,-1,-1,-1,-1,-1,0.062608
82060,390,0,17382,44.569231,0.000000,30.000000,-1,69.619664,69.619664,-1,26,0,1417,19,0,674,1600,0,324,5.715641,3.093761,3.093761,1.000000,0.716235,-1,-1,-1,-1,-1,0.069415
82070,404,0,18341,45.398515,0.000000,30.000000,-1,69.642659,69.642659,-1,23,0,1670,21,0,749,2132,0,305,5.736163,3.046840,3.046840,1.000000,0.732360,-1,-1,-1,-1,-1,0.067113
82080,411,0,19226,46.778589,0.000000,30.000000,-1,69.653698,69.653698,-1,9,0,1847,20,0,741,2149,0,111,5.625772,2.999474,2.999474,1.000000,0.748466,-1,-1,-1,-1,-1,0.064121
82090,400,0,18185,45.462500,0.000000,30.000000,-1,69.702557,69.702557,-1,17,0,1770,23,0,712,2042,0,206,5.841901,3.014885,3.014885,1.000000,0.740965,-1,-1,-1,-1,-1,0.066316
82100,404,0,18045,44.665842,0.000000,30.000000,-1,69.742034,69.742034,-1,23,0,1670,19,0,657,1945,0,297,5.537311,2.917251,2.917251,1.000000,0.729607,-1,-1,-1,-1,-1,0.065313
82110,400,0,17878,44.695000,0.000000,30.000000,-1,69.779058,69.779058,-1,27,0,1561,15,0,738,1820,0,351,5.823228,3.075165,3.075165,1.000000,0.716910,-1,-1,-1,-1,-1,0.068803
82120,396,0,18237,46.053030,0.000000,30.000000,-1,69.761748,69.761748,-1,17,0,1511,18,0,682,1811,0,208,5.510107,2.964641,2.964641,1.000000,0.746648,-1,-1,-1,-1,-1,0.064374
82130,385,0,17513,45.488312,0.000000,30.000000,-1,69.737052,69.737052,-1,12,0,1652,27,0,688,1750,0,161,5.660364,3.008034,3.008034,1.000000,0.755493,-1,-1,-1,-1,-1,0.066128
82140,392,0,17974,45.852041,0.000000,30.000000,-1,69.682041,69.682041,-1,20,0,1581,17,0,650,1983,0,283,5.780403,3.068661,3.068661,1.000000,0.726612,-1,-1,-1,-1,-1,0.066925
82150,402,0,18200,45.273632,0.000000,30.000000,-1,69.657857,69.657857,-1,21,0,1637,19,0,707,2054,0,273,5.240955,2.786172,2.786172,1.000000,0.734888,-1,-1,-1,-1,-1,0.061541
82160,385,0,17089,44.387013,0.000000,30.000000,-1,69.611387,69.611387,-1,31,0,1471,22,0,684,1836,0,397,5.546483,2.972709,2.972709,1.000000,0.707194,-1,-1,-1,-1,-1,0.066972
82170,393,0,18250,46.437659,0.000000,30.000000,-1,69.642521,69.642521,-1,15,0,1596,15,0,674,1977,0,191,5.875116,3.274163,3.274163,1.000000,0.756350,-1,-1,-1,-1,-1,0.070507
82180,424,0,19099,45.044811,0.000000,30.000000,-1,69.577570,69.577570,-1,25,0,1858,20,0,692,1922,0,337,5.640490,2.910611,2.910611,1.000000,0.723096,-1,-1,-1,-1,-1,0.064616
82190,396,0,18320,46.262626,0.000000,30.000000,-1,69.563810,69.563810,-1,10,0,1717,22,0,683,1589,0,119,5.881859,3.081364,3.081364,1.000000,0.754553,-1,-1,-1,-1,-1,0.066606
82200,411,0,19083,46.430657,0.000000,30.000000,-1,69.566630,69.566630,-1,13,0,1715,14,0,736,2365,0,160,5.692790,3.049418,3.049418,1.000000,0.757281,-1,-1,-1,-1,-1,0.065677
82210,424,0,18934,44.655660,0.000000,30.000000,-1,69.576212,69.576212,-1,24,0,1812,20,0,731,2141,0,308,5.136007,2.654312,2.654312,1.000000,0.722806,-1,-1,-1,-1,-1,0.059440
82220,408,0,18936,46.411765,0.000000,30.000000,-1,69.627957,69.627957,-1,18,0,1667,15,0,753,2262,0,208,5.553713,2.923645,2.923645,1.000000,0.733861,-1,-1,-1,-1,-1,0.062994
82230,422,0,19378,45.919431,0.000000,30.000000,-1,69.666839,69.666839,-1,17,0,1708,17,0,698,2256,0,216,5.588513,2.984044,2.984044,1.000000,0.740177,-1,-1,-1,-1,-1,0.064984
82240,405,0,18442,45.535802,0.000000,30.000000,-1,69.576347,69.576347,-1,18,0,1892,22,0,715,1698,0,208,5.723047,2.893767,2.893767,1.000000,0.731347,-1,-1,-1,-1,-1,0.063549
82250,410,0,18605,45.378049,0.000000,30.000000,-1,69.567858,69.567858,-1,17,0,1485,14,0,716,1898,0,214,5.560343,3.003072,3.003072,1.000000,0.747612,-1,-1,-1,-1,-1,0.066179
82260,410,0,18835,45.939024,0.000000,30.000000,-1,69.611999,69.611999,-1,16,0,1580,14,0,732,1815,0,189,5.788105,3.172174,3.172174,1.000000,0.749051,-1,-1,-1,-1,-1,0.069052
82270,395,0,18375,46.518987,0.000000,30.000000,-1,69.637551,69.637551,-1,14,0,1610,17,0,678,1401,0,164,5.705242,3.133576,3.133576,1.000000,0.748591,-1,-1,-1,-1,-1,0.067361
82280,427,0,19534,45.747073,0.000000,30.000000,-1,69.595167,69.595167,-1,15,0,1904,18,0,784,2078,0,192,5.479336,2.886784,2.886784,1.000000,0.752547,-1,-1,-1,-1,-1,0.063103
82290,424,0,18994,44.797170,0.000000,30.000000,-1,69.604033,69.604033,-1,28,0,1588,22,0,755,1944,0,342,5.608752,3.046234,3.046234,1.000000,0.724243,-1,-1,-1,-1,-1,0.068001
82300,413,0,18806,45.535109,0.000000,30.000000,-1,69.601989,69.601989,-1,21,0,1497,16,0,750,2220,0,263,5.533352,3.056063,3.056063,1.000000,0.742866,-1,-1,-1,-1,-1,0.067114
82310,406,0,18384,45.280788,0.000000,30.000000,-1,69.602752,69.602752,-1,25,0,1495,21,0,755,2058,0,286,5.479237,3.044338,3.044338,1.000000,0.732916,-1,-1,-1,-1,-1,0.067232
82320,377,0,16921,44.883289,0.000000,30.000000,-1,69.660008,69.660008,-1,21,0,1450,29,0,637,1794,0,258,5.754771,3.155043,3.155043,1.000000,0.740475,-1,-1,-1,-1,-1,0.070294
82330,369,0,16816,45.571816,0.000000,30.000000,-1,69.611739,69.611739,-1,21,0,1454,19,0,643,1939,0,243,5.800609,3.219910,3.219910,1.000000,0.733860,-1,-1,-1,-1,-1,0.070656
82340,377,0,17132,45.442971,0.000000,30.000000,-1,69.620535,69.620535,-1,21,0,1421,19,0,677,1559,0,278,5.784583,3.143230,3.143230,1.000000,0.735456,-1,-1,-1,-1,-1,0.069169
82350,407,0,18174,44.653563,0.000000,30.000000,-1,69.622978,69.622978,-1,26,0,1661,21,0,700,1651,0,359,5.401937,3.003819,3.003819,1.000000,0.742218,-1,-1,-1,-1,-1,0.067269
82360,402,0,17952,44.656716,0.000000,30.000000,-1,69.545009,69.545009,-1,24,0,1767,28,0,682,2068,0,281,5.730286,3.070709,3.070709,1.000000,0.741067,-1,-1,-1,-1,-1,0.068763
82370,421,0,19186,45.572447,0.000000,30.000000,-1,69.599864,69.599864,-1,20,0,1546,21,0,695,1821,0,236,5.311222,2.994174,2.994174,1.000000,0.746414,-1,-1,-1,-1,-1,0.065701
82380,407,0,18420,45.257985,0.000000,30.000000,-1,69.540771,69.540771,-1,14,0,1641,10,0,768,1790,0,185,5.900358,3.171013,3.171013,1.000000,0.759773,-1,-1,-1,-1,-1,0.070065
82390,395,0,17928,45.387342,0.000000,30.000000,-1,69.497155,69.497155,-1,22,0,1539,20,0,673,1849,0,306,5.848504,3.132931,3.132931,1.000000,0.737413,-1,-1,-1,-1,-1,0.069027
82400,385,0,17650,45.844156,0.000000,30.000000,-1,69.561020,69.561020,-1,17,0,1744,18,0,674,1748,0,228,5.870457,3.152301,3.152301,1.000000,0.745266,-1,-1,-1,-1,-1,0.068761
82410,374,0,16843,45.034759,0.000000,30.000000,-1,69.501098,69.501098,-1,19,0,1591,15,0,680,1455,0,235,5.762598,3.057494,3.057494,1.000000,0.750207,-1,-1,-1,-1,-1,0.067892
82420,394,0,17656,44.812183,0.000000,30.000000,-1,69.475419,69.475419,-1,22,0,1585,13,0,664,1957,0,280,5.697754,3.127965,3.127965,1.000000,0.741659,-1,-1,-1,-1,-1,0.069802
82430,388,0,17937,46.229381,0.000000,30.000000,-1,69.517924,69.517924,-1,17,0,1579,17,0,683,2083,0,215,5.771502,3.217023,3.217023,1.000000,0.749841,-1,-1,-1,-1,-1,0.069588
82440,400,0,18195,45.487500,0.000000,30.000000,-1,69.470789,69.470789,-1,15,0,1747,22,0,697,1988,0,183,5.877036,3.148797,3.148797,1.000000,0.765330,-1,-1,-1,-1,-1,0.069223
82450,396,0,17841,45.053030,0.000000,30.000000,-1,69.533995,69.533995,-1,20,0,1697,17,0,715,1495,0,229,5.570867,3.030403,3.030403,1.000000,0.754551,-1,-1,-1,-1,-1,0.067263
82460,397,0,18155,45.730479,0.000000,30.000000,-1,69.536877,69.536877,-1,16,0,1696,14,0,627,1764,0,212,5.627225,3.097136,3.097136,1.000000,0.760681,-1,-1,-1,-1,-1,0.067726
82470,418,0,19389,46.385167,0.000000,30.000000,-1,69.568570,69.568570,-1,14,0,1664,15,0,730,2252,0,172,5.379780,3.025779,3.025779,1.000000,0.772528,-1,-1,-1,-1,-1,0.065232
82480,429,0,19503,45.461538,0.000000,30.000000,-1,69.545198,69.545198,-1,18,0,1811,22,0,786,2157,0,256,5.528477,2.985120,2.985120,1.000000,0.752532,-1,-1,-1,-1,-1,0.065663
82490,425,0,19045,44.811765,0.000000,30.000000,-1,69.536204,69.536204,-1,22,0,1741,27,0,735,2288,0,297,5.352218,2.862684,2.862684,1.000000,0.747977,-1,-1,-1,-1,-1,0.063882
82500,423,0,19202,45.394799,0.000000,30.000000,-1,69.528799,69.528799,-1,19,0,1709,20,0,752,2125,0,219,5.570023,2.996846,2.996846,1.000000,0.748105,-1,-1,-1,-1,-1,0.066017
82510,421,0,19227,45.669834,0.000000,30.000000,-1,69.531440,69.531440,-1,20,0,1732,24,0,715,2206,0,261,5.412181,3.041104,3.041104,1.000000,0.757431,-1,-1,-1,-1,-1,0.066589
82520,407,0,18644,45.808354,0.000000,30.000000,-1,69.501234,69.501234,-1,21,0,1600,12,0,706,2020,0,256,5.569374,3.122741,3.122741,1.000000,0.753719,-1,-1,-1,-1,-1,0.068170
82530,406,0,18387,45.288177,0.000000,30.000000,-1,69.458422,69.458422,-1,23,0,1451,27,0,672,1852,0,271,5.372232,3.080267,3.080267,1.000000,0.761238,-1,-1,-1,-1,-1,0.068015
82540,397,0,17998,45.335013,0.000000,30.000000,-1,69.449494,69.449494,-1,23,0,1485,14,0,710,2408,0,273,5.628416,3.217092,3.217092,1.000000,0.762022,-1,-1,-1,-1,-1,0.070963
82550,398,0,18289,45.952261,0.000000,30.000000,-1,69.385150,69.385150,-1,16,0,1698,22,0,709,2183,0,175,5.429860,3.048364,3.048364,1.000000,0.768849,-1,-1,-1,-1,-1,0.066338
82560,408,0,18365,45.012255,0.000000,30.000000,-1,69.371685,69.371685,-1,17,0,1681,17,0,721,1819,0,198,5.417955,2.914678,2.914678,1.000000,0.772527,-1,-1,-1,-1,-1,0.064753
82570,412,0,18272,44.349515,0.000000,30.000000,-1,69.422778,69.422778,-1,25,0,1681,25,0,703,2087,0,334,5.335038,2.913055,2.913055,1.000000,0.749820,-1,-1,-1,-1,-1,0.065684
82580,393,0,17981,45.753181,0.000000,30.000000,-1,69.453312,69.453312,-1,19,0,1519,16,0,704,1201,0,252,5.754592,3.313989,3.313989,1.000000,0.766693,-1,-1,-1,-1,-1,0.072432
82590,397,0,18365,46.259446,0.000000,30.000000,-1,69.527525,69.527525,-1,17,0,1745,15,0,699,1829,0,218,5.936397,3.297860,3.297860,1.000000,0.772458,-1,-1,-1,-1,-1,0.071291
82600,390,0,18103,46.417949,0.000000,30.000000,-1,69.525935,69.525935,-1,17,0,1436,16,0,682,1419,0,235,5.789917,3.327177,3.327177,1.000000,0.770076,-1,-1,-1,-1,-1,0.071679
82610,391,0,17941,45.884910,0.000000,30.000000,-1,69.578730,69.578730,-1,19,0,1552,18,0,673,1774,0,251,5.479340,3.164309,3.164309,1.000000,0.768667,-1,-1,-1,-1,-1,0.068962
82620,406,0,18260,44.975369,0.000000,30.000000,-1,69.532804,69.532804,-1,26,0,1605,18,0,690,2311,0,332,5.559116,3.172177,3.172177,1.000000,0.753798,-1,-1,-1,-1,-1,0.070531
82630,399,0,18203,45.621554,0.000000,30.000000,-1,69.519200,69.519200,-1,15,0,1635,14,0,708,2098,0,188,5.584406,2.994660,2.994660,1.000000,0.765677,-1,-1,-1,-1,-1,0.065641
82640,402,0,18251,45.400498,0.000000,30.000000,-1,69.558928,69.558928,-1,21,0,1655,31,0,666,1954,0,255,5.699470,3.143458,3.143458,1.000000,0.755640,-1,-1,-1,-1,-1,0.069238
82650,393,0,18036,45.893130,0.000000,30.000000,-1,69.550344,69.550344,-1,15,0,1554,12,0,693,1870,0,180,5.620733,3.189276,3.189276,1.000000,0.778551,-1,-1,-1,-1,-1,0.069494
82660,409,0,18835,46.051345,0.000000,30.000000,-1,69.556358,69.556358,-1,13,0,1806,20,0,736,2280,0,163,5.318187,2.926215,2.926215,1.000000,0.768065,-1,-1,-1,-1,-1,0.063542
82670,383,0,17860,46.631854,0.000000,30.000000,-1,69.499552,69.499552,-1,11,0,1506,18,0,686,1916,0,137,5.817842,3.325761,3.325761,1.000000,0.776100,-1,-1,-1,-1,-1,0.071320
82680,386,0,17839,46.215026,0.000000,30.000000,-1,69.536801,69.536801,-1,16,0,1654,16,0,696,1575,0,224,5.892279,3.243978,3.243978,1.000000,0.766076,-1,-1,-1,-1,-1,0.070193
82690,420,0,18967,45.159524,0.000000,30.000000,-1,69.546106,69.546106,-1,23,0,1667,24,0,734,1707,0,285,5.154592,2.931972,2.931972,1.000000,0.757211,-1,-1,-1,-1,-1,0.064925
82700,426,0,19543,45.875587,0.000000,30.000000,-1,69.533900,69.533900,-1,14,0,1809,14,0,715,2043,0,175,5.551901,3.061669,3.061669,1.000000,0.777057,-1,-1,-1,-1,-1,0.066739
82710,404,0,18748,46.405941,0.000000,30.000000,-1,69.485865,69.485865,-1,10,0,1719,26,0,692,1652,0,107,5.631586,3.234043,3.234043,1.000000,0.781933,-1,-1,-1,-1,-1,0.069690
82720,419,0,19138,45.675418,0.000000,30.000000,-1,69.490438,69.490438,-1,18,0,1671,26,0,706,1940,0,228,5.404777,3.084483,3.084483,1.000000,0.772610,-1,-1,-1,-1,-1,0.067530
82730,423,0,19328,45.692671,0.000000,30.000000,-1,69.450538,69.450538,-1,17,0,1702,14,0,809,1834,0,220,5.725046,3.137613,3.137613,1.000000,0.768982,-1,-1,-1,-1,-1,0.068668
82740,415,0,18966,45.701205,0.000000,30.000000,-1,69.428082,69.428082,-1,18,0,1635,25,0,684,1873,0,220,5.565272,3.087051,3.087051,1.000000,0.767200,-1,-1,-1,-1,-1,0.067549
82750,416,0,19101,45.915865,0.000000,30.000000,-1,69.430658,69.430658,-1,23,0,1711,21,0,752,1782,0,291,5.501808,3.088737,3.088737,1.000000,0.752504,-1,-1,-1,-1,-1,0.067269
82760,394,0,18142,46.045685,0.000000,30.000000,-1,69.510693,69.510693,-1,17,0,1431,18,0,703,1807,0,196,5.445108,3.210379,3.210379,1.000000,0.766417,-1,-1,-1,-1,-1,0.069722
82770,384,0,17387,45.278646,0.000000,30.000000,-1,69.552597,69.552597,-1,27,0,1588,7,0,683,1726,0,337,5.662684,3.272584,3.272584,1.000000,0.745262,-1,-1,-1,-1,-1,0.072277
82780,398,0,18447,46.349246,0.000000,30.000000,-1,69.531848,69.531848,-1,14,0,1463,18,0,686,1791,0,181,5.420278,3.111309,3.111309,1.000000,0.774628,-1,-1,-1,-1,-1,0.067127
82790,411,0,18942,46.087591,0.000000,30.000000,-1,69.548200,69.548200,-1,15,0,1677,19,0,753,2183,0,183,5.656839,3.172613,3.172613,1.000000,0.773510,-1,-1,-1,-1,-1,0.068839
82800,430,0,19540,45.441860,0.000000,30.000000,-1,69.545957,69.545957,-1,20,0,1711,23,0,770,2106,0,253,5.275756,3.009958,3.009958,1.000000,0.759577,-1,-1,-1,-1,-1,0.066238
82810,415,0,18968,45.706024,0.000000,30.000000,-1,69.588359,69.588359,-1,18,0,1597,14,0,726,1708,0,226,5.322577,3.017985,3.017985,1.000000,0.761652,-1,-1,-1,-1,-1,0.066030
82820,413,0,19002,46.009685,0.000000,30.000000,-1,69.624513,69.624513,-1,17,0,1651,19,0,718,2117,0,224,5.433737,3.083693,3.083693,1.000000,0.775215,-1,-1,-1,-1,-1,0.067023
82830,391,0,17452,44.634271,0.000000,30.000000,-1,69.657976,69.657976,-1,26,0,1531,22,0,682,1778,0,335,5.580120,3.130959,3.130959,1.000000,0.746518,-1,-1,-1,-1,-1,0.070147
82840,402,0,18419,45.818408,0.000000,30.000000,-1,69.703241,69.703241,-1,16,0,1758,21,0,696,1919,0,212,5.473029,2.976745,2.976745,1.000000,0.769071,-1,-1,-1,-1,-1,0.064968
82850,401,0,18529,46.206983,0.000000,30.000000,-1,69.718118,69.718118,-1,16,0,1377,15,0,731,1982,0,193,5.569323,3.159451,3.159451,1.000000,0.773275,-1,-1,-1,-1,-1,0.068376
82860,411,0,18856,45.878345,0.000000,30.000000,-1,69.747720,69.747720,-1,17,0,1667,21,0,664,1837,0,231,5.487576,3.096945,3.096945,1.000000,0.768865,-1,-1,-1,-1,-1,0.067503
82870,417,0,18728,44.911271,0.000000,30.000000,-1,69.728535,69.728535,-1,24,0,1913,25,0,748,1707,0,285,5.368314,2.935899,2.935899,1.000000,0.750019,-1,-1,-1,-1,-1,0.065371
82880,409,0,18706,45.735941,0.000000,30.000000,-1,69.688710,69.688710,-1,20,0,1633,16,0,753,1944,0,248,5.409967,3.039154,3.039154,1.000000,0.765693,-1,-1,-1,-1,-1,0.066450
82890,409,0,19016,46.493888,0.000000,30.000000,-1,69.733488,69.733488,-1,15,0,1726,8,0,764,2065,0,188,5.446646,3.187886,3.187886,1.000000,0.779982,-1,-1,-1,-1,-1,0.068566
82900,395,0,18175,46.012658,0.000000,30.000000,-1,69.746300,69.746300,-1,18,0,1439,17,0,702,1496,0,233,5.687622,3.301408,3.301408,1.000000,0.769421,-1,-1,-1,-1,-1,0.071750
82910,398,0,18245,45.841709,0.000000,30.000000,-1,69.778624,69.778624,-1,20,0,1466,21,0,743,1872,0,234,5.600732,3.180316,3.180316,1.000000,0.759614,-1,-1,-1,-1,-1,0.069376
82920,388,0,18066,46.561856,0.000000,30.000000,-1,69.751744,69.751744,-1,16,0,1453,29,0,651,1842,0,191,5.621953,3.275937,3.275937,1.000000,0.776070,-1,-1,-1,-1,-1,0.070357
82930,403,0,18481,45.858561,0.000000,30.000000,-1,69.745360,69.745360,-1,16,0,1534,20,0,723,2183,0,205,5.533412,3.252677,3.252677,1.000000,0.784058,-1,-1,-1,-1,-1,0.070928
82940,415,0,18694,45.045783,0.000000,30.000000,-1,69.769552,69.769552,-1,21,0,1588,20,0,744,1735,0,273,5.419491,3.030078,3.030078,1.000000,0.761149,-1,-1,-1,-1,-1,0.067267
82950,397,0,18253,45.977330,0.000000,30.000000,-1,69.775982,69.775982,-1,16,0,1654,33,0,701,1738,0,187,5.577788,3.115747,3.115747,1.000000,0.764921,-1,-1,-1,-1,-1,0.067767
82960,414,0,18679,45.118357,0.000000,30.000000,-1,69.826275,69.826275,-1,24,0,1615,20,0,714,1964,0,300,5.490176,2.995101,2.995101,1.000000,0.747043,-1,-1,-1,-1,-1,0.066383
82970,408,0,19146,46.926471,0.000000,30.000000,-1,69.774574,69.774574,-1,12,0,1577,21,0,743,1534,0,170,5.448425,3.035585,3.035585,1.000000,0.774136,-1,-1,-1,-1,-1,0.064688
82980,424,0,19371,45.686321,0.000000,30.000000,-1,69.771772,69.771772,-1,17,0,1811,21,0,731,2266,0,248,5.487371,3.065152,3.065152,1.000000,0.765073,-1,-1,-1,-1,-1,0.067091
82990,421,0,19376,46.023753,0.000000,30.000000,-1,69.765173,69.765173,-1,18,0,1770,20,0,810,2055,0,233,5.393991,3.049285,3.049285,1.000000,0.760085,-1,-1,-1,-1,-1,0.066255
83000,424,0,19476,45.933962,0.000000,30.000000,-1,69.779010,69.779010,-1,22,0,1416,21,0,738,2251,0,281,5.355091,3.208251,3.208251,1.000000,0.764324,-1,-1,-1,-1,-1,0.069845
83010,418,0,19293,46.155502,0.000000,30.000000,-1,69.800653,69.800653,-1,17,0,1754,19,0,775,1502,0,214,5.496878,3.074095,3.074095,1.000000,0.767337,-1,-1,-1,-1,-1,0.066603
83020,405,0,18715,46.209877,0.000000,30.000000,-1,69.793267,69.793267,-1,13,0,1622,25,0,665,2042,0,167,5.455813,3.062705,3.062705,1.000000,0.773712,-1,-1,-1,-1,-1,0.066278
83030,416,0,18880,45.384615,0.000000,30.000000,-1,69.788718,69.788718,-1,22,0,1475,20,0,724,1861,0,279,5.209377,2.981500,2.981500,1.000000,0.756559,-1,-1,-1,-1,-1,0.065694
83040,406,0,18787,46.273399,0.000000,30.000000,-1,69.817374,69.817374,-1,11,0,1842,22,0,728,1705,0,132,5.377233,2.988120,2.988120,1.000000,0.770019,-1,-1,-1,-1,-1,0.064575
83050,398,0,18186,45.693467,0.000000,30.000000,-1,69.793083,69.793083,-1,18,0,1644,21,0,675,2412,0,239,5.632975,3.098300,3.098300,1.000000,0.759155,-1,-1,-1,-1,-1,0.067806
83060,395,0,17758,44.956962,0.000000,30.000000,-1,69.850884,69.850884,-1,19,0,1674,24,0,717,2262,0,238,5.658767,3.020558,3.020558,1.000000,0.747058,-1,-1,-1,-1,-1,0.067188
83070,395,0,17857,45.207595,0.000000,30.000000,-1,69.845775,69.845775,-1,21,0,1564,19,0,668,1876,0,273,5.754421,3.132077,3.132077,1.000000,0.745593,-1,-1,-1,-1,-1,0.069282
83080,405,0,18470,45.604938,0.000000,30.000000,-1,69.842826,69.842826,-1,19,0,1805,16,0,747,1976,0,252,5.846190,3.158983,3.158983,1.000000,0.749955,-1,-1,-1,-1,-1,0.069268
83090,402,0,18075,44.962687,0.000000,30.000000,-1,69.852946,69.852946,-1,21,0,1489,16,0,660,1899,0,270,5.372078,2.950357,2.950357,1.000000,0.745732,-1,-1,-1,-1,-1,0.065618
83100,414,0,18906,45.666667,0.000000,30.000000,-1,69.884375,69.884375,-1,17,0,1699,21,0,767,2280,0,225,5.449543,2.929684,2.929684,1.000000,0.750565,-1,-1,-1,-1,-1,0.064154
83110,404,0,18649,46.160891,0.000000,30.000000,-1,69.903641,69.903641,-1,15,0,1771,19,0,755,1757,0,195,5.871811,3.207397,3.207397,1.000000,0.759488,-1,-1,-1,-1,-1,0.069483
83120,395,0,17987,45.536709,0.000000,30.000000,-1,69.870073,69.870073,-1,19,0,1825,21,0,695,1760,0,255,5.414783,2.944550,2.944550,1.000000,0.746672,-1,-1,-1,-1,-1,0.064663
83130,411,0,18670,45.425791,0.000000,30.000000,-1,69.837065,69.837065,-1,22,0,1506,20,0,747,1898,0,273,5.497504,3.093911,3.093911,1.000000,0.749643,-1,-1,-1,-1,-1,0.068109
83140,394,0,17748,45.045685,0.000000,30.000000,-1,69.850631,69.850631,-1,20,0,1795,21,0,688,1722,0,262,5.783916,3.019806,3.019806,1.000000,0.736671,-1,-1,-1,-1,-1,0.067039
83150,398,0,17591,44.198492,0.000000,30.000000,-1,69.852822,69.852822,-1,30,0,1476,24,0,638,1822,0,369,5.686794,3.015886,3.015886,1.000000,0.727232,-1,-1,-1,-1,-1,0.068235
83160,411,0,18493,44.995134,0.000000,30.000000,-1,69.856216,69.856216,-1,23,0,1692,17,0,663,2091,0,281,5.615755,2.907186,2.907186,1.000000,0.732467,-1,-1,-1,-1,-1,0.064611
83170,405,0,18579,45.874074,0.000000,30.000000,-1,69.844610,69.844610,-1,17,0,1634,18,0,758,2213,0,250,5.619865,3.062440,3.062440,1.000000,0.750608,-1,-1,-1,-1,-1,0.066758
83180,425,0,19172,45.110588,0.000000,30.000000,-1,69.841331,69.841331,-1,22,0,1589,14,0,775,1948,0,276,5.408552,2.949655,2.949655,1.000000,0.747247,-1,-1,-1,-1,-1,0.065387
83190,419,0,19062,45.494033,0.000000,30.000000,-1,69.902686,69.902686,-1,21,0,1924,15,0,699,2150,0,257,5.301542,2.849896,2.849896,1.000000,0.736209,-1,-1,-1,-1,-1,0.062643
83200,396,0,18247,46.078283,0.000000,30.000000,-1,69.922343,69.922343,-1,16,0,1687,24,0,693,2011,0,219,5.601764,3.047707,3.047707,1.000000,0.755356,-1,-1,-1,-1,-1,0.066142
83210,397,0,18299,46.093199,0.000000,30.000000,-1,69.914531,69.914531,-1,20,0,1671,29,0,660,1642,0,245,5.554865,3.045590,3.045590,1.000000,0.757808,-1,-1,-1,-1,-1,0.066075
83220,419,0,19004,45.355609,0.000000,30.000000,-1,69.901073,69.901073,-1,22,0,1784,19,0,713,1757,0,272,5.533678,3.051048,3.051048,1.000000,0.756979,-1,-1,-1,-1,-1,0.067269
83230,410,0,18518,45.165854,0.000000,30.000000,-1,69.901555,69.901555,-1,25,0,1433,10,0,675,2104,0,316,5.551271,3.200006,3.200006,1.000000,0.749107,-1,-1,-1,-1,-1,0.070850
83240,397,0,17976,45.279597,0.000000,30.000000,-1,69.889631,69.889631,-1,25,0,1478,20,0,684,1648,0,312,5.814477,3.268347,3.268347,1.000000,0.736497,-1,-1,-1,-1,-1,0.072181
83250,407,0,18223,44.773956,0.000000,30.000000,-1,69.851012,69.851012,-1,19,0,1667,25,0,687,1759,0,237,5.543610,3.007577,3.007577,1.000000,0.754718,-1,-1,-1,-1,-1,0.067172
83260,430,0,19727,45.876744,0.000000,30.000000,-1,69.865261,69.865261,-1,18,0,1678,18,0,759,2407,0,214,5.453658,2.983329,2.983329,1.000000,0.754094,-1,-1,-1,-1,-1,0.065029
83270,422,0,19050,45.142180,0.000000,30.000000,-1,69.866667,69.866667,-1,22,0,1943,20,0,763,2476,0,285,5.558009,3.045466,3.045466,1.000000,0.754102,-1,-1,-1,-1,-1,0.067464
83280,411,0,18714,45.532847,0.000000,30.000000,-1,69.861548,69.861548,-1,21,0,1644,17,0,701,1920,0,276,5.635522,3.206984,3.206984,1.000000,0.753118,-1,-1,-1,-1,-1,0.070432
83290,398,0,18045,45.339196,0.000000,30.000000,-1,69.879634,69.879634,-1,23,0,1803,18,0,702,1670,0,251,5.602281,3.080419,3.080419,1.000000,0.751140,-1,-1,-1,-1,-1,0.067942
83300,404,0,17799,44.056931,0.000000,30.000000,-1,69.929434,69.929434,-1,28,0,1604,17,0,666,1529,0,335,5.425920,3.098951,3.098951,1.000000,0.752979,-1,-1,-1,-1,-1,0.070340
83310,394,0,18242,46.299492,0.000000,30.000000,-1,69.901820,69.901820,-1,18,0,1695,23,0,692,1820,0,224,5.804718,3.300310,3.300310,1.000000,0.767473,-1,-1,-1,-1,-1,0.071282
83320,374,0,17487,46.756684,0.000000,30.000000,-1,69.839767,69.839767,-1,14,0,1412,9,0,680,1491,0,165,6.170636,3.594070,3.594070,1.000000,0.774783,-1,-1,-1,-1,-1,0.076868
83330,390,0,17885,45.858974,0.000000,30.000000,-1,69.853620,69.853620,-1,18,0,1654,15,0,728,1467,0,236,5.813242,3.153425,3.153425,1.000000,0.762223,-1,-1,-1,-1,-1,0.068764
83340,421,0,18769,44.581948,0.000000,30.000000,-1,69.817785,69.817785,-1,25,0,1668,26,0,744,1840,0,295,5.451797,2.945557,2.945557,1.000000,0.748618,-1,-1,-1,-1,-1,0.066071
83350,416,0,18729,45.021635,0.000000,30.000000,-1,69.830050,69.830050,-1,23,0,1665,23,0,686,1999,0,278,5.498473,3.059563,3.059563,1.000000,0.755640,-1,-1,-1,-1,-1,0.067958
83360,411,0,18669,45.423358,0.000000,30.000000,-1,69.803900,69.803900,-1,22,0,1537,14,0,719,1668,0,297,5.536627,3.141973,3.141973,1.000000,0.757127,-1,-1,-1,-1,-1,0.069171
83370,400,0,18273,45.682500,0.000000,30.000000,-1,69.759591,69.759591,-1,13,0,1952,20,0,664,2197,0,156,5.536818,2.970682,2.970682,1.000000,0.766845,-1,-1,-1,-1,-1,0.065029
83380,407,0,18402,45.213759,0.000000,30.000000,-1,69.727095,69.727095,-1,21,0,1738,14,0,737,1882,0,248,5.561651,3.027210,3.027210,1.000000,0.761146,-1,-1,-1,-1,-1,0.066953
83390,400,0,18270,45.675000,0.000000,30.000000,-1,69.635194,69.635194,-1,19,0,1759,19,0,698,1932,0,267,5.719384,3.173949,3.173949,1.000000,0.766809,-1,-1,-1,-1,-1,0.069490
83400,408,0,18862,46.230392,0.000000,30.000000,-1,69.646485,69.646485,-1,15,0,1806,27,0,691,1888,0,181,5.345399,2.929111,2.929111,1.000000,0.761529,-1,-1,-1,-1,-1,0.063359
83410,406,0,18332,45.152709,0.000000,30.000000,-1,69.657102,69.657102,-1,26,0,1478,19,0,705,1566,0,333,5.396549,3.086327,3.086327,1.000000,0.750949,-1,-1,-1,-1,-1,0.068353
83420,397,0,18229,45.916877,0.000000,30.000000,-1,69.702891,69.702891,-1,25,0,1245,15,0,711,1876,0,311,5.723380,3.363941,3.363941,1.000000,0.750460,-1,-1,-1,-1,-1,0.073262
83430,405,0,18540,45.777778,0.000000,30.000000,-1,69.742934,69.742934,-1,19,0,1666,20,0,742,2127,0,231,5.581789,3.080998,3.080998,1.000000,0.753897,-1,-1,-1,-1,-1,0.067303
83440,393,0,17845,45.407125,0.000000,30.000000,-1,69.751751,69.751751,-1,21,0,1525,17,0,665,1609,0,250,5.549830,3.159731,3.159731,1.000000,0.757259,-1,-1,-1,-1,-1,0.069587
83450,407,0,18862,46.343980,0.000000,30.000000,-1,69.781253,69.781253,-1,14,0,1599,19,0,656,2183,0,178,5.451382,3.078161,3.078161,1.000000,0.775113,-1,-1,-1,-1,-1,0.066420
83460,412,0,18847,45.745146,0.000000,30.000000,-1,69.818167,69.818167,-1,21,0,1629,13,0,706,1699,0,278,5.364170,3.095492,3.095492,1.000000,0.761617,-1,-1,-1,-1,-1,0.067668
83470,412,0,19106,46.373786,0.000000,30.000000,-1,69.823197,69.823197,-1,12,0,2065,20,0,718,2141,0,160,5.387240,2.938176,2.938176,1.000000,0.779323,-1,-1,-1,-1,-1,0.063359
83480,419,0,18789,44.842482,0.000000,30.000000,-1,69.853052,69.853052,-1,25,0,1853,23,0,748,1616,0,293,5.516453,3.011562,3.011562,1.000000,0.752697,-1,-1,-1,-1,-1,0.067159
83490,406,0,18631,45.889163,0.000000,30.000000,-1,69.873383,69.873383,-1,19,0,1617,16,0,677,1717,0,208,5.630646,3.197410,3.197410,1.000000,0.772680,-1,-1,-1,-1,-1,0.069677
83500,403,0,18390,45.632754,0.000000,30.000000,-1,69.901849,69.901849,-1,23,0,1447,17,0,712,2356,0,323,5.311387,3.086580,3.086580,1.000000,0.772262,-1,-1,-1,-1,-1,0.067640
83510,399,0,18304,45.874687,0.000000,30.000000,-1,69.930070,69.930070,-1,18,0,1431,14,0,709,1729,0,229,5.488902,3.268587,3.268587,1.000000,0.779913,-1,-1,-1,-1,-1,0.071250
83520,403,0,18392,45.637717,0.000000,30.000000,-1,69.984287,69.984287,-1,19,0,1758,24,0,682,2153,0,240,5.511736,3.119364,3.119364,1.000000,0.775942,-1,-1,-1,-1,-1,0.068351
83530,410,0,18524,45.180488,0.000000,30.000000,-1,69.990985,69.990985,-1,20,0,1747,17,0,722,1975,0,247,5.723891,3.243473,3.243473,1.000000,0.766837,-1,-1,-1,-1,-1,0.071789
83540,404,0,18281,45.250000,0.000000,30.000000,-1,69.983316,69.983316,-1,26,0,1509,14,0,752,1771,0,342,5.783199,3.320407,3.320407,1.000000,0.760119,-1,-1,-1,-1,-1,0.073379
83550,396,0,17852,45.080808,0.000000,30.000000,-1,69.985604,69.985604,-1,27,0,1410,19,0,688,1833,0,365,5.519463,3.240638,3.240638,1.000000,0.751736,-1,-1,-1,-1,-1,0.071885
83560,389,0,17904,46.025707,0.000000,30.000000,-1,70.002849,70.002849,-1,15,0,1590,17,0,663,2081,0,197,5.769938,3.290963,3.290963,1.000000,0.777691,-1,-1,-1,-1,-1,0.071503
83570,408,0,18907,46.340686,0.000000,30.000000,-1,69.975300,69.975300,-1,13,0,1649,24,0,687,2581,0,161,5.377324,3.028371,3.028371,1.000000,0.771853,-1,-1,-1,-1,-1,0.065350
83580,420,0,19014,45.271429,0.000000,30.000000,-1,69.953403,69.953403,-1,16,0,1858,21,0,724,1736,0,186,5.630915,3.064380,3.064380,1.000000,0.770534,-1,-1,-1,-1,-1,0.067689
83590,406,0,18607,45.830049,0.000000,30.000000,-1,69.948783,69.948783,-1,19,0,1699,20,0,664,1714,0,240,5.473361,3.096895,3.096895,1.000000,0.763242,-1,-1,-1,-1,-1,0.067573
83600,395,0,17628,44.627848,0.000000,30.000000,-1,69.949285,69.949285,-1,21,0,1558,20,0,682,1928,0,277,5.653507,3.131544,3.131544,1.000000,0.761540,-1,-1,-1,-1,-1,0.070170
83610,397,0,18080,45.541562,0.000000,30.000000,-1,69.952323,69.952323,-1,18,0,1863,17,0,711,1661,0,225,5.883259,3.101627,3.101627,1.000000,0.752039,-1,-1,-1,-1,-1,0.068105
83620,390,0,18121,46.464103,0.000000,30.000000,-1,70.001435,70.001435,-1,13,0,1596,15,0,664,1856,0,178,5.715092,3.207985,3.207985,1.000000,0.764178,-1,-1,-1,-1,-1,0.069042
83630,386,0,17749,45.981865,0.000000,30.000000,-1,69.992112,69.992112,-1,17,0,1426,15,0,674,1849,0,217,5.909575,3.364666,3.364666,1.000000,0.758785,-1,-1,-1,-1,-1,0.073174
83640,417,0,18919,45.369305,0.000000,30.000000,-1,70.036683,70.036683,-1,17,0,1500,12,0,741,2034,0,201,5.588573,2.945400,2.945400,1.000000,0.749419,-1,-1,-1,-1,-1,0.064921
83650,395,0,17561,44.458228,0.000000,30.000000,-1,70.030636,70.030636,-1,27,0,1539,23,0,694,2096,0,369,5.525938,3.068154,3.068154,1.000000,0.732390,-1,-1,-1,-1,-1,0.069012
83660,413,0,18408,44.571429,0.000000,30.000000,-1,70.020263,70.020263,-1,27,0,1774,22,0,735,1778,0,378,5.648528,2.986662,2.986662,1.000000,0.731929,-1,-1,-1,-1,-1,0.067008
83670,382,0,17875,46.793194,0.000000,30.000000,-1,69.996476,69.996476,-1,12,0,1487,21,0,645,1564,0,147,5.822223,3.203207,3.203207,1.000000,0.757816,-1,-1,-1,-1,-1,0.068455
83680,412,0,18764,45.543689,0.000000,30.000000,-1,70.032882,70.032882,-1,19,0,1645,17,0,773,2047,0,209,5.505861,2.974837,2.974837,1.000000,0.744992,-1,-1,-1,-1,-1,0.065318
83690,396,0,17563,44.351010,0.000000,30.000000,-1,70.057109,70.057109,-1,26,0,1529,21,0,694,1758,0,329,5.651834,3.111634,3.111634,1.000000,0.730623,-1,-1,-1,-1,-1,0.070159
83700,406,0,18681,46.012315,0.000000,30.000000,-1,70.104170,70.104170,-1,16,0,1448,15,0,662,1966,0,197,5.505546,3.066156,3.066156,1.000000,0.755554,-1,-1,-1,-1,-1,0.066638
83710,414,0,18832,45.487923,0.000000,30.000000,-1,70.137373,70.137373,-1,23,0,1702,21,0,729,2358,0,286,5.768349,3.104436,3.104436,1.000000,0.738025,-1,-1,-1,-1,-1,0.068247
83720,425,0,19266,45.331765,0.000000,30.000000,-1,70.109000,70.109000,-1,22,0,1814,17,0,723,2149,0,261,5.839520,3.124850,3.124850,1.000000,0.735689,-1,-1,-1,-1,-1,0.068933
83730,412,0,18770,45.558252,0.000000,30.000000,-1,70.044166,70.044166,-1,19,0,1602,15,0,707,1953,0,254,5.484955,2.986266,2.986266,1.000000,0.751022,-1,-1,-1,-1,-1,0.065548
83740,423,0,19308,45.645390,0.000000,30.000000,-1,70.038740,70.038740,-1,22,0,1672,18,0,770,1888,0,285,5.568531,3.063181,3.063181,1.000000,0.748402,-1,-1,-1,-1,-1,0.067108
83750,427,0,19272,45.133489,0.000000,30.000000,-1,70.011571,70.011571,-1,22,0,1934,14,0,778,2188,0,298,5.528149,3.037034,3.037034,1.000000,0.766357,-1,-1,-1,-1,-1,0.067290
83760,406,0,18269,44.997537,0.000000,30.000000,-1,70.013028,70.013028,-1,22,0,1665,25,0,754,1724,0,255,5.514294,2.988990,2.988990,1.000000,0.737885,-1,-1,-1,-1,-1,0.066426
83770,395,0,18302,46.334177,0.000000,30.000000,-1,70.019506,70.019506,-1,14,0,1497,17,0,705,2216,0,169,5.712118,3.300299,3.300299,1.000000,0.773584,-1,-1,-1,-1,-1,0.071228
83780,396,0,18502,46.722222,0.000000,30.000000,-1,70.039942,70.039942,-1,15,0,1615,18,0,703,1649,0,189,5.463215,3.186135,3.186135,1.000000,0.772424,-1,-1,-1,-1,-1,0.068193
83790,407,0,18140,44.570025,0.000000,30.000000,-1,70.036659,70.036659,-1,25,0,1812,15,0,756,1997,0,299,5.604892,2.999999,2.999999,1.000000,0.743266,-1,-1,-1,-1,-1,0.067310
83800,409,0,18745,45.831296,0.000000,30.000000,-1,70.027101,70.027101,-1,13,0,1816,21,0,685,2130,0,157,5.478682,2.901106,2.901106,1.000000,0.765741,-1,-1,-1,-1,-1,0.063300
83810,421,0,18805,44.667458,0.000000,30.000000,-1,69.977134,69.977134,-1,29,0,1689,8,0,751,1720,0,374,5.433102,3.039752,3.039752,1.000000,0.743889,-1,-1,-1,-1,-1,0.068053
83820,422,0,19479,46.158768,0.000000,30.000000,-1,69.963140,69.963140,-1,14,0,1784,20,0,755,2324,0,183,5.422400,2.919622,2.919622,1.000000,0.765199,-1,-1,-1,-1,-1,0.063252
83830,436,0,19598,44.949541,0.000000,30.000000,-1,69.974793,69.974793,-1,27,0,1754,22,0,752,1766,0,375,5.202668,2.842221,2.842221,1.000000,0.735324,-1,-1,-1,-1,-1,0.063231
83840,409,0,18745,45.831296,0.000000,30.000000,-1,69.984156,69.984156,-1,21,0,1450,20,0,714,2043,0,264,5.713596,3.158450,3.158450,1.000000,0.745549,-1,-1,-1,-1,-1,0.068915
83850,428,0,19344,45.196262,0.000000,30.000000,-1,69.953215,69.953215,-1,17,0,1916,19,0,695,2313,0,224,5.500772,2.875730,2.875730,1.000000,0.750055,-1,-1,-1,-1,-1,0.063628
83860,418,0,18606,44.511962,0.000000,30.000000,-1,69.915457,69.915457,-1,27,0,1771,22,0,729,2083,0,328,5.520725,2.909442,2.909442,1.000000,0.728260,-1,-1,-1,-1,-1,0.065363
83870,393,0,18087,46.022901,0.000000,30.000000,-1,69.954885,69.954885,-1,15,0,1679,23,0,662,1731,0,194,5.547831,2.957319,2.957319,1.000000,0.749323,-1,-1,-1,-1,-1,0.064258
83880,375,0,16884,45.024000,0.000000,30.000000,-1,69.956586,69.956586,-1,20,0,1506,18,0,684,1553,0,251,5.889524,3.119048,3.119048,1.000000,0.743412,-1,-1,-1,-1,-1,0.069275
83890,371,0,17306,46.646900,0.000000,30.000000,-1,69.928175,69.928175,-1,10,0,1470,23,0,645,1642,0,133,5.767616,3.176807,3.176807,1.000000,0.768021,-1,-1,-1,-1,-1,0.068103
83900,393,0,17845,45.407125,0.000000,30.000000,-1,69.940375,69.940375,-1,18,0,1503,23,0,676,2025,0,228,5.526461,3.006698,3.006698,1.000000,0.747093,-1,-1,-1,-1,-1,0.066216
83910,413,0,18366,44.469734,0.000000,30.000000,-1,69.909017,69.909017,-1,26,0,1733,16,0,718,1879,0,335,5.502847,2.908372,2.908372,1.000000,0.735256,-1,-1,-1,-1,-1,0.065401
83920,400,0,18338,45.845000,0.000000,30.000000,-1,69.891646,69.891646,-1,18,0,1610,25,0,722,1513,0,227,5.700483,3.089418,3.089418,1.000000,0.746375,-1,-1,-1,-1,-1,0.067388
83930,383,0,17115,44.686684,0.000000,30.000000,-1,69.912942,69.912942,-1,19,0,1690,21,0,618,1695,0,261,6.186995,3.209872,3.209872,1.000000,0.733117,-1,-1,-1,-1,-1,0.071831
83940,400,0,18366,45.915000,0.000000,30.000000,-1,69.922084,69.922084,-1,20,0,1716,22,0,731,1794,0,242,5.555959,2.949637,2.949637,1.000000,0.740142,-1,-1,-1,-1,-1,0.064241
83950,396,0,18004,45.464646,0.000000,30.000000,-1,69.900133,69.900133,-1,16,0,1633,16,0,694,2091,0,181,5.692184,3.047114,3.047114,1.000000,0.740782,-1,-1,-1,-1,-1,0.067022
83960,397,0,17989,45.312343,0.000000,30.000000,-1,69.931569,69.931569,-1,20,0,1533,24,0,679,1749,0,243,5.753322,3.206196,3.206196,1.000000,0.750994,-1,-1,-1,-1,-1,0.070758
83970,407,0,18307,44.980344,0.000000,30.000000,-1,69.944502,69.944502,-1,23,0,1682,15,0,665,1644,0,314,5.335829,2.869623,2.869623,1.000000,0.735427,-1,-1,-1,-1,-1,0.063797
83980,398,0,17919,45.022613,0.000000,30.000000,-1,69.967576,69.967576,-1,16,0,1727,27,0,655,1750,0,188,5.724918,3.005400,3.005400,1.000000,0.760003,-1,-1,-1,-1,-1,0.066753
83990,395,0,17914,45.351899,0.000000,30.000000,-1,69.973094,69.973094,-1,21,0,1637,24,0,663,1644,0,296,5.496758,2.923495,2.923495,1.000000,0.742040,-1,-1,-1,-1,-1,0.064462
84000,409,0,18825,46.026895,0.000000,30.000000,-1,69.995166,69.995166,-1,15,0,1829,14,0,718,2052,0,186,5.983739,3.183510,3.183510,1.000000,0.750903,-1,-1,-1,-1,-1,0.069166
84010,425,0,18994,44.691765,0.000000,30.000000,-1,69.969253,69.969253,-1,26,0,1819,16,0,753,2075,0,332,5.488747,2.866827,2.866827,1.000000,0.731250,-1,-1,-1,-1,-1,0.064147
84020,400,0,17967,44.917500,0.000000,30.000000,-1,69.960372,69.960372,-1,24,0,1409,17,0,673,1824,0,323,5.556733,3.099934,3.099934,1.000000,0.731594,-1,-1,-1,-1,-1,0.069014
84030,407,0,18607,45.717445,0.000000,30.000000,-1,69.942978,69.942978,-1,17,0,1724,31,0,704,2032,0,185,5.675555,3.033056,3.033056,1.000000,0.744998,-1,-1,-1,-1,-1,0.066344
84040,411,0,19064,46.384428,0.000000,30.000000,-1,69.937893,69.937893,-1,12,0,1548,11,0,752,2053,0,166,5.844650,3.093423,3.093423,1.000000,0.751594,-1,-1,-1,-1,-1,0.066691
84050,406,0,18504,45.576355,0.000000,30.000000,-1,69.932015,69.932015,-1,24,0,1584,24,0,720,2394,0,330,5.453798,3.000342,3.000342,1.000000,0.732070,-1,-1,-1,-1,-1,0.065831
84060,395,0,17520,44.354430,0.000000,30.000000,-1,69.915354,69.915354,-1,28,0,1637,15,0,644,2084,0,351,5.774477,3.039025,3.039025,1.000000,0.723474,-1,-1,-1,-1,-1,0.068517
84070,387,0,17881,46.204134,0.000000,30.000000,-1,69.922823,69.922823,-1,19,0,1423,14,0,646,1933,0,242,5.891550,3.178955,3.178955,1.000000,0.735640,-1,-1,-1,-1,-1,0.068802
84080,392,0,18108,46.193878,0.000000,30.000000,-1,69.910150,69.910150,-1,17,0,1644,24,0,690,1775,0,222,5.665946,3.077312,3.077312,1.000000,0.752326,-1,-1,-1,-1,-1,0.066617
84090,392,0,17872,45.591837,0.000000,30.000000,-1,69.926701,69.926701,-1,21,0,1403,21,0,697,1924,0,241,5.780374,3.232017,3.232017,1.000000,0.741026,-1,-1,-1,-1,-1,0.070890
84100,389,0,17788,45.727506,0.000000,30.000000,-1,69.930965,69.930965,-1,16,0,1592,13,0,683,1710,0,186,5.605944,3.034342,3.034342,1.000000,0.746560,-1,-1,-1,-1,-1,0.066357
84110,406,0,18356,45.211823,0.000000,30.000000,-1,69.919754,69.919754,-1,26,0,1540,17,0,724,2114,0,330,5.460331,3.009291,3.009291,1.000000,0.728505,-1,-1,-1,-1,-1,0.066560
84120,394,0,18191,46.170051,0.000000,30.000000,-1,69.892694,69.892694,-1,16,0,1599,21,0,672,1643,0,192,5.416545,2.905911,2.905911,1.000000,0.747797,-1,-1,-1,-1,-1,0.062939
84130,414,0,18551,44.809179,0.000000,30.000000,-1,69.910409,69.910409,-1,24,0,1626,18,0,784,1736,0,271,5.650336,3.042211,3.042211,1.000000,0.735302,-1,-1,-1,-1,-1,0.067893
84140,400,0,18454,46.135000,0.000000,30.000000,-1,69.919042,69.919042,-1,14,0,1893,21,0,709,2071,0,184,5.836490,3.048351,3.048351,1.000000,0.753541,-1,-1,-1,-1,-1,0.066075
84150,406,0,18459,45.465517,0.000000,30.000000,-1,69.893710,69.893710,-1,20,0,1730,14,0,679,2151,0,274,5.834944,3.134444,3.134444,1.000000,0.741571,-1,-1,-1,-1,-1,0.068941
84160,420,0,19073,45.411905,0.000000,30.000000,-1,69.905521,69.905521,-1,23,0,1695,20,0,707,2103,0,305,5.381861,2.991155,2.991155,1.000000,0.738507,-1,-1,-1,-1,-1,0.065867
84170,414,0,18551,44.809179,0.000000,30.000000,-1,69.894777,69.894777,-1,28,0,1651,16,0,730,1875,0,384,5.620137,3.083548,3.083548,1.000000,0.727831,-1,-1,-1,-1,-1,0.068815
84180,424,0,19538,46.080189,0.000000,30.000000,-1,69.896356,69.896356,-1,23,0,1747,19,0,679,2134,0,282,5.342763,2.974959,2.974959,1.000000,0.737465,-1,-1,-1,-1,-1,0.064560
84190,431,0,19494,45.229698,0.000000,30.000000,-1,69.876936,69.876936,-1,21,0,1952,24,0,757,2200,0,254,5.731910,3.026901,3.026901,1.000000,0.743914,-1,-1,-1,-1,-1,0.066923
84200,413,0,18564,44.949153,0.000000,30.000000,-1,69.841090,69.841090,-1,23,0,1730,25,0,716,1909,0,283,5.385785,2.966918,2.966918,1.000000,0.740430,-1,-1,-1,-1,-1,0.066006
84210,416,0,18584,44.673077,0.000000,30.000000,-1,69.888668,69.888668,-1,24,0,1604,19,0,665,2153,0,293,5.443635,2.941095,2.941095,1.000000,0.737616,-1,-1,-1,-1,-1,0.065836
84220,404,0,18386,45.509901,0.000000,30.000000,-1,69.910367,69.910367,-1,21,0,1569,23,0,668,1390,0,270,5.590306,3.106181,3.106181,1.000000,0.744304,-1,-1,-1,-1,-1,0.068253
84230,399,0,18618,46.661654,0.000000,30.000000,-1,69.917123,69.917123,-1,14,0,1471,22,0,705,1719,0,184,5.671909,3.113626,3.113626,1.000000,0.757549,-1,-1,-1,-1,-1,0.066728
84240,418,0,19266,46.090909,0.000000,30.000000,-1,69.939998,69.939998,-1,13,0,1645,24,0,752,2399,0,160,5.300794,2.880454,2.880454,1.000000,0.757787,-1,-1,-1,-1,-1,0.062495
84250,407,0,18539,45.550369,0.000000,30.000000,-1,69.966719,69.966719,-1,18,0,1777,21,0,746,1959,0,231,5.654030,2.928260,2.928260,1.000000,0.740914,-1,-1,-1,-1,-1,0.064286
84260,404,0,18377,45.487624,0.000000,30.000000,-1,69.907602,69.907602,-1,23,0,1613,18,0,707,1708,0,316,5.756896,3.087988,3.087988,1.000000,0.735779,-1,-1,-1,-1,-1,0.067886
84270,401,0,18172,45.316708,0.000000,30.000000,-1,69.866993,69.866993,-1,18,0,1810,12,0,677,1879,0,233,5.933836,3.069133,3.069133,1.000000,0.736663,-1,-1,-1,-1,-1,0.067726
84280,392,0,18060,46.071429,0.000000,30.000000,-1,69.833666,69.833666,-1,12,0,1657,19,0,656,2134,0,155,5.729767,3.037361,3.037361,1.000000,0.748825,-1,-1,-1,-1,-1,0.065927
84290,414,0,18867,45.572464,0.000000,30.000000,-1,69.862299,69.862299,-1,14,0,1720,19,0,716,2365,0,175,5.632041,3.037846,3.037846,1.000000,0.755035,-1,-1,-1,-1,-1,0.066660
84300,398,0,18308,46.000000,0.000000,30.000000,-1,69.853889,69.853889,-1,19,0,1570,18,0,698,1897,0,238,5.786545,3.258980,3.258980,1.000000,0.746263,-1,-1,-1,-1,-1,0.070847
84310,383,0,17550,45.822454,0.000000,30.000000,-1,69.891111,69.891111,-1,11,0,1662,21,0,711,1767,0,133,6.037698,3.197910,3.197910,1.000000,0.765483,-1,-1,-1,-1,-1,0.069789
84320,392,0,18281,46.635204,0.000000,30.000000,-1,69.906953,69.906953,-1,12,0,1573,16,0,657,1751,0,156,5.721484,3.115008,3.115008,1.000000,0.757131,-1,-1,-1,-1,-1,0.066795
84330,427,0,19586,45.868852,0.000000,30.000000,-1,69.898193,69.898193,-1,18,0,1736,22,0,831,1977,0,255,5.256331,2.755378,2.755378,1.000000,0.742219,-1,-1,-1,-1,-1,0.060071
84340,405,0,18648,46.044444,0.000000,30.000000,-1,69.898702,69.898702,-1,15,0,1462,23,0,724,1926,0,178,5.638181,3.121784,3.121784,1.000000,0.755051,-1,-1,-1,-1,-1,0.067799
84350,406,0,18557,45.706897,0.000000,30.000000,-1,69.960069,69.960069,-1,18,0,1838,20,0,736,2038,0,238,5.400341,2.874172,2.874172,1.000000,0.729450,-1,-1,-1,-1,-1,0.062883
84360,391,0,17552,44.890026,0.000000,30.000000,-1,69.987238,69.987238,-1,17,0,1788,19,0,649,1777,0,217,5.692643,2.951635,2.951635,1.000000,0.741567,-1,-1,-1,-1,-1,0.065753
84370,406,0,18361,45.224138,0.000000,30.000000,-1,69.981319,69.981319,-1,22,0,1592,20,0,736,1750,0,280,5.276557,2.761679,2.761679,1.000000,0.725929,-1,-1,-1,-1,-1,0.061066
84380,394,0,18259,46.342640,0.000000,30.000000,-1,69.990361,69.990361,-1,17,0,1684,15,0,677,2102,0,214,5.624724,2.921807,2.921807,1.000000,0.729426,-1,-1,-1,-1,-1,0.063048
84390,400,0,18135,45.337500,0.000000,30.000000,-1,70.023380,70.023380,-1,22,0,1596,26,0,741,2251,0,293,5.640958,3.025352,3.025352,1.000000,0.729767,-1,-1,-1,-1,-1,0.066730
84400,395,0,18203,46.083544,0.000000,30.000000,-1,70.020601,70.020601,-1,10,0,1507,25,0,679,1792,0,117,5.588979,2.983173,2.983173,1.000000,0.750212,-1,-1,-1,-1,-1,0.064734
84410,409,0,18810,45.990220,0.000000,30.000000,-1,70.041520,70.041520,-1,14,0,1704,19,0,705,2058,0,180,5.623896,3.021581,3.021581,1.000000,0.743407,-1,-1,-1,-1,-1,0.065701
84420,396,0,17988,45.424242,0.000000,30.000000,-1,70.070269,70.070269,-1,20,0,1572,30,0,663,2081,0,243,5.608434,2.990893,2.990893,1.000000,0.737262,-1,-1,-1,-1,-1,0.065844
84430,424,0,19229,45.351415,0.000000,30.000000,-1,70.105206,70.105206,-1,20,0,1672,16,0,778,2181,0,245,5.545703,2.905498,2.905498,1.000000,0.725329,-1,-1,-1,-1,-1,0.064066
84440,403,0,18534,45.990074,0.000000,30.000000,-1,70.131974,70.131974,-1,15,0,1616,18,0,728,1890,0,195,5.806030,3.003375,3.003375,1.000000,0.738094,-1,-1,-1,-1,-1,0.065305
84450,415,0,18784,45.262651,0.000000,30.000000,-1,70.145017,70.145017,-1,20,0,1693,21,0,735,1807,0,241,5.473945,2.942865,2.942865,1.000000,0.741465,-1,-1,-1,-1,-1,0.065018
84460,415,0,18545,44.686747,0.000000,30.000000,-1,70.160205,70.160205,-1,21,0,1975,20,0,831,2091,0,260,5.652792,2.779911,2.779911,1.000000,0.725847,-1,-1,-1,-1,-1,0.062209
84470,406,0,18617,45.854680,0.000000,30.000000,-1,70.205243,70.205243,-1,14,0,1454,24,0,678,2096,0,163,5.630273,3.044956,3.044956,1.000000,0.756275,-1,-1,-1,-1,-1,0.066404
84480,409,0,18465,45.146699,0.000000,30.000000,-1,70.225183,70.225183,-1,21,0,1563,21,0,783,1919,0,264,5.323203,2.807895,2.807895,1.000000,0.736475,-1,-1,-1,-1,-1,0.062195
84490,389,0,17647,45.365039,0.000000,30.000000,-1,70.217317,70.217317,-1,20,0,1671,18,0,689,1610,0,238,5.733675,3.087907,3.087907,1.000000,0.730930,-1,-1,-1,-1,-1,0.068068
84500,396,0,18289,46.184343,0.000000,30.000000,-1,70.213626,70.213626,-1,18,0,1421,17,0,658,1962,0,229,5.763382,3.170601,3.170601,1.000000,0.742421,-1,-1,-1,-1,-1,0.068651
84510,400,0,18344,45.860000,0.000000,30.000000,-1,70.214457,70.214457,-1,18,0,1474,19,0,706,1964,0,221,5.894245,3.219564,3.219564,1.000000,0.741414,-1,-1,-1,-1,-1,0.070204
84520,402,0,18384,45.731343,0.000000,30.000000,-1,70.246954,70.246954,-1,17,0,1566,19,0,694,1847,0,211,5.387253,2.924521,2.924521,1.000000,0.746360,-1,-1,-1,-1,-1,0.063950
84530,399,0,18318,45.909774,0.000000,30.000000,-1,70.250464,70.250464,-1,13,0,1649,19,0,665,1784,0,171,5.956044,3.113057,3.113057,1.000000,0.751957,-1,-1,-1,-1,-1,0.067808
84540,403,0,18358,45.553350,0.000000,30.000000,-1,70.299325,70.299325,-1,17,0,1827,21,0,674,1983,0,208,5.762283,2.935302,2.935302,1.000000,0.729748,-1,-1,-1,-1,-1,0.064437
84550,398,0,18181,45.680905,0.000000,30.000000,-1,70.300039,70.300039,-1,16,0,1438,12,0,734,2108,0,211,5.981927,3.220753,3.220753,1.000000,0.747678,-1,-1,-1,-1,-1,0.070505
84560,391,0,17787,45.491049,0.000000,30.000000,-1,70.310002,70.310002,-1,13,0,1488,24,0,719,1729,0,166,5.602971,3.056145,3.056145,1.000000,0.757763,-1,-1,-1,-1,-1,0.067181
84570,403,0,18183,45.119107,0.000000,30.000000,-1,70.365836,70.365836,-1,24,0,1691,12,0,689,1526,0,317,5.608164,3.079654,3.079654,1.000000,0.728311,-1,-1,-1,-1,-1,0.068256
84580,403,0,18272,45.339950,0.000000,30.000000,-1,70.355407,70.355407,-1,19,0,1519,27,0,705,1824,0,248,5.478711,3.030801,3.030801,1.000000,0.749081,-1,-1,-1,-1,-1,0.066846
84590,404,0,18439,45.641089,0.000000,30.000000,-1,70.402896,70.402896,-1,25,0,1493,18,0,718,2047,0,316,5.516135,3.154304,3.154304,1.000000,0.746801,-1,-1,-1,-1,-1,0.069111
84600,396,0,18180,45.909091,0.000000,30.000000,-1,70.437074,70.437074,-1,16,0,1563,19,0,763,1727,0,212,5.771125,3.121371,3.121371,1.000000,0.752102,-1,-1,-1,-1,-1,0.067990
84610,402,0,18350,45.646766,0.000000,30.000000,-1,70.468883,70.468883,-1,15,0,1842,17,0,759,1839,0,187,5.675544,2.953927,2.953927,1.000000,0.752835,-1,-1,-1,-1,-1,0.064713
84620,427,0,19330,45.269321,0.000000,30.000000,-1,70.490067,70.490067,-1,20,0,1935,12,0,753,1903,0,231,5.492139,2.909389,2.909389,1.000000,0.748478,-1,-1,-1,-1,-1,0.064268
84630,400,0,18106,45.265000,0.000000,30.000000,-1,70.476030,70.476030,-1,24,0,1364,22,0,738,1836,0,267,5.419302,3.027840,3.027840,1.000000,0.739942,-1,-1,-1,-1,-1,0.066891
84640,377,0,17329,45.965517,0.000000,30.000000,-1,70.478620,70.478620,-1,16,0,1371,25,0,670,1768,0,201,5.612500,3.217486,3.217486,1.000000,0.762436,-1,-1,-1,-1,-1,0.069998
84650,395,0,18095,45.810127,0.000000,30.000000,-1,70.532799,70.532799,-1,17,0,1822,17,0,753,1753,0,221,5.870465,3.238757,3.238757,1.000000,0.761263,-1,-1,-1,-1,-1,0.070700
84660,402,0,18065,44.937811,0.000000,30.000000,-1,70.557210,70.557210,-1,17,0,1795,17,0,741,1805,0,223,5.484900,2.889715,2.889715,1.000000,0.754783,-1,-1,-1,-1,-1,0.064305
84670,384,0,17858,46.505208,0.000000,30.000000,-1,70.592788,70.592788,-1,18,0,1194,13,0,647,1746,0,230,5.710172,3.383082,3.383082,1.000000,0.761676,-1,-1,-1,-1,-1,0.072746
84680,405,0,18609,45.948148,0.000000,30.000000,-1,70.574292,70.574292,-1,17,0,1795,21,0,720,1731,0,201,5.636250,3.193027,3.193027,1.000000,0.764624,-1,-1,-1,-1,-1,0.069492
84690,393,0,17943,45.656489,0.000000,30.000000,-1,70.596723,70.596723,-1,14,0,1778,20,0,707,1728,0,192,5.700616,3.042023,3.042023,1.000000,0.763717,-1,-1,-1,-1,-1,0.066629
84700,404,0,18525,45.853960,0.000000,30.000000,-1,70.625263,70.625263,-1,16,0,1756,16,0,627,2173,0,211,5.584156,3.080625,3.080625,1.000000,0.766233,-1,-1,-1,-1,-1,0.067183
84710,394,0,17729,44.997462,0.000000,30.000000,-1,70.606013,70.606013,-1,23,0,1544,19,0,668,1770,0,310,5.653760,3.135882,3.135882,1.000000,0.745674,-1,-1,-1,-1,-1,0.069690
84720,398,0,18305,45.992462,0.000000,30.000000,-1,70.597214,70.597214,-1,15,0,1619,21,0,618,1999,0,185,5.835399,3.228432,3.228432,1.000000,0.754673,-1,-1,-1,-1,-1,0.070195
84730,406,0,18713,46.091133,0.000000,30.000000,-1,70.569177,70.569177,-1,18,0,1698,24,0,685,2047,0,220,5.660182,3.150808,3.150808,1.000000,0.761791,-1,-1,-1,-1,-1,0.068360
84740,422,0,18566,43.995261,0.000000,30.000000,-1,70.555155,70.555155,-1,33,0,1811,25,0,747,1739,0,427,5.320994,2.870385,2.870385,1.000000,0.731151,-1,-1,-1,-1,-1,0.065243
84750,417,0,19037,45.652278,0.000000,30.000000,-1,70.573410,70.573410,-1,17,0,1708,16,0,781,1860,0,219,5.454516,2.877219,2.877219,1.000000,0.751048,-1,-1,-1,-1,-1,0.063025
84760,431,0,19754,45.832947,0.000000,30.000000,-1,70.570922,70.570922,-1,21,0,1640,15,0,758,1803,0,266,5.452899,3.067265,3.067265,1.000000,0.755326,-1,-1,-1,-1,-1,0.066923
84770,433,0,19637,45.351039,0.000000,30.000000,-1,70.586648,70.586648,-1,24,0,1608,21,0,771,2248,0,286,5.170364,2.855315,2.855315,1.000000,0.739951,-1,-1,-1,-1,-1,0.062960
84780,432,0,19647,45.479167,0.000000,30.000000,-1,70.567873,70.567873,-1,21,0,1743,14,0,747,2200,0,272,5.454841,2.987233,2.987233,1.000000,0.746519,-1,-1,-1,-1,-1,0.065684
84790,401,0,18333,45.718204,0.000000,30.000000,-1,70.589756,70.589756,-1,17,0,1639,25,0,733,1827,0,203,5.506095,2.945276,2.945276,1.000000,0.748478,-1,-1,-1,-1,-1,0.064422
84800,399,0,18022,45.167920,0.000000,30.000000,-1,70.573022,70.573022,-1,24,0,1711,24,0,705,2041,0,286,5.481090,3.038542,3.038542,1.000000,0.742394,-1,-1,-1,-1,-1,0.067272
84810,391,0,17901,45.782609,0.000000,30.000000,-1,70.563376,70.563376,-1,16,0,1492,19,0,767,1851,0,207,5.555314,3.083138,3.083138,1.000000,0.759113,-1,-1,-1,-1,-1,0.067343
84820,399,0,18203,45.621554,0.000000,30.000000,-1,70.583805,70.583805,-1,23,0,1548,22,0,691,2100,0,309,5.681180,3.199832,3.199832,1.000000,0.738732,-1,-1,-1,-1,-1,0.070139
84830,433,0,19812,45.755196,0.000000,30.000000,-1,70.535130,70.535130,-1,16,0,1808,19,0,697,1783,0,198,5.191019,2.726995,2.726995,1.000000,0.744964,-1,-1,-1,-1,-1,0.059600
84840,406,0,18522,45.620690,0.000000,30.000000,-1,70.535309,70.535309,-1,17,0,1609,20,0,721,1916,0,194,5.520554,2.983317,2.983317,1.000000,0.747064,-1,-1,-1,-1,-1,0.065394
84850,399,0,18577,46.558897,0.000000,30.000000,-1,70.570060,70.570060,-1,16,0,1596,30,0,707,1876,0,216,5.727754,3.159464,3.159464,1.000000,0.745453,-1,-1,-1,-1,-1,0.067860
84860,411,0,18577,45.199513,0.000000,30.000000,-1,70.510039,70.510039,-1,22,0,1636,15,0,768,2073,0,298,5.541244,3.036904,3.036904,1.000000,0.743394,-1,-1,-1,-1,-1,0.067189
84870,397,0,18345,46.209068,0.000000,30.000000,-1,70.497738,70.497738,-1,15,0,1570,23,0,696,2061,0,183,5.813535,3.073114,3.073114,1.000000,0.741829,-1,-1,-1,-1,-1,0.066505
84880,399,0,17871,44.789474,0.000000,30.000000,-1,70.478149,70.478149,-1,24,0,1685,20,0,735,2188,0,286,5.879469,3.100958,3.100958,1.000000,0.735092,-1,-1,-1,-1,-1,0.069234
84890,396,0,17735,44.785354,0.000000,30.000000,-1,70.432422,70.432422,-1,22,0,1451,21,0,632,1947,0,284,5.704760,3.050251,3.050251,1.000000,0.725785,-1,-1,-1,-1,-1,0.068108
84900,392,0,17773,45.339286,0.000000,30.000000,-1,70.459180,70.459180,-1,16,0,1572,15,0,671,1989,0,204,5.889987,3.084260,3.084260,1.000000,0.739188,-1,-1,-1,-1,-1,0.068026
84910,393,0,18260,46.463104,0.000000,30.000000,-1,70.421139,70.421139,-1,13,0,1707,23,0,721,2021,0,154,5.333094,2.900094,2.900094,1.000000,0.753424,-1,-1,-1,-1,-1,0.062417
84920,410,0,18475,45.060976,0.000000,30.000000,-1,70.381922,70.381922,-1,24,0,1608,18,0,691,1978,0,298,5.453954,3.056150,3.056150,1.000000,0.739431,-1,-1,-1,-1,-1,0.067823
84930,417,0,19410,46.546763,0.000000,30.000000,-1,70.412571,70.412571,-1,13,0,1924,20,0,747,2237,0,178,5.526697,2.835527,2.835527,1.000000,0.749261,-1,-1,-1,-1,-1,0.060918
84940,420,0,19294,45.938095,0.000000,30.000000,-1,70.438634,70.438634,-1,16,0,1787,19,0,762,1817,0,214,5.449596,2.838386,2.838386,1.000000,0.752417,-1,-1,-1,-1,-1,0.061787
84950,418,0,18992,45.435407,0.000000,30.000000,-1,70.484994,70.484994,-1,20,0,1866,11,0,754,1790,0,257,5.514031,2.855187,2.855187,1.000000,0.741252,-1,-1,-1,-1,-1,0.062841
84960,390,0,17772,45.569231,0.000000,30.000000,-1,70.450709,70.450709,-1,20,0,1514,22,0,677,2000,0,247,5.649590,3.152302,3.152302,1.000000,0.741311,-1,-1,-1,-1,-1,0.069176
84970,370,0,17105,46.229730,0.000000,30.000000,-1,70.471675,70.471675,-1,14,0,1402,26,0,657,1994,0,180,5.595078,3.072425,3.072425,1.000000,0.754330,-1,-1,-1,-1,-1,0.066460
84980,398,0,18018,45.271357,0.000000,30.000000,-1,70.493617,70.493617,-1,18,0,1740,18,0,718,1909,0,220,5.701762,3.062057,3.062057,1.000000,0.750775,-1,-1,-1,-1,-1,0.067638
84990,393,0,18103,46.063613,0.000000,30.000000,-1,70.535712,70.535712,-1,11,0,1643,21,0,728,1832,0,137,5.879620,3.095783,3.095783,1.000000,0.756412,-1,-1,-1,-1,-1,0.067207
85000,404,0,18221,45.101485,0.000000,30.000000,-1,70.571703,70.571703,-1,20,0,1705,20,0,692,2225,0,240,5.554676,2.937073,2.937073,1.000000,0.742943,-1,-1,-1,-1,-1,0.065121
85010,390,0,17944,46.010256,0.000000,30.000000,-1,70.558070,70.558070,-1,15,0,1593,17,0,654,1485,0,153,5.790762,3.091290,3.091290,1.000000,0.754322,-1,-1,-1,-1,-1,0.067187
85020,439,0,19375,44.134396,0.000000,30.000000,-1,70.536877,70.536877,-1,24,0,1879,17,0,744,1957,0,300,5.553489,2.853497,2.853497,1.000000,0.742092,-1,-1,-1,-1,-1,0.064655
85030,413,0,18783,45.479419,0.000000,30.000000,-1,70.589203,70.589203,-1,17,0,1757,15,0,743,1994,0,213,5.664802,3.018295,3.018295,1.000000,0.747845,-1,-1,-1,-1,-1,0.066366
85040,415,0,19205,46.277108,0.000000,30.000000,-1,70.613746,70.613746,-1,16,0,1654,16,0,717,2071,0,211,5.614497,3.077012,3.077012,1.000000,0.760947,-1,-1,-1,-1,-1,0.066491
85050,419,0,18833,44.947494,0.000000,30.000000,-1,70.643870,70.643870,-1,25,0,1851,16,0,780,2255,0,356,5.742412,3.096774,3.096774,1.000000,0.735410,-1,-1,-1,-1,-1,0.068898
85060,411,0,18717,45.540146,0.000000,30.000000,-1,70.682107,70.682107,-1,19,0,1450,19,0,742,1822,0,242,5.688352,3.172962,3.172962,1.000000,0.749867,-1,-1,-1,-1,-1,0.069674
85070,413,0,18537,44.883777,0.000000,30.000000,-1,70.698926,70.698926,-1,28,0,1489,21,0,754,1542,0,376,5.580510,3.200765,3.200765,1.000000,0.744248,-1,-1,-1,-1,-1,0.071312
85080,397,0,17866,45.002519,0.000000,30.000000,-1,70.716557,70.716557,-1,28,0,1310,26,0,707,1766,0,342,5.322602,3.030303,3.030303,1.000000,0.731415,-1,-1,-1,-1,-1,0.067336
85090,400,0,18182,45.455000,0.000000,30.000000,-1,70.733198,70.733198,-1,25,0,1699,16,0,699,2108,0,304,5.723732,3.111030,3.111030,1.000000,0.737897,-1,-1,-1,-1,-1,0.068442
85100,420,0,19097,45.469048,0.000000,30.000000,-1,70.757082,70.757082,-1,20,0,1530,15,0,729,1925,0,248,5.434822,3.034452,3.034452,1.000000,0.752721,-1,-1,-1,-1,-1,0.066737
85110,405,0,18287,45.153086,0.000000,30.000000,-1,70.771368,70.771368,-1,22,0,1661,21,0,705,2143,0,282,5.463957,2.992950,2.992950,1.000000,0.747618,-1,-1,-1,-1,-1,0.066285
85120,432,0,18714,43.319444,0.000000,30.000000,-1,70.750027,70.750027,-1,27,0,1869,21,0,774,1838,0,373,5.312803,2.734375,2.734375,1.000000,0.740255,-1,-1,-1,-1,-1,0.063121
85130,405,0,18324,45.244444,0.000000,30.000000,-1,70.733137,70.733137,-1,25,0,1471,20,0,683,1909,0,290,5.321255,2.939650,2.939650,1.000000,0.740936,-1,-1,-1,-1,-1,0.064973
85140,399,0,18345,45.977444,0.000000,30.000000,-1,70.735950,70.735950,-1,17,0,1536,16,0,756,1750,0,195,5.630249,3.156719,3.156719,1.000000,0.749853,-1,-1,-1,-1,-1,0.068658
85150,385,0,17408,45.215584,0.000000,30.000000,-1,70.758559,70.758559,-1,21,0,1524,16,0,668,2403,0,269,5.501725,3.049790,3.049790,1.000000,0.751533,-1,-1,-1,-1,-1,0.067450
85160,394,0,17731,45.002538,0.000000,30.000000,-1,70.743274,70.743274,-1,20,0,1671,28,0,683,1983,0,248,5.624359,3.026234,3.026234,1.000000,0.749513,-1,-1,-1,-1,-1,0.067246
85170,395,0,18204,46.086076,0.000000,30.000000,-1,70.743133,70.743133,-1,16,0,1752,15,0,691,1836,0,204,5.739867,3.107149,3.107149,1.000000,0.757092,-1,-1,-1,-1,-1,0.067421
85180,396,0,18372,46.393939,0.000000,30.000000,-1,70.718376,70.718376,-1,12,0,1740,19,0,730,2396,0,135,5.638796,3.100742,3.100742,1.000000,0.766332,-1,-1,-1,-1,-1,0.066835
85190,412,0,18946,45.985437,0.000000,30.000000,-1,70.733295,70.733295,-1,18,0,1789,14,0,694,2204,0,218,5.590048,3.094245,3.094245,1.000000,0.759264,-1,-1,-1,-1,-1,0.067287
85200,395,0,18090,45.797468,0.000000,30.000000,-1,70.732670,70.732670,-1,17,0,1593,19,0,710,1802,0,222,5.635638,3.106917,3.106917,1.000000,0.758318,-1,-1,-1,-1,-1,0.067840
85210,394,0,18144,46.050761,0.000000,30.000000,-1,70.749724,70.749724,-1,19,0,1653,21,0,658,2025,0,265,5.578703,3.165496,3.165496,1.000000,0.762382,-1,-1,-1,-1,-1,0.068739
85220,408,0,18468,45.264706,0.000000,30.000000,-1,70.734839,70.734839,-1,19,0,1739,24,0,750,2268,0,217,5.553735,3.026914,3.026914,1.000000,0.755939,-1,-1,-1,-1,-1,0.066871
85230,410,0,18828,45.921951,0.000000,30.000000,-1,70.736934,70.736934,-1,14,0,1786,22,0,685,1799,0,153,5.478987,2.973161,2.973161,1.000000,0.763870,-1,-1,-1,-1,-1,0.064744
85240,401,0,17780,44.339152,0.000000,30.000000,-1,70.745894,70.745894,-1,26,0,1779,23,0,672,1661,0,318,5.449959,2.942156,2.942156,1.000000,0.736042,-1,-1,-1,-1,-1,0.066356
85250,392,0,18345,46.798469,0.000000,30.000000,-1,70.759171,70.759171,-1,14,0,1456,12,0,692,2044,0,172,5.758569,3.255036,3.255036,1.000000,0.769811,-1,-1,-1,-1,-1,0.069554
85260,392,0,17964,45.826531,0.000000,30.000000,-1,70.799766,70.799766,-1,16,0,1583,26,0,686,1708,0,186,5.920745,3.304858,3.304858,1.000000,0.755391,-1,-1,-1,-1,-1,0.072117
85270,406,0,18436,45.408867,0.000000,30.000000,-1,70.793393,70.793393,-1,23,0,1493,22,0,714,1838,0,282,5.377170,3.039907,3.039907,1.000000,0.751012,-1,-1,-1,-1,-1,0.066945
85280,404,0,18740,46.386139,0.000000,30.000000,-1,70.796585,70.796585,-1,14,0,1652,14,0,701,1720,0,207,5.713935,3.142147,3.142147,1.000000,0.760093,-1,-1,-1,-1,-1,0.067739
85290,425,0,19278,45.360000,0.000000,30.000000,-1,70.792976,70.792976,-1,24,0,1649,22,0,760,2004,0,295,5.442491,3.004568,3.004568,1.000000,0.748514,-1,-1,-1,-1,-1,0.066238
85300,396,0,18060,45.606061,0.000000,30.000000,-1,70.802159,70.802159,-1,19,0,1750,13,0,718,1833,0,242,5.585058,2.914581,2.914581,1.000000,0.739429,-1,-1,-1,-1,-1,0.063908
85310,423,0,19326,45.687943,0.000000,30.000000,-1,70.823347,70.823347,-1,15,0,1866,14,0,748,2131,0,188,5.567140,2.989767,2.989767,1.000000,0.756337,-1,-1,-1,-1,-1,0.065439
85320,409,0,18518,45.276284,0.000000,30.000000,-1,70.841398,70.841398,-1,23,0,1624,22,0,723,2019,0,277,5.436124,2.921310,2.921310,1.000000,0.736631,-1,-1,-1,-1,-1,0.064522
85330,396,0,17870,45.126263,0.000000,30.000000,-1,70.842361,70.842361,-1,26,0,1584,23,0,680,1689,0,337,5.545710,3.077186,3.077186,1.000000,0.732707,-1,-1,-1,-1,-1,0.068191
85340,400,0,18487,46.217500,0.000000,30.000000,-1,70.819549,70.819549,-1,11,0,1837,25,0,697,1802,0,165,5.632815,3.002662,3.002662,1.000000,0.761331,-1,-1,-1,-1,-1,0.064968
85350,393,0,17936,45.638677,0.000000,30.000000,-1,70.832404,70.832404,-1,18,0,1449,29,0,658,1609,0,241,5.726624,3.202129,3.202129,1.000000,0.749305,-1,-1,-1,-1,-1,0.070163
85360,404,0,18405,45.556931,0.000000,30.000000,-1,70.777669,70.777669,-1,19,0,1714,19,0,657,1930,0,222,5.712460,3.050741,3.050741,1.000000,0.748825,-1,-1,-1,-1,-1,0.066965
85370,387,0,17947,46.374677,0.000000,30.000000,-1,70.804981,70.804981,-1,14,0,1674,22,0,686,1793,0,182,5.847625,3.159943,3.159943,1.000000,0.758036,-1,-1,-1,-1,-1,0.068139
85380,406,0,18370,45.246305,0.000000,30.000000,-1,70.791127,70.791127,-1,21,0,1564,18,0,717,1973,0,279,5.649429,3.017238,3.017238,1.000000,0.746396,-1,-1,-1,-1,-1,0.066685
85390,430,0,19509,45.369767,0.000000,30.000000,-1,70.835409,70.835409,-1,22,0,1841,18,0,749,2284,0,289,5.509437,2.924782,2.924782,1.000000,0.734481,-1,-1,-1,-1,-1,0.064465
85400,414,0,18760,45.314010,0.000000,30.000000,-1,70.870736,70.870736,-1,21,0,1478,29,0,760,1834,0,252,5.643167,3.119427,3.119427,1.000000,0.746705,-1,-1,-1,-1,-1,0.068840
85410,427,0,19823,46.423888,0.000000,30.000000,-1,70.908641,70.908641,-1,17,0,1644,23,0,761,2202,0,210,5.462817,2.977464,2.977464,1.000000,0.742449,-1,-1,-1,-1,-1,0.064136
85420,427,0,19600,45.901639,0.000000,30.000000,-1,70.917347,70.917347,-1,16,0,1683,15,0,806,2077,0,213,5.350777,2.857877,2.857877,1.000000,0.755182,-1,-1,-1,-1,-1,0.062261
85430,404,0,18483,45.750000,0.000000,30.000000,-1,70.886707,70.886707,-1,16,0,1922,25,0,736,1746,0,201,5.699103,2.972986,2.972986,1.000000,0.743265,-1,-1,-1,-1,-1,0.064983
85440,417,0,18558,44.503597,0.000000,30.000000,-1,70.916263,70.916263,-1,25,0,1776,19,0,684,2023,0,329,5.655469,2.931261,2.931261,1.000000,0.720725,-1,-1,-1,-1,-1,0.065866
85450,397,0,18377,46.289673,0.000000,30.000000,-1,70.937966,70.937966,-1,15,0,1478,23,0,742,2028,0,182,5.470515,2.966933,2.966933,1.000000,0.740523,-1,-1,-1,-1,-1,0.064095
85460,390,0,17639,45.228205,0.000000,30.000000,-1,70.973411,70.973411,-1,27,0,1419,16,0,688,1666,0,369,5.717272,3.202386,3.202386,1.000000,0.731796,-1,-1,-1,-1,-1,0.070805
85470,406,0,18410,45.344828,0.000000,30.000000,-1,70.989136,70.989136,-1,21,0,1883,24,0,711,1989,0,262,5.535984,2.944429,2.944429,1.000000,0.738393,-1,-1,-1,-1,-1,0.064934
85480,411,0,18728,45.566910,0.000000,30.000000,-1,70.996743,70.996743,-1,20,0,1447,18,0,670,1994,0,233,5.494929,2.991805,2.991805,1.000000,0.732707,-1,-1,-1,-1,-1,0.065657
85490,436,0,20206,46.344037,0.000000,30.000000,-1,71.020786,71.020786,-1,12,0,1916,17,0,810,2265,0,136,5.493849,2.924456,2.924456,1.000000,0.750173,-1,-1,-1,-1,-1,0.063103
85500,416,0,18669,44.877404,0.000000,30.000000,-1,71.049976,71.049976,-1,25,0,1676,20,0,756,2041,0,323,5.525393,2.908901,2.908901,1.000000,0.721086,-1,-1,-1,-1,-1,0.064819
85510,410,0,18865,46.012195,0.000000,30.000000,-1,71.039968,71.039968,-1,17,0,1957,20,0,734,2342,0,230,5.762336,3.010486,3.010486,1.000000,0.733144,-1,-1,-1,-1,-1,0.065428
85520,405,0,18652,46.054321,0.000000,30.000000,-1,71.029648,71.029648,-1,16,0,1520,18,0,642,2013,0,189,5.688081,3.002571,3.002571,1.000000,0.738812,-1,-1,-1,-1,-1,0.065196
85530,372,0,17114,46.005376,0.000000,30.000000,-1,71.022029,71.022029,-1,17,0,1505,19,0,677,1561,0,196,5.907927,3.180527,3.180527,1.000000,0.741775,-1,-1,-1,-1,-1,0.069134
85540,395,0,17828,45.134177,0.000000,30.000000,-1,71.019127,71.019127,-1,19,0,1558,17,0,669,1693,0,245,5.651201,2.983398,2.983398,1.000000,0.737150,-1,-1,-1,-1,-1,0.066101
85550,412,0,18204,44.184466,0.000000,30.000000,-1,71.061250,71.061250,-1,27,0,1565,21,0,706,2022,0,331,5.448022,2.874274,2.874274,1.000000,0.728116,-1,-1,-1,-1,-1,0.065052
85560,392,0,17848,45.530612,0.000000,30.000000,-1,71.038212,71.038212,-1,18,0,1740,17,0,663,1911,0,214,5.632496,2.882507,2.882507,1.000000,0.741226,-1,-1,-1,-1,-1,0.063309
85570,387,0,17525,45.284238,0.000000,30.000000,-1,71.065792,71.065792,-1,21,0,1720,14,0,702,1620,0,258,5.963659,3.152620,3.152620,1.000000,0.735250,-1,-1,-1,-1,-1,0.069618
85580,377,0,17481,46.368700,0.000000,30.000000,-1,71.122133,71.122133,-1,16,0,1494,18,0,645,1893,0,212,6.005220,3.230476,3.230476,1.000000,0.744758,-1,-1,-1,-1,-1,0.069669
85590,393,0,17605,44.796438,0.000000,30.000000,-1,71.163647,71.163647,-1,24,0,1439,21,0,691,2073,0,299,5.442007,2.957727,2.957727,1.000000,0.731228,-1,-1,-1,-1,-1,0.066026
85600,394,0,18057,45.829949,0.000000,30.000000,-1,71.192280,71.192280,-1,17,0,1697,14,0,699,1679,0,223,6.155742,3.144959,3.144959,1.000000,0.724981,-1,-1,-1,-1,-1,0.068622
85610,422,0,19106,45.274882,0.000000,30.000000,-1,71.207631,71.207631,-1,22,0,1608,27,0,701,2022,0,258,5.320306,2.789602,2.789602,1.000000,0.726508,-1,-1,-1,-1,-1,0.061615
85620,445,0,20137,45.251685,0.000000,30.000000,-1,71.199781,71.199781,-1,20,0,1969,18,0,762,2035,0,255,5.475929,2.741300,2.741300,1.000000,0.723020,-1,-1,-1,-1,-1,0.060579
85630,405,0,17978,44.390123,0.000000,30.000000,-1,71.178329,71.178329,-1,22,0,1600,20,0,674,1830,0,274,5.773975,2.891281,2.891281,1.000000,0.718562,-1,-1,-1,-1,-1,0.065133
85640,418,0,19379,46.361244,0.000000,30.000000,-1,71.204551,71.204551,-1,12,0,1786,21,0,793,2021,0,156,5.424775,2.862762,2.862762,1.000000,0.746955,-1,-1,-1,-1,-1,0.061749
85650,391,0,18117,46.335038,0.000000,30.000000,-1,71.226969,71.226969,-1,17,0,1640,20,0,719,1935,0,231,5.909750,3.103038,3.103038,1.000000,0.729548,-1,-1,-1,-1,-1,0.066970
85660,397,0,18248,45.964736,0.000000,30.000000,-1,71.217284,71.217284,-1,17,0,1618,17,0,712,1844,0,232,5.913846,3.092871,3.092871,1.000000,0.731372,-1,-1,-1,-1,-1,0.067288
85670,386,0,18028,46.704663,0.000000,30.000000,-1,71.232028,71.232028,-1,10,0,1622,13,0,693,1700,0,122,5.842044,3.128719,3.128719,1.000000,0.749525,-1,-1,-1,-1,-1,0.066989
85680,412,0,18778,45.577670,0.000000,30.000000,-1,71.255192,71.255192,-1,20,0,1653,20,0,703,2250,0,258,5.417313,2.873949,2.873949,1.000000,0.732037,-1,-1,-1,-1,-1,0.063056
85690,406,0,18550,45.689655,0.000000,30.000000,-1,71.272075,71.272075,-1,18,0,1665,22,0,695,2007,0,239,5.653447,3.020726,3.020726,1.000000,0.734238,-1,-1,-1,-1,-1,0.066114
85700,407,0,19091,46.906634,0.000000,30.000000,-1,71.268923,71.268923,-1,6,0,1618,21,0,687,2012,0,75,5.419836,2.851838,2.851838,1.000000,0.753441,-1,-1,-1,-1,-1,0.060798
85710,397,0,17825,44.899244,0.000000,30.000000,-1,71.323927,71.323927,-1,22,0,1704,23,0,686,2227,0,272,5.542329,2.865611,2.865611,1.000000,0.724880,-1,-1,-1,-1,-1,0.063823
85720,395,0,17747,44.929114,0.000000,30.000000,-1,71.391559,71.391559,-1,24,0,1965,20,0,642,1793,0,308,5.927805,3.047120,3.047120,1.000000,0.721856,-1,-1,-1,-1,-1,0.067821
85730,398,0,18206,45.743719,0.000000,30.000000,-1,71.453532,71.453532,-1,24,0,1407,12,0,697,1884,0,299,5.786202,3.177785,3.177785,1.000000,0.725728,-1,-1,-1,-1,-1,0.069469
85740,435,0,20146,46.312644,0.000000,30.000000,-1,71.449270,71.449270,-1,17,0,1986,14,0,753,1945,0,222,5.661957,2.951946,2.951946,1.000000,0.735726,-1,-1,-1,-1,-1,0.063740
85750,404,0,18657,46.180693,0.000000,30.000000,-1,71.473227,71.473227,-1,13,0,1425,24,0,641,1843,0,166,5.840200,3.117368,3.117368,1.000000,0.743688,-1,-1,-1,-1,-1,0.067504
85760,418,0,19288,46.143541,0.000000,30.000000,-1,71.474233,71.474233,-1,18,0,1519,23,0,738,2041,0,226,5.482851,3.071015,3.071015,1.000000,0.743812,-1,-1,-1,-1,-1,0.066554
85770,410,0,18513,45.153659,0.000000,30.000000,-1,71.474747,71.474747,-1,21,0,1592,14,0,719,2116,0,298,5.656408,2.929771,2.929771,1.000000,0.724764,-1,-1,-1,-1,-1,0.064884
85780,414,0,18901,45.654589,0.000000,30.000000,-1,71.496429,71.496429,-1,23,0,1435,22,0,680,1766,0,271,5.598894,2.985302,2.985302,1.000000,0.719936,-1,-1,-1,-1,-1,0.065389
85790,412,0,19057,46.254854,0.000000,30.000000,-1,71.500813,71.500813,-1,14,0,1806,12,0,746,2643,0,181,5.697267,2.980207,2.980207,1.000000,0.732364,-1,-1,-1,-1,-1,0.064430
85800,396,0,17942,45.308081,0.000000,30.000000,-1,71.494761,71.494761,-1,19,0,1581,13,0,671,1837,0,220,5.846936,2.939900,2.939900,1.000000,0.719417,-1,-1,-1,-1,-1,0.064887
85810,407,0,18351,45.088452,0.000000,30.000000,-1,71.523786,71.523786,-1,19,0,1853,23,0,693,1571,0,241,5.755160,2.876991,2.876991,1.000000,0.717976,-1,-1,-1,-1,-1,0.063808
85820,403,0,18123,44.970223,0.000000,30.000000,-1,71.518733,71.518733,-1,21,0,1559,20,0,735,2168,0,255,5.564898,2.828639,2.828639,1.000000,0.716101,-1,-1,-1,-1,-1,0.062900
85830,397,0,17925,45.151134,0.000000,30.000000,-1,71.519609,71.519609,-1,25,0,1521,19,0,698,1843,0,297,5.830065,3.055145,3.055145,1.000000,0.706328,-1,-1,-1,-1,-1,0.067665
85840,435,0,20172,46.372414,0.000000,30.000000,-1,71.512344,71.512344,-1,10,0,1919,19,0,737,2036,0,128,5.795375,2.885851,2.885851,1.000000,0.735308,-1,-1,-1,-1,-1,0.062232
85850,433,0,19917,45.997691,0.000000,30.000000,-1,71.492644,71.492644,-1,15,0,1921,18,0,833,2563,0,196,5.631405,2.824550,2.824550,1.000000,0.725038,-1,-1,-1,-1,-1,0.061406
85860,413,0,18635,45.121065,0.000000,30.000000,-1,71.488060,71.488060,-1,19,0,1647,18,0,684,2432,0,251,5.672872,2.824303,2.824303,1.000000,0.714703,-1,-1,-1,-1,-1,0.062594
85870,401,0,18318,45.680798,0.000000,30.000000,-1,71.511246,71.511246,-1,18,0,1406,13,0,676,1858,0,226,5.744585,3.047186,3.047186,1.000000,0.720327,-1,-1,-1,-1,-1,0.066706
85880,389,0,18136,46.622108,0.000000,30.000000,-1,71.504080,71.504080,-1,10,0,1681,22,0,664,2081,0,132,5.709642,2.894186,2.894186,1.000000,0.726877,-1,-1,-1,-1,-1,0.062078
85890,397,0,17779,44.783375,0.000000,30.000000,-1,71.501434,71.501434,-1,21,0,1642,14,0,672,1892,0,254,5.927709,2.856506,2.856506,1.000000,0.700226,-1,-1,-1,-1,-1,0.063785
85900,421,0,19241,45.703088,0.000000,30.000000,-1,71.510109,71.510109,-1,20,0,1698,16,0,698,2159,0,245,5.670753,2.947051,2.947051,1.000000,0.719339,-1,-1,-1,-1,-1,0.064483
85910,398,0,18036,45.316583,0.000000,30.000000,-1,71.528609,71.528609,-1,23,0,1479,12,0,692,2210,0,286,5.726992,3.029529,3.029529,1.000000,0.709219,-1,-1,-1,-1,-1,0.066853
85920,383,0,17839,46.577023,0.000000,30.000000,-1,71.564998,71.564998,-1,13,0,1435,15,0,672,1757,0,157,6.081876,3.202720,3.202720,1.000000,0.730335,-1,-1,-1,-1,-1,0.068762
85930,403,0,18159,45.059553,0.000000,30.000000,-1,71.569084,71.569084,-1,23,0,1531,22,0,639,1861,0,299,5.542025,2.996437,2.996437,1.000000,0.720337,-1,-1,-1,-1,-1,0.066499
85940,418,0,18724,44.794258,0.000000,30.000000,-1,71.585932,71.585932,-1,27,0,1365,17,0,719,2117,0,346,5.444447,2.901645,2.901645,1.000000,0.708318,-1,-1,-1,-1,-1,0.064777
85950,433,0,19782,45.685912,0.000000,30.000000,-1,71.645941,71.645941,-1,17,0,1658,18,0,734,1844,0,206,5.458432,2.874076,2.874076,1.000000,0.730748,-1,-1,-1,-1,-1,0.062909
85960,409,0,19021,46.506112,0.000000,30.000000,-1,71.671994,71.671994,-1,11,0,1708,13,0,712,1946,0,150,5.715269,3.078712,3.078712,1.000000,0.753688,-1,-1,-1,-1,-1,0.066200
85970,393,0,18312,46.595420,0.000000,30.000000,-1,71.639690,71.639690,-1,13,0,1656,21,0,704,1784,0,165,5.728780,3.051421,3.051421,1.000000,0.739713,-1,-1,-1,-1,-1,0.065488
85980,391,0,18157,46.437340,0.000000,30.000000,-1,71.625213,71.625213,-1,14,0,1564,20,0,705,1689,0,155,5.712873,3.049275,3.049275,1.000000,0.740084,-1,-1,-1,-1,-1,0.065664
85990,413,0,19092,46.227603,0.000000,30.000000,-1,71.655196,71.655196,-1,14,0,1520,19,0,734,2108,0,168,5.705132,2.925100,2.925100,1.000000,0.732411,-1,-1,-1,-1,-1,0.063276
86000,408,0,18597,45.580882,0.000000,30.000000,-1,71.698177,71.698177,-1,16,0,1948,23,0,699,1568,0,211,5.841046,2.940583,2.940583,1.000000,0.724799,-1,-1,-1,-1,-1,0.064514
86010,403,0,18025,44.727047,0.000000,30.000000,-1,71.724993,71.724993,-1,25,0,1609,16,0,707,2215,0,332,5.832749,2.987055,2.987055,1.000000,0.708537,-1,-1,-1,-1,-1,0.066784
86020,415,0,19133,46.103614,0.000000,30.000000,-1,71.703758,71.703758,-1,15,0,1511,22,0,717,2152,0,195,5.606561,2.944443,2.944443,1.000000,0.727389,-1,-1,-1,-1,-1,0.063866
86030,394,0,17648,44.791878,0.000000,30.000000,-1,71.744504,71.744504,-1,24,0,1825,25,0,692,1654,0,330,5.642502,2.846983,2.846983,1.000000,0.710544,-1,-1,-1,-1,-1,0.063560
86040,406,0,18612,45.842365,0.000000,30.000000,-1,71.728347,71.728347,-1,16,0,1709,18,0,660,2587,0,185,5.654434,2.986429,2.986429,1.000000,0.730762,-1,-1,-1,-1,-1,0.065146
86050,387,0,17560,45.374677,0.000000,30.000000,-1,71.754157,71.754157,-1,20,0,1423,19,0,669,1830,0,265,5.819247,3.030513,3.030513,1.000000,0.715418,-1,-1,-1,-1,-1,0.066789
86060,414,0,19120,46.183575,0.000000,30.000000,-1,71.755753,71.755753,-1,17,0,1415,21,0,674,1891,0,213,5.539465,2.913261,2.913261,1.000000,0.720509,-1,-1,-1,-1,-1,0.063080
86070,393,0,18011,45.829517,0.000000,30.000000,-1,71.794514,71.794514,-1,20,0,1520,21,0,717,1887,0,272,5.930185,3.144455,3.144455,1.000000,0.722781,-1,-1,-1,-1,-1,0.068612
86080,408,0,18336,44.941176,0.000000,30.000000,-1,71.820790,71.820790,-1,22,0,1492,18,0,683,2215,0,279,5.565815,2.982388,2.982388,1.000000,0.709626,-1,-1,-1,-1,-1,0.066362
86090,422,0,19202,45.502370,0.000000,30.000000,-1,71.796792,71.796792,-1,24,0,1697,14,0,745,2202,0,300,5.472444,2.810675,2.810675,1.000000,0.707441,-1,-1,-1,-1,-1,0.061770
86100,411,0,18721,45.549878,0.000000,30.000000,-1,71.824315,71.824315,-1,18,0,1616,22,0,685,2110,0,225,5.522259,2.862459,2.862459,1.000000,0.724924,-1,-1,-1,-1,-1,0.062842
86110,392,0,17831,45.487245,0.000000,30.000000,-1,71.822668,71.822668,-1,14,0,1576,29,0,714,2011,0,160,5.648198,2.897376,2.897376,1.000000,0.727149,-1,-1,-1,-1,-1,0.063696
86120,384,0,17715,46.132812,0.000000,30.000000,-1,71.829128,71.829128,-1,16,0,1855,18,0,668,2077,0,174,6.099945,3.092763,3.092763,1.000000,0.718268,-1,-1,-1,-1,-1,0.067040
86130,407,0,18399,45.206388,0.000000,30.000000,-1,71.796945,71.796945,-1,18,0,1564,14,0,737,2017,0,233,5.465139,2.781380,2.781380,1.000000,0.717577,-1,-1,-1,-1,-1,0.061526
86140,400,0,18047,45.117500,0.000000,30.000000,-1,71.790547,71.790547,-1,19,0,1748,15,0,694,2079,0,217,5.569199,2.853063,2.853063,1.000000,0.722808,-1,-1,-1,-1,-1,0.063236
86150,403,0,18464,45.816377,0.000000,30.000000,-1,71.823440,71.823440,-1,21,0,1763,21,0,719,2000,0,283,5.798122,2.928689,2.928689,1.000000,0.709440,-1,-1,-1,-1,-1,0.063922
86160,386,0,17393,45.059585,0.000000,30.000000,-1,71.842063,71.842063,-1,21,0,1554,25,0,675,1726,0,253,5.806602,2.940376,2.940376,1.000000,0.714686,-1,-1,-1,-1,-1,0.065255
86170,395,0,17984,45.529114,0.000000,30.000000,-1,71.814669,71.814669,-1,11,0,1550,34,0,679,1751,0,137,5.680569,2.853729,2.853729,1.000000,0.736775,-1,-1,-1,-1,-1,0.062679
86180,412,0,18168,44.097087,0.000000,30.000000,-1,71.845112,71.845112,-1,30,0,1848,19,0,705,1555,0,404,5.571155,2.848054,2.848054,1.000000,0.699241,-1,-1,-1,-1,-1,0.064586
86190,414,0,18685,45.132850,0.000000,30.000000,-1,71.877174,71.877174,-1,25,0,1679,24,0,701,2004,0,300,5.438416,2.854736,2.854736,1.000000,0.715427,-1,-1,-1,-1,-1,0.063252
86200,400,0,18279,45.697500,0.000000,30.000000,-1,71.915258,71.915258,-1,17,0,1678,25,0,694,1780,0,226,5.366582,2.745918,2.745918,1.000000,0.724048,-1,-1,-1,-1,-1,0.060089
86210,390,0,17805,45.653846,0.000000,30.000000,-1,71.958495,71.958495,-1,22,0,1471,18,0,646,2129,0,264,5.435311,2.874945,2.874945,1.000000,0.718467,-1,-1,-1,-1,-1,0.062973
86220,394,0,17658,44.817259,0.000000,30.000000,-1,71.975988,71.975988,-1,29,0,1313,14,0,638,2209,0,359,5.692996,3.090905,3.090905,1.000000,0.704419,-1,-1,-1,-1,-1,0.068967
86230,406,0,18258,44.970443,0.000000,30.000000,-1,71.945120,71.945120,-1,19,0,1659,22,0,680,1992,0,237,5.477069,2.820844,2.820844,1.000000,0.724936,-1,-1,-1,-1,-1,0.062727
86240,414,0,19132,46.212560,0.000000,30.000000,-1,71.916736,71.916736,-1,15,0,1555,23,0,674,1937,0,197,5.676977,2.972782,2.972782,1.000000,0.725735,-1,-1,-1,-1,-1,0.064328
86250,399,0,18396,46.105263,0.000000,30.000000,-1,71.893727,71.893727,-1,18,0,1577,21,0,745,1904,0,235,5.840950,3.101406,3.101406,1.000000,0.722661,-1,-1,-1,-1,-1,0.067268
86260,391,0,17545,44.872123,0.000000,30.000000,-1,71.917241,71.917241,-1,20,0,1676,25,0,668,1726,0,241,5.513465,2.815179,2.815179,1.000000,0.719023,-1,-1,-1,-1,-1,0.062738
86270,406,0,18272,45.004926,0.000000,30.000000,-1,71.942097,71.942097,-1,22,0,1713,21,0,685,1759,0,291,5.532914,2.827513,2.827513,1.000000,0.724062,-1,-1,-1,-1,-1,0.062827
86280,402,0,18534,46.104478,0.000000,30.000000,-1,71.925920,71.925920,-1,18,0,1500,22,0,690,1876,0,232,5.565330,2.949003,2.949003,1.000000,0.723614,-1,-1,-1,-1,-1,0.063963
86290,402,0,17897,44.519900,0.000000,30.000000,-1,71.964184,71.964184,-1,22,0,1612,20,0,671,1863,0,276,5.765422,2.892124,2.892124,1.000000,0.712842,-1,-1,-1,-1,-1,0.064962
86300,396,0,18100,45.707071,0.000000,30.000000,-1,71.994309,71.994309,-1,19,0,1641,16,0,724,1670,0,238,5.912699,3.044732,3.044732,1.000000,0.719613,-1,-1,-1,-1,-1,0.066614
86310,401,0,18241,45.488778,0.000000,30.000000,-1,71.971712,71.971712,-1,21,0,1530,26,0,743,2223,0,275,5.506559,2.918272,2.918272,1.000000,0.719996,-1,-1,-1,-1,-1,0.064154
86320,404,0,18437,45.636139,0.000000,30.000000,-1,71.973369,71.973369,-1,19,0,1449,18,0,630,1450,0,241,5.527799,3.015459,3.015459,1.000000,0.732711,-1,-1,-1,-1,-1,0.066076
86330,400,0,18007,45.017500,0.000000,30.000000,-1,72.001499,72.001499,-1,25,0,1509,16,0,731,1810,0,320,5.918351,3.016292,3.016292,1.000000,0.702773,-1,-1,-1,-1,-1,0.067003
86340,395,0,18422,46.637975,0.000000,30.000000,-1,72.007654,72.007654,-1,12,0,1931,13,0,638,1693,0,165,5.989760,3.051711,3.051711,1.000000,0.731801,-1,-1,-1,-1,-1,0.065434
86350,381,0,17080,44.829396,0.000000,30.000000,-1,72.069321,72.069321,-1,22,0,1380,22,0,670,2141,0,275,5.771056,3.087337,3.087337,1.000000,0.718945,-1,-1,-1,-1,-1,0.068869
86360,409,0,18272,44.674817,0.000000,30.000000,-1,72.095228,72.095228,-1,26,0,1702,17,0,690,1993,0,327,5.806634,2.985426,2.985426,1.000000,0.707316,-1,-1,-1,-1,-1,0.066826
86370,398,0,17819,44.771357,0.000000,30.000000,-1,72.087154,72.087154,-1,23,0,1454,21,0,686,1676,0,269,5.865751,3.054325,3.054325,1.000000,0.709411,-1,-1,-1,-1,-1,0.068221
86380,407,0,18837,46.282555,0.000000,30.000000,-1,72.142114,72.142114,-1,18,0,1636,12,0,738,1683,0,239,5.729506,3.074168,3.074168,1.000000,0.721122,-1,-1,-1,-1,-1,0.066422
86390,398,0,18193,45.711055,0.000000,30.000000,-1,72.119112,72.119112,-1,14,0,1578,27,0,762,2101,0,165,5.527694,2.766236,2.766236,1.000000,0.730593,-1,-1,-1,-1,-1,0.060516
86400,398,0,18541,46.585427,0.000000,30.000000,-1,72.177768,72.177768,-1,9,0,1512,19,0,662,1994,0,97,5.964653,3.068250,3.068250,1.000000,0.736875,-1,-1,-1,-1,-1,0.065863
86410,412,0,18710,45.412621,0.000000,30.000000,-1,72.185730,72.185730,-1,13,0,2026,27,0,711,1909,0,157,5.672266,2.746597,2.746597,1.000000,0.726582,-1,-1,-1,-1,-1,0.060481
86420,413,0,18546,44.905569,0.000000,30.000000,-1,72.198264,72.198264,-1,23,0,1653,27,0,708,1833,0,290,5.635501,2.882774,2.882774,1.000000,0.709344,-1,-1,-1,-1,-1,0.064196
86430,398,0,17936,45.065327,0.000000,30.000000,-1,72.188727,72.188727,-1,23,0,1525,15,0,677,1790,0,300,5.709514,2.943035,2.943035,1.000000,0.702132,-1,-1,-1,-1,-1,0.065306
86440,415,0,19033,45.862651,0.000000,30.000000,-1,72.205223,72.205223,-1,14,0,1715,21,0,718,1655,0,187,5.841650,2.948137,2.948137,1.000000,0.730309,-1,-1,-1,-1,-1,0.064282
86450,423,0,19411,45.888889,0.000000,30.000000,-1,72.250064,72.250064,-1,13,0,1887,14,0,768,1863,0,165,5.805132,2.878984,2.878984,1.000000,0.723706,-1,-1,-1,-1,-1,0.062738
86460,410,0,18652,45.492683,0.000000,30.000000,-1,72.306455,72.306455,-1,21,0,1594,15,0,713,2013,0,268,5.754063,3.021779,3.021779,1.000000,0.727364,-1,-1,-1,-1,-1,0.066423
86470,390,0,17799,45.638462,0.000000,30.000000,-1,72.313613,72.313613,-1,15,0,1726,25,0,629,2098,0,203,5.819559,2.935508,2.935508,1.000000,0.726396,-1,-1,-1,-1,-1,0.064321
86480,387,0,17464,45.126615,0.000000,30.000000,-1,72.337723,72.337723,-1,20,0,1391,23,0,686,2044,0,272,5.838285,3.144242,3.144242,1.000000,0.720878,-1,-1,-1,-1,-1,0.069676
86490,381,0,17536,46.026247,0.000000,30.000000,-1,72.370438,72.370438,-1,15,0,1731,21,0,654,1799,0,198,5.835001,2.896657,2.896657,1.000000,0.715203,-1,-1,-1,-1,-1,0.062935
86500,405,0,18452,45.560494,0.000000,30.000000,-1,72.356276,72.356276,-1,14,0,1866,18,0,687,2035,0,183,5.816542,2.919731,2.919731,1.000000,0.731834,-1,-1,-1,-1,-1,0.064085
86510,425,0,19201,45.178824,0.000000,30.000000,-1,72.363523,72.363523,-1,22,0,1762,16,0,721,1918,0,293,5.375561,2.792618,2.792618,1.000000,0.717033,-1,-1,-1,-1,-1,0.061813
86520,422,0,18985,44.988152,0.000000,30.000000,-1,72.408744,72.408744,-1,23,0,1795,20,0,741,1799,0,305,5.756595,2.944376,2.944376,1.000000,0.717118,-1,-1,-1,-1,-1,0.065448
86530,417,0,18607,44.621103,0.000000,30.000000,-1,72.425378,72.425378,-1,27,0,1460,22,0,665,1899,0,310,5.652503,3.049621,3.049621,1.000000,0.712126,-1,-1,-1,-1,-1,0.068345
86540,400,0,18247,45.617500,0.000000,30.000000,-1,72.396668,72.396668,-1,18,0,1666,24,0,747,1753,0,222,5.669432,2.913068,2.913068,1.000000,0.717250,-1,-1,-1,-1,-1,0.063859
86550,392,0,17742,45.260204,0.000000,30.000000,-1,72.378199,72.378199,-1,23,0,1455,22,0,648,1927,0,276,5.845334,3.094535,3.094535,1.000000,0.713750,-1,-1,-1,-1,-1,0.068372
86560,384,0,17302,45.057292,0.000000,30.000000,-1,72.354872,72.354872,-1,20,0,1673,22,0,669,1788,0,251,5.858960,3.051259,3.051259,1.000000,0.725714,-1,-1,-1,-1,-1,0.067720
86570,412,0,18371,44.589806,0.000000,30.000000,-1,72.391051,72.391051,-1,27,0,1544,12,0,720,1886,0,349,5.673311,3.027336,3.027336,1.000000,0.714928,-1,-1,-1,-1,-1,0.067893
86580,411,0,18966,46.145985,0.000000,30.000000,-1,72.398450,72.398450,-1,16,0,1502,16,0,681,1832,0,181,5.803847,2.998957,2.998957,1.000000,0.729545,-1,-1,-1,-1,-1,0.064988
86590,409,0,18620,45.525672,0.000000,30.000000,-1,72.396402,72.396402,-1,21,0,1508,18,0,722,2000,0,256,5.868169,3.102065,3.102065,1.000000,0.721192,-1,-1,-1,-1,-1,0.068139
86600,420,0,19250,45.833333,0.000000,30.000000,-1,72.380571,72.380571,-1,18,0,1887,18,0,745,1981,0,221,5.398514,2.748765,2.748765,1.000000,0.728213,-1,-1,-1,-1,-1,0.059973
86610,420,0,18679,44.473810,0.000000,30.000000,-1,72.394882,72.394882,-1,30,0,1754,17,0,715,1859,0,365,5.782627,3.036421,3.036421,1.000000,0.710808,-1,-1,-1,-1,-1,0.068274
86620,414,0,18849,45.528986,0.000000,30.000000,-1,72.426070,72.426070,-1,27,0,1517,25,0,707,2302,0,350,5.661130,3.089963,3.089963,1.000000,0.710759,-1,-1,-1,-1,-1,0.067868
86630,414,0,18149,43.838164,0.000000,30.000000,-1,72.430437,72.430437,-1,29,0,1650,11,0,713,1807,0,363,5.879596,3.008373,3.008373,1.000000,0.704913,-1,-1,-1,-1,-1,0.068625
86640,410,0,18453,45.007317,0.000000,30.000000,-1,72.490218,72.490218,-1,24,0,1600,15,0,698,1826,0,287,5.704080,2.946617,2.946617,1.000000,0.719064,-1,-1,-1,-1,-1,0.065470
86650,409,0,18642,45.579462,0.000000,30.000000,-1,72.496406,72.496406,-1,18,0,1567,18,0,713,2131,0,240,5.796833,3.042613,3.042613,1.000000,0.731503,-1,-1,-1,-1,-1,0.066754
86660,394,0,17746,45.040609,0.000000,30.000000,-1,72.457850,72.457850,-1,24,0,1493,20,0,628,1881,0,325,5.928594,3.098902,3.098902,1.000000,0.718375,-1,-1,-1,-1,-1,0.068802
86670,407,0,18270,44.889435,0.000000,30.000000,-1,72.471921,72.471921,-1,19,0,1779,22,0,722,1941,0,241,6.010672,3.007990,3.007990,1.000000,0.719734,-1,-1,-1,-1,-1,0.067009
86680,425,0,19545,45.988235,0.000000,30.000000,-1,72.507751,72.507751,-1,17,0,1856,19,0,719,1953,0,220,5.669591,2.890073,2.890073,1.000000,0.725545,-1,-1,-1,-1,-1,0.062844
86690,418,0,19116,45.732057,0.000000,30.000000,-1,72.563298,72.563298,-1,19,0,1588,17,0,742,1922,0,243,5.685359,2.986321,2.986321,1.000000,0.723657,-1,-1,-1,-1,-1,0.065300
86700,413,0,18501,44.796610,0.000000,30.000000,-1,72.566132,72.566132,-1,22,0,1710,21,0,716,2057,0,275,5.676777,2.991273,2.991273,1.000000,0.722755,-1,-1,-1,-1,-1,0.066775
86710,406,0,18470,45.492611,0.000000,30.000000,-1,72.596318,72.596318,-1,22,0,1729,22,0,710,2012,0,265,5.283091,2.855075,2.855075,1.000000,0.725307,-1,-1,-1,-1,-1,0.062759
86720,399,0,18257,45.756892,0.000000,30.000000,-1,72.627814,72.627814,-1,24,0,1345,19,0,718,1849,0,280,5.639857,3.101639,3.101639,1.000000,0.723206,-1,-1,-1,-1,-1,0.067785
86730,398,0,18381,46.183417,0.000000,30.000000,-1,72.646483,72.646483,-1,14,0,1649,13,0,695,1990,0,160,5.970289,3.116394,3.116394,1.000000,0.744904,-1,-1,-1,-1,-1,0.067479
86740,382,0,17841,46.704188,0.000000,30.000000,-1,72.637016,72.637016,-1,12,0,1455,19,0,700,1569,0,152,5.682216,3.009196,3.009196,1.000000,0.737817,-1,-1,-1,-1,-1,0.064431
86750,400,0,18287,45.717500,0.000000,30.000000,-1,72.636463,72.636463,-1,14,0,1687,23,0,707,1955,0,181,5.591425,2.881611,2.881611,1.000000,0.735576,-1,-1,-1,-1,-1,0.063031
86760,414,0,18632,45.004831,0.000000,30.000000,-1,72.614964,72.614964,-1,13,0,2050,16,0,712,2406,0,161,6.013513,2.920695,2.920695,1.000000,0.736750,-1,-1,-1,-1,-1,0.064897
86770,406,0,18131,44.657635,0.000000,30.000000,-1,72.603717,72.603717,-1,26,0,1739,17,0,715,2159,0,339,5.574881,2.823313,2.823313,1.000000,0.710774,-1,-1,-1,-1,-1,0.063221
86780,408,0,18785,46.041667,0.000000,30.000000,-1,72.588342,72.588342,-1,17,0,1785,20,0,728,1969,0,217,5.643566,2.954707,2.954707,1.000000,0.734904,-1,-1,-1,-1,-1,0.064175
86790,403,0,18257,45.302730,0.000000,30.000000,-1,72.593909,72.593909,-1,21,0,1665,21,0,731,1768,0,218,5.733345,2.971370,2.971370,1.000000,0.713183,-1,-1,-1,-1,-1,0.065589
86800,416,0,19261,46.300481,0.000000,30.000000,-1,72.562899,72.562899,-1,12,0,1746,18,0,751,2057,0,166,5.852731,2.993823,2.993823,1.000000,0.739042,-1,-1,-1,-1,-1,0.064661
86810,404,0,18657,46.180693,0.000000,30.000000,-1,72.563971,72.563971,-1,12,0,1835,21,0,777,1903,0,156,5.574908,2.803334,2.803334,1.000000,0.733162,-1,-1,-1,-1,-1,0.060704
86820,399,0,18190,45.588972,0.000000,30.000000,-1,72.580704,72.580704,-1,15,0,1667,20,0,658,2271,0,193,5.653645,2.869687,2.869687,1.000000,0.724748,-1,-1,-1,-1,-1,0.062947
86830,402,0,18435,45.858209,0.000000,30.000000,-1,72.619908,72.619908,-1,13,0,1781,16,0,691,2063,0,178,5.845421,2.928862,2.928862,1.000000,0.734137,-1,-1,-1,-1,-1,0.063868
86840,407,0,18498,45.449631,0.000000,30.000000,-1,72.613472,72.613472,-1,16,0,1841,16,0,691,2124,0,198,5.931605,3.022999,3.022999,1.000000,0.728573,-1,-1,-1,-1,-1,0.066513
86850,398,0,17964,45.135678,0.000000,30.000000,-1,72.647016,72.647016,-1,25,0,1683,18,0,719,2156,0,320,5.720802,2.928276,2.928276,1.000000,0.708363,-1,-1,-1,-1,-1,0.064877
86860,404,0,18347,45.413366,0.000000,30.000000,-1,72.611435,72.611435,-1,26,0,1564,12,0,708,1833,0,330,5.730514,3.142895,3.142895,1.000000,0.717582,-1,-1,-1,-1,-1,0.069206
86870,401,0,18538,46.229426,0.000000,30.000000,-1,72.656058,72.656058,-1,14,0,1614,24,0,700,1941,0,156,5.561323,2.906674,2.906674,1.000000,0.736153,-1,-1,-1,-1,-1,0.062875
86880,422,0,19572,46.379147,0.000000,30.000000,-1,72.707337,72.707337,-1,12,0,1729,15,0,714,1686,0,144,5.549781,2.868353,2.868353,1.000000,0.736057,-1,-1,-1,-1,-1,0.061846
86890,411,0,18586,45.221411,0.000000,30.000000,-1,72.721403,72.721403,-1,21,0,1770,32,0,785,1924,0,289,5.657696,2.798335,2.798335,1.000000,0.713395,-1,-1,-1,-1,-1,0.061881
86900,403,0,18207,45.178660,0.000000,30.000000,-1,72.690888,72.690888,-1,22,0,1632,14,0,674,1633,0,268,5.737038,3.010451,3.010451,1.000000,0.726151,-1,-1,-1,-1,-1,0.066634
86910,418,0,18846,45.086124,0.000000,30.000000,-1,72.694365,72.694365,-1,23,0,1853,17,0,727,2023,0,292,5.665364,2.948671,2.948671,1.000000,0.719539,-1,-1,-1,-1,-1,0.065401
86920,415,0,19061,45.930120,0.000000,30.000000,-1,72.693615,72.693615,-1,18,0,1879,21,0,762,2215,0,243,5.594345,2.833768,2.833768,1.000000,0.726251,-1,-1,-1,-1,-1,0.061697
86930,409,0,18558,45.374083,0.000000,30.000000,-1,72.661925,72.661925,-1,22,0,1770,22,0,705,2701,0,265,5.523854,2.768380,2.768380,1.000000,0.714704,-1,-1,-1,-1,-1,0.061012
86940,420,0,18973,45.173810,0.000000,30.000000,-1,72.626944,72.626944,-1,25,0,1618,13,0,752,2094,0,319,5.628285,2.895978,2.895978,1.000000,0.710325,-1,-1,-1,-1,-1,0.064107
86950,408,0,18748,45.950980,0.000000,30.000000,-1,72.641455,72.641455,-1,18,0,1506,26,0,739,2044,0,226,5.670753,2.976890,2.976890,1.000000,0.727893,-1,-1,-1,-1,-1,0.064784
86960,390,0,17970,46.076923,0.000000,30.000000,-1,72.625320,72.625320,-1,13,0,1517,23,0,733,2104,0,167,5.859702,3.068747,3.068747,1.000000,0.736026,-1,-1,-1,-1,-1,0.066601
86970,412,0,18677,45.332524,0.000000,30.000000,-1,72.603791,72.603791,-1,23,0,1724,24,0,725,2413,0,294,5.291682,2.778879,2.778879,1.000000,0.720724,-1,-1,-1,-1,-1,0.061300
86980,415,0,18887,45.510843,0.000000,30.000000,-1,72.612273,72.612273,-1,18,0,1754,15,0,732,2154,0,249,5.571096,2.932518,2.932518,1.000000,0.730632,-1,-1,-1,-1,-1,0.064436
86990,417,0,18837,45.172662,0.000000,30.000000,-1,72.604024,72.604024,-1,25,0,1768,11,0,751,1670,0,317,5.652160,2.943021,2.943021,1.000000,0.715456,-1,-1,-1,-1,-1,0.065150
87000,407,0,18291,44.941032,0.000000,30.000000,-1,72.630091,72.630091,-1,22,0,1639,17,0,715,2251,0,272,5.760534,3.014709,3.014709,1.000000,0.718869,-1,-1,-1,-1,-1,0.067081
87010,408,0,18426,45.161765,0.000000,30.000000,-1,72.628351,72.628351,-1,23,0,1317,20,0,679,1711,0,282,5.719424,3.088816,3.088816,1.000000,0.720738,-1,-1,-1,-1,-1,0.068394
87020,407,0,18338,45.056511,0.000000,30.000000,-1,72.669102,72.669102,-1,20,0,1585,25,0,686,1793,0,273,5.871031,3.046562,3.046562,1.000000,0.721905,-1,-1,-1,-1,-1,0.067616
87030,415,0,18507,44.595181,0.000000,30.000000,-1,72.643000,72.643000,-1,28,0,1906,17,0,684,2047,0,368,5.747268,2.873213,2.873213,1.000000,0.702391,-1,-1,-1,-1,-1,0.064429
87040,412,0,18599,45.143204,0.000000,30.000000,-1,72.632507,72.632507,-1,26,0,1774,20,0,728,2063,0,321,5.750334,3.039079,3.039079,1.000000,0.715141,-1,-1,-1,-1,-1,0.067321
87050,423,0,19187,45.359338,0.000000,30.000000,-1,72.606504,72.606504,-1,22,0,1543,13,0,726,1896,0,248,5.597091,2.934937,2.934937,1.000000,0.725046,-1,-1,-1,-1,-1,0.064704
87060,424,0,19184,45.245283,0.000000,30.000000,-1,72.589137,72.589137,-1,24,0,1818,16,0,764,1825,0,287,5.501088,2.890590,2.890590,1.000000,0.716961,-1,-1,-1,-1,-1,0.063887
87070,416,0,19396,46.625000,0.000000,30.000000,-1,72.567385,72.567385,-1,18,0,1670,20,0,738,2008,0,243,5.626060,2.951321,2.951321,1.000000,0.721593,-1,-1,-1,-1,-1,0.063299
87080,423,0,19318,45.669031,0.000000,30.000000,-1,72.541826,72.541826,-1,13,0,1713,20,0,722,2043,0,170,5.528562,2.831508,2.831508,1.000000,0.736756,-1,-1,-1,-1,-1,0.062001
87090,410,0,18619,45.412195,0.000000,30.000000,-1,72.544605,72.544605,-1,20,0,1885,26,0,753,2375,0,263,5.645099,2.846074,2.846074,1.000000,0.720540,-1,-1,-1,-1,-1,0.062672
87100,408,0,18693,45.816176,0.000000,30.000000,-1,72.549992,72.549992,-1,17,0,1812,15,0,732,1571,0,192,5.753031,2.880840,2.880840,1.000000,0.722476,-1,-1,-1,-1,-1,0.062878
87110,396,0,17961,45.356061,0.000000,30.000000,-1,72.568343,72.568343,-1,22,0,1428,20,0,723,2101,0,255,5.605753,2.979745,2.979745,1.000000,0.722627,-1,-1,-1,-1,-1,0.065697
87120,399,0,18447,46.233083,0.000000,30.000000,-1,72.544804,72.544804,-1,14,0,1535,20,0,719,1697,0,164,5.531586,2.905340,2.905340,1.000000,0.735826,-1,-1,-1,-1,-1,0.062841
87130,390,0,18060,46.307692,0.000000,30.000000,-1,72.520155,72.520155,-1,14,0,1585,20,0,723,2126,0,174,6.022174,3.191501,3.191501,1.000000,0.740944,-1,-1,-1,-1,-1,0.068919
87140,383,0,17536,45.785901,0.000000,30.000000,-1,72.518647,72.518647,-1,19,0,1400,18,0,709,1919,0,209,5.925470,3.155905,3.155905,1.000000,0.728634,-1,-1,-1,-1,-1,0.068927
87150,384,0,17208,44.812500,0.000000,30.000000,-1,72.520862,72.520862,-1,22,0,1578,23,0,651,1636,0,277,5.913970,3.130797,3.130797,1.000000,0.723202,-1,-1,-1,-1,-1,0.069864
87160,404,0,18047,44.670792,0.000000,30.000000,-1,72.520253,72.520253,-1,25,0,1687,24,0,695,1904,0,305,5.630352,2.892711,2.892711,1.000000,0.701647,-1,-1,-1,-1,-1,0.064756
87170,387,0,17677,45.677003,0.000000,30.000000,-1,72.523222,72.523222,-1,19,0,1476,24,0,665,1897,0,232,5.671095,3.037346,3.037346,1.000000,0.720908,-1,-1,-1,-1,-1,0.066496
87180,413,0,19067,46.167070,0.000000,30.000000,-1,72.541092,72.541092,-1,16,0,1532,10,0,778,2142,0,187,5.726990,3.073886,3.073886,1.000000,0.734919,-1,-1,-1,-1,-1,0.066582
87190,423,0,19357,45.761229,0.000000,30.000000,-1,72.543059,72.543059,-1,20,0,1655,17,0,770,2466,0,236,5.656163,2.940820,2.940820,1.000000,0.722218,-1,-1,-1,-1,-1,0.064264
87200,416,0,18813,45.223558,0.000000,30.000000,-1,72.542869,72.542869,-1,24,0,1646,22,0,739,2227,0,299,5.241503,2.706643,2.706643,1.000000,0.712393,-1,-1,-1,-1,-1,0.059850
87210,393,0,17867,45.463104,0.000000,30.000000,-1,72.582415,72.582415,-1,20,0,1653,29,0,676,1621,0,237,5.778123,3.019648,3.019648,1.000000,0.723023,-1,-1,-1,-1,-1,0.066420
87220,392,0,17941,45.767857,0.000000,30.000000,-1,72.539936,72.539936,-1,19,0,1629,16,0,686,1611,0,227,6.196648,3.208843,3.208843,1.000000,0.725043,-1,-1,-1,-1,-1,0.070111
87230,412,0,18506,44.917476,0.000000,30.000000,-1,72.566303,72.566303,-1,24,0,1815,19,0,680,1887,0,302,5.571033,2.832881,2.832881,1.000000,0.718906,-1,-1,-1,-1,-1,0.063069
87240,393,0,17887,45.513995,0.000000,30.000000,-1,72.533963,72.533963,-1,14,0,1696,25,0,744,1741,0,184,5.840674,2.959156,2.959156,1.000000,0.728642,-1,-1,-1,-1,-1,0.065016
87250,376,0,17236,45.840426,0.000000,30.000000,-1,72.521641,72.521641,-1,17,0,1565,20,0,643,1954,0,213,5.643065,2.915066,2.915066,1.000000,0.720593,-1,-1,-1,-1,-1,0.063592
87260,399,0,17942,44.967419,0.000000,30.000000,-1,72.521681,72.521681,-1,26,0,1477,13,0,722,1946,0,329,5.885792,3.198586,3.198586,1.000000,0.715509,-1,-1,-1,-1,-1,0.071131
87270,362,0,16883,46.638122,0.000000,30.000000,-1,72.481016,72.481016,-1,16,0,1145,26,0,631,2020,0,221,5.700668,3.189558,3.189558,1.000000,0.739901,-1,-1,-1,-1,-1,0.068390
87280,406,0,18972,46.729064,0.000000,30.000000,-1,72.507643,72.507643,-1,10,0,1870,22,0,727,2002,0,115,5.594704,2.871693,2.871693,1.000000,0.741257,-1,-1,-1,-1,-1,0.061454
87290,401,0,18005,44.900249,0.000000,30.000000,-1,72.533130,72.533130,-1,19,0,1668,22,0,719,2114,0,257,6.071623,3.019815,3.019815,1.000000,0.721819,-1,-1,-1,-1,-1,0.067256
87300,422,0,18605,44.087678,0.000000,30.000000,-1,72.545929,72.545929,-1,31,0,1492,20,0,737,2154,0,407,5.444253,2.887952,2.887952,1.000000,0.701630,-1,-1,-1,-1,-1,0.065505
87310,408,0,18694,45.818627,0.000000,30.000000,-1,72.512838,72.512838,-1,16,0,1633,23,0,718,2181,0,218,5.648089,2.926939,2.926939,1.000000,0.734996,-1,-1,-1,-1,-1,0.063881
87320,406,0,18894,46.536946,0.000000,30.000000,-1,72.493808,72.493808,-1,13,0,1765,22,0,702,1993,0,156,5.647708,2.884781,2.884781,1.000000,0.735791,-1,-1,-1,-1,-1,0.061989
87330,427,0,19859,46.508197,0.000000,30.000000,-1,72.478675,72.478675,-1,13,0,1717,20,0,706,2553,0,151,5.641754,2.926385,2.926385,1.000000,0.740008,-1,-1,-1,-1,-1,0.062922
87340,436,0,19417,44.534404,0.000000,30.000000,-1,72.490704,72.490704,-1,28,0,1634,29,0,819,2144,0,369,5.595300,2.898693,2.898693,1.000000,0.711972,-1,-1,-1,-1,-1,0.065089
87350,417,0,19103,45.810552,0.000000,30.000000,-1,72.526462,72.526462,-1,13,0,1672,29,0,703,2325,0,156,5.393619,2.848987,2.848987,1.000000,0.739549,-1,-1,-1,-1,-1,0.062191
87360,418,0,18922,45.267943,0.000000,30.000000,-1,72.521192,72.521192,-1,19,0,2006,17,0,770,2000,0,212,5.682940,2.755200,2.755200,1.000000,0.713273,-1,-1,-1,-1,-1,0.060864
87370,390,0,17667,45.300000,0.000000,30.000000,-1,72.511462,72.511462,-1,22,0,1539,27,0,672,2113,0,255,5.838731,3.055774,3.055774,1.000000,0.725779,-1,-1,-1,-1,-1,0.067456
87380,388,0,17557,45.250000,0.000000,30.000000,-1,72.513926,72.513926,-1,20,0,1787,15,0,654,1906,0,251,5.924246,3.059922,3.059922,1.000000,0.727227,-1,-1,-1,-1,-1,0.067623
87390,409,0,18763,45.875306,0.000000,30.000000,-1,72.543357,72.543357,-1,19,0,1674,12,0,657,1662,0,243,5.868613,3.102630,3.102630,1.000000,0.733312,-1,-1,-1,-1,-1,0.067632
87400,407,0,18520,45.503686,0.000000,30.000000,-1,72.528186,72.528186,-1,19,0,1679,18,0,677,1901,0,247,5.714311,3.032559,3.032559,1.000000,0.739069,-1,-1,-1,-1,-1,0.066644
87410,392,0,17658,45.045918,0.000000,30.000000,-1,72.496829,72.496829,-1,19,0,1788,24,0,700,2033,0,242,5.691875,2.930453,2.930453,1.000000,0.726381,-1,-1,-1,-1,-1,0.065055
87420,399,0,18006,45.127820,0.000000,30.000000,-1,72.507164,72.507164,-1,18,0,1420,18,0,665,2071,0,220,5.691193,2.985618,2.985618,1.000000,0.739834,-1,-1,-1,-1,-1,0.066159
87430,418,0,19068,45.617225,0.000000,30.000000,-1,72.517044,72.517044,-1,18,0,1773,18,0,698,1887,0,246,5.578884,2.954343,2.954343,1.000000,0.733607,-1,-1,-1,-1,-1,0.064764
87440,426,0,19226,45.131455,0.000000,30.000000,-1,72.499688,72.499688,-1,16,0,1810,32,0,770,1982,0,195,5.255726,2.652911,2.652911,1.000000,0.722997,-1,-1,-1,-1,-1,0.058782
87450,412,0,18734,45.470874,0.000000,30.000000,-1,72.504484,72.504484,-1,21,0,1506,20,0,737,1969,0,249,5.599337,2.986655,2.986655,1.000000,0.723699,-1,-1,-1,-1,-1,0.065683
87460,428,0,19414,45.359813,0.000000,30.000000,-1,72.490831,72.490831,-1,20,0,1871,18,0,756,1850,0,250,5.588882,2.862108,2.862108,1.000000,0.729916,-1,-1,-1,-1,-1,0.063098
87470,409,0,18300,44.743276,0.000000,30.000000,-1,72.490874,72.490874,-1,26,0,1568,13,0,770,1819,0,331,5.727174,3.041426,3.041426,1.000000,0.716710,-1,-1,-1,-1,-1,0.067975
87480,387,0,17818,46.041344,0.000000,30.000000,-1,72.504097,72.504097,-1,15,0,1575,23,0,639,2272,0,181,6.158932,3.243307,3.243307,1.000000,0.733832,-1,-1,-1,-1,-1,0.070443
87490,360,0,16650,46.250000,0.000000,30.000000,-1,72.557237,72.557237,-1,14,0,1548,26,0,619,1616,0,174,6.009062,3.108266,3.108266,1.000000,0.732476,-1,-1,-1,-1,-1,0.067206
87500,393,0,17840,45.394402,0.000000,30.000000,-1,72.560538,72.560538,-1,22,0,1553,15,0,705,1535,0,315,5.975589,3.188957,3.188957,1.000000,0.724160,-1,-1,-1,-1,-1,0.070250
87510,373,0,17406,46.664879,0.000000,30.000000,-1,72.576813,72.576813,-1,11,0,1522,18,0,672,1826,0,141,6.062771,3.128471,3.128471,1.000000,0.743203,-1,-1,-1,-1,-1,0.067041
87520,416,0,18867,45.353365,0.000000,30.000000,-1,72.577622,72.577622,-1,20,0,1821,9,0,757,1946,0,255,5.715161,2.908752,2.908752,1.000000,0.719561,-1,-1,-1,-1,-1,0.064135
87530,406,0,18459,45.465517,0.000000,30.000000,-1,72.595319,72.595319,-1,23,0,1567,18,0,665,1908,0,282,5.826152,3.082832,3.082832,1.000000,0.719375,-1,-1,-1,-1,-1,0.067806
87540,396,0,17575,44.381313,0.000000,30.000000,-1,72.597269,72.597269,-1,24,0,1686,19,0,743,1911,0,293,5.653829,2.918681,2.918681,1.000000,0.721131,-1,-1,-1,-1,-1,0.065764
87550,405,0,18399,45.429630,0.000000,30.000000,-1,72.600196,72.600196,-1,20,0,1617,19,0,677,1845,0,237,5.414915,2.822141,2.822141,1.000000,0.724848,-1,-1,-1,-1,-1,0.062121
87560,414,0,19087,46.103865,0.000000,30.000000,-1,72.581233,72.581233,-1,18,0,1810,17,0,741,1858,0,203,5.756227,3.013499,3.013499,1.000000,0.732880,-1,-1,-1,-1,-1,0.065363
87570,412,0,18839,45.725728,0.000000,30.000000,-1,72.574340,72.574340,-1,17,0,1635,16,0,732,2252,0,190,5.516074,2.861526,2.861526,1.000000,0.729787,-1,-1,-1,-1,-1,0.062580
87580,408,0,18450,45.220588,0.000000,30.000000,-1,72.568401,72.568401,-1,26,0,1540,14,0,692,2144,0,331,5.778010,3.048788,3.048788,1.000000,0.708248,-1,-1,-1,-1,-1,0.067420
87590,412,0,18644,45.252427,0.000000,30.000000,-1,72.552242,72.552242,-1,22,0,1692,20,0,705,1988,0,284,5.490165,2.870792,2.870792,1.000000,0.724069,-1,-1,-1,-1,-1,0.063440
87600,397,0,18123,45.649874,0.000000,30.000000,-1,72.580257,72.580257,-1,18,0,1643,16,0,737,1959,0,248,5.655242,2.971722,2.971722,1.000000,0.727686,-1,-1,-1,-1,-1,0.065098
87610,404,0,18013,44.586634,0.000000,30.000000,-1,72.610837,72.610837,-1,29,0,1567,17,0,684,1482,0,351,5.672483,3.007385,3.007385,1.000000,0.712780,-1,-1,-1,-1,-1,0.067450
87620,390,0,17826,45.707692,0.000000,30.000000,-1,72.607203,72.607203,-1,18,0,1508,14,0,720,2020,0,243,5.753698,3.020906,3.020906,1.000000,0.723446,-1,-1,-1,-1,-1,0.066092
87630,396,0,18073,45.638889,0.000000,30.000000,-1,72.595087,72.595087,-1,14,0,1910,21,0,713,2017,0,181,5.776195,2.979276,2.979276,1.000000,0.734718,-1,-1,-1,-1,-1,0.065279
87640,400,0,18460,46.150000,0.000000,30.000000,-1,72.615493,72.615493,-1,18,0,1615,12,0,682,1976,0,232,5.603577,2.978744,2.978744,1.000000,0.727003,-1,-1,-1,-1,-1,0.064545
87650,416,0,19218,46.197115,0.000000,30.000000,-1,72.602716,72.602716,-1,16,0,1521,21,0,749,2182,0,204,5.313213,2.885505,2.885505,1.000000,0.740438,-1,-1,-1,-1,-1,0.062461
87660,410,0,18708,45.629268,0.000000,30.000000,-1,72.633579,72.633579,-1,11,0,1879,12,0,755,1963,0,137,5.686393,2.850425,2.850425,1.000000,0.743647,-1,-1,-1,-1,-1,0.062469
87670,433,0,19654,45.390300,0.000000,30.000000,-1,72.638089,72.638089,-1,20,0,1789,15,0,728,2234,0,252,5.401427,2.782890,2.782890,1.000000,0.726000,-1,-1,-1,-1,-1,0.061310
87680,413,0,19343,46.835351,0.000000,30.000000,-1,72.675283,72.675283,-1,9,0,1663,23,0,754,1871,0,119,5.581426,2.856427,2.856427,1.000000,0.740621,-1,-1,-1,-1,-1,0.060989
87690,411,0,18812,45.771290,0.000000,30.000000,-1,72.702690,72.702690,-1,14,0,1799,24,0,779,1994,0,181,5.473149,2.739689,2.739689,1.000000,0.729747,-1,-1,-1,-1,-1,0.059856
87700,415,0,18489,44.551807,0.000000,30.000000,-1,72.743631,72.743631,-1,22,0,1636,26,0,695,1722,0,278,5.322882,2.775799,2.775799,1.000000,0.719532,-1,-1,-1,-1,-1,0.062305
87710,397,0,17987,45.307305,0.000000,30.000000,-1,72.732974,72.732974,-1,22,0,1617,15,0,681,1956,0,266,5.717727,2.901081,2.901081,1.000000,0.721366,-1,-1,-1,-1,-1,0.064031
87720,420,0,19063,45.388095,0.000000,30.000000,-1,72.728007,72.728007,-1,24,0,1759,17,0,702,2000,0,246,5.769940,3.081307,3.081307,1.000000,0.720344,-1,-1,-1,-1,-1,0.067888
87730,408,0,18111,44.389706,0.000000,30.000000,-1,72.754845,72.754845,-1,28,0,1758,26,0,725,1491,0,361,5.307846,2.740590,2.740590,1.000000,0.706669,-1,-1,-1,-1,-1,0.061739
87740,388,0,18057,46.538660,0.000000,30.000000,-1,72.725370,72.725370,-1,16,0,1666,15,0,645,2062,0,218,5.861396,3.062635,3.062635,1.000000,0.726379,-1,-1,-1,-1,-1,0.065808
87750,394,0,18000,45.685279,0.000000,30.000000,-1,72.766500,72.766500,-1,19,0,1363,22,0,706,1912,0,215,5.537033,2.965082,2.965082,1.000000,0.730883,-1,-1,-1,-1,-1,0.064902
87760,406,0,18474,45.502463,0.000000,30.000000,-1,72.773736,72.773736,-1,21,0,1787,12,0,725,1612,0,262,5.538616,2.902271,2.902271,1.000000,0.721445,-1,-1,-1,-1,-1,0.063783
87770,392,0,17930,45.739796,0.000000,30.000000,-1,72.770050,72.770050,-1,17,0,1508,14,0,678,1572,0,211,5.901591,3.160301,3.160301,1.000000,0.738291,-1,-1,-1,-1,-1,0.069093
87780,419,0,19046,45.455847,0.000000,30.000000,-1,72.772131,72.772131,-1,21,0,1503,12,0,711,2096,0,251,5.569195,3.063149,3.063149,1.000000,0.739915,-1,-1,-1,-1,-1,0.067387
87790,423,0,19068,45.078014,0.000000,30.000000,-1,72.816237,72.816237,-1,22,0,1621,18,0,737,1731,0,285,5.707728,3.103147,3.103147,1.000000,0.736827,-1,-1,-1,-1,-1,0.068839
87800,406,0,18828,46.374384,0.000000,30.000000,-1,72.810761,72.810761,-1,13,0,1706,17,0,664,1774,0,160,5.793681,3.047628,3.047628,1.000000,0.750203,-1,-1,-1,-1,-1,0.065718
87810,410,0,18899,46.095122,0.000000,30.000000,-1,72.813376,72.813376,-1,17,0,1487,21,0,696,1985,0,189,5.503130,2.976196,2.976196,1.000000,0.742051,-1,-1,-1,-1,-1,0.064566
87820,386,0,17932,46.455959,0.000000,30.000000,-1,72.794557,72.794557,-1,16,0,1349,23,0,684,1815,0,221,5.955496,3.276801,3.276801,1.000000,0.743966,-1,-1,-1,-1,-1,0.070536
87830,390,0,17865,45.807692,0.000000,30.000000,-1,72.777218,72.777218,-1,17,0,1669,15,0,716,2091,0,195,6.128133,3.236824,3.236824,1.000000,0.734277,-1,-1,-1,-1,-1,0.070661
87840,409,0,18385,44.951100,0.000000,30.000000,-1,72.756758,72.756758,-1,26,0,1741,12,0,653,2423,0,325,5.517224,2.934400,2.934400,1.000000,0.720737,-1,-1,-1,-1,-1,0.065280
87850,395,0,17755,44.949367,0.000000,30.000000,-1,72.755787,72.755787,-1,18,0,1661,23,0,677,1605,0,199,5.703592,2.935227,2.935227,1.000000,0.729379,-1,-1,-1,-1,-1,0.065301
87860,370,0,16948,45.805405,0.000000,30.000000,-1,72.745103,72.745103,-1,15,0,1312,19,0,626,1553,0,185,5.734216,3.113789,3.113789,1.000000,0.735432,-1,-1,-1,-1,-1,0.067979
87870,363,0,16448,45.311295,0.000000,30.000000,-1,72.740820,72.740820,-1,19,0,1274,12,0,588,1673,0,208,6.066964,3.358197,3.358197,1.000000,0.742161,-1,-1,-1,-1,-1,0.074114
87880,398,0,18112,45.507538,0.000000,30.000000,-1,72.738902,72.738902,-1,23,0,1743,15,0,707,2030,0,274,5.959083,3.149197,3.149197,1.000000,0.724437,-1,-1,-1,-1,-1,0.069202
87890,394,0,17479,44.362944,0.000000,30.000000,-1,72.729561,72.729561,-1,23,0,1522,23,0,674,1987,0,311,5.807277,2.959462,2.959462,1.000000,0.722143,-1,-1,-1,-1,-1,0.066710
87900,395,0,18133,45.906329,0.000000,30.000000,-1,72.736337,72.736337,-1,22,0,1476,16,0,688,1816,0,291,5.788133,3.155327,3.155327,1.000000,0.728650,-1,-1,-1,-1,-1,0.068734
87910,406,0,18672,45.990148,0.000000,30.000000,-1,72.779724,72.779724,-1,16,0,1480,20,0,717,1867,0,193,5.759537,3.006473,3.006473,1.000000,0.730855,-1,-1,-1,-1,-1,0.065372
87920,405,0,18131,44.767901,0.000000,30.000000,-1,72.768794,72.768794,-1,23,0,1542,21,0,690,1966,0,312,5.797716,2.963719,2.963719,1.000000,0.713366,-1,-1,-1,-1,-1,0.066202
87930,390,0,18001,46.156410,0.000000,30.000000,-1,72.770124,72.770124,-1,17,0,1704,19,0,683,1829,0,217,5.878274,2.958479,2.958479,1.000000,0.727242,-1,-1,-1,-1,-1,0.064097
87940,380,0,17362,45.689474,0.000000,30.000000,-1,72.763449,72.763449,-1,16,0,1462,23,0,666,1896,0,167,5.700747,3.041358,3.041358,1.000000,0.738381,-1,-1,-1,-1,-1,0.066566
87950,408,0,18614,45.622549,0.000000,30.000000,-1,72.757494,72.757494,-1,19,0,1671,26,0,685,1835,0,241,5.710296,2.966700,2.966700,1.000000,0.731445,-1,-1,-1,-1,-1,0.065027
87960,419,0,19404,46.310263,0.000000,30.000000,-1,72.704133,72.704133,-1,13,0,1778,20,0,759,1579,0,170,5.391643,2.782354,2.782354,1.000000,0.745356,-1,-1,-1,-1,-1,0.060081
87970,416,0,19052,45.798077,0.000000,30.000000,-1,72.662503,72.662503,-1,23,0,1651,20,0,752,2112,0,302,5.405279,2.936869,2.936869,1.000000,0.719945,-1,-1,-1,-1,-1,0.064126
87980,394,0,18098,45.934010,0.000000,30.000000,-1,72.659299,72.659299,-1,12,0,1927,10,0,694,2018,0,144,6.033537,3.092520,3.092520,1.000000,0.739600,-1,-1,-1,-1,-1,0.067325
87990,378,0,16990,44.947090,0.000000,30.000000,-1,72.660153,72.660153,-1,24,0,1605,30,0,717,1689,0,268,6.091249,3.181742,3.181742,1.000000,0.712255,-1,-1,-1,-1,-1,0.070789
88000,414,0,18974,45.830918,0.000000,30.000000,-1,72.675293,72.675293,-1,18,0,1682,18,0,721,2209,0,210,5.683259,2.990845,2.990845,1.000000,0.729918,-1,-1,-1,-1,-1,0.065258
88010,392,0,18048,46.040816,0.000000,30.000000,-1,72.714539,72.714539,-1,14,0,1699,21,0,730,1944,0,159,5.452759,2.815099,2.815099,1.000000,0.732231,-1,-1,-1,-1,-1,0.061144
88020,401,0,18328,45.705736,0.000000,30.000000,-1,72.709024,72.709024,-1,11,0,1845,18,0,698,1858,0,137,5.734938,2.931966,2.931966,1.000000,0.751387,-1,-1,-1,-1,-1,0.064149
88030,421,0,18803,44.662708,0.000000,30.000000,-1,72.734617,72.734617,-1,25,0,1644,18,0,725,1919,0,289,5.490334,2.903457,2.903457,1.000000,0.720954,-1,-1,-1,-1,-1,0.065009
88040,425,0,19764,46.503529,0.000000,30.000000,-1,72.710383,72.710383,-1,17,0,1633,20,0,728,2111,0,226,5.448895,2.942067,2.942067,1.000000,0.744757,-1,-1,-1,-1,-1,0.063265
88050,393,0,18011,45.829517,0.000000,30.000000,-1,72.706402,72.706402,-1,13,0,1753,25,0,697,2160,0,168,5.691518,3.027493,3.027493,1.000000,0.745613,-1,-1,-1,-1,-1,0.066060
88060,385,0,18202,47.277922,0.000000,30.000000,-1,72.679870,72.679870,-1,11,0,1562,21,0,653,2063,0,151,5.950893,3.273164,3.273164,1.000000,0.749939,-1,-1,-1,-1,-1,0.069232
88070,397,0,18064,45.501259,0.000000,30.000000,-1,72.694475,72.694475,-1,15,0,1473,11,0,718,1777,0,211,5.704668,3.023532,3.023532,1.000000,0.740732,-1,-1,-1,-1,-1,0.066449
88080,415,0,18819,45.346988,0.000000,30.000000,-1,72.672778,72.672778,-1,21,0,1733,12,0,697,1866,0,292,5.455266,2.827063,2.827063,1.000000,0.723735,-1,-1,-1,-1,-1,0.062343
88090,412,0,18779,45.580097,0.000000,30.000000,-1,72.703179,72.703179,-1,15,0,1868,19,0,758,1706,0,160,5.611895,2.825807,2.825807,1.000000,0.735302,-1,-1,-1,-1,-1,0.061997
88100,410,0,19060,46.487805,0.000000,30.000000,-1,72.693022,72.693022,-1,15,0,1598,14,0,683,1970,0,201,5.659546,3.096145,3.096145,1.000000,0.743537,-1,-1,-1,-1,-1,0.066601
88110,407,0,18575,45.638821,0.000000,30.000000,-1,72.690336,72.690336,-1,21,0,1720,21,0,735,1653,0,276,5.833238,3.084472,3.084472,1.000000,0.728898,-1,-1,-1,-1,-1,0.067584
88120,397,0,18232,45.924433,0.000000,30.000000,-1,72.706121,72.706121,-1,14,0,1697,21,0,629,1813,0,197,5.781973,3.036027,3.036027,1.000000,0.743573,-1,-1,-1,-1,-1,0.066109
88130,387,0,17947,46.374677,0.000000,30.000000,-1,72.721848,72.721848,-1,18,0,1570,16,0,724,2065,0,200,5.842556,3.071311,3.071311,1.000000,0.731344,-1,-1,-1,-1,-1,0.066228
88140,403,0,18031,44.741935,0.000000,30.000000,-1,72.698741,72.698741,-1,23,0,1771,20,0,691,2151,0,281,5.610404,2.992338,2.992338,1.000000,0.732118,-1,-1,-1,-1,-1,0.066880
88150,409,0,18620,45.525672,0.000000,30.000000,-1,72.680397,72.680397,-1,22,0,1481,13,0,660,2342,0,263,5.552607,2.995419,2.995419,1.000000,0.734230,-1,-1,-1,-1,-1,0.065796
88160,397,0,18057,45.483627,0.000000,30.000000,-1,72.622695,72.622695,-1,20,0,1824,16,0,718,1948,0,241,5.849278,3.023938,3.023938,1.000000,0.727958,-1,-1,-1,-1,-1,0.066484
88170,398,0,17903,44.982412,0.000000,30.000000,-1,72.582249,72.582249,-1,26,0,1467,15,0,694,1962,0,351,5.556073,2.890445,2.890445,1.000000,0.714317,-1,-1,-1,-1,-1,0.064257
88180,414,0,18615,44.963768,0.000000,30.000000,-1,72.569326,72.569326,-1,19,0,1842,15,0,754,1567,0,264,5.763808,2.977949,2.977949,1.000000,0.737010,-1,-1,-1,-1,-1,0.066230
88190,392,0,17691,45.130102,0.000000,30.000000,-1,72.577073,72.577073,-1,25,0,1421,14,0,627,1857,0,295,5.948412,3.278628,3.278628,1.000000,0.730957,-1,-1,-1,-1,-1,0.072648
88200,405,0,18764,46.330864,0.000000,30.000000,-1,72.595715,72.595715,-1,16,0,1567,22,0,724,2060,0,186,5.598535,3.083770,3.083770,1.000000,0.743709,-1,-1,-1,-1,-1,0.066560
88210,419,0,19188,45.794749,0.000000,30.000000,-1,72.609496,72.609496,-1,17,0,1686,12,0,758,1763,0,207,5.773353,2.999973,2.999973,1.000000,0.741289,-1,-1,-1,-1,-1,0.065509
88220,411,0,18785,45.705596,0.000000,30.000000,-1,72.546074,72.546074,-1,18,0,1658,18,0,711,1672,0,253,5.282387,2.846683,2.846683,1.000000,0.737543,-1,-1,-1,-1,-1,0.062283
88230,402,0,18199,45.271144,0.000000,30.000000,-1,72.575416,72.575416,-1,23,0,1563,24,0,698,1734,0,300,5.470097,2.920687,2.920687,1.000000,0.727366,-1,-1,-1,-1,-1,0.064515
88240,390,0,17869,45.817949,0.000000,30.000000,-1,72.588617,72.588617,-1,23,0,1509,25,0,669,2011,0,279,5.791082,3.110627,3.110627,1.000000,0.733015,-1,-1,-1,-1,-1,0.067891
88250,419,0,18940,45.202864,0.000000,30.000000,-1,72.573918,72.573918,-1,24,0,1785,14,0,754,1512,0,315,5.508764,2.933105,2.933105,1.000000,0.736655,-1,-1,-1,-1,-1,0.064888
88260,404,0,18225,45.111386,0.000000,30.000000,-1,72.570261,72.570261,-1,21,0,1689,18,0,733,2074,0,272,5.787110,3.029957,3.029957,1.000000,0.732230,-1,-1,-1,-1,-1,0.067166
88270,418,0,19251,46.055024,0.000000,30.000000,-1,72.578619,72.578619,-1,17,0,1542,30,0,695,2120,0,217,5.499572,2.985504,2.985504,1.000000,0.744797,-1,-1,-1,-1,-1,0.064825
88280,401,0,18039,44.985037,0.000000,30.000000,-1,72.563668,72.563668,-1,21,0,1721,31,0,737,1769,0,245,5.454562,2.911784,2.911784,1.000000,0.739379,-1,-1,-1,-1,-1,0.064728
88290,404,0,18582,45.995050,0.000000,30.000000,-1,72.616188,72.616188,-1,14,0,1750,21,0,700,1609,0,183,5.677759,2.995390,2.995390,1.000000,0.741220,-1,-1,-1,-1,-1,0.065124
88300,410,0,18640,45.463415,0.000000,30.000000,-1,72.641094,72.641094,-1,22,0,1551,17,0,748,2016,0,295,5.704272,3.107575,3.107575,1.000000,0.743335,-1,-1,-1,-1,-1,0.068353
88310,433,0,19468,44.960739,0.000000,30.000000,-1,72.647576,72.647576,-1,19,0,1869,23,0,786,2396,0,240,5.428065,2.812669,2.812669,1.000000,0.737222,-1,-1,-1,-1,-1,0.062558
88320,422,0,19164,45.412322,0.000000,30.000000,-1,72.614381,72.614381,-1,16,0,1670,15,0,773,2016,0,199,5.535115,2.878787,2.878787,1.000000,0.741613,-1,-1,-1,-1,-1,0.063392
88330,404,0,18874,46.717822,0.000000,30.000000,-1,72.582653,72.582653,-1,13,0,1555,25,0,734,2067,0,161,5.494400,3.019273,3.019273,1.000000,0.751387,-1,-1,-1,-1,-1,0.064628
88340,409,0,19005,46.466993,0.000000,30.000000,-1,72.563589,72.563589,-1,14,0,1629,14,0,759,2067,0,185,5.771106,3.105830,3.105830,1.000000,0.744343,-1,-1,-1,-1,-1,0.066839
88350,431,0,19410,45.034803,0.000000,30.000000,-1,72.537867,72.537867,-1,19,0,1642,16,0,719,1932,0,244,5.455614,2.867334,2.867334,1.000000,0.739484,-1,-1,-1,-1,-1,0.063669
88360,431,0,19260,44.686775,0.000000,30.000000,-1,72.523884,72.523884,-1,22,0,1842,22,0,742,1833,0,290,5.338818,2.745924,2.745924,1.000000,0.727067,-1,-1,-1,-1,-1,0.061448
88370,409,0,18721,45.772616,0.000000,30.000000,-1,72.522782,72.522782,-1,19,0,1764,16,0,764,1543,0,243,5.749045,3.054657,3.054657,1.000000,0.745558,-1,-1,-1,-1,-1,0.066735
88380,409,0,18528,45.300733,0.000000,30.000000,-1,72.591915,72.591915,-1,22,0,1644,22,0,699,1929,0,288,5.621121,2.975456,2.975456,1.000000,0.734921,-1,-1,-1,-1,-1,0.065682
88390,404,0,18324,45.356436,0.000000,30.000000,-1,72.585025,72.585025,-1,16,0,1825,19,0,728,2146,0,208,5.807487,3.002744,3.002744,1.000000,0.739442,-1,-1,-1,-1,-1,0.066203
88400,393,0,17896,45.536896,0.000000,30.000000,-1,72.583706,72.583706,-1,14,0,1980,25,0,706,1814,0,173,5.760649,2.927707,2.927707,1.000000,0.738270,-1,-1,-1,-1,-1,0.064293
88410,424,0,18855,44.469340,0.000000,30.000000,-1,72.535773,72.535773,-1,27,0,1581,13,0,766,1798,0,325,5.638209,2.975785,2.975785,1.000000,0.720993,-1,-1,-1,-1,-1,0.066918
88420,436,0,19921,45.690367,0.000000,30.000000,-1,72.537222,72.537222,-1,18,0,1771,14,0,754,1947,0,226,5.431787,2.849996,2.849996,1.000000,0.733925,-1,-1,-1,-1,-1,0.062376
88430,402,0,18640,46.368159,0.000000,30.000000,-1,72.508798,72.508798,-1,14,0,1630,27,0,757,1691,0,187,5.518034,2.839168,2.839168,1.000000,0.740237,-1,-1,-1,-1,-1,0.061231
88440,409,0,18289,44.716381,0.000000,30.000000,-1,72.507901,72.507901,-1,25,0,1873,22,0,676,2137,0,318,5.493243,2.909132,2.909132,1.000000,0.723114,-1,-1,-1,-1,-1,0.065057
88450,404,0,18202,45.054455,0.000000,30.000000,-1,72.479728,72.479728,-1,25,0,1772,19,0,718,2023,0,335,5.722470,3.009025,3.009025,1.000000,0.716508,-1,-1,-1,-1,-1,0.066786
88460,407,0,18863,46.346437,0.000000,30.000000,-1,72.471929,72.471929,-1,15,0,1726,16,0,694,1963,0,182,5.676316,3.039959,3.039959,1.000000,0.740674,-1,-1,-1,-1,-1,0.065592
88470,400,0,18359,45.897500,0.000000,30.000000,-1,72.438804,72.438804,-1,23,0,1402,18,0,705,1971,0,298,5.544413,3.168087,3.168087,1.000000,0.735862,-1,-1,-1,-1,-1,0.069025
88480,397,0,18272,46.025189,0.000000,30.000000,-1,72.412708,72.412708,-1,13,0,1658,17,0,665,2130,0,180,5.841205,3.144042,3.144042,1.000000,0.757589,-1,-1,-1,-1,-1,0.068311
88490,395,0,18083,45.779747,0.000000,30.000000,-1,72.409445,72.409445,-1,18,0,1650,16,0,662,1830,0,251,5.844432,3.166538,3.166538,1.000000,0.745950,-1,-1,-1,-1,-1,0.069169
88500,400,0,18071,45.177500,0.000000,30.000000,-1,72.430413,72.430413,-1,22,0,1602,17,0,707,2010,0,285,5.808775,3.142415,3.142415,1.000000,0.732676,-1,-1,-1,-1,-1,0.069557
88510,387,0,17871,46.178295,0.000000,30.000000,-1,72.419283,72.419283,-1,18,0,1462,19,0,645,1836,0,252,5.596512,3.016383,3.016383,1.000000,0.737174,-1,-1,-1,-1,-1,0.065320
88520,401,0,18345,45.748130,0.000000,30.000000,-1,72.408286,72.408286,-1,21,0,1577,18,0,745,1646,0,272,5.945943,3.233252,3.233252,1.000000,0.739942,-1,-1,-1,-1,-1,0.070675
88530,398,0,18559,46.630653,0.000000,30.000000,-1,72.349642,72.349642,-1,11,0,1759,20,0,718,1818,0,149,5.699459,3.094511,3.094511,1.000000,0.759703,-1,-1,-1,-1,-1,0.066362
88540,415,0,18958,45.681928,0.000000,30.000000,-1,72.378521,72.378521,-1,22,0,1644,16,0,742,2276,0,269,5.695779,3.117876,3.117876,1.000000,0.737780,-1,-1,-1,-1,-1,0.068252
88550,409,0,18295,44.731051,0.000000,30.000000,-1,72.382673,72.382673,-1,26,0,1705,17,0,733,1972,0,340,5.794242,3.040918,3.040918,1.000000,0.720424,-1,-1,-1,-1,-1,0.067982
88560,420,0,18935,45.083333,0.000000,30.000000,-1,72.322102,72.322102,-1,21,0,1687,21,0,720,1966,0,270,5.720561,3.071805,3.071805,1.000000,0.745720,-1,-1,-1,-1,-1,0.068136
88570,406,0,18194,44.812808,0.000000,30.000000,-1,72.298285,72.298285,-1,20,0,1664,18,0,705,2004,0,241,5.527326,2.890572,2.890572,1.000000,0.735140,-1,-1,-1,-1,-1,0.064503
88580,397,0,18265,46.007557,0.000000,30.000000,-1,72.315521,72.315521,-1,18,0,1454,22,0,705,1935,0,230,5.639672,3.009783,3.009783,1.000000,0.737126,-1,-1,-1,-1,-1,0.065419
88590,397,0,18090,45.566751,0.000000,30.000000,-1,72.257711,72.257711,-1,19,0,1619,17,0,669,2061,0,233,5.627388,3.031002,3.031002,1.000000,0.744203,-1,-1,-1,-1,-1,0.066518
88600,403,0,18095,44.900744,0.000000,30.000000,-1,72.266317,72.266317,-1,22,0,1679,22,0,671,2171,0,265,5.808403,2.976189,2.976189,1.000000,0.729191,-1,-1,-1,-1,-1,0.066284
88610,402,0,18292,45.502488,0.000000,30.000000,-1,72.236442,72.236442,-1,16,0,1643,24,0,654,1862,0,217,5.422903,2.882238,2.882238,1.000000,0.753493,-1,-1,-1,-1,-1,0.063342
88620,389,0,17867,45.930591,0.000000,30.000000,-1,72.232384,72.232384,-1,14,0,1324,20,0,682,1760,0,169,5.377094,2.887464,2.887464,1.000000,0.740501,-1,-1,-1,-1,-1,0.062866
88630,407,0,18899,46.434889,0.000000,30.000000,-1,72.199852,72.199852,-1,15,0,1558,17,0,715,1984,0,180,5.738691,3.132979,3.132979,1.000000,0.749752,-1,-1,-1,-1,-1,0.067470
88640,427,0,19364,45.348946,0.000000,30.000000,-1,72.213592,72.213592,-1,24,0,1808,15,0,698,1977,0,316,5.649703,2.984176,2.984176,1.000000,0.727833,-1,-1,-1,-1,-1,0.065805
88650,403,0,18463,45.813896,0.000000,30.000000,-1,72.179819,72.179819,-1,16,0,1729,21,0,740,1946,0,203,5.687239,2.980255,2.980255,1.000000,0.741743,-1,-1,-1,-1,-1,0.065051
88660,419,0,18916,45.145585,0.000000,30.000000,-1,72.183443,72.183443,-1,23,0,1827,18,0,798,1945,0,296,5.291959,2.820554,2.820554,1.000000,0.741255,-1,-1,-1,-1,-1,0.062477
88670,405,0,18318,45.229630,0.000000,30.000000,-1,72.121356,72.121356,-1,20,0,1523,21,0,743,1972,0,238,5.519164,2.924458,2.924458,1.000000,0.736384,-1,-1,-1,-1,-1,0.064658
88680,393,0,18039,45.900763,0.000000,30.000000,-1,72.110705,72.110705,-1,15,0,1629,26,0,654,1863,0,186,5.897100,3.188565,3.188565,1.000000,0.746342,-1,-1,-1,-1,-1,0.069466
88690,383,0,17491,45.668407,0.000000,30.000000,-1,72.114059,72.114059,-1,16,0,1453,16,0,701,1788,0,185,5.765218,3.124500,3.124500,1.000000,0.744955,-1,-1,-1,-1,-1,0.068417
88700,408,0,18590,45.563725,0.000000,30.000000,-1,72.083163,72.083163,-1,17,0,1906,17,0,686,2004,0,219,5.626662,2.987950,2.987950,1.000000,0.743375,-1,-1,-1,-1,-1,0.065577
88710,408,0,18885,46.286765,0.000000,30.000000,-1,72.113053,72.113053,-1,16,0,1632,24,0,706,2039,0,208,5.713240,3.049598,3.049598,1.000000,0.743226,-1,-1,-1,-1,-1,0.065885
88720,407,0,18675,45.884521,0.000000,30.000000,-1,72.120321,72.120321,-1,17,0,1731,23,0,766,1630,0,206,5.824195,3.071811,3.071811,1.000000,0.744141,-1,-1,-1,-1,-1,0.066947
88730,407,0,18384,45.169533,0.000000,30.000000,-1,72.076860,72.076860,-1,21,0,1769,16,0,679,1904,0,267,5.875945,3.018404,3.018404,1.000000,0.729141,-1,-1,-1,-1,-1,0.066824
88740,393,0,17961,45.702290,0.000000,30.000000,-1,72.054952,72.054952,-1,16,0,1550,23,0,708,2216,0,205,5.823850,3.091332,3.091332,1.000000,0.741204,-1,-1,-1,-1,-1,0.067641
88750,406,0,18262,44.980296,0.000000,30.000000,-1,72.039919,72.039919,-1,26,0,1572,17,0,701,1745,0,351,5.743369,3.161393,3.161393,1.000000,0.724487,-1,-1,-1,-1,-1,0.070284
88760,404,0,18380,45.495050,0.000000,30.000000,-1,71.990098,71.990098,-1,18,0,1672,20,0,666,1787,0,230,5.581117,3.011292,3.011292,1.000000,0.734182,-1,-1,-1,-1,-1,0.066189
88770,402,0,18292,45.502488,0.000000,30.000000,-1,71.940903,71.940903,-1,19,0,1656,20,0,699,1706,0,221,5.520670,2.915186,2.915186,1.000000,0.738771,-1,-1,-1,-1,-1,0.064067
88780,409,0,18946,46.322738,0.000000,30.000000,-1,71.923414,71.923414,-1,18,0,1688,17,0,673,2146,0,222,5.783185,3.095846,3.095846,1.000000,0.735039,-1,-1,-1,-1,-1,0.066832
88790,423,0,19315,45.661939,0.000000,30.000000,-1,71.909242,71.909242,-1,20,0,1822,19,0,762,1827,0,268,5.569918,2.937230,2.937230,1.000000,0.734752,-1,-1,-1,-1,-1,0.064326
88800,433,0,19069,44.039261,0.000000,30.000000,-1,71.902407,71.902407,-1,35,0,1803,22,0,751,1795,0,436,5.213684,2.748265,2.748265,1.000000,0.710876,-1,-1,-1,-1,-1,0.062405
88810,399,0,18635,46.704261,0.000000,30.000000,-1,71.878347,71.878347,-1,11,0,1697,18,0,683,2086,0,135,5.316311,2.788416,2.788416,1.000000,0.745767,-1,-1,-1,-1,-1,0.059704
88820,401,0,18552,46.264339,0.000000,30.000000,-1,71.878881,71.878881,-1,13,0,1710,19,0,678,1886,0,168,5.676068,3.034418,3.034418,1.000000,0.747558,-1,-1,-1,-1,-1,0.065589
88830,410,0,18927,46.163415,0.000000,30.000000,-1,71.921858,71.921858,-1,17,0,1540,15,0,744,1960,0,232,5.351385,2.947279,2.947279,1.000000,0.753246,-1,-1,-1,-1,-1,0.063844
88840,381,0,17403,45.677165,0.000000,30.000000,-1,71.937137,71.937137,-1,16,0,1608,20,0,646,2056,0,201,5.783931,3.139079,3.139079,1.000000,0.748435,-1,-1,-1,-1,-1,0.068723
88850,415,0,18619,44.865060,0.000000,30.000000,-1,71.902412,71.902412,-1,28,0,1520,18,0,675,2032,0,330,5.589455,3.030625,3.030625,1.000000,0.727999,-1,-1,-1,-1,-1,0.067550
88860,413,0,18560,44.939467,0.000000,30.000000,-1,71.854526,71.854526,-1,23,0,1649,16,0,756,1885,0,288,5.509489,2.935224,2.935224,1.000000,0.744792,-1,-1,-1,-1,-1,0.065315
88870,408,0,18137,44.453431,0.000000,30.000000,-1,71.846281,71.846281,-1,23,0,1754,18,0,656,2065,0,275,5.750638,2.969133,2.969133,1.000000,0.729368,-1,-1,-1,-1,-1,0.066792
88880,396,0,18253,46.093434,0.000000,30.000000,-1,71.825892,71.825892,-1,15,0,1684,17,0,680,1776,0,189,5.584953,3.082195,3.082195,1.000000,0.753284,-1,-1,-1,-1,-1,0.066868
88890,402,0,18434,45.855721,0.000000,30.000000,-1,71.797982,71.797982,-1,20,0,1641,17,0,692,1711,0,280,5.709660,3.129123,3.129123,1.000000,0.747672,-1,-1,-1,-1,-1,0.068238
88900,407,0,18771,46.120393,0.000000,30.000000,-1,71.812850,71.812850,-1,17,0,1644,12,0,727,2367,0,223,5.593192,3.096524,3.096524,1.000000,0.753345,-1,-1,-1,-1,-1,0.067140
88910,409,0,18723,45.777506,0.000000,30.000000,-1,71.797896,71.797896,-1,19,0,1714,19,0,759,1969,0,254,5.520330,2.942239,2.942239,1.000000,0.741461,-1,-1,-1,-1,-1,0.064273
88920,407,0,18503,45.461916,0.000000,30.000000,-1,71.762039,71.762039,-1,20,0,1658,22,0,687,2091,0,263,5.435169,2.950347,2.950347,1.000000,0.740194,-1,-1,-1,-1,-1,0.064897
88930,386,0,17658,45.746114,0.000000,30.000000,-1,71.769226,71.769226,-1,18,0,1610,21,0,695,1896,0,243,5.719799,2.989141,2.989141,1.000000,0.745024,-1,-1,-1,-1,-1,0.065342
88940,377,0,17318,45.936340,0.000000,30.000000,-1,71.737152,71.737152,-1,16,0,1456,13,0,687,1643,0,205,5.953227,3.264279,3.264279,1.000000,0.751693,-1,-1,-1,-1,-1,0.071061
88950,382,0,17151,44.897906,0.000000,30.000000,-1,71.717684,71.717684,-1,23,0,1522,13,0,695,1794,0,271,5.880760,3.244022,3.244022,1.000000,0.745030,-1,-1,-1,-1,-1,0.072253
88960,403,0,18588,46.124069,0.000000,30.000000,-1,71.711911,71.711911,-1,14,0,1769,17,0,776,1718,0,175,5.663157,3.084510,3.084510,1.000000,0.761412,-1,-1,-1,-1,-1,0.066874
88970,423,0,19018,44.959811,0.000000,30.000000,-1,71.681197,71.681197,-1,25,0,1678,20,0,722,1885,0,298,5.343326,2.952651,2.952651,1.000000,0.743359,-1,-1,-1,-1,-1,0.065673
88980,406,0,18767,46.224138,0.000000,30.000000,-1,71.635424,71.635424,-1,17,0,1671,18,0,696,1922,0,222,5.788327,3.166282,3.166282,1.000000,0.749278,-1,-1,-1,-1,-1,0.068498
88990,408,0,18448,45.215686,0.000000,30.000000,-1,71.575835,71.575835,-1,19,0,1640,19,0,707,2310,0,226,5.299547,2.860272,2.860272,1.000000,0.749990,-1,-1,-1,-1,-1,0.063258
89000,385,0,17907,46.511688,0.000000,30.000000,-1,71.550734,71.550734,-1,16,0,1469,19,0,706,2126,0,186,5.663304,3.237005,3.237005,1.000000,0.750312,-1,-1,-1,-1,-1,0.069596
89010,395,0,17965,45.481013,0.000000,30.000000,-1,71.519788,71.519788,-1,18,0,1616,23,0,734,1901,0,219,5.682958,3.047844,3.047844,1.000000,0.746451,-1,-1,-1,-1,-1,0.067014
89020,397,0,17980,45.289673,0.000000,30.000000,-1,71.498387,71.498387,-1,15,0,1798,29,0,696,1742,0,186,5.714011,3.002134,3.002134,1.000000,0.752515,-1,-1,-1,-1,-1,0.066287
89030,405,0,18475,45.617284,0.000000,30.000000,-1,71.500893,71.500893,-1,14,0,1769,17,0,691,1994,0,166,5.379566,2.795742,2.795742,1.000000,0.750740,-1,-1,-1,-1,-1,0.061287
89040,413,0,18562,44.944310,0.000000,30.000000,-1,71.460618,71.460618,-1,19,0,1746,15,0,713,1640,0,242,5.570771,2.978769,2.978769,1.000000,0.750991,-1,-1,-1,-1,-1,0.066277
89050,398,0,18300,45.979899,0.000000,30.000000,-1,71.446667,71.446667,-1,13,0,1740,32,0,708,1761,0,157,5.742502,3.067381,3.067381,1.000000,0.750212,-1,-1,-1,-1,-1,0.066711
89060,406,0,18916,46.591133,0.000000,30.000000,-1,71.474096,71.474096,-1,15,0,1692,16,0,720,1913,0,210,5.584951,3.065882,3.065882,1.000000,0.753644,-1,-1,-1,-1,-1,0.065804
89070,407,0,18647,45.815725,0.000000,30.000000,-1,71.466992,71.466992,-1,21,0,1870,17,0,729,2114,0,264,5.620596,3.007577,3.007577,1.000000,0.740182,-1,-1,-1,-1,-1,0.065645
89080,394,0,17899,45.428934,0.000000,30.000000,-1,71.422370,71.422370,-1,22,0,1570,22,0,681,1786,0,259,5.624342,3.074595,3.074595,1.000000,0.746052,-1,-1,-1,-1,-1,0.067679
89090,406,0,18120,44.630542,0.000000,30.000000,-1,71.450828,71.450828,-1,21,0,1734,29,0,704,1923,0,255,5.374498,2.763140,2.763140,1.000000,0.736881,-1,-1,-1,-1,-1,0.061911
89100,420,0,19042,45.338095,0.000000,30.000000,-1,71.454364,71.454364,-1,23,0,1848,19,0,679,2265,0,274,5.387794,2.855063,2.855063,1.000000,0.734973,-1,-1,-1,-1,-1,0.062973
89110,408,0,18590,45.563725,0.000000,30.000000,-1,71.446907,71.446907,-1,21,0,1739,21,0,728,1935,0,254,5.760041,3.128381,3.128381,1.000000,0.738756,-1,-1,-1,-1,-1,0.068659
89120,392,0,17892,45.642857,0.000000,30.000000,-1,71.441147,71.441147,-1,17,0,1644,28,0,648,1854,0,213,5.647202,2.994683,2.994683,1.000000,0.738870,-1,-1,-1,-1,-1,0.065611
89130,401,0,18330,45.710723,0.000000,30.000000,-1,71.445336,71.445336,-1,16,0,1660,18,0,660,2225,0,168,5.786529,3.101252,3.101252,1.000000,0.753658,-1,-1,-1,-1,-1,0.067845
89140,411,0,18656,45.391727,0.000000,30.000000,-1,71.395530,71.395530,-1,16,0,1806,22,0,701,1646,0,204,5.502601,2.894109,2.894109,1.000000,0.748603,-1,-1,-1,-1,-1,0.063759
89150,398,0,18552,46.613065,0.000000,30.000000,-1,71.378719,71.378719,-1,13,0,1589,21,0,741,2022,0,184,5.810722,3.192269,3.192269,1.000000,0.758432,-1,-1,-1,-1,-1,0.068484
89160,423,0,19232,45.465721,0.000000,30.000000,-1,71.371048,71.371048,-1,23,0,1550,21,0,704,2075,0,282,5.354454,2.954188,2.954188,1.000000,0.744274,-1,-1,-1,-1,-1,0.064976
89170,404,0,18352,45.425743,0.000000,30.000000,-1,71.373801,71.373801,-1,23,0,1455,24,0,710,2010,0,294,5.733870,3.157455,3.157455,1.000000,0.739825,-1,-1,-1,-1,-1,0.069508
89180,425,0,19806,46.602353,0.000000,30.000000,-1,71.374129,71.374129,-1,13,0,1867,17,0,771,2043,0,167,5.599872,2.988027,2.988027,1.000000,0.758769,-1,-1,-1,-1,-1,0.064118
89190,399,0,18000,45.112782,0.000000,30.000000,-1,71.378167,71.378167,-1,19,0,1905,29,0,706,1725,0,243,5.621509,2.923425,2.923425,1.000000,0.733902,-1,-1,-1,-1,-1,0.064803
89200,391,0,18042,46.143223,0.000000,30.000000,-1,71.369748,71.369748,-1,20,0,1430,20,0,619,1923,0,255,5.503568,3.102753,3.102753,1.000000,0.742486,-1,-1,-1,-1,-1,0.067242
89210,394,0,18060,45.837563,0.000000,30.000000,-1,71.375415,71.375415,-1,14,0,1855,18,0,719,1519,0,161,5.969543,3.088108,3.088108,1.000000,0.744671,-1,-1,-1,-1,-1,0.067371
89220,397,0,18052,45.471033,0.000000,30.000000,-1,71.387436,71.387436,-1,15,0,1710,19,0,677,1786,0,188,5.781311,3.010581,3.010581,1.000000,0.755569,-1,-1,-1,-1,-1,0.066209
89230,377,0,17087,45.323607,0.000000,30.000000,-1,71.377656,71.377656,-1,22,0,1479,18,0,678,1883,0,286,5.867498,3.252750,3.252750,1.000000,0.733994,-1,-1,-1,-1,-1,0.071767
89240,395,0,17721,44.863291,0.000000,30.000000,-1,71.346877,71.346877,-1,22,0,1462,21,0,670,1479,0,304,5.445913,2.962405,2.962405,1.000000,0.735128,-1,-1,-1,-1,-1,0.066032
89250,388,0,17404,44.855670,0.000000,30.000000,-1,71.307630,71.307630,-1,21,0,1545,23,0,665,1778,0,242,5.896829,3.133424,3.133424,1.000000,0.732752,-1,-1,-1,-1,-1,0.069856
89260,392,0,18039,46.017857,0.000000,30.000000,-1,71.266256,71.266256,-1,15,0,1757,20,0,667,2127,0,178,5.537565,2.888577,2.888577,1.000000,0.744339,-1,-1,-1,-1,-1,0.062771
89270,387,0,17558,45.369509,0.000000,30.000000,-1,71.233626,71.233626,-1,21,0,1546,24,0,680,1803,0,231,5.720843,3.218988,3.218988,1.000000,0.745654,-1,-1,-1,-1,-1,0.070950
89280,418,0,19010,45.478469,0.000000,30.000000,-1,71.239348,71.239348,-1,21,0,1823,21,0,776,1994,0,248,5.421589,2.897846,2.897846,1.000000,0.742823,-1,-1,-1,-1,-1,0.063719
89290,417,0,18714,44.877698,0.000000,30.000000,-1,71.233943,71.233943,-1,26,0,1576,22,0,713,1872,0,337,5.664720,3.101867,3.101867,1.000000,0.734412,-1,-1,-1,-1,-1,0.069118
89300,417,0,18681,44.798561,0.000000,30.000000,-1,71.180290,71.180290,-1,26,0,1728,20,0,700,2077,0,320,5.677736,3.038149,3.038149,1.000000,0.729511,-1,-1,-1,-1,-1,0.067818
89310,432,0,19171,44.377315,0.000000,30.000000,-1,71.171561,71.171561,-1,31,0,1742,16,0,788,1705,0,404,5.252742,2.905712,2.905712,1.000000,0.731681,-1,-1,-1,-1,-1,0.065477
89320,393,0,17746,45.155216,0.000000,30.000000,-1,71.135636,71.135636,-1,19,0,1542,19,0,707,2057,0,242,5.783699,3.127121,3.127121,1.000000,0.746689,-1,-1,-1,-1,-1,0.069253
89330,398,0,17973,45.158291,0.000000,30.000000,-1,71.097535,71.097535,-1,24,0,1660,18,0,643,1477,0,324,5.465176,2.998332,2.998332,1.000000,0.740070,-1,-1,-1,-1,-1,0.066396
89340,410,0,18541,45.221951,0.000000,30.000000,-1,71.105820,71.105820,-1,22,0,1627,21,0,706,2060,0,309,5.392153,2.984967,2.984967,1.000000,0.746766,-1,-1,-1,-1,-1,0.066007
89350,408,0,18501,45.345588,0.000000,30.000000,-1,71.110805,71.110805,-1,23,0,1711,19,0,712,1634,0,304,5.709721,3.086089,3.086089,1.000000,0.733341,-1,-1,-1,-1,-1,0.068057
89360,378,0,17140,45.343915,0.000000,30.000000,-1,71.137573,71.137573,-1,17,0,1561,22,0,639,2008,0,223,5.886141,3.224592,3.224592,1.000000,0.753174,-1,-1,-1,-1,-1,0.071114
89370,393,0,17842,45.399491,0.000000,30.000000,-1,71.076505,71.076505,-1,22,0,1567,18,0,727,2133,0,270,5.623976,3.166403,3.166403,1.000000,0.755795,-1,-1,-1,-1,-1,0.069745
89380,393,0,17839,45.391858,0.000000,30.000000,-1,71.031560,71.031560,-1,15,0,1516,24,0,743,1877,0,174,5.598859,3.024733,3.024733,1.000000,0.752954,-1,-1,-1,-1,-1,0.066636
89390,396,0,17841,45.053030,0.000000,30.000000,-1,71.014349,71.014349,-1,16,0,1530,21,0,640,2051,0,220,5.774367,3.098769,3.098769,1.000000,0.752973,-1,-1,-1,-1,-1,0.068780
89400,398,0,18128,45.547739,0.000000,30.000000,-1,70.980693,70.980693,-1,21,0,1363,15,0,676,2037,0,262,5.432567,3.037402,3.037402,1.000000,0.744893,-1,-1,-1,-1,-1,0.066686
89410,390,0,17776,45.579487,0.000000,30.000000,-1,70.980311,70.980311,-1,20,0,1634,19,0,700,1883,0,245,5.654184,3.102837,3.102837,1.000000,0.747264,-1,-1,-1,-1,-1,0.068075
89420,394,0,17873,45.362944,0.000000,30.000000,-1,70.996028,70.996028,-1,18,0,1612,24,0,689,1740,0,211,5.656026,3.075845,3.075845,1.000000,0.754089,-1,-1,-1,-1,-1,0.067805
89430,389,0,17789,45.730077,0.000000,30.000000,-1,71.013435,71.013435,-1,20,0,1398,18,0,661,1772,0,240,5.659455,3.161943,3.161943,1.000000,0.748379,-1,-1,-1,-1,-1,0.069144
89440,431,0,19661,45.617169,0.000000,30.000000,-1,71.034078,71.034078,-1,26,0,1789,12,0,740,2402,0,317,5.266617,2.928831,2.928831,1.000000,0.736861,-1,-1,-1,-1,-1,0.064205
89450,410,0,18922,46.151220,0.000000,30.000000,-1,71.080171,71.080171,-1,16,0,1842,18,0,772,2105,0,207,5.528143,2.997060,2.997060,1.000000,0.760749,-1,-1,-1,-1,-1,0.064940
89460,423,0,19258,45.527187,0.000000,30.000000,-1,71.111798,71.111798,-1,19,0,1627,20,0,727,2102,0,258,5.289989,2.933866,2.933866,1.000000,0.752843,-1,-1,-1,-1,-1,0.064442
89470,418,0,18559,44.399522,0.000000,30.000000,-1,71.124683,71.124683,-1,25,0,1759,20,0,704,2094,0,315,5.721212,3.054819,3.054819,1.000000,0.737252,-1,-1,-1,-1,-1,0.068803
89480,408,0,18606,45.602941,0.000000,30.000000,-1,71.116575,71.116575,-1,21,0,1606,15,0,692,1767,0,274,5.804596,3.127360,3.127360,1.000000,0.738570,-1,-1,-1,-1,-1,0.068578
89490,421,0,19069,45.294537,0.000000,30.000000,-1,71.143636,71.143636,-1,23,0,1948,18,0,695,2518,0,300,5.487590,3.015634,3.015634,1.000000,0.748270,-1,-1,-1,-1,-1,0.066578
89500,415,0,19124,46.081928,0.000000,30.000000,-1,71.134804,71.134804,-1,15,0,1851,17,0,722,2151,0,165,5.363752,2.778588,2.778588,1.000000,0.744690,-1,-1,-1,-1,-1,0.060297
89510,405,0,18385,45.395062,0.000000,30.000000,-1,71.119663,71.119663,-1,15,0,1677,20,0,679,1952,0,181,5.473364,2.893950,2.893950,1.000000,0.756923,-1,-1,-1,-1,-1,0.063750
89520,397,0,18157,45.735516,0.000000,30.000000,-1,71.111582,71.111582,-1,14,0,1621,22,0,733,1982,0,177,5.565582,2.972141,2.972141,1.000000,0.749148,-1,-1,-1,-1,-1,0.064985
89530,407,0,18577,45.643735,0.000000,30.000000,-1,71.101846,71.101846,-1,21,0,1806,16,0,702,2030,0,277,5.600029,3.092846,3.092846,1.000000,0.746565,-1,-1,-1,-1,-1,0.067761
89540,404,0,18350,45.420792,0.000000,30.000000,-1,71.087466,71.087466,-1,19,0,1709,20,0,702,2028,0,239,5.693299,3.033127,3.033127,1.000000,0.740029,-1,-1,-1,-1,-1,0.066778
89550,398,0,18279,45.927136,0.000000,30.000000,-1,71.119153,71.119153,-1,14,0,1427,18,0,634,2209,0,177,5.590733,3.078446,3.078446,1.000000,0.762415,-1,-1,-1,-1,-1,0.067029
89560,408,0,18431,45.174020,0.000000,30.000000,-1,71.165319,71.165319,-1,19,0,1880,14,0,716,1459,0,217,5.596775,2.870312,2.870312,1.000000,0.739470,-1,-1,-1,-1,-1,0.063539
89570,420,0,19174,45.652381,0.000000,30.000000,-1,71.159122,71.159122,-1,16,0,1858,21,0,720,2135,0,191,5.443850,2.805696,2.805696,1.000000,0.741197,-1,-1,-1,-1,-1,0.061458
89580,396,0,17881,45.154040,0.000000,30.000000,-1,71.155416,71.155416,-1,23,0,1535,17,0,640,2057,0,278,5.673051,3.154390,3.154390,1.000000,0.734198,-1,-1,-1,-1,-1,0.069858
89590,408,0,18558,45.485294,0.000000,30.000000,-1,71.193448,71.193448,-1,19,0,1709,17,0,764,1845,0,223,5.618603,3.018127,3.018127,1.000000,0.749143,-1,-1,-1,-1,-1,0.066354
89600,413,0,19012,46.033898,0.000000,30.000000,-1,71.185988,71.185988,-1,17,0,1669,22,0,697,1724,0,205,5.581492,3.034327,3.034327,1.000000,0.748460,-1,-1,-1,-1,-1,0.065915
89610,412,0,18811,45.657767,0.000000,30.000000,-1,71.232470,71.232470,-1,19,0,1585,18,0,705,2106,0,228,5.616463,3.057948,3.057948,1.000000,0.742761,-1,-1,-1,-1,-1,0.066975
89620,405,0,18226,45.002469,0.000000,30.000000,-1,71.293976,71.293976,-1,29,0,1300,18,0,746,1865,0,366,5.673394,3.189863,3.189863,1.000000,0.726868,-1,-1,-1,-1,-1,0.070882
89630,415,0,18892,45.522892,0.000000,30.000000,-1,71.292399,71.292399,-1,20,0,1635,19,0,752,2136,0,249,5.750656,3.101553,3.101553,1.000000,0.740736,-1,-1,-1,-1,-1,0.068132
89640,412,0,18738,45.480583,0.000000,30.000000,-1,71.309958,71.309958,-1,18,0,1578,17,0,675,2246,0,230,5.693116,3.038256,3.038256,1.000000,0.748729,-1,-1,-1,-1,-1,0.066803
89650,389,0,17950,46.143959,0.000000,30.000000,-1,71.330696,71.330696,-1,15,0,1369,25,0,706,1945,0,195,5.714741,3.062241,3.062241,1.000000,0.737012,-1,-1,-1,-1,-1,0.066363
89660,405,0,18120,44.740741,0.000000,30.000000,-1,71.358554,71.358554,-1,17,0,1716,21,0,640,1770,0,222,5.359055,2.727208,2.727208,1.000000,0.739181,-1,-1,-1,-1,-1,0.060956
89670,396,0,17923,45.260101,0.000000,30.000000,-1,71.337444,71.337444,-1,28,0,1459,14,0,664,2179,0,349,5.641790,3.143564,3.143564,1.000000,0.723906,-1,-1,-1,-1,-1,0.069456
89680,405,0,18452,45.560494,0.000000,30.000000,-1,71.350098,71.350098,-1,17,0,1813,18,0,685,2160,0,219,5.449636,2.903450,2.903450,1.000000,0.739563,-1,-1,-1,-1,-1,0.063727
89690,413,0,18849,45.639225,0.000000,30.000000,-1,71.352167,71.352167,-1,21,0,1831,14,0,742,2124,0,269,5.685476,3.063496,3.063496,1.000000,0.739544,-1,-1,-1,-1,-1,0.067124
89700,389,0,17977,46.213368,0.000000,30.000000,-1,71.286032,71.286032,-1,15,0,1419,21,0,698,1987,0,194,5.743139,3.076913,3.076913,1.000000,0.743958,-1,-1,-1,-1,-1,0.066581
89710,390,0,17621,45.182051,0.000000,30.000000,-1,71.259350,71.259350,-1,23,0,1590,21,0,687,1797,0,305,5.407539,3.003206,3.003206,1.000000,0.746827,-1,-1,-1,-1,-1,0.066469
89720,394,0,17971,45.611675,0.000000,30.000000,-1,71.289522,71.289522,-1,20,0,1597,17,0,681,2027,0,253,6.000621,3.253427,3.253427,1.000000,0.746618,-1,-1,-1,-1,-1,0.071329
89730,402,0,18061,44.927861,0.000000,30.000000,-1,71.385748,71.385748,-1,22,0,2034,24,0,704,1634,0,275,5.535550,2.803469,2.803469,1.000000,0.728326,-1,-1,-1,-1,-1,0.062399
89740,398,0,17906,44.989950,0.000000,30.000000,-1,71.411482,71.411482,-1,18,0,1712,25,0,647,2121,0,241,5.743342,3.016449,3.016449,1.000000,0.743299,-1,-1,-1,-1,-1,0.067047
89750,417,0,19104,45.812950,0.000000,30.000000,-1,71.486286,71.486286,-1,20,0,1660,16,0,721,2073,0,268,5.545174,3.008612,3.008612,1.000000,0.739581,-1,-1,-1,-1,-1,0.065672
89760,417,0,18843,45.187050,0.000000,30.000000,-1,71.489094,71.489094,-1,18,0,2015,15,0,735,2070,0,227,5.660292,2.920158,2.920158,1.000000,0.745309,-1,-1,-1,-1,-1,0.064624
89770,409,0,18702,45.726161,0.000000,30.000000,-1,71.522083,71.522083,-1,18,0,1611,18,0,713,1680,0,244,5.646290,3.025732,3.025732,1.000000,0.744124,-1,-1,-1,-1,-1,0.066171
89780,410,0,18757,45.748780,0.000000,30.000000,-1,71.492350,71.492350,-1,19,0,1795,19,0,750,2370,0,240,5.368234,2.898665,2.898665,1.000000,0.751356,-1,-1,-1,-1,-1,0.063360
89790,442,0,19770,44.728507,0.000000,30.000000,-1,71.502124,71.502124,-1,25,0,1863,10,0,723,1877,0,320,5.369479,2.836404,2.836404,1.000000,0.738944,-1,-1,-1,-1,-1,0.063414
89800,405,0,18233,45.019753,0.000000,30.000000,-1,71.482422,71.482422,-1,30,0,1611,22,0,709,1850,0,391,5.469282,3.017137,3.017137,1.000000,0.724850,-1,-1,-1,-1,-1,0.067018
89810,413,0,18938,45.854722,0.000000,30.000000,-1,71.500950,71.500950,-1,20,0,1587,16,0,697,1917,0,219,5.581716,3.155802,3.155802,1.000000,0.748868,-1,-1,-1,-1,-1,0.068822
89820,426,0,19059,44.739437,0.000000,30.000000,-1,71.558844,71.558844,-1,24,0,1679,15,0,754,2035,0,320,5.665220,3.115688,3.115688,1.000000,0.739068,-1,-1,-1,-1,-1,0.069641
89830,406,0,18696,46.049261,0.000000,30.000000,-1,71.572422,71.572422,-1,21,0,1445,16,0,717,2261,0,246,5.649292,3.115428,3.115428,1.000000,0.741591,-1,-1,-1,-1,-1,0.067654
89840,397,0,18237,45.937028,0.000000,30.000000,-1,71.541262,71.541262,-1,14,0,1790,15,0,686,1909,0,159,5.778715,2.996024,2.996024,1.000000,0.749715,-1,-1,-1,-1,-1,0.065220
89850,399,0,18299,45.862155,0.000000,30.000000,-1,71.509208,71.509208,-1,19,0,1444,16,0,733,1813,0,222,5.755633,3.141252,3.141252,1.000000,0.738638,-1,-1,-1,-1,-1,0.068493
89860,404,0,18336,45.386139,0.000000,30.000000,-1,71.531850,71.531850,-1,19,0,1678,23,0,676,1663,0,244,5.615490,2.978098,2.978098,1.000000,0.740270,-1,-1,-1,-1,-1,0.065617
89870,431,0,19501,45.245940,0.000000,30.000000,-1,71.492539,71.492539,-1,21,0,1615,18,0,730,2062,0,279,5.402578,2.882528,2.882528,1.000000,0.736069,-1,-1,-1,-1,-1,0.063708
89880,423,0,18634,44.052009,0.000000,30.000000,-1,71.461468,71.461468,-1,29,0,1728,9,0,811,1975,0,368,5.220229,2.749489,2.749489,1.000000,0.722362,-1,-1,-1,-1,-1,0.062415
89890,408,0,18473,45.276961,0.000000,30.000000,-1,71.495263,71.495263,-1,29,0,1416,20,0,623,1689,0,370,5.424821,3.031528,3.031528,1.000000,0.731236,-1,-1,-1,-1,-1,0.066955
89900,377,0,17198,45.618037,0.000000,30.000000,-1,71.504710,71.504710,-1,19,0,1591,25,0,704,2103,0,232,5.557022,2.987566,2.987566,1.000000,0.736360,-1,-1,-1,-1,-1,0.065491
89910,382,0,17557,45.960733,0.000000,30.000000,-1,71.531697,71.531697,-1,16,0,1662,18,0,654,2155,0,230,5.811244,3.061606,3.061606,1.000000,0.737619,-1,-1,-1,-1,-1,0.066614
89920,402,0,18370,45.696517,0.000000,30.000000,-1,71.513391,71.513391,-1,15,0,1794,15,0,729,1876,0,186,5.650564,2.918081,2.918081,1.000000,0.742821,-1,-1,-1,-1,-1,0.063858
89930,403,0,18517,45.947891,0.000000,30.000000,-1,71.553923,71.553923,-1,16,0,1810,18,0,661,2030,0,190,5.527290,2.946301,2.946301,1.000000,0.747011,-1,-1,-1,-1,-1,0.064123
89940,412,0,18040,43.786408,0.000000,30.000000,-1,71.538415,71.538415,-1,32,0,1413,20,0,697,1773,0,427,5.607564,3.043962,3.043962,1.000000,0.711866,-1,-1,-1,-1,-1,0.069518
89950,408,0,19114,46.848039,0.000000,30.000000,-1,71.533169,71.533169,-1,14,0,1404,12,0,765,2220,0,184,5.783471,3.217229,3.217229,1.000000,0.749241,-1,-1,-1,-1,-1,0.068674
89960,394,0,18205,46.205584,0.000000,30.000000,-1,71.555122,71.555122,-1,13,0,1502,22,0,704,2191,0,164,5.677241,3.091976,3.091976,1.000000,0.757062,-1,-1,-1,-1,-1,0.066918
89970,425,0,19002,44.710588,0.000000,30.000000,-1,71.600042,71.600042,-1,27,0,1627,24,0,744,2322,0,329,5.570258,2.926997,2.926997,1.000000,0.723700,-1,-1,-1,-1,-1,0.065465
89980,413,0,18846,45.631961,0.000000,30.000000,-1,71.637217,71.637217,-1,19,0,1521,20,0,697,2254,0,222,5.464273,2.892121,2.892121,1.000000,0.732465,-1,-1,-1,-1,-1,0.063379
89990,414,0,18612,44.956522,0.000000,30.000000,-1,71.661616,71.661616,-1,20,0,1675,20,0,705,2184,0,243,5.670191,2.994175,2.994175,1.000000,0.738045,-1,-1,-1,-1,-1,0.066602
90000,413,0,18886,45.728814,0.000000,30.000000,-1,71.658212,71.658212,-1,15,0,1676,21,0,712,1674,0,201,5.583791,2.971149,2.971149,1.000000,0.750687,-1,-1,-1,-1,-1,0.064973
90010,417,0,18823,45.139089,0.000000,30.000000,-1,71.712108,71.712108,-1,23,0,1841,17,0,703,2286,0,310,5.490738,2.914994,2.914994,1.000000,0.737839,-1,-1,-1,-1,-1,0.064578
90020,418,0,19136,45.779904,0.000000,30.000000,-1,71.727320,71.727320,-1,19,0,1624,18,0,730,2119,0,234,5.347148,2.804025,2.804025,1.000000,0.739550,-1,-1,-1,-1,-1,0.061250
90030,418,0,19045,45.562201,0.000000,30.000000,-1,71.734051,71.734051,-1,19,0,1786,18,0,743,2100,0,237,5.611102,3.001908,3.001908,1.000000,0.742519,-1,-1,-1,-1,-1,0.065886
90040,416,0,19240,46.250000,0.000000,30.000000,-1,71.665073,71.665073,-1,17,0,1898,15,0,756,1971,0,239,5.758301,3.036228,3.036228,1.000000,0.747505,-1,-1,-1,-1,-1,0.065648
90050,421,0,19150,45.486936,0.000000,30.000000,-1,71.660992,71.660992,-1,20,0,1719,25,0,781,2514,0,239,5.311893,2.825026,2.825026,1.000000,0.740815,-1,-1,-1,-1,-1,0.062106
90060,403,0,18743,46.508685,0.000000,30.000000,-1,71.641466,71.641466,-1,15,0,1478,26,0,720,2106,0,192,5.721114,3.106016,3.106016,1.000000,0.745969,-1,-1,-1,-1,-1,0.066784
90070,426,0,19371,45.471831,0.000000,30.000000,-1,71.608642,71.608642,-1,21,0,1877,23,0,776,2206,0,259,5.335994,2.847272,2.847272,1.000000,0.739029,-1,-1,-1,-1,-1,0.062616
90080,399,0,18242,45.719298,0.000000,30.000000,-1,71.563315,71.563315,-1,18,0,1572,20,0,707,1782,0,202,5.599551,3.003146,3.003146,1.000000,0.738335,-1,-1,-1,-1,-1,0.065687
90090,399,0,18210,45.639098,0.000000,30.000000,-1,71.608731,71.608731,-1,16,0,1754,24,0,707,1871,0,216,5.485781,2.909016,2.909016,1.000000,0.743119,-1,-1,-1,-1,-1,0.063740
90100,413,0,18689,45.251816,0.000000,30.000000,-1,71.644443,71.644443,-1,24,0,1713,25,0,705,1778,0,320,5.595558,2.974199,2.974199,1.000000,0.736416,-1,-1,-1,-1,-1,0.065726
90110,399,0,18496,46.355890,0.000000,30.000000,-1,71.655709,71.655709,-1,14,0,1534,29,0,683,2055,0,164,5.418622,2.919724,2.919724,1.000000,0.754643,-1,-1,-1,-1,-1,0.062985
90120,413,0,18469,44.719128,0.000000,30.000000,-1,71.657643,71.657643,-1,24,0,1873,16,0,746,2066,0,298,5.470773,2.733770,2.733770,1.000000,0.734419,-1,-1,-1,-1,-1,0.061132
90130,388,0,17654,45.500000,0.000000,30.000000,-1,71.692817,71.692817,-1,18,0,1419,19,0,638,1711,0,241,5.570406,2.977172,2.977172,1.000000,0.745926,-1,-1,-1,-1,-1,0.065432
90140,402,0,18402,45.776119,0.000000,30.000000,-1,71.680687,71.680687,-1,19,0,1659,24,0,660,2350,0,239,5.733528,3.126577,3.126577,1.000000,0.744465,-1,-1,-1,-1,-1,0.068301
90150,378,0,17371,45.955026,0.000000,30.000000,-1,71.746589,71.746589,-1,15,0,1647,21,0,709,1576,0,165,6.010179,3.205870,3.205870,1.000000,0.750240,-1,-1,-1,-1,-1,0.069761
90160,409,0,18957,46.349633,0.000000,30.000000,-1,71.753389,71.753389,-1,14,0,1602,15,0,681,1937,0,175,5.496132,3.111622,3.111622,1.000000,0.764633,-1,-1,-1,-1,-1,0.067134
90170,420,0,18943,45.102381,0.000000,30.000000,-1,71.684474,71.684474,-1,25,0,1649,19,0,715,1760,0,312,5.484540,3.048227,3.048227,1.000000,0.739739,-1,-1,-1,-1,-1,0.067585
90180,412,0,19292,46.825243,0.000000,30.000000,-1,71.710657,71.710657,-1,10,0,1917,25,0,734,1892,0,109,5.710648,3.072523,3.072523,1.000000,0.764580,-1,-1,-1,-1,-1,0.065617
90190,407,0,19123,46.985258,0.000000,30.000000,-1,71.724886,71.724886,-1,13,0,1810,20,0,761,1749,0,173,5.683003,3.141380,3.141380,1.000000,0.757773,-1,-1,-1,-1,-1,0.066859
90200,387,0,17702,45.741602,0.000000,30.000000,-1,71.736696,71.736696,-1,17,0,1489,17,0,679,1739,0,210,5.650966,3.097527,3.097527,1.000000,0.749367,-1,-1,-1,-1,-1,0.067718
90210,402,0,18102,45.029851,0.000000,30.000000,-1,71.737267,71.737267,-1,25,0,1422,20,0,693,1915,0,305,5.586219,3.111601,3.111601,1.000000,0.734994,-1,-1,-1,-1,-1,0.069101
90220,411,0,18398,44.763990,0.000000,30.000000,-1,71.727851,71.727851,-1,23,0,1601,18,0,723,2256,0,291,5.473260,2.987463,2.987463,1.000000,0.746076,-1,-1,-1,-1,-1,0.066738
90230,396,0,17995,45.441919,0.000000,30.000000,-1,71.721200,71.721200,-1,21,0,1261,14,0,665,1679,0,262,5.458326,3.060974,3.060974,1.000000,0.743679,-1,-1,-1,-1,-1,0.067360
90240,392,0,17721,45.206633,0.000000,30.000000,-1,71.704362,71.704362,-1,21,0,1712,24,0,697,1669,0,245,5.586991,2.987718,2.987718,1.000000,0.743990,-1,-1,-1,-1,-1,0.066090
90250,407,0,18265,44.877150,0.000000,30.000000,-1,71.732713,71.732713,-1,23,0,1712,21,0,693,2184,0,299,5.482506,2.978240,2.978240,1.000000,0.751383,-1,-1,-1,-1,-1,0.066364
90260,409,0,18266,44.660147,0.000000,30.000000,-1,71.765794,71.765794,-1,22,0,1695,26,0,706,1998,0,280,5.602772,3.048875,3.048875,1.000000,0.746455,-1,-1,-1,-1,-1,0.068268
90270,412,0,18624,45.203883,0.000000,30.000000,-1,71.788821,71.788821,-1,23,0,1787,19,0,682,1811,0,291,5.515482,3.006362,3.006362,1.000000,0.744282,-1,-1,-1,-1,-1,0.066507
90280,407,0,18144,44.579853,0.000000,30.000000,-1,71.751102,71.751102,-1,26,0,1497,22,0,693,1840,0,321,5.516210,3.015614,3.015614,1.000000,0.730308,-1,-1,-1,-1,-1,0.067645
90290,398,0,18257,45.871859,0.000000,30.000000,-1,71.697376,71.697376,-1,22,0,1458,22,0,651,1633,0,283,5.652696,3.212403,3.212403,1.000000,0.741207,-1,-1,-1,-1,-1,0.070030
90300,396,0,17922,45.257576,0.000000,30.000000,-1,71.674701,71.674701,-1,21,0,1423,15,0,703,1698,0,284,5.511323,3.057460,3.057460,1.000000,0.745659,-1,-1,-1,-1,-1,0.067557
90310,395,0,18055,45.708861,0.000000,30.000000,-1,71.698477,71.698477,-1,17,0,1678,13,0,721,1950,0,214,5.768880,3.169999,3.169999,1.000000,0.753294,-1,-1,-1,-1,-1,0.069352
90320,406,0,18833,46.386700,0.000000,30.000000,-1,71.763235,71.763235,-1,15,0,1659,26,0,669,1877,0,180,5.403331,2.975511,2.975511,1.000000,0.765330,-1,-1,-1,-1,-1,0.064146
90330,395,0,18004,45.579747,0.000000,30.000000,-1,71.774606,71.774606,-1,15,0,1752,17,0,724,1939,0,191,5.672899,3.008958,3.008958,1.000000,0.750983,-1,-1,-1,-1,-1,0.066015
90340,405,0,18248,45.056790,0.000000,30.000000,-1,71.816035,71.816035,-1,21,0,1637,13,0,691,2105,0,272,5.853471,3.160286,3.160286,1.000000,0.745333,-1,-1,-1,-1,-1,0.070140
90350,410,0,18320,44.682927,0.000000,30.000000,-1,71.841976,71.841976,-1,23,0,1575,27,0,723,1978,0,269,5.339371,2.889665,2.889665,1.000000,0.744443,-1,-1,-1,-1,-1,0.064670
90360,415,0,19025,45.843373,0.000000,30.000000,-1,71.831170,71.831170,-1,18,0,1689,22,0,771,1763,0,218,5.606985,3.020668,3.020668,1.000000,0.749975,-1,-1,-1,-1,-1,0.065891
90370,385,0,17805,46.246753,0.000000,30.000000,-1,71.838192,71.838192,-1,14,0,1454,30,0,719,1842,0,190,5.270066,2.963576,2.963576,1.000000,0.751220,-1,-1,-1,-1,-1,0.064082
90380,385,0,17520,45.506494,0.000000,30.000000,-1,71.804852,71.804852,-1,15,0,1557,12,0,641,1810,0,171,5.851550,3.149069,3.149069,1.000000,0.757601,-1,-1,-1,-1,-1,0.069200
90390,393,0,17764,45.201018,0.000000,30.000000,-1,71.777753,71.777753,-1,16,0,1669,24,0,689,2010,0,174,5.897307,3.142921,3.142921,1.000000,0.762088,-1,-1,-1,-1,-1,0.069532
90400,407,0,18565,45.614251,0.000000,30.000000,-1,71.792405,71.792405,-1,15,0,1793,22,0,687,1878,0,195,5.571648,2.949237,2.949237,1.000000,0.759999,-1,-1,-1,-1,-1,0.064656
90410,429,0,19256,44.885781,0.000000,30.000000,-1,71.767449,71.767449,-1,27,0,1820,13,0,792,1912,0,326,5.199214,2.768929,2.768929,1.000000,0.732664,-1,-1,-1,-1,-1,0.061688
90420,389,0,17502,44.992288,0.000000,30.000000,-1,71.772083,71.772083,-1,24,0,1476,19,0,668,1675,0,295,5.666839,3.139258,3.139258,1.000000,0.734341,-1,-1,-1,-1,-1,0.069773
90430,410,0,18975,46.280488,0.000000,30.000000,-1,71.735178,71.735178,-1,16,0,1452,18,0,756,2035,0,187,5.368655,3.019150,3.019150,1.000000,0.754249,-1,-1,-1,-1,-1,0.065236
90440,412,0,18723,45.444175,0.000000,30.000000,-1,71.720931,71.720931,-1,22,0,1625,12,0,756,1814,0,257,5.590665,3.128706,3.128706,1.000000,0.743686,-1,-1,-1,-1,-1,0.068847
90450,409,0,18516,45.271394,0.000000,30.000000,-1,71.720512,71.720512,-1,26,0,1377,15,0,698,2061,0,337,5.700186,3.237757,3.237757,1.000000,0.738442,-1,-1,-1,-1,-1,0.071519
90460,407,0,18826,46.255528,0.000000,30.000000,-1,71.710719,71.710719,-1,15,0,1463,20,0,706,1706,0,201,5.552012,3.114304,3.114304,1.000000,0.760378,-1,-1,-1,-1,-1,0.067328
90470,403,0,18642,46.258065,0.000000,30.000000,-1,71.726639,71.726639,-1,15,0,1590,22,0,740,1810,0,184,5.534514,3.006074,3.006074,1.000000,0.752529,-1,-1,-1,-1,-1,0.064985
90480,410,0,18529,45.192683,0.000000,30.000000,-1,71.688164,71.688164,-1,17,0,1836,16,0,744,1717,0,212,5.472712,2.848756,2.848756,1.000000,0.754763,-1,-1,-1,-1,-1,0.063036
90490,400,0,18178,45.445000,0.000000,30.000000,-1,71.714215,71.714215,-1,28,0,1526,14,0,677,1831,0,349,5.643695,3.097972,3.097972,1.000000,0.724063,-1,-1,-1,-1,-1,0.068170
90500,395,0,18353,46.463291,0.000000,30.000000,-1,71.772680,71.772680,-1,11,0,1584,21,0,716,2004,0,146,5.820062,3.218757,3.218757,1.000000,0.763833,-1,-1,-1,-1,-1,0.069275
90510,401,0,18213,45.418953,0.000000,30.000000,-1,71.858343,71.858343,-1,22,0,1843,18,0,749,1854,0,289,5.566972,3.025654,3.025654,1.000000,0.748430,-1,-1,-1,-1,-1,0.066617
90520,426,0,19048,44.713615,0.000000,30.000000,-1,71.894792,71.894792,-1,19,0,1607,25,0,743,2091,0,247,5.530092,2.946657,2.946657,1.000000,0.747902,-1,-1,-1,-1,-1,0.065901
90530,402,0,18296,45.512438,0.000000,30.000000,-1,71.895278,71.895278,-1,23,0,1300,20,0,639,1893,0,281,5.544263,3.130459,3.130459,1.000000,0.742687,-1,-1,-1,-1,-1,0.068782
90540,412,0,19094,46.344660,0.000000,30.000000,-1,71.903687,71.903687,-1,20,0,1627,25,0,736,2353,0,249,5.467015,3.049166,3.049166,1.000000,0.752004,-1,-1,-1,-1,-1,0.065793
90550,390,0,17894,45.882051,0.000000,30.000000,-1,71.845311,71.845311,-1,23,0,1578,15,0,665,1746,0,288,5.828168,3.224458,3.224458,1.000000,0.735972,-1,-1,-1,-1,-1,0.070277
90560,425,0,19196,45.167059,0.000000,30.000000,-1,71.858200,71.858200,-1,25,0,1574,21,0,647,1950,0,317,5.679043,3.128464,3.128464,1.000000,0.742483,-1,-1,-1,-1,-1,0.069264
90570,414,0,19123,46.190821,0.000000,30.000000,-1,71.838885,71.838885,-1,16,0,1804,24,0,671,2197,0,187,5.518333,2.981207,2.981207,1.000000,0.752959,-1,-1,-1,-1,-1,0.064541
90580,399,0,18227,45.681704,0.000000,30.000000,-1,71.820431,71.820431,-1,17,0,1620,18,0,705,1751,0,222,5.460204,3.007394,3.007394,1.000000,0.754273,-1,-1,-1,-1,-1,0.065834
90590,403,0,18243,45.267990,0.000000,30.000000,-1,71.858850,71.858850,-1,19,0,1562,21,0,673,2022,0,239,5.514091,3.067499,3.067499,1.000000,0.749404,-1,-1,-1,-1,-1,0.067763
90600,404,0,18354,45.430693,0.000000,30.000000,-1,71.882206,71.882206,-1,24,0,1703,19,0,695,1810,0,302,5.516548,3.000661,3.000661,1.000000,0.736603,-1,-1,-1,-1,-1,0.066049
90610,391,0,17684,45.227621,0.000000,30.000000,-1,71.931520,71.931520,-1,21,0,1635,18,0,646,1538,0,262,5.548212,3.034543,3.034543,1.000000,0.747239,-1,-1,-1,-1,-1,0.067095
90620,404,0,18597,46.032178,0.000000,30.000000,-1,71.959295,71.959295,-1,18,0,1681,12,0,716,2025,0,221,5.658744,3.121902,3.121902,1.000000,0.754977,-1,-1,-1,-1,-1,0.067820
90630,392,0,17799,45.405612,0.000000,30.000000,-1,71.923254,71.923254,-1,21,0,1506,20,0,715,1774,0,251,5.609758,3.054358,3.054358,1.000000,0.742263,-1,-1,-1,-1,-1,0.067268
90640,385,0,17605,45.727273,0.000000,30.000000,-1,71.935018,71.935018,-1,21,0,1459,20,0,693,2030,0,259,5.592506,3.168532,3.168532,1.000000,0.746851,-1,-1,-1,-1,-1,0.069292
90650,385,0,17396,45.184416,0.000000,30.000000,-1,71.958151,71.958151,-1,20,0,1546,19,0,635,1717,0,258,5.992052,3.333366,3.333366,1.000000,0.751495,-1,-1,-1,-1,-1,0.073772
90660,396,0,17987,45.421717,0.000000,30.000000,-1,71.947907,71.947907,-1,20,0,1709,19,0,662,1756,0,242,5.594750,3.056405,3.056405,1.000000,0.746248,-1,-1,-1,-1,-1,0.067289
90670,393,0,17976,45.740458,0.000000,30.000000,-1,72.029039,72.029039,-1,17,0,1485,20,0,663,1623,0,194,5.505617,3.028855,3.028855,1.000000,0.758896,-1,-1,-1,-1,-1,0.066218
90680,408,0,18488,45.313725,0.000000,30.000000,-1,72.038728,72.038728,-1,17,0,1632,23,0,733,2050,0,216,5.430717,2.974862,2.974862,1.000000,0.754899,-1,-1,-1,-1,-1,0.065650
90690,405,0,18114,44.725926,0.000000,30.000000,-1,72.024843,72.024843,-1,23,0,1479,11,0,665,1552,0,315,5.750544,3.118592,3.118592,1.000000,0.732952,-1,-1,-1,-1,-1,0.069727
90700,400,0,18165,45.412500,0.000000,30.000000,-1,72.051748,72.051748,-1,18,0,2054,21,0,680,2095,0,251,5.739003,2.973378,2.973378,1.000000,0.742827,-1,-1,-1,-1,-1,0.065475
90710,412,0,18713,45.419903,0.000000,30.000000,-1,72.042484,72.042484,-1,26,0,1598,17,0,706,1874,0,323,5.518293,3.058972,3.058972,1.000000,0.734560,-1,-1,-1,-1,-1,0.067349
90720,405,0,18196,44.928395,0.000000,30.000000,-1,72.009123,72.009123,-1,24,0,1513,18,0,735,1502,0,307,5.671121,3.145104,3.145104,1.000000,0.734694,-1,-1,-1,-1,-1,0.070003
90730,410,0,18621,45.417073,0.000000,30.000000,-1,71.975673,71.975673,-1,22,0,1485,19,0,688,1823,0,267,5.532446,3.043628,3.043628,1.000000,0.741419,-1,-1,-1,-1,-1,0.067015
90740,402,0,17892,44.507463,0.000000,30.000000,-1,72.023530,72.023530,-1,25,0,1773,23,0,684,1745,0,305,5.370346,2.876929,2.876929,1.000000,0.733897,-1,-1,-1,-1,-1,0.064639
90750,392,0,18280,46.632653,0.000000,30.000000,-1,72.082987,72.082987,-1,18,0,1465,16,0,678,1927,0,212,5.794360,3.237953,3.237953,1.000000,0.744882,-1,-1,-1,-1,-1,0.069435
90760,401,0,18222,45.441397,0.000000,30.000000,-1,72.078586,72.078586,-1,19,0,1573,19,0,663,1763,0,232,5.633482,3.088998,3.088998,1.000000,0.750936,-1,-1,-1,-1,-1,0.067978
90770,400,0,18479,46.197500,0.000000,30.000000,-1,72.053520,72.053520,-1,11,0,1813,21,0,677,1814,0,154,5.757479,3.176271,3.176271,1.000000,0.772304,-1,-1,-1,-1,-1,0.068754
90780,406,0,18595,45.800493,0.000000,30.000000,-1,72.014466,72.014466,-1,15,0,1762,24,0,711,1858,0,206,5.894490,3.091787,3.091787,1.000000,0.753126,-1,-1,-1,-1,-1,0.067506
90790,407,0,18174,44.653563,0.000000,30.000000,-1,71.974139,71.974139,-1,27,0,1783,27,0,708,1910,0,349,5.490960,2.915264,2.915264,1.000000,0.729407,-1,-1,-1,-1,-1,0.065286
90800,388,0,17212,44.360825,0.000000,30.000000,-1,71.938357,71.938357,-1,24,0,1511,23,0,660,1788,0,312,5.620614,3.071826,3.071826,1.000000,0.735074,-1,-1,-1,-1,-1,0.069246
90810,393,0,17988,45.770992,0.000000,30.000000,-1,71.943518,71.943518,-1,18,0,1679,25,0,639,1996,0,244,5.562490,2.988462,2.988462,1.000000,0.747348,-1,-1,-1,-1,-1,0.065292
90820,408,0,18584,45.549020,0.000000,30.000000,-1,71.947805,71.947805,-1,23,0,1690,18,0,723,1802,0,268,5.345193,2.988724,2.988724,1.000000,0.742713,-1,-1,-1,-1,-1,0.065616
90830,400,0,18121,45.302500,0.000000,30.000000,-1,71.948071,71.948071,-1,22,0,1585,22,0,707,1799,0,298,5.564454,3.063601,3.063601,1.000000,0.742713,-1,-1,-1,-1,-1,0.067625
90840,417,0,19065,45.719424,0.000000,30.000000,-1,71.914870,71.914870,-1,19,0,1535,20,0,746,2180,0,231,5.386697,3.055920,3.055920,1.000000,0.759016,-1,-1,-1,-1,-1,0.066841
90850,409,0,18337,44.833741,0.000000,30.000000,-1,71.920925,71.920925,-1,28,0,1438,14,0,782,2012,0,360,5.615347,3.166467,3.166467,1.000000,0.731146,-1,-1,-1,-1,-1,0.070627
90860,394,0,18047,45.804569,0.000000,30.000000,-1,71.909847,71.909847,-1,16,0,1678,20,0,691,1493,0,209,5.897582,3.184482,3.184482,1.000000,0.754189,-1,-1,-1,-1,-1,0.069523
90870,400,0,18732,46.830000,0.000000,30.000000,-1,71.935992,71.935992,-1,15,0,1492,18,0,756,1585,0,221,5.442192,3.101736,3.101736,1.000000,0.760121,-1,-1,-1,-1,-1,0.066234
90880,405,0,18382,45.387654,0.000000,30.000000,-1,71.928299,71.928299,-1,16,0,1812,24,0,757,2138,0,217,5.508929,2.955856,2.955856,1.000000,0.757736,-1,-1,-1,-1,-1,0.065125
90890,389,0,17954,46.154242,0.000000,30.000000,-1,71.963295,71.963295,-1,15,0,1457,24,0,695,1719,0,198,5.460517,3.071984,3.071984,1.000000,0.763722,-1,-1,-1,-1,-1,0.066559
90900,396,0,18336,46.303030,0.000000,30.000000,-1,71.978730,71.978730,-1,15,0,1376,23,0,677,1940,0,199,5.533719,3.155074,3.155074,1.000000,0.767378,-1,-1,-1,-1,-1,0.068140
90910,386,0,17348,44.943005,0.000000,30.000000,-1,72.028937,72.028937,-1,18,0,1696,14,0,667,2094,0,211,5.805143,3.097892,3.097892,1.000000,0.753024,-1,-1,-1,-1,-1,0.068929
90920,389,0,17724,45.562982,0.000000,30.000000,-1,71.988942,71.988942,-1,20,0,1309,22,0,675,1950,0,266,5.602158,3.224626,3.224626,1.000000,0.754448,-1,-1,-1,-1,-1,0.070773
90930,381,0,17157,45.031496,0.000000,30.000000,-1,71.969284,71.969284,-1,18,0,1776,18,0,647,1555,0,226,6.000641,3.138216,3.138216,1.000000,0.753089,-1,-1,-1,-1,-1,0.069689
90940,400,0,18462,46.155000,0.000000,30.000000,-1,71.999675,71.999675,-1,12,0,1774,18,0,664,1873,0,136,5.687124,3.097876,3.097876,1.000000,0.764360,-1,-1,-1,-1,-1,0.067119
90950,391,0,17724,45.329923,0.000000,30.000000,-1,72.015741,72.015741,-1,23,0,1613,17,0,685,1736,0,274,5.607158,3.204985,3.204985,1.000000,0.749537,-1,-1,-1,-1,-1,0.070704
90960,396,0,17904,45.212121,0.000000,30.000000,-1,72.008210,72.008210,-1,22,0,1774,15,0,637,1695,0,277,5.695633,3.059538,3.059538,1.000000,0.744242,-1,-1,-1,-1,-1,0.067671
90970,400,0,18570,46.425000,0.000000,30.000000,-1,72.047281,72.047281,-1,10,0,1886,20,0,730,1806,0,118,5.805647,3.120187,3.120187,1.000000,0.772006,-1,-1,-1,-1,-1,0.067209
90980,407,0,18693,45.928747,0.000000,30.000000,-1,71.988552,71.988552,-1,18,0,1713,14,0,696,1747,0,233,5.472006,3.061456,3.061456,1.000000,0.756593,-1,-1,-1,-1,-1,0.066657
90990,413,0,18776,45.462470,0.000000,30.000000,-1,72.038773,72.038773,-1,18,0,1701,29,0,683,1802,0,226,5.536819,3.051790,3.051790,1.000000,0.756735,-1,-1,-1,-1,-1,0.067128
91000,416,0,18719,44.997596,0.000000,30.000000,-1,72.089054,72.089054,-1,29,0,1489,19,0,753,2320,0,363,5.401603,2.969047,2.969047,1.000000,0.732978,-1,-1,-1,-1,-1,0.065982
91010,424,0,19697,46.455189,0.000000,30.000000,-1,72.034066,72.034066,-1,14,0,1540,20,0,784,2533,0,176,5.456372,3.085913,3.085913,1.000000,0.763141,-1,-1,-1,-1,-1,0.066428
91020,410,0,18989,46.314634,0.000000,30.000000,-1,72.017378,72.017378,-1,12,0,1759,22,0,756,2033,0,139,5.712696,3.118198,3.118198,1.000000,0.761647,-1,-1,-1,-1,-1,0.067326
91030,423,0,19059,45.056738,0.000000,30.000000,-1,72.048061,72.048061,-1,22,0,1857,22,0,707,2468,0,268,5.352946,2.864773,2.864773,1.000000,0.741319,-1,-1,-1,-1,-1,0.063581
91040,396,0,18108,45.727273,0.000000,30.000000,-1,72.058206,72.058206,-1,18,0,1599,24,0,703,1763,0,231,5.458758,2.961516,2.961516,1.000000,0.747804,-1,-1,-1,-1,-1,0.064765
91050,392,0,17908,45.683673,0.000000,30.000000,-1,72.060141,72.060141,-1,17,0,1553,20,0,655,2065,0,205,5.592842,3.125473,3.125473,1.000000,0.762604,-1,-1,-1,-1,-1,0.068416
91060,416,0,19212,46.182692,0.000000,30.000000,-1,72.043514,72.043514,-1,18,0,1583,26,0,712,2093,0,194,5.033468,2.869005,2.869005,1.000000,0.761020,-1,-1,-1,-1,-1,0.062123
91070,423,0,18765,44.361702,0.000000,30.000000,-1,72.049347,72.049347,-1,31,0,1634,21,0,765,1727,0,391,5.355402,3.030054,3.030054,1.000000,0.734234,-1,-1,-1,-1,-1,0.068303
91080,416,0,19418,46.677885,0.000000,30.000000,-1,72.084715,72.084715,-1,13,0,1609,15,0,741,2098,0,159,5.072496,2.875554,2.875554,1.000000,0.774139,-1,-1,-1,-1,-1,0.061604
91090,419,0,19218,45.866348,0.000000,30.000000,-1,72.128161,72.128161,-1,16,0,1680,19,0,792,1954,0,200,5.645494,3.130958,3.130958,1.000000,0.766828,-1,-1,-1,-1,-1,0.068263
91100,405,0,18241,45.039506,0.000000,30.000000,-1,72.119347,72.119347,-1,25,0,1499,16,0,705,1707,0,307,5.289031,2.941421,2.941421,1.000000,0.749716,-1,-1,-1,-1,-1,0.065308
91110,405,0,18710,46.197531,0.000000,30.000000,-1,72.083859,72.083859,-1,12,0,1792,18,0,723,1700,0,149,5.831971,3.155683,3.155683,1.000000,0.771112,-1,-1,-1,-1,-1,0.068308
91120,412,0,19169,46.526699,0.000000,30.000000,-1,72.109552,72.109552,-1,18,0,1604,17,0,686,2080,0,233,5.539000,3.157043,3.157043,1.000000,0.760830,-1,-1,-1,-1,-1,0.067854
91130,413,0,18978,45.951574,0.000000,30.000000,-1,72.034777,72.034777,-1,19,0,1629,19,0,737,1930,0,259,5.295895,2.977483,2.977483,1.000000,0.752960,-1,-1,-1,-1,-1,0.064796
91140,397,0,18378,46.292191,0.000000,30.000000,-1,72.046305,72.046305,-1,14,0,1707,18,0,672,1997,0,182,5.795382,3.190465,3.190465,1.000000,0.766854,-1,-1,-1,-1,-1,0.068920
91150,404,0,18474,45.727723,0.000000,30.000000,-1,72.006441,72.006441,-1,23,0,1552,22,0,694,2006,0,261,5.703070,3.285732,3.285732,1.000000,0.757724,-1,-1,-1,-1,-1,0.071854
91160,412,0,18671,45.317961,0.000000,30.000000,-1,72.012961,72.012961,-1,26,0,1593,22,0,735,1765,0,344,5.334186,2.965167,2.965167,1.000000,0.746564,-1,-1,-1,-1,-1,0.065430
91170,418,0,19234,46.014354,0.000000,30.000000,-1,71.963762,71.963762,-1,20,0,1650,16,0,679,2101,0,244,5.564345,3.160422,3.160422,1.000000,0.755876,-1,-1,-1,-1,-1,0.068683
91180,411,0,18796,45.732360,0.000000,30.000000,-1,71.977229,71.977229,-1,21,0,1670,21,0,705,2065,0,235,5.595610,3.136287,3.136287,1.000000,0.759446,-1,-1,-1,-1,-1,0.068579
91190,402,0,18400,45.771144,0.000000,30.000000,-1,71.928913,71.928913,-1,17,0,1667,21,0,687,2025,0,208,5.440726,3.009700,3.009700,1.000000,0.762084,-1,-1,-1,-1,-1,0.065755
91200,408,0,18540,45.441176,0.000000,30.000000,-1,71.921521,71.921521,-1,18,0,1810,20,0,669,2169,0,227,5.650083,3.033040,3.033040,1.000000,0.760249,-1,-1,-1,-1,-1,0.066747
91210,413,0,18919,45.808717,0.000000,30.000000,-1,71.910830,71.910830,-1,16,0,1876,18,0,762,2254,0,206,5.545422,2.938609,2.938609,1.000000,0.753648,-1,-1,-1,-1,-1,0.064150
91220,396,0,17659,44.593434,0.000000,30.000000,-1,71.927233,71.927233,-1,28,0,1618,27,0,697,1629,0,343,5.546816,2.980120,2.980120,1.000000,0.731874,-1,-1,-1,-1,-1,0.066829
91230,381,0,17723,46.517060,0.000000,30.000000,-1,71.935338,71.935338,-1,13,0,1452,19,0,621,1935,0,178,5.795223,3.292016,3.292016,1.000000,0.771381,-1,-1,-1,-1,-1,0.070770
91240,403,0,18238,45.255583,0.000000,30.000000,-1,72.018533,72.018533,-1,16,0,1690,14,0,659,1829,0,194,5.779091,3.103457,3.103457,1.000000,0.764540,-1,-1,-1,-1,-1,0.068576
91250,409,0,18410,45.012225,0.000000,30.000000,-1,71.994405,71.994405,-1,21,0,1808,13,0,718,1692,0,267,5.390097,2.947311,2.947311,1.000000,0.751938,-1,-1,-1,-1,-1,0.065478
91260,376,0,17283,45.965426,0.000000,30.000000,-1,72.016664,72.016664,-1,12,0,1545,25,0,667,1872,0,162,5.546440,3.073241,3.073241,1.000000,0.771710,-1,-1,-1,-1,-1,0.066860
91270,387,0,17669,45.656331,0.000000,30.000000,-1,72.091912,72.091912,-1,17,0,1484,18,0,667,1798,0,198,5.575273,3.113788,3.113788,1.000000,0.765763,-1,-1,-1,-1,-1,0.068201
91280,385,0,17386,45.158442,0.000000,30.000000,-1,72.045784,72.045784,-1,21,0,1510,12,0,678,1910,0,288,5.817503,3.283796,3.283796,1.000000,0.758185,-1,-1,-1,-1,-1,0.072717
91290,405,0,18677,46.116049,0.000000,30.000000,-1,72.030251,72.030251,-1,16,0,1651,18,0,721,1957,0,189,5.608125,3.110354,3.110354,1.000000,0.766934,-1,-1,-1,-1,-1,0.067446
91300,408,0,18500,45.343137,0.000000,30.000000,-1,71.983081,71.983081,-1,23,0,1780,22,0,730,1950,0,305,5.473152,3.055677,3.055677,1.000000,0.751750,-1,-1,-1,-1,-1,0.067390
91310,405,0,18109,44.713580,0.000000,30.000000,-1,71.995858,71.995858,-1,25,0,1647,18,0,728,2555,0,317,5.560651,3.044110,3.044110,1.000000,0.751931,-1,-1,-1,-1,-1,0.068080
91320,380,0,17598,46.310526,0.000000,30.000000,-1,71.918457,71.918457,-1,16,0,1585,21,0,684,1863,0,235,5.650193,3.127501,3.127501,1.000000,0.760715,-1,-1,-1,-1,-1,0.067533
91330,385,0,17475,45.389610,0.000000,30.000000,-1,71.893791,71.893791,-1,18,0,1646,17,0,651,2210,0,224,5.642820,3.122053,3.122053,1.000000,0.767462,-1,-1,-1,-1,-1,0.068783
91340,398,0,18065,45.389447,0.000000,30.000000,-1,71.911763,71.911763,-1,23,0,1615,15,0,697,1730,0,290,5.472128,3.088413,3.088413,1.000000,0.749916,-1,-1,-1,-1,-1,0.068043
91350,404,0,17823,44.116337,0.000000,30.000000,-1,71.878864,71.878864,-1,25,0,1630,20,0,657,1799,0,282,5.321383,2.986255,2.986255,1.000000,0.750953,-1,-1,-1,-1,-1,0.067690
91360,423,0,18808,44.463357,0.000000,30.000000,-1,71.895630,71.895630,-1,26,0,1754,23,0,717,2187,0,330,5.568073,3.018610,3.018610,1.000000,0.746911,-1,-1,-1,-1,-1,0.067890
91370,425,0,19851,46.708235,0.000000,30.000000,-1,71.871493,71.871493,-1,13,0,1629,14,0,736,2104,0,168,5.417250,3.052274,3.052274,1.000000,0.775715,-1,-1,-1,-1,-1,0.065348
91380,404,0,18427,45.611386,0.000000,30.000000,-1,71.789982,71.789982,-1,16,0,1735,26,0,759,1893,0,192,5.820208,3.191343,3.191343,1.000000,0.762635,-1,-1,-1,-1,-1,0.069968
91390,404,0,18629,46.111386,0.000000,30.000000,-1,71.750174,71.750174,-1,13,0,1456,13,0,690,1798,0,161,5.753856,3.158685,3.158685,1.000000,0.772574,-1,-1,-1,-1,-1,0.068501
91400,408,0,18393,45.080882,0.000000,30.000000,-1,71.756157,71.756157,-1,22,0,1498,30,0,749,1995,0,272,5.215609,3.004649,3.004649,1.000000,0.759539,-1,-1,-1,-1,-1,0.066650
91410,405,0,18483,45.637037,0.000000,30.000000,-1,71.714927,71.714927,-1,21,0,1370,20,0,702,1828,0,263,5.183545,2.982828,2.982828,1.000000,0.760707,-1,-1,-1,-1,-1,0.065360
91420,400,0,18461,46.152500,0.000000,30.000000,-1,71.745084,71.745084,-1,20,0,1471,24,0,668,2088,0,258,5.383990,3.072796,3.072796,1.000000,0.754797,-1,-1,-1,-1,-1,0.066579
91430,383,0,17353,45.308094,0.000000,30.000000,-1,71.717455,71.717455,-1,20,0,1590,15,0,700,1821,0,257,5.699174,3.109231,3.109231,1.000000,0.751076,-1,-1,-1,-1,-1,0.068624
91440,390,0,17751,45.515385,0.000000,30.000000,-1,71.705594,71.705594,-1,18,0,1645,18,0,660,1912,0,228,5.773821,3.238144,3.238144,1.000000,0.761865,-1,-1,-1,-1,-1,0.071144
91450,411,0,18610,45.279805,0.000000,30.000000,-1,71.665556,71.665556,-1,26,0,1683,18,0,737,1876,0,347,5.486117,3.105124,3.105124,1.000000,0.746554,-1,-1,-1,-1,-1,0.068576
91460,413,0,18992,45.985472,0.000000,30.000000,-1,71.673126,71.673126,-1,20,0,1529,24,0,695,2311,0,239,5.510963,3.118231,3.118231,1.000000,0.761466,-1,-1,-1,-1,-1,0.067809
91470,412,0,18388,44.631068,0.000000,30.000000,-1,71.691049,71.691049,-1,22,0,1601,15,0,742,1910,0,257,5.605798,3.023132,3.023132,1.000000,0.754982,-1,-1,-1,-1,-1,0.067736
91480,381,0,17275,45.341207,0.000000,30.000000,-1,71.729667,71.729667,-1,16,0,1680,18,0,627,1919,0,218,5.605883,3.078407,3.078407,1.000000,0.771714,-1,-1,-1,-1,-1,0.067894
91490,413,0,18748,45.394673,0.000000,30.000000,-1,71.742906,71.742906,-1,18,0,1667,18,0,677,2009,0,264,5.557835,3.100012,3.100012,1.000000,0.764485,-1,-1,-1,-1,-1,0.068290
91500,403,0,17986,44.630273,0.000000,30.000000,-1,71.733904,71.733904,-1,24,0,1445,23,0,691,2054,0,316,5.377959,3.050730,3.050730,1.000000,0.752451,-1,-1,-1,-1,-1,0.068356
91510,408,0,18620,45.637255,0.000000,30.000000,-1,71.722019,71.722019,-1,24,0,1597,19,0,704,1984,0,325,5.585654,3.210915,3.210915,1.000000,0.754430,-1,-1,-1,-1,-1,0.070357
91520,405,0,19052,47.041975,0.000000,30.000000,-1,71.769735,71.769735,-1,12,0,1898,17,0,771,2197,0,146,5.666313,3.188949,3.188949,1.000000,0.780758,-1,-1,-1,-1,-1,0.067789
91530,414,0,18790,45.386473,0.000000,30.000000,-1,71.730229,71.730229,-1,23,0,1590,18,0,730,1871,0,300,5.345780,3.055876,3.055876,1.000000,0.756625,-1,-1,-1,-1,-1,0.067330
91540,404,0,18331,45.373762,0.000000,30.000000,-1,71.746495,71.746495,-1,28,0,1623,18,0,707,2039,0,338,5.582045,3.240562,3.240562,1.000000,0.745684,-1,-1,-1,-1,-1,0.071419
91550,391,0,17762,45.427110,0.000000,30.000000,-1,71.697557,71.697557,-1,19,0,1539,17,0,659,1739,0,241,5.965149,3.450878,3.450878,1.000000,0.765065,-1,-1,-1,-1,-1,0.075965
91560,387,0,17720,45.788114,0.000000,30.000000,-1,71.745542,71.745542,-1,20,0,1579,27,0,684,1794,0,243,5.681772,3.252029,3.252029,1.000000,0.762568,-1,-1,-1,-1,-1,0.071023
91570,405,0,18252,45.066667,0.000000,30.000000,-1,71.795255,71.795255,-1,22,0,1610,11,0,669,1903,0,283,5.470949,3.070615,3.070615,1.000000,0.769111,-1,-1,-1,-1,-1,0.068135
91580,427,0,19102,44.735363,0.000000,30.000000,-1,71.845932,71.845932,-1,25,0,1673,16,0,713,2024,0,301,5.268905,2.979339,2.979339,1.000000,0.756068,-1,-1,-1,-1,-1,0.066599
91590,407,0,18356,45.100737,0.000000,30.000000,-1,71.869634,71.869634,-1,23,0,1818,16,0,701,1658,0,307,5.509817,3.004866,3.004866,1.000000,0.752109,-1,-1,-1,-1,-1,0.066626
91600,425,0,19242,45.275294,0.000000,30.000000,-1,71.849704,71.849704,-1,21,0,1662,13,0,741,2645,0,259,5.404904,3.081931,3.081931,1.000000,0.768202,-1,-1,-1,-1,-1,0.068071
91610,416,0,19083,45.872596,0.000000,30.000000,-1,71.819001,71.819001,-1,20,0,1612,19,0,784,2227,0,234,5.473539,3.045807,3.045807,1.000000,0.758831,-1,-1,-1,-1,-1,0.066397
91620,404,0,18086,44.767327,0.000000,30.000000,-1,71.821022,71.821022,-1,23,0,2048,14,0,695,1663,0,295,5.739147,3.066133,3.066133,1.000000,0.750398,-1,-1,-1,-1,-1,0.068490
91630,399,0,18089,45.335840,0.000000,30.000000,-1,71.900768,71.900768,-1,18,0,1575,20,0,674,1835,0,231,5.594871,3.119296,3.119296,1.000000,0.762582,-1,-1,-1,-1,-1,0.068804
91640,402,0,18454,45.905473,0.000000,30.000000,-1,71.958762,71.958762,-1,17,0,1384,18,0,666,2220,0,218,5.501102,3.194882,3.194882,1.000000,0.773070,-1,-1,-1,-1,-1,0.069597
91650,405,0,18493,45.661728,0.000000,30.000000,-1,71.971557,71.971557,-1,18,0,1659,11,0,718,1966,0,247,5.412058,3.087080,3.087080,1.000000,0.769284,-1,-1,-1,-1,-1,0.067608
91660,406,0,18224,44.886700,0.000000,30.000000,-1,71.960931,71.960931,-1,21,0,1583,18,0,702,2053,0,253,5.591723,3.134526,3.134526,1.000000,0.761210,-1,-1,-1,-1,-1,0.069832
91670,401,0,18524,46.194514,0.000000,30.000000,-1,71.991848,71.991848,-1,12,0,1754,18,0,718,2116,0,146,5.618006,3.138674,3.138674,1.000000,0.781413,-1,-1,-1,-1,-1,0.067945
91680,395,0,18239,46.174684,0.000000,30.000000,-1,72.006360,72.006360,-1,17,0,1724,25,0,699,1866,0,216,5.860033,3.242077,3.242077,1.000000,0.770163,-1,-1,-1,-1,-1,0.070213
91690,391,0,17836,45.616368,0.000000,30.000000,-1,72.011662,72.011662,-1,17,0,1536,21,0,681,1894,0,211,5.575272,3.178108,3.178108,1.000000,0.774800,-1,-1,-1,-1,-1,0.069670
91700,421,0,18402,43.710214,0.000000,30.000000,-1,72.054505,72.054505,-1,37,0,1745,14,0,790,1836,0,462,5.500213,3.041807,3.041807,1.000000,0.733175,-1,-1,-1,-1,-1,0.069590
91710,420,0,19112,45.504762,0.000000,30.000000,-1,72.099414,72.099414,-1,26,0,1399,24,0,725,1872,0,314,5.281533,3.069261,3.069261,1.000000,0.760084,-1,-1,-1,-1,-1,0.067449
91720,412,0,19129,46.429612,0.000000,30.000000,-1,72.078781,72.078781,-1,15,0,1596,14,0,769,2289,0,173,5.396725,3.127816,3.127816,1.000000,0.783013,-1,-1,-1,-1,-1,0.067367
91730,435,0,19499,44.825287,0.000000,30.000000,-1,72.087133,72.087133,-1,21,0,1673,18,0,677,1970,0,263,5.265148,2.951072,2.951072,1.000000,0.768853,-1,-1,-1,-1,-1,0.065835
91740,419,0,18982,45.303103,0.000000,30.000000,-1,72.061111,72.061111,-1,22,0,1697,18,0,719,2040,0,297,5.695531,3.153315,3.153315,1.000000,0.758810,-1,-1,-1,-1,-1,0.069605
91750,402,0,18454,45.905473,0.000000,30.000000,-1,72.049529,72.049529,-1,21,0,1469,18,0,668,1981,0,269,5.286056,3.094541,3.094541,1.000000,0.769619,-1,-1,-1,-1,-1,0.067411
91760,411,0,18649,45.374696,0.000000,30.000000,-1,72.020698,72.020698,-1,22,0,1511,15,0,710,1994,0,265,5.552857,3.159459,3.159459,1.000000,0.765763,-1,-1,-1,-1,-1,0.069630
91770,398,0,18244,45.839196,0.000000,30.000000,-1,72.004495,72.004495,-1,18,0,1745,25,0,698,1898,0,218,5.395051,3.097591,3.097591,1.000000,0.773686,-1,-1,-1,-1,-1,0.067575
91780,392,0,17487,44.609694,0.000000,30.000000,-1,72.016241,72.016241,-1,26,0,1563,25,0,681,2079,0,341,5.389192,3.098053,3.098053,1.000000,0.755112,-1,-1,-1,-1,-1,0.069448
91790,403,0,18588,46.124069,0.000000,30.000000,-1,71.993975,71.993975,-1,20,0,1470,19,0,674,1832,0,243,5.312039,3.136856,3.136856,1.000000,0.771279,-1,-1,-1,-1,-1,0.068009
91800,381,0,17345,45.524934,0.000000,30.000000,-1,71.977573,71.977573,-1,21,0,1604,18,0,666,2197,0,266,5.739895,3.281353,3.281353,1.000000,0.766058,-1,-1,-1,-1,-1,0.072078
91810,390,0,17978,46.097436,0.000000,30.000000,-1,71.990655,71.990655,-1,17,0,1580,18,0,691,1801,0,227,5.333157,3.068003,3.068003,1.000000,0.778876,-1,-1,-1,-1,-1,0.066555
91820,403,0,18247,45.277916,0.000000,30.000000,-1,71.981312,71.981312,-1,21,0,1619,18,0,725,1680,0,248,5.532341,3.201205,3.201205,1.000000,0.770837,-1,-1,-1,-1,-1,0.070701
91830,406,0,18312,45.103448,0.000000,30.000000,-1,71.980232,71.980232,-1,23,0,1832,12,0,703,1657,0,306,5.571190,3.129725,3.129725,1.000000,0.763206,-1,-1,-1,-1,-1,0.069390
91840,415,0,18989,45.756627,0.000000,30.000000,-1,71.996946,71.996946,-1,19,0,1776,24,0,704,1992,0,230,5.433920,3.043705,3.043705,1.000000,0.770105,-1,-1,-1,-1,-1,0.066519
91850,393,0,18172,46.239186,0.000000,30.000000,-1,72.029441,72.029441,-1,15,0,1724,16,0,712,1583,0,193,5.569931,3.095887,3.095887,1.000000,0.774029,-1,-1,-1,-1,-1,0.066954
91860,408,0,18797,46.071078,0.000000,30.000000,-1,72.065010,72.065010,-1,13,0,1701,14,0,675,1776,0,163,5.639529,3.133347,3.133347,1.000000,0.784588,-1,-1,-1,-1,-1,0.068011
91870,389,0,17466,44.899743,0.000000,30.000000,-1,72.050956,72.050956,-1,31,0,1375,19,0,706,1878,0,360,5.612023,3.341704,3.341704,1.000000,0.750401,-1,-1,-1,-1,-1,0.074426
91880,422,0,19322,45.786730,0.000000,30.000000,-1,72.105631,72.105631,-1,22,0,1418,19,0,745,1890,0,292,5.523842,3.248332,3.248332,1.000000,0.767297,-1,-1,-1,-1,-1,0.070945
91890,445,0,20277,45.566292,0.000000,30.000000,-1,72.105341,72.105341,-1,20,0,2024,17,0,768,2075,0,250,5.251260,2.948259,2.948259,1.000000,0.771091,-1,-1,-1,-1,-1,0.064703
91900,407,0,18716,45.985258,0.000000,30.000000,-1,72.094571,72.094571,-1,21,0,1665,23,0,741,1942,0,265,5.429879,3.142603,3.142603,1.000000,0.766352,-1,-1,-1,-1,-1,0.068339
91910,421,0,19009,45.152019,0.000000,30.000000,-1,72.177600,72.177600,-1,21,0,1889,22,0,652,1676,0,261,5.464893,3.004850,3.004850,1.000000,0.766304,-1,-1,-1,-1,-1,0.066550
91920,407,0,18625,45.761671,0.000000,30.000000,-1,72.186792,72.186792,-1,15,0,1723,17,0,711,1728,0,177,5.640779,3.174244,3.174244,1.000000,0.773679,-1,-1,-1,-1,-1,0.069365
91930,411,0,18779,45.690998,0.000000,30.000000,-1,72.204590,72.204590,-1,18,0,1826,27,0,691,2166,0,249,5.344185,2.984051,2.984051,1.000000,0.770478,-1,-1,-1,-1,-1,0.065309
91940,416,0,19552,47.000000,0.000000,30.000000,-1,72.245806,72.245806,-1,17,0,1439,20,0,666,1664,0,225,5.428261,3.258552,3.258552,1.000000,0.780651,-1,-1,-1,-1,-1,0.069331
91950,417,0,18923,45.378897,0.000000,30.000000,-1,72.280611,72.280611,-1,18,0,1827,27,0,805,2135,0,221,5.371899,2.951157,2.951157,1.000000,0.774049,-1,-1,-1,-1,-1,0.065034
91960,427,0,19239,45.056206,0.000000,30.000000,-1,72.243152,72.243152,-1,22,0,1778,15,0,681,2604,0,287,5.218379,2.944887,2.944887,1.000000,0.767204,-1,-1,-1,-1,-1,0.065360
91970,414,0,19436,46.946860,0.000000,30.000000,-1,72.131303,72.131303,-1,18,0,1379,19,0,744,2450,0,221,5.364538,3.235186,3.235186,1.000000,0.776709,-1,-1,-1,-1,-1,0.068912
91980,404,0,18740,46.386139,0.000000,30.000000,-1,72.113607,72.113607,-1,12,0,1685,13,0,760,1950,0,162,5.505795,3.138535,3.138535,1.000000,0.790259,-1,-1,-1,-1,-1,0.067661
91990,393,0,17451,44.404580,0.000000,30.000000,-1,72.017936,72.017936,-1,24,0,1625,14,0,669,1843,0,330,5.665410,3.197731,3.197731,1.000000,0.771536,-1,-1,-1,-1,-1,0.072014
92000,402,0,18475,45.957711,0.000000,30.000000,-1,72.057104,72.057104,-1,17,0,1872,25,0,678,1767,0,205,5.344611,3.064653,3.064653,1.000000,0.780024,-1,-1,-1,-1,-1,0.066684
92010,414,0,18480,44.637681,0.000000,30.000000,-1,72.123755,72.123755,-1,23,0,1396,16,0,682,1715,0,285,5.393398,3.173085,3.173085,1.000000,0.775366,-1,-1,-1,-1,-1,0.071085
92020,402,0,18860,46.915423,0.000000,30.000000,-1,72.214157,72.214157,-1,15,0,1561,22,0,714,1846,0,183,5.476044,3.286394,3.286394,1.000000,0.792540,-1,-1,-1,-1,-1,0.070049
92030,403,0,18563,46.062035,0.000000,30.000000,-1,72.230674,72.230674,-1,16,0,1550,19,0,743,2023,0,189,5.512531,3.174932,3.174932,1.000000,0.785421,-1,-1,-1,-1,-1,0.068927
92040,420,0,19187,45.683333,0.000000,30.000000,-1,72.231302,72.231302,-1,15,0,1790,10,0,711,2050,0,212,5.271737,2.932912,2.932912,1.000000,0.784007,-1,-1,-1,-1,-1,0.064201
92050,404,0,18171,44.977723,0.000000,30.000000,-1,72.298222,72.298222,-1,24,0,1710,19,0,741,2119,0,301,5.415683,3.080191,3.080191,1.000000,0.769866,-1,-1,-1,-1,-1,0.068483
92060,424,0,19004,44.820755,0.000000,30.000000,-1,72.296937,72.296937,-1,26,0,1682,19,0,713,2185,0,343,5.427995,3.111874,3.111874,1.000000,0.765988,-1,-1,-1,-1,-1,0.069429
92070,422,0,18969,44.950237,0.000000,30.000000,-1,72.356476,72.356476,-1,21,0,1609,24,0,721,1924,0,255,5.304585,3.047932,3.047932,1.000000,0.775218,-1,-1,-1,-1,-1,0.067807
92080,387,0,17800,45.994832,0.000000,30.000000,-1,72.337584,72.337584,-1,15,0,1486,21,0,718,1753,0,189,5.508014,3.178094,3.178094,1.000000,0.783703,-1,-1,-1,-1,-1,0.069097
92090,394,0,18440,46.802030,0.000000,30.000000,-1,72.293492,72.293492,-1,9,0,1653,26,0,750,2040,0,97,5.601142,3.262286,3.262286,1.000000,0.800280,-1,-1,-1,-1,-1,0.069704
92100,406,0,18718,46.103448,0.000000,30.000000,-1,72.338391,72.338391,-1,15,0,1870,20,0,767,1688,0,209,5.397122,3.046638,3.046638,1.000000,0.787373,-1,-1,-1,-1,-1,0.066083
92110,423,0,19153,45.278960,0.000000,30.000000,-1,72.326320,72.326320,-1,23,0,1851,16,0,723,2085,0,295,5.482450,3.049578,3.049578,1.000000,0.765479,-1,-1,-1,-1,-1,0.067351
92120,398,0,17969,45.148241,0.000000,30.000000,-1,72.354444,72.354444,-1,19,0,1665,12,0,639,1692,0,237,5.544333,3.180960,3.180960,1.000000,0.778858,-1,-1,-1,-1,-1,0.070456
92130,417,0,19067,45.724221,0.000000,30.000000,-1,72.339225,72.339225,-1,25,0,1540,11,0,719,1968,0,313,5.344278,3.287902,3.287902,1.000000,0.779931,-1,-1,-1,-1,-1,0.071907
92140,398,0,18242,45.834171,0.000000,30.000000,-1,72.374520,72.374520,-1,16,0,1780,16,0,729,2095,0,198,5.348973,3.029706,3.029706,1.000000,0.785718,-1,-1,-1,-1,-1,0.066101
92150,409,0,18389,44.960880,0.000000,30.000000,-1,72.345478,72.345478,-1,23,0,1765,19,0,734,1844,0,296,5.302851,3.095449,3.095449,1.000000,0.770278,-1,-1,-1,-1,-1,0.068848
92160,400,0,18755,46.887500,0.000000,30.000000,-1,72.373500,72.373500,-1,14,0,1573,24,0,699,1719,0,159,5.538906,3.331868,3.331868,1.000000,0.793738,-1,-1,-1,-1,-1,0.071061
92170,396,0,17940,45.303030,0.000000,30.000000,-1,72.361483,72.361483,-1,18,0,1962,15,0,670,1950,0,202,5.649482,3.194434,3.194434,1.000000,0.783933,-1,-1,-1,-1,-1,0.070513
92180,421,0,18910,44.916865,0.000000,30.000000,-1,72.338234,72.338234,-1,22,0,1792,22,0,720,1766,0,296,5.224208,2.958916,2.958916,1.000000,0.776871,-1,-1,-1,-1,-1,0.065875
92190,427,0,19594,45.887588,0.000000,30.000000,-1,72.310860,72.310860,-1,19,0,1706,18,0,765,2378,0,228,5.169435,3.023662,3.023662,1.000000,0.783861,-1,-1,-1,-1,-1,0.065893
92200,398,0,17782,44.678392,0.000000,30.000000,-1,72.295467,72.295467,-1,28,0,1635,24,0,726,2136,0,345,5.438927,3.071721,3.071721,1.000000,0.750752,-1,-1,-1,-1,-1,0.068752
92210,410,0,18715,45.646341,0.000000,30.000000,-1,72.310232,72.310232,-1,22,0,1553,17,0,733,2064,0,293,5.675550,3.282986,3.282986,1.000000,0.769258,-1,-1,-1,-1,-1,0.071922
92220,404,0,17843,44.165842,0.000000,30.000000,-1,72.295354,72.295354,-1,26,0,1844,21,0,701,1764,0,319,5.657846,3.092744,3.092744,1.000000,0.763487,-1,-1,-1,-1,-1,0.070026
92230,416,0,18926,45.495192,0.000000,30.000000,-1,72.262390,72.262390,-1,18,0,1969,21,0,729,1945,0,239,5.872111,3.135901,3.135901,1.000000,0.779735,-1,-1,-1,-1,-1,0.068928
92240,417,0,18798,45.079137,0.000000,30.000000,-1,72.330248,72.330248,-1,20,0,1584,19,0,736,1689,0,246,5.089631,2.974832,2.974832,1.000000,0.781174,-1,-1,-1,-1,-1,0.065991
92250,396,0,18134,45.792929,0.000000,30.000000,-1,72.268005,72.268005,-1,20,0,1591,18,0,756,1691,0,217,5.445981,3.170301,3.170301,1.000000,0.776249,-1,-1,-1,-1,-1,0.069231
92260,396,0,18022,45.510101,0.000000,30.000000,-1,72.288647,72.288647,-1,24,0,1555,16,0,661,2180,0,273,5.771344,3.365982,3.365982,1.000000,0.767331,-1,-1,-1,-1,-1,0.073961
92270,412,0,18918,45.917476,0.000000,30.000000,-1,72.357490,72.357490,-1,20,0,1582,16,0,757,2042,0,248,5.574507,3.286990,3.286990,1.000000,0.777293,-1,-1,-1,-1,-1,0.071585
92280,402,0,18321,45.574627,0.000000,30.000000,-1,72.384695,72.384695,-1,21,0,1572,15,0,703,1775,0,249,5.512858,3.230745,3.230745,1.000000,0.778324,-1,-1,-1,-1,-1,0.070889
92290,408,0,18578,45.534314,0.000000,30.000000,-1,72.443428,72.443428,-1,20,0,1578,14,0,659,1953,0,264,5.185718,3.083190,3.083190,1.000000,0.783039,-1,-1,-1,-1,-1,0.067711
92300,397,0,18347,46.214106,0.000000,30.000000,-1,72.474901,72.474901,-1,17,0,1414,19,0,707,1974,0,227,5.503504,3.319334,3.319334,1.000000,0.788599,-1,-1,-1,-1,-1,0.071825
92310,391,0,17864,45.687980,0.000000,30.000000,-1,72.445925,72.445925,-1,21,0,1323,12,0,653,1752,0,247,5.753392,3.592242,3.592242,1.000000,0.785723,-1,-1,-1,-1,-1,0.078626
92320,397,0,17985,45.302267,0.000000,30.000000,-1,72.419016,72.419016,-1,24,0,1672,11,0,711,2106,0,313,5.560240,3.242926,3.242926,1.000000,0.769697,-1,-1,-1,-1,-1,0.071584
92330,423,0,19134,45.234043,0.000000,30.000000,-1,72.427929,72.427929,-1,21,0,1555,16,0,694,2386,0,261,5.283016,3.128106,3.128106,1.000000,0.784502,-1,-1,-1,-1,-1,0.069154
92340,406,0,18503,45.573892,0.000000,30.000000,-1,72.374642,72.374642,-1,20,0,1485,18,0,681,1613,0,259,5.117865,3.009667,3.009667,1.000000,0.780053,-1,-1,-1,-1,-1,0.066039
92350,406,0,18338,45.167488,0.000000,30.000000,-1,72.360127,72.360127,-1,21,0,1719,21,0,768,2097,0,270,5.318056,3.018854,3.018854,1.000000,0.781972,-1,-1,-1,-1,-1,0.066837
92360,400,0,18335,45.837500,0.000000,30.000000,-1,72.329752,72.329752,-1,17,0,1605,12,0,687,1857,0,202,5.827109,3.443724,3.443724,1.000000,0.783897,-1,-1,-1,-1,-1,0.075129
92370,407,0,18623,45.756757,0.000000,30.000000,-1,72.343661,72.343661,-1,21,0,1455,14,0,702,1664,0,279,5.622730,3.350243,3.350243,1.000000,0.780474,-1,-1,-1,-1,-1,0.073219
92380,398,0,18311,46.007538,0.000000,30.000000,-1,72.347387,72.347387,-1,20,0,1612,22,0,699,1810,0,258,5.703172,3.303767,3.303767,1.000000,0.775847,-1,-1,-1,-1,-1,0.071809
92390,405,0,18711,46.200000,0.000000,30.000000,-1,72.312704,72.312704,-1,17,0,1510,19,0,677,2006,0,229,5.481716,3.241016,3.241016,1.000000,0.788182,-1,-1,-1,-1,-1,0.070152
92400,421,0,19522,46.370546,0.000000,30.000000,-1,72.340846,72.340846,-1,21,0,1645,22,0,778,1827,0,274,5.372294,3.241777,3.241777,1.000000,0.779796,-1,-1,-1,-1,-1,0.069910
92410,411,0,18442,44.871046,0.000000,30.000000,-1,72.365904,72.365904,-1,24,0,1851,17,0,774,1854,0,291,5.363469,3.048998,3.048998,1.000000,0.772995,-1,-1,-1,-1,-1,0.067950
92420,376,0,17261,45.906915,0.000000,30.000000,-1,72.366665,72.366665,-1,17,0,1458,25,0,657,1833,0,213,5.292698,3.167028,3.167028,1.000000,0.780885,-1,-1,-1,-1,-1,0.068988
92430,379,0,16963,44.757256,0.000000,30.000000,-1,72.404822,72.404822,-1,22,0,1530,13,0,655,1932,0,265,5.874497,3.396894,3.396894,1.000000,0.773074,-1,-1,-1,-1,-1,0.075896
92440,402,0,18496,46.009950,0.000000,30.000000,-1,72.450422,72.450422,-1,20,0,1553,21,0,700,2020,0,262,5.422676,3.150767,3.150767,1.000000,0.774616,-1,-1,-1,-1,-1,0.068480
92450,387,0,17624,45.540052,0.000000,30.000000,-1,72.468906,72.468906,-1,11,0,1667,26,0,638,1849,0,133,5.378040,3.013494,3.013494,1.000000,0.795698,-1,-1,-1,-1,-1,0.066172
92460,385,0,17712,46.005195,0.000000,30.000000,-1,72.553241,72.553241,-1,17,0,1550,17,0,630,1514,0,214,5.780508,3.421656,3.421656,1.000000,0.785160,-1,-1,-1,-1,-1,0.074375
92470,379,0,17258,45.535620,0.000000,30.000000,-1,72.553251,72.553251,-1,18,0,1602,23,0,667,1557,0,233,5.562018,3.198379,3.198379,1.000000,0.777899,-1,-1,-1,-1,-1,0.070239
92480,396,0,18151,45.835859,0.000000,30.000000,-1,72.579803,72.579803,-1,18,0,1384,21,0,666,1880,0,241,5.308322,3.157647,3.157647,1.000000,0.784735,-1,-1,-1,-1,-1,0.068890
92490,400,0,18496,46.240000,0.000000,30.000000,-1,72.592344,72.592344,-1,19,0,1298,24,0,701,1749,0,246,5.420964,3.272488,3.272488,1.000000,0.782371,-1,-1,-1,-1,-1,0.070772
92500,434,0,19774,45.562212,0.000000,30.000000,-1,72.645241,72.645241,-1,19,0,1923,13,0,825,1703,0,245,5.301387,2.954044,2.954044,1.000000,0.784820,-1,-1,-1,-1,-1,0.064835
92510,421,0,19257,45.741093,0.000000,30.000000,-1,72.667913,72.667913,-1,24,0,1567,21,0,752,1984,0,301,5.312819,3.167840,3.167840,1.000000,0.773714,-1,-1,-1,-1,-1,0.069256
92520,422,0,19092,45.241706,0.000000,30.000000,-1,72.671328,72.671328,-1,23,0,1616,16,0,776,2314,0,298,5.453391,3.198606,3.198606,1.000000,0.771537,-1,-1,-1,-1,-1,0.070700
92530,415,0,19147,46.137349,0.000000,30.000000,-1,72.657858,72.657858,-1,15,0,1523,20,0,684,1941,0,195,5.297234,3.137476,3.137476,1.000000,0.792543,-1,-1,-1,-1,-1,0.068003
92540,412,0,18961,46.021845,0.000000,30.000000,-1,72.673277,72.673277,-1,17,0,1675,25,0,731,2179,0,217,5.244989,3.092505,3.092505,1.000000,0.789527,-1,-1,-1,-1,-1,0.067196
92550,397,0,17876,45.027708,0.000000,30.000000,-1,72.629951,72.629951,-1,17,0,1627,17,0,737,1930,0,225,5.410911,3.160517,3.160517,1.000000,0.789751,-1,-1,-1,-1,-1,0.070190
92560,388,0,17445,44.961340,0.000000,30.000000,-1,72.614732,72.614732,-1,25,0,1371,16,0,692,1723,0,291,5.426902,3.194723,3.194723,1.000000,0.766883,-1,-1,-1,-1,-1,0.071055
92570,381,0,17287,45.372703,0.000000,30.000000,-1,72.595592,72.595592,-1,21,0,1351,14,0,676,1820,0,287,5.483996,3.173047,3.173047,1.000000,0.771920,-1,-1,-1,-1,-1,0.069933
92580,395,0,17765,44.974684,0.000000,30.000000,-1,72.668393,72.668393,-1,26,0,1597,17,0,666,1785,0,330,5.563895,3.256358,3.256358,1.000000,0.760454,-1,-1,-1,-1,-1,0.072404
92590,383,0,17966,46.908616,0.000000,30.000000,-1,72.679005,72.679005,-1,11,0,1483,22,0,689,1374,0,135,5.714736,3.376523,3.376523,1.000000,0.798408,-1,-1,-1,-1,-1,0.071981
92600,406,0,18720,46.108374,0.000000,30.000000,-1,72.726549,72.726549,-1,13,0,1420,16,0,696,2078,0,167,5.524196,3.271371,3.271371,1.000000,0.804202,-1,-1,-1,-1,-1,0.070950
92610,416,0,19130,45.985577,0.000000,30.000000,-1,72.666022,72.666022,-1,22,0,1612,17,0,770,1864,0,263,5.522325,3.254118,3.254118,1.000000,0.779453,-1,-1,-1,-1,-1,0.070764
92620,404,0,18201,45.051980,0.000000,30.000000,-1,72.575793,72.575793,-1,17,0,1910,27,0,680,1853,0,230,5.514103,3.102725,3.102725,1.000000,0.790278,-1,-1,-1,-1,-1,0.068870
92630,422,0,19081,45.215640,0.000000,30.000000,-1,72.583303,72.583303,-1,27,0,1709,18,0,705,1577,0,326,5.301433,3.050407,3.050407,1.000000,0.765002,-1,-1,-1,-1,-1,0.067464
92640,405,0,18472,45.609877,0.000000,30.000000,-1,72.615201,72.615201,-1,26,0,1481,20,0,708,1865,0,330,5.364207,3.206987,3.206987,1.000000,0.763647,-1,-1,-1,-1,-1,0.070313
92650,383,0,17928,46.809399,0.000000,30.000000,-1,72.628402,72.628402,-1,13,0,1535,17,0,657,1649,0,148,5.787517,3.335136,3.335136,1.000000,0.789065,-1,-1,-1,-1,-1,0.071249
92660,378,0,17327,45.838624,0.000000,30.000000,-1,72.652739,72.652739,-1,16,0,1419,21,0,643,1916,0,193,5.405719,3.255405,3.255405,1.000000,0.792615,-1,-1,-1,-1,-1,0.071019
92670,383,0,17707,46.232376,0.000000,30.000000,-1,72.712487,72.712487,-1,11,0,1612,16,0,652,1926,0,124,5.598708,3.239412,3.239412,1.000000,0.800412,-1,-1,-1,-1,-1,0.070068
92680,394,0,17712,44.954315,0.000000,30.000000,-1,72.735208,72.735208,-1,17,0,1754,23,0,718,1856,0,218,5.681884,3.152416,3.152416,1.000000,0.782231,-1,-1,-1,-1,-1,0.070125
92690,387,0,17611,45.506460,0.000000,30.000000,-1,72.749020,72.749020,-1,19,0,1396,23,0,651,2321,0,238,5.228386,3.079969,3.079969,1.000000,0.780151,-1,-1,-1,-1,-1,0.067682
92700,406,0,18247,44.943350,0.000000,30.000000,-1,72.810161,72.810161,-1,24,0,1570,13,0,729,1814,0,309,5.516021,3.253800,3.253800,1.000000,0.773585,-1,-1,-1,-1,-1,0.072398
92710,412,0,18916,45.912621,0.000000,30.000000,-1,72.850761,72.850761,-1,23,0,1400,16,0,727,2123,0,270,5.270794,3.222734,3.222734,1.000000,0.782203,-1,-1,-1,-1,-1,0.070193
92720,393,0,17710,45.063613,0.000000,30.000000,-1,72.855844,72.855844,-1,25,0,1735,19,0,679,2036,0,319,5.591440,3.248012,3.248012,1.000000,0.767193,-1,-1,-1,-1,-1,0.072076
92730,409,0,18645,45.586797,0.000000,30.000000,-1,72.888764,72.888764,-1,21,0,1573,26,0,692,1819,0,273,5.603289,3.262236,3.262236,1.000000,0.772498,-1,-1,-1,-1,-1,0.071561
92740,403,0,18865,46.811414,0.000000,30.000000,-1,72.895998,72.895998,-1,16,0,1435,21,0,670,2154,0,202,5.554102,3.402060,3.402060,1.000000,0.793821,-1,-1,-1,-1,-1,0.072676
92750,399,0,17701,44.363409,0.000000,30.000000,-1,72.912886,72.912886,-1,31,0,1709,15,0,679,1859,0,346,5.648394,3.256368,3.256368,1.000000,0.757259,-1,-1,-1,-1,-1,0.073402
92760,404,0,18059,44.700495,0.000000,30.000000,-1,72.969710,72.969710,-1,25,0,1600,16,0,652,1962,0,328,5.595694,3.214302,3.214302,1.000000,0.772805,-1,-1,-1,-1,-1,0.071908
92770,394,0,17818,45.223350,0.000000,30.000000,-1,72.980413,72.980413,-1,22,0,1773,16,0,684,1820,0,266,5.419319,3.084307,3.084307,1.000000,0.768071,-1,-1,-1,-1,-1,0.068202
92780,415,0,19189,46.238554,0.000000,30.000000,-1,72.977279,72.977279,-1,16,0,1658,20,0,728,1869,0,214,5.483693,3.172493,3.172493,1.000000,0.785828,-1,-1,-1,-1,-1,0.068611
92790,417,0,19130,45.875300,0.000000,30.000000,-1,72.979352,72.979352,-1,15,0,1832,23,0,707,1903,0,189,5.277140,3.050598,3.050598,1.000000,0.784795,-1,-1,-1,-1,-1,0.066498
92800,405,0,18901,46.669136,0.000000,30.000000,-1,73.017936,73.017936,-1,14,0,1808,19,0,679,1967,0,170,5.966051,3.381274,3.381274,1.000000,0.790182,-1,-1,-1,-1,-1,0.072452
92810,424,0,19116,45.084906,0.000000,30.000000,-1,73.037403,73.037403,-1,27,0,1929,9,0,800,1927,0,358,5.512957,3.059932,3.059932,1.000000,0.755477,-1,-1,-1,-1,-1,0.067870
92820,408,0,18533,45.424020,0.000000,30.000000,-1,73.028004,73.028004,-1,16,0,1611,17,0,677,1951,0,194,5.670799,3.278314,3.278314,1.000000,0.784302,-1,-1,-1,-1,-1,0.072171
92830,389,0,18041,46.377892,0.000000,30.000000,-1,73.023668,73.023668,-1,16,0,1490,12,0,695,1809,0,188,5.686199,3.361849,3.361849,1.000000,0.784817,-1,-1,-1,-1,-1,0.072488
92840,405,0,18420,45.481481,0.000000,30.000000,-1,73.051574,73.051574,-1,23,0,1584,11,0,708,1953,0,295,5.598692,3.278322,3.278322,1.000000,0.776106,-1,-1,-1,-1,-1,0.072080
92850,386,0,17815,46.152850,0.000000,30.000000,-1,73.106764,73.106764,-1,14,0,1536,17,0,673,1670,0,179,5.542611,3.143054,3.143054,1.000000,0.779712,-1,-1,-1,-1,-1,0.068101
92860,381,0,17354,45.548556,0.000000,30.000000,-1,73.072721,73.072721,-1,17,0,1551,18,0,642,1642,0,221,5.605636,3.216012,3.216012,1.000000,0.774999,-1,-1,-1,-1,-1,0.070606
92870,399,0,18293,45.847118,0.000000,30.000000,-1,73.051167,73.051167,-1,20,0,1691,14,0,703,1768,0,255,5.712351,3.241880,3.241880,1.000000,0.767000,-1,-1,-1,-1,-1,0.070711
92880,415,0,18802,45.306024,0.000000,30.000000,-1,73.113711,73.113711,-1,17,0,1705,28,0,729,1815,0,233,5.424932,3.037375,3.037375,1.000000,0.773353,-1,-1,-1,-1,-1,0.067041
92890,395,0,17834,45.149367,0.000000,30.000000,-1,73.114613,73.114613,-1,24,0,1570,25,0,689,1632,0,307,5.369496,3.106775,3.106775,1.000000,0.768509,-1,-1,-1,-1,-1,0.068811
92900,408,0,18301,44.855392,0.000000,30.000000,-1,73.124201,73.124201,-1,25,0,1652,15,0,666,1941,0,324,5.366608,3.126273,3.126273,1.000000,0.766528,-1,-1,-1,-1,-1,0.069697
92910,401,0,18523,46.192020,0.000000,30.000000,-1,73.126491,73.126491,-1,16,0,1714,15,0,706,1962,0,169,5.569496,3.162939,3.162939,1.000000,0.774774,-1,-1,-1,-1,-1,0.068474
92920,389,0,17561,45.143959,0.000000,30.000000,-1,73.160640,73.160640,-1,22,0,1659,19,0,688,1615,0,284,5.738497,3.273622,3.273622,1.000000,0.764180,-1,-1,-1,-1,-1,0.072515
92930,396,0,17999,45.452020,0.000000,30.000000,-1,73.129729,73.129729,-1,20,0,1626,16,0,638,1894,0,242,5.349615,3.095190,3.095190,1.000000,0.772488,-1,-1,-1,-1,-1,0.068098
92940,386,0,17581,45.546632,0.000000,30.000000,-1,73.160059,73.160059,-1,22,0,1524,24,0,655,1967,0,248,5.725271,3.249686,3.249686,1.000000,0.764399,-1,-1,-1,-1,-1,0.071349
92950,414,0,18603,44.934783,0.000000,30.000000,-1,73.159920,73.159920,-1,23,0,1764,16,0,712,2072,0,260,5.437825,3.049408,3.049408,1.000000,0.762404,-1,-1,-1,-1,-1,0.067863
92960,377,0,17985,47.705570,0.000000,30.000000,-1,73.164637,73.164637,-1,4,0,1538,29,0,694,1970,0,49,5.711868,3.292237,3.292237,1.000000,0.808951,-1,-1,-1,-1,-1,0.069012
92970,410,0,18810,45.878049,0.000000,30.000000,-1,73.202499,73.202499,-1,18,0,1777,19,0,694,2019,0,240,5.435764,3.075618,3.075618,1.000000,0.774028,-1,-1,-1,-1,-1,0.067039
92980,431,0,19217,44.587007,0.000000,30.000000,-1,73.204663,73.204663,-1,30,0,1986,16,0,698,1893,0,378,5.328105,2.913526,2.913526,1.000000,0.742535,-1,-1,-1,-1,-1,0.065345
92990,421,0,19237,45.693587,0.000000,30.000000,-1,73.191922,73.191922,-1,21,0,1588,17,0,751,1840,0,278,5.276937,3.029477,3.029477,1.000000,0.770872,-1,-1,-1,-1,-1,0.066300
93000,399,0,18508,46.385965,0.000000,30.000000,-1,73.168252,73.168252,-1,15,0,1598,16,0,722,1917,0,178,5.488463,3.231671,3.231671,1.000000,0.780880,-1,-1,-1,-1,-1,0.069669
93010,399,0,17830,44.686717,0.000000,30.000000,-1,73.201683,73.201683,-1,28,0,1524,24,0,666,1668,0,358,5.466244,3.145763,3.145763,1.000000,0.751069,-1,-1,-1,-1,-1,0.070396
93020,383,0,17480,45.639687,0.000000,30.000000,-1,73.195309,73.195309,-1,14,0,1672,25,0,652,1601,0,185,5.469615,3.151546,3.151546,1.000000,0.779520,-1,-1,-1,-1,-1,0.069053
93030,413,0,18636,45.123487,0.000000,30.000000,-1,73.168330,73.168330,-1,19,0,1798,14,0,720,2220,0,249,5.621659,3.023447,3.023447,1.000000,0.764597,-1,-1,-1,-1,-1,0.067004
93040,417,0,18979,45.513189,0.000000,30.000000,-1,73.196796,73.196796,-1,22,0,1557,26,0,686,1938,0,272,5.188085,2.952831,2.952831,1.000000,0.765337,-1,-1,-1,-1,-1,0.064879
93050,415,0,18941,45.640964,0.000000,30.000000,-1,73.209757,73.209757,-1,18,0,1725,23,0,765,2126,0,219,5.168389,2.944520,2.944520,1.000000,0.776649,-1,-1,-1,-1,-1,0.064515
93060,422,0,19372,45.905213,0.000000,30.000000,-1,73.256143,73.256143,-1,18,0,1881,12,0,738,2585,0,227,5.389398,3.058074,3.058074,1.000000,0.775632,-1,-1,-1,-1,-1,0.066617
93070,422,0,18780,44.502370,0.000000,30.000000,-1,73.272630,73.272630,-1,27,0,1888,19,0,777,1938,0,324,5.344929,2.936385,2.936385,1.000000,0.750556,-1,-1,-1,-1,-1,0.065983
93080,411,0,18701,45.501217,0.000000,30.000000,-1,73.233677,73.233677,-1,24,0,1742,18,0,723,1988,0,301,5.581571,3.240002,3.240002,1.000000,0.760778,-1,-1,-1,-1,-1,0.071207
93090,407,0,18719,45.992629,0.000000,30.000000,-1,73.257973,73.257973,-1,19,0,1614,17,0,672,1988,0,259,5.539505,3.169867,3.169867,1.000000,0.771689,-1,-1,-1,-1,-1,0.068921
93100,415,0,19325,46.566265,0.000000,30.000000,-1,73.328124,73.328124,-1,13,0,1905,16,0,740,1881,0,180,5.590474,3.171775,3.171775,1.000000,0.783773,-1,-1,-1,-1,-1,0.068113
93110,398,0,18384,46.190955,0.000000,30.000000,-1,73.364175,73.364175,-1,12,0,1756,18,0,720,1953,0,161,5.761277,3.134452,3.134452,1.000000,0.775159,-1,-1,-1,-1,-1,0.067859
93120,393,0,17930,45.623410,0.000000,30.000000,-1,73.373173,73.373173,-1,17,0,1489,27,0,726,1849,0,223,5.484321,3.115946,3.115946,1.000000,0.776924,-1,-1,-1,-1,-1,0.068297
93130,399,0,17988,45.082707,0.000000,30.000000,-1,73.407661,73.407661,-1,23,0,1675,18,0,700,1912,0,315,5.793989,3.259000,3.259000,1.000000,0.765295,-1,-1,-1,-1,-1,0.072289
93140,416,0,18915,45.468750,0.000000,30.000000,-1,73.420196,73.420196,-1,17,0,1821,15,0,715,2129,0,197,5.325996,2.976373,2.976373,1.000000,0.774879,-1,-1,-1,-1,-1,0.065460
93150,412,0,19007,46.133495,0.000000,30.000000,-1,73.458515,73.458515,-1,12,0,1618,23,0,708,2245,0,161,5.484203,3.058215,3.058215,1.000000,0.775784,-1,-1,-1,-1,-1,0.066291
93160,416,0,18512,44.500000,0.000000,30.000000,-1,73.448736,73.448736,-1,25,0,1865,17,0,703,2052,0,293,5.483945,3.012087,3.012087,1.000000,0.758885,-1,-1,-1,-1,-1,0.067687
93170,394,0,17955,45.571066,0.000000,30.000000,-1,73.496296,73.496296,-1,20,0,1363,18,0,691,2095,0,271,5.537157,3.245415,3.245415,1.000000,0.780188,-1,-1,-1,-1,-1,0.071217
93180,407,0,18448,45.326781,0.000000,30.000000,-1,73.445956,73.445956,-1,23,0,1651,19,0,727,1721,0,291,5.599959,3.158435,3.158435,1.000000,0.769175,-1,-1,-1,-1,-1,0.069681
93190,387,0,17794,45.979328,0.000000,30.000000,-1,73.459425,73.459425,-1,17,0,1677,23,0,677,2138,0,245,5.570413,3.170328,3.170328,1.000000,0.776144,-1,-1,-1,-1,-1,0.068951
93200,400,0,18261,45.652500,0.000000,30.000000,-1,73.461256,73.461256,-1,19,0,1509,15,0,684,1450,0,248,5.577838,3.298848,3.298848,1.000000,0.776621,-1,-1,-1,-1,-1,0.072260
93210,381,0,17401,45.671916,0.000000,30.000000,-1,73.521522,73.521522,-1,18,0,1574,18,0,661,1623,0,222,5.742038,3.240465,3.240465,1.000000,0.773950,-1,-1,-1,-1,-1,0.070951
93220,404,0,18407,45.561881,0.000000,30.000000,-1,73.573043,73.573043,-1,20,0,1558,18,0,731,1767,0,255,5.687687,3.365118,3.365118,1.000000,0.781402,-1,-1,-1,-1,-1,0.073858
93230,423,0,19453,45.988180,0.000000,30.000000,-1,73.576518,73.576518,-1,15,0,1482,29,0,740,1873,0,182,5.270392,3.057763,3.057763,1.000000,0.784693,-1,-1,-1,-1,-1,0.066490
93240,413,0,18748,45.394673,0.000000,30.000000,-1,73.614359,73.614359,-1,21,0,1784,20,0,744,1887,0,228,5.441481,3.114958,3.114958,1.000000,0.769347,-1,-1,-1,-1,-1,0.068619
93250,396,0,18333,46.295455,0.000000,30.000000,-1,73.581029,73.581029,-1,15,0,1395,18,0,693,1772,0,193,5.445409,3.243023,3.243023,1.000000,0.783387,-1,-1,-1,-1,-1,0.070051
93260,406,0,18838,46.399015,0.000000,30.000000,-1,73.607920,73.607920,-1,13,0,2009,21,0,751,2147,0,157,5.430951,2.975922,2.975922,1.000000,0.779487,-1,-1,-1,-1,-1,0.064138
93270,413,0,19044,46.111380,0.000000,30.000000,-1,73.633218,73.633218,-1,15,0,1910,15,0,701,2238,0,176,5.322685,3.002692,3.002692,1.000000,0.781386,-1,-1,-1,-1,-1,0.065118
93280,408,0,18376,45.039216,0.000000,30.000000,-1,73.656400,73.656400,-1,20,0,1816,15,0,680,1762,0,258,5.562846,3.037645,3.037645,1.000000,0.770834,-1,-1,-1,-1,-1,0.067444
93290,429,0,19827,46.216783,0.000000,30.000000,-1,73.645181,73.645181,-1,17,0,1814,19,0,751,2301,0,193,5.300729,3.035713,3.035713,1.000000,0.774047,-1,-1,-1,-1,-1,0.065684
93300,410,0,18443,44.982927,0.000000,30.000000,-1,73.658895,73.658895,-1,23,0,1682,24,0,728,1780,0,275,5.437637,3.027655,3.027655,1.000000,0.757921,-1,-1,-1,-1,-1,0.067307
93310,381,0,17258,45.296588,0.000000,30.000000,-1,73.707904,73.707904,-1,19,0,1497,29,0,626,1656,0,233,5.239815,3.001530,3.001530,1.000000,0.773455,-1,-1,-1,-1,-1,0.066264
93320,415,0,19105,46.036145,0.000000,30.000000,-1,73.726982,73.726982,-1,19,0,1755,11,0,732,1786,0,257,5.301714,3.036209,3.036209,1.000000,0.772169,-1,-1,-1,-1,-1,0.065953
93330,415,0,19046,45.893976,0.000000,30.000000,-1,73.713221,73.713221,-1,17,0,1564,24,0,773,1895,0,215,5.324703,3.081206,3.081206,1.000000,0.780294,-1,-1,-1,-1,-1,0.067137
93340,412,0,18889,45.847087,0.000000,30.000000,-1,73.723066,73.723066,-1,15,0,1695,24,0,704,2041,0,201,5.418466,3.035129,3.035129,1.000000,0.781700,-1,-1,-1,-1,-1,0.066201
93350,420,0,19212,45.742857,0.000000,30.000000,-1,73.700656,73.700656,-1,20,0,1727,17,0,769,1998,0,242,5.323133,3.034010,3.034010,1.000000,0.765146,-1,-1,-1,-1,-1,0.066328
93360,388,0,17835,45.966495,0.000000,30.000000,-1,73.739165,73.739165,-1,18,0,1323,22,0,658,1674,0,215,5.497555,3.226978,3.226978,1.000000,0.775653,-1,-1,-1,-1,-1,0.070203
93370,396,0,18565,46.881313,0.000000,30.000000,-1,73.734554,73.734554,-1,12,0,1621,18,0,709,2121,0,149,5.748806,3.293282,3.293282,1.000000,0.789871,-1,-1,-1,-1,-1,0.070247
93380,422,0,19086,45.227488,0.000000,30.000000,-1,73.766583,73.766583,-1,25,0,1765,13,0,764,1836,0,314,5.336133,3.047415,3.047415,1.000000,0.763164,-1,-1,-1,-1,-1,0.067380
93390,397,0,18205,45.856423,0.000000,30.000000,-1,73.787091,73.787091,-1,18,0,1699,25,0,711,2174,0,223,5.508389,3.108600,3.108600,1.000000,0.771699,-1,-1,-1,-1,-1,0.067790
93400,379,0,17054,44.997361,0.000000,30.000000,-1,73.797526,73.797526,-1,19,0,1425,21,0,693,1734,0,250,5.557607,3.221260,3.221260,1.000000,0.773829,-1,-1,-1,-1,-1,0.071588
93410,387,0,17795,45.981912,0.000000,30.000000,-1,73.815735,73.815735,-1,15,0,1589,24,0,608,2370,0,201,5.536444,3.190761,3.190761,1.000000,0.783418,-1,-1,-1,-1,-1,0.069392
93420,405,0,18158,44.834568,0.000000,30.000000,-1,73.841833,73.841833,-1,20,0,1909,18,0,775,2019,0,260,5.540733,3.053153,3.053153,1.000000,0.770484,-1,-1,-1,-1,-1,0.068098
93430,374,0,17958,48.016043,0.000000,30.000000,-1,73.866856,73.866856,-1,6,0,1444,21,0,708,2084,0,76,5.605791,3.315905,3.315905,1.000000,0.798681,-1,-1,-1,-1,-1,0.069058
93440,399,0,18123,45.421053,0.000000,30.000000,-1,73.866137,73.866137,-1,23,0,1541,14,0,736,1901,0,275,5.379654,3.190223,3.190223,1.000000,0.768410,-1,-1,-1,-1,-1,0.070237
93450,402,0,18547,46.136816,0.000000,30.000000,-1,73.848978,73.848978,-1,12,0,1559,13,0,675,2028,0,145,5.636949,3.240331,3.240331,1.000000,0.788096,-1,-1,-1,-1,-1,0.070233
93460,409,0,18522,45.286064,0.000000,30.000000,-1,73.864809,73.864809,-1,24,0,1702,18,0,743,2115,0,279,5.500803,3.143509,3.143509,1.000000,0.765360,-1,-1,-1,-1,-1,0.069414
93470,421,0,19064,45.282660,0.000000,30.000000,-1,73.881399,73.881399,-1,20,0,1552,8,0,719,1853,0,256,5.327210,3.016077,3.016077,1.000000,0.773346,-1,-1,-1,-1,-1,0.066606
93480,406,0,18114,44.615764,0.000000,30.000000,-1,73.855084,73.855084,-1,29,0,1475,17,0,679,2529,0,360,5.557721,3.264704,3.264704,1.000000,0.753757,-1,-1,-1,-1,-1,0.073174
93490,396,0,17770,44.873737,0.000000,30.000000,-1,73.906021,73.906021,-1,28,0,1357,16,0,630,1829,0,362,5.523380,3.318371,3.318371,1.000000,0.757087,-1,-1,-1,-1,-1,0.073949
93500,409,0,18707,45.738386,0.000000,30.000000,-1,73.874218,73.874218,-1,21,0,1565,17,0,687,2154,0,240,5.543830,3.279316,3.279316,1.000000,0.781281,-1,-1,-1,-1,-1,0.071697
93510,408,0,18697,45.825980,0.000000,30.000000,-1,73.908809,73.908809,-1,16,0,1734,25,0,724,1879,0,194,5.393066,3.012980,3.012980,1.000000,0.778444,-1,-1,-1,-1,-1,0.065748
93520,386,0,17663,45.759067,0.000000,30.000000,-1,73.863783,73.863783,-1,22,0,1719,23,0,729,1795,0,267,5.457870,3.095115,3.095115,1.000000,0.759145,-1,-1,-1,-1,-1,0.067639
93530,403,0,18358,45.553350,0.000000,30.000000,-1,73.863384,73.863384,-1,22,0,1706,19,0,704,1712,0,267,5.452456,3.137288,3.137288,1.000000,0.767194,-1,-1,-1,-1,-1,0.068871
93540,403,0,18203,45.168734,0.000000,30.000000,-1,73.894138,73.894138,-1,22,0,1763,23,0,688,1740,0,282,5.356951,3.006632,3.006632,1.000000,0.756779,-1,-1,-1,-1,-1,0.066564
93550,409,0,18546,45.344743,0.000000,30.000000,-1,73.886445,73.886445,-1,24,0,1493,17,0,725,1740,0,313,5.259732,3.165347,3.165347,1.000000,0.769674,-1,-1,-1,-1,-1,0.069806
93560,400,0,18494,46.235000,0.000000,30.000000,-1,73.951173,73.951173,-1,19,0,1513,17,0,707,1843,0,254,5.410174,3.191731,3.191731,1.000000,0.772443,-1,-1,-1,-1,-1,0.069033
93570,415,0,18951,45.665060,0.000000,30.000000,-1,73.953987,73.953987,-1,18,0,1647,15,0,706,2343,0,230,5.175827,2.909773,2.909773,1.000000,0.773401,-1,-1,-1,-1,-1,0.063720
93580,401,0,18551,46.261845,0.000000,30.000000,-1,73.985122,73.985122,-1,14,0,1695,20,0,684,1509,0,180,5.416672,3.124119,3.124119,1.000000,0.783967,-1,-1,-1,-1,-1,0.067531
93590,416,0,19119,45.959135,0.000000,30.000000,-1,73.993044,73.993044,-1,18,0,1702,19,0,749,1721,0,223,5.323836,3.095692,3.095692,1.000000,0.779462,-1,-1,-1,-1,-1,0.067357
93600,397,0,18047,45.458438,0.000000,30.000000,-1,74.006982,74.006982,-1,20,0,1544,23,0,737,2218,0,262,5.701447,3.316065,3.316065,1.000000,0.777560,-1,-1,-1,-1,-1,0.072947
93610,384,0,17599,45.830729,0.000000,30.000000,-1,73.955054,73.955054,-1,16,0,1722,19,0,661,1843,0,200,5.312239,3.017374,3.017374,1.000000,0.783819,-1,-1,-1,-1,-1,0.065837
93620,397,0,17829,44.909320,0.000000,30.000000,-1,73.960177,73.960177,-1,27,0,1480,6,0,646,1600,0,317,5.653279,3.337485,3.337485,1.000000,0.765351,-1,-1,-1,-1,-1,0.074316
93630,408,0,18123,44.419118,0.000000,30.000000,-1,73.968272,73.968272,-1,26,0,1812,18,0,753,1425,0,303,5.282206,2.956122,2.956122,1.000000,0.758208,-1,-1,-1,-1,-1,0.066551
93640,404,0,18408,45.564356,0.000000,30.000000,-1,73.982182,73.982182,-1,17,0,1533,18,0,760,1984,0,191,5.492726,3.184313,3.184313,1.000000,0.775844,-1,-1,-1,-1,-1,0.069886
93650,392,0,17800,45.408163,0.000000,30.000000,-1,74.041910,74.041910,-1,21,0,1791,24,0,704,1316,0,267,5.605862,3.115712,3.115712,1.000000,0.766376,-1,-1,-1,-1,-1,0.068616
93660,422,0,19097,45.253555,0.000000,30.000000,-1,74.074148,74.074148,-1,21,0,1769,17,0,705,2264,0,272,5.545387,3.151014,3.151014,1.000000,0.772777,-1,-1,-1,-1,-1,0.069630
93670,422,0,19484,46.170616,0.000000,30.000000,-1,74.095360,74.095360,-1,18,0,1729,16,0,787,2312,0,224,5.224524,3.018311,3.018311,1.000000,0.774861,-1,-1,-1,-1,-1,0.065373
93680,402,0,18309,45.544776,0.000000,30.000000,-1,74.162707,74.162707,-1,21,0,1652,16,0,749,1691,0,265,5.466099,3.123454,3.123454,1.000000,0.769269,-1,-1,-1,-1,-1,0.068580
93690,399,0,18257,45.756892,0.000000,30.000000,-1,74.177630,74.177630,-1,23,0,1358,24,0,709,2123,0,291,5.375370,3.206919,3.206919,1.000000,0.771210,-1,-1,-1,-1,-1,0.070086
93700,412,0,18557,45.041262,0.000000,30.000000,-1,74.160532,74.160532,-1,23,0,1664,21,0,745,2037,0,272,5.535116,3.084972,3.084972,1.000000,0.760107,-1,-1,-1,-1,-1,0.068492
93710,381,0,17634,46.283465,0.000000,30.000000,-1,74.171997,74.171997,-1,18,0,1444,16,0,627,1896,0,248,5.561620,3.350766,3.350766,1.000000,0.775422,-1,-1,-1,-1,-1,0.072397
93720,385,0,17580,45.662338,0.000000,30.000000,-1,74.192378,74.192378,-1,22,0,1542,17,0,666,2059,0,279,5.664087,3.294622,3.294622,1.000000,0.768387,-1,-1,-1,-1,-1,0.072152
93730,390,0,17517,44.915385,0.000000,30.000000,-1,74.161672,74.161672,-1,21,0,1912,19,0,681,1903,0,286,5.372146,3.027243,3.027243,1.000000,0.766745,-1,-1,-1,-1,-1,0.067399
93740,398,0,18344,46.090452,0.000000,30.000000,-1,74.200611,74.200611,-1,16,0,1632,14,0,660,1747,0,198,5.671712,3.264637,3.264637,1.000000,0.780844,-1,-1,-1,-1,-1,0.070831
93750,406,0,18817,46.347291,0.000000,30.000000,-1,74.216666,74.216666,-1,13,0,1814,17,0,748,2085,0,164,5.471035,3.140271,3.140271,1.000000,0.788298,-1,-1,-1,-1,-1,0.067755
93760,408,0,18542,45.446078,0.000000,30.000000,-1,74.254018,74.254018,-1,23,0,1513,14,0,733,2220,0,299,5.352071,3.150380,3.150380,1.000000,0.762014,-1,-1,-1,-1,-1,0.069321
93770,413,0,19071,46.176755,0.000000,30.000000,-1,74.235803,74.235803,-1,20,0,1560,24,0,771,2088,0,248,5.086399,2.946231,2.946231,1.000000,0.767024,-1,-1,-1,-1,-1,0.063803
93780,409,0,18327,44.809291,0.000000,30.000000,-1,74.283953,74.283953,-1,27,0,1654,13,0,770,1827,0,350,5.360910,3.063004,3.063004,1.000000,0.753077,-1,-1,-1,-1,-1,0.068356
93790,399,0,18237,45.706767,0.000000,30.000000,-1,74.316445,74.316445,-1,21,0,1682,21,0,682,1888,0,290,5.577619,3.207678,3.207678,1.000000,0.766030,-1,-1,-1,-1,-1,0.070179
93800,390,0,17996,46.143590,0.000000,30.000000,-1,74.319460,74.319460,-1,16,0,1673,18,0,692,1637,0,199,5.711470,3.235966,3.235966,1.000000,0.779979,-1,-1,-1,-1,-1,0.070128
93810,389,0,17580,45.192802,0.000000,30.000000,-1,74.389590,74.389590,-1,21,0,1556,12,0,660,1202,0,259,5.649580,3.169982,3.169982,1.000000,0.764228,-1,-1,-1,-1,-1,0.070144
93820,396,0,17989,45.426768,0.000000,30.000000,-1,74.451665,74.451665,-1,20,0,1651,22,0,705,1810,0,254,5.539789,3.154776,3.154776,1.000000,0.767500,-1,-1,-1,-1,-1,0.069448
93830,405,0,18559,45.824691,0.000000,30.000000,-1,74.411660,74.411660,-1,20,0,1573,15,0,710,1933,0,221,5.583687,3.243062,3.243062,1.000000,0.768816,-1,-1,-1,-1,-1,0.070771
93840,398,0,18224,45.788945,0.000000,30.000000,-1,74.462248,74.462248,-1,16,0,1692,26,0,666,1569,0,210,5.682670,3.111300,3.111300,1.000000,0.763958,-1,-1,-1,-1,-1,0.067949
93850,405,0,17980,44.395062,0.000000,30.000000,-1,74.450612,74.450612,-1,22,0,1714,21,0,690,2108,0,266,5.419571,3.006472,3.006472,1.000000,0.761932,-1,-1,-1,-1,-1,0.067721
93860,407,0,18609,45.722359,0.000000,30.000000,-1,74.461981,74.461981,-1,24,0,1464,22,0,713,1819,0,286,5.448945,3.116049,3.116049,1.000000,0.757281,-1,-1,-1,-1,-1,0.068152
93870,391,0,17989,46.007673,0.000000,30.000000,-1,74.485741,74.485741,-1,19,0,1691,22,0,687,2042,0,220,5.838996,3.357935,3.357935,1.000000,0.771268,-1,-1,-1,-1,-1,0.072986
93880,402,0,18555,46.156716,0.000000,30.000000,-1,74.453463,74.453463,-1,16,0,1742,11,0,730,1927,0,193,5.612579,3.177636,3.177636,1.000000,0.774290,-1,-1,-1,-1,-1,0.068845
93890,400,0,18309,45.772500,0.000000,30.000000,-1,74.465509,74.465509,-1,19,0,1616,17,0,671,1571,0,239,5.466675,3.118444,3.118444,1.000000,0.769157,-1,-1,-1,-1,-1,0.068129
93900,405,0,18504,45.688889,0.000000,30.000000,-1,74.474330,74.474330,-1,20,0,1546,16,0,708,2094,0,252,5.536451,3.114578,3.114578,1.000000,0.762299,-1,-1,-1,-1,-1,0.068169
93910,408,0,18629,45.659314,0.000000,30.000000,-1,74.547963,74.547963,-1,18,0,1458,11,0,746,1856,0,229,5.580586,3.236758,3.236758,1.000000,0.772554,-1,-1,-1,-1,-1,0.070889
93920,394,0,18183,46.149746,0.000000,30.000000,-1,74.592366,74.592366,-1,12,0,1763,17,0,654,1870,0,154,5.690855,3.118065,3.118065,1.000000,0.776704,-1,-1,-1,-1,-1,0.067564
93930,400,0,18480,46.200000,0.000000,30.000000,-1,74.651245,74.651245,-1,17,0,1881,20,0,690,1892,0,210,5.602038,3.005522,3.005522,1.000000,0.755088,-1,-1,-1,-1,-1,0.065055
93940,410,0,18863,46.007317,0.000000,30.000000,-1,74.658220,74.658220,-1,16,0,1792,27,0,694,1863,0,200,5.433809,3.046098,3.046098,1.000000,0.771680,-1,-1,-1,-1,-1,0.066209
93950,403,0,18496,45.895782,0.000000,30.000000,-1,74.703882,74.703882,-1,19,0,1816,24,0,694,1840,0,244,5.525831,3.088825,3.088825,1.000000,0.759932,-1,-1,-1,-1,-1,0.067301
93960,410,0,18348,44.751220,0.000000,30.000000,-1,74.670536,74.670536,-1,26,0,1606,21,0,665,1727,0,349,5.564454,3.046115,3.046115,1.000000,0.750213,-1,-1,-1,-1,-1,0.068068
93970,406,0,18343,45.179803,0.000000,30.000000,-1,74.696396,74.696396,-1,24,0,1576,23,0,688,1845,0,320,5.438499,3.079329,3.079329,1.000000,0.755336,-1,-1,-1,-1,-1,0.068157
93980,410,0,18864,46.009756,0.000000,30.000000,-1,74.696035,74.696035,-1,16,0,1617,15,0,685,1641,0,207,5.601019,3.194916,3.194916,1.000000,0.778182,-1,-1,-1,-1,-1,0.069440
93990,407,0,18357,45.103194,0.000000,30.000000,-1,74.738792,74.738792,-1,28,0,1718,18,0,748,1720,0,365,5.487774,3.099683,3.099683,1.000000,0.747732,-1,-1,-1,-1,-1,0.068724
94000,407,0,18728,46.014742,0.000000,30.000000,-1,74.745515,74.745515,-1,20,0,1339,22,0,756,2016,0,243,5.258262,3.170192,3.170192,1.000000,0.773812,-1,-1,-1,-1,-1,0.068895
94010,395,0,17647,44.675949,0.000000,30.000000,-1,74.759959,74.759959,-1,26,0,1686,19,0,725,1716,0,340,5.598822,3.193342,3.193342,1.000000,0.758026,-1,-1,-1,-1,-1,0.071478
94020,400,0,18457,46.142500,0.000000,30.000000,-1,74.746925,74.746925,-1,16,0,1634,28,0,686,1950,0,207,5.421630,3.143370,3.143370,1.000000,0.774181,-1,-1,-1,-1,-1,0.068123
94030,407,0,18482,45.410319,0.000000,30.000000,-1,74.771075,74.771075,-1,22,0,1577,19,0,711,2173,0,262,5.336283,3.070877,3.070877,1.000000,0.768275,-1,-1,-1,-1,-1,0.067625
94040,424,0,18987,44.780660,0.000000,30.000000,-1,74.807289,74.807289,-1,28,0,1822,22,0,755,2519,0,338,5.352805,2.974689,2.974689,1.000000,0.751419,-1,-1,-1,-1,-1,0.066428
94050,410,0,18886,46.063415,0.000000,30.000000,-1,74.825161,74.825161,-1,18,0,1554,21,0,726,1704,0,240,5.400970,3.100482,3.100482,1.000000,0.766131,-1,-1,-1,-1,-1,0.067309
94060,411,0,18824,45.800487,0.000000,30.000000,-1,74.861560,74.861560,-1,19,0,1742,20,0,750,2024,0,245,5.320497,3.060803,3.060803,1.000000,0.768515,-1,-1,-1,-1,-1,0.066829
94070,396,0,18213,45.992424,0.000000,30.000000,-1,74.834349,74.834349,-1,20,0,1534,25,0,700,1680,0,231,5.456712,3.125298,3.125298,1.000000,0.757901,-1,-1,-1,-1,-1,0.067952
94080,389,0,17755,45.642674,0.000000,30.000000,-1,74.815770,74.815770,-1,19,0,1504,10,0,657,1878,0,257,5.590030,3.215576,3.215576,1.000000,0.774161,-1,-1,-1,-1,-1,0.070451
94090,417,0,18891,45.302158,0.000000,30.000000,-1,74.852840,74.852840,-1,17,0,1748,17,0,711,2047,0,222,5.532869,3.134254,3.134254,1.000000,0.777911,-1,-1,-1,-1,-1,0.069186
94100,420,0,19019,45.283333,0.000000,30.000000,-1,74.861928,74.861928,-1,25,0,1641,14,0,704,1763,0,312,5.468680,3.079392,3.079392,1.000000,0.755590,-1,-1,-1,-1,-1,0.068003
94110,398,0,18146,45.592965,0.000000,30.000000,-1,74.894577,74.894577,-1,21,0,1631,18,0,669,1658,0,243,5.641412,3.226738,3.226738,1.000000,0.763298,-1,-1,-1,-1,-1,0.070773
94120,421,0,18915,44.928741,0.000000,30.000000,-1,74.910864,74.910864,-1,29,0,1602,16,0,721,2052,0,351,5.129104,2.928356,2.928356,1.000000,0.751885,-1,-1,-1,-1,-1,0.065178
94130,400,0,18159,45.397500,0.000000,30.000000,-1,74.916625,74.916625,-1,18,0,1733,29,0,736,2021,0,243,5.434651,2.909178,2.909178,1.000000,0.763969,-1,-1,-1,-1,-1,0.064082
94140,394,0,17783,45.134518,0.000000,30.000000,-1,74.938424,74.938424,-1,22,0,1682,22,0,694,1882,0,292,5.715799,3.119227,3.119227,1.000000,0.760418,-1,-1,-1,-1,-1,0.069110
94150,407,0,18695,45.933661,0.000000,30.000000,-1,74.919230,74.919230,-1,18,0,1563,24,0,734,2121,0,219,5.354267,3.102384,3.102384,1.000000,0.769671,-1,-1,-1,-1,-1,0.067541
94160,401,0,18036,44.977556,0.000000,30.000000,-1,74.898148,74.898148,-1,22,0,1535,16,0,698,1649,0,278,5.553862,3.141542,3.141542,1.000000,0.764067,-1,-1,-1,-1,-1,0.069847
94170,413,0,18844,45.627119,0.000000,30.000000,-1,74.941520,74.941520,-1,17,0,1910,16,0,698,2461,0,224,5.562138,3.039211,3.039211,1.000000,0.765663,-1,-1,-1,-1,-1,0.066610
94180,402,0,18591,46.246269,0.000000,30.000000,-1,75.004572,75.004572,-1,14,0,1706,22,0,746,2002,0,195,5.627220,3.213576,3.213576,1.000000,0.773016,-1,-1,-1,-1,-1,0.069488
94190,404,0,18082,44.757426,0.000000,30.000000,-1,74.953158,74.953158,-1,23,0,1555,15,0,703,2063,0,269,5.387610,3.089995,3.089995,1.000000,0.763825,-1,-1,-1,-1,-1,0.069039
94200,406,0,18424,45.379310,0.000000,30.000000,-1,74.933294,74.933294,-1,22,0,1565,18,0,703,1626,0,264,5.528748,3.228055,3.228055,1.000000,0.767582,-1,-1,-1,-1,-1,0.071135
94210,410,0,19033,46.421951,0.000000,30.000000,-1,74.948300,74.948300,-1,14,0,1544,15,0,708,1811,0,180,5.382592,3.077338,3.077338,1.000000,0.781551,-1,-1,-1,-1,-1,0.066291
94220,412,0,18652,45.271845,0.000000,30.000000,-1,74.982897,74.982897,-1,24,0,1597,20,0,779,1770,0,305,5.498888,3.170206,3.170206,1.000000,0.765283,-1,-1,-1,-1,-1,0.070026
94230,407,0,18696,45.936118,0.000000,30.000000,-1,74.970689,74.970689,-1,16,0,1562,18,0,682,2147,0,178,5.322136,3.014122,3.014122,1.000000,0.775809,-1,-1,-1,-1,-1,0.065616
94240,421,0,18801,44.657957,0.000000,30.000000,-1,74.944790,74.944790,-1,28,0,1576,21,0,724,2440,0,337,5.343527,3.111512,3.111512,1.000000,0.756311,-1,-1,-1,-1,-1,0.069674
94250,387,0,17731,45.816537,0.000000,30.000000,-1,74.951272,74.951272,-1,19,0,1596,19,0,673,1986,0,222,5.470991,3.133968,3.133968,1.000000,0.762744,-1,-1,-1,-1,-1,0.068403
94260,382,0,17262,45.188482,0.000000,30.000000,-1,74.956900,74.956900,-1,22,0,1306,21,0,616,1852,0,293,5.534391,3.170670,3.170670,1.000000,0.758721,-1,-1,-1,-1,-1,0.070165
94270,392,0,18109,46.196429,0.000000,30.000000,-1,74.976918,74.976918,-1,15,0,1739,16,0,705,1438,0,206,5.570902,3.140468,3.140468,1.000000,0.781921,-1,-1,-1,-1,-1,0.067981
94280,399,0,18291,45.842105,0.000000,30.000000,-1,74.993986,74.993986,-1,16,0,1665,14,0,671,1955,0,192,5.798836,3.288883,3.288883,1.000000,0.773324,-1,-1,-1,-1,-1,0.071744
94290,407,0,18126,44.535627,0.000000,30.000000,-1,75.019585,75.019585,-1,26,0,1612,20,0,710,2044,0,305,5.453152,3.130211,3.130211,1.000000,0.762613,-1,-1,-1,-1,-1,0.070286
94300,406,0,18899,46.549261,0.000000,30.000000,-1,75.005450,75.005450,-1,17,0,1564,24,0,745,2209,0,227,5.351873,3.169121,3.169121,1.000000,0.774651,-1,-1,-1,-1,-1,0.068081
94310,421,0,19253,45.731591,0.000000,30.000000,-1,75.070586,75.070586,-1,20,0,1840,18,0,761,1722,0,249,5.540343,3.174848,3.174848,1.000000,0.772900,-1,-1,-1,-1,-1,0.069424
94320,410,0,18776,45.795122,0.000000,30.000000,-1,75.087559,75.087559,-1,19,0,1662,32,0,770,2180,0,230,5.533918,3.138440,3.138440,1.000000,0.770229,-1,-1,-1,-1,-1,0.068532
94330,396,0,18325,46.275253,0.000000,30.000000,-1,75.096753,75.096753,-1,11,0,1633,20,0,669,1789,0,155,5.659110,3.248178,3.248178,1.000000,0.797164,-1,-1,-1,-1,-1,0.070193
94340,391,0,17954,45.918159,0.000000,30.000000,-1,75.077810,75.077810,-1,21,0,1378,19,0,698,1448,0,277,5.747489,3.394028,3.394028,1.000000,0.769969,-1,-1,-1,-1,-1,0.073915
94350,411,0,19273,46.892944,0.000000,30.000000,-1,75.095626,75.095626,-1,12,0,1759,20,0,688,2357,0,148,5.472564,3.145557,3.145557,1.000000,0.788919,-1,-1,-1,-1,-1,0.067080
94360,400,0,18048,45.120000,0.000000,30.000000,-1,75.067875,75.067875,-1,19,0,1718,23,0,679,1850,0,236,5.391898,3.045245,3.045245,1.000000,0.779605,-1,-1,-1,-1,-1,0.067492
94370,389,0,17676,45.439589,0.000000,30.000000,-1,75.097194,75.097194,-1,23,0,1552,16,0,666,1740,0,297,5.646741,3.220440,3.220440,1.000000,0.761169,-1,-1,-1,-1,-1,0.070873
94380,416,0,18801,45.194712,0.000000,30.000000,-1,75.075368,75.075368,-1,23,0,1629,14,0,751,2030,0,304,5.428940,3.100822,3.100822,1.000000,0.763469,-1,-1,-1,-1,-1,0.068610
94390,403,0,18029,44.736973,0.000000,30.000000,-1,75.081757,75.081757,-1,20,0,1889,21,0,679,1971,0,256,5.526770,3.022523,3.022523,1.000000,0.767444,-1,-1,-1,-1,-1,0.067562
94400,399,0,18113,45.395990,0.000000,30.000000,-1,75.042621,75.042621,-1,23,0,1549,15,0,709,1809,0,299,5.547868,3.231581,3.231581,1.000000,0.763330,-1,-1,-1,-1,-1,0.071186
94410,399,0,18523,46.423559,0.000000,30.000000,-1,75.092750,75.092750,-1,14,0,1552,19,0,730,1862,0,166,5.452129,3.244494,3.244494,1.000000,0.783618,-1,-1,-1,-1,-1,0.069889
94420,403,0,18665,46.315136,0.000000,30.000000,-1,75.127940,75.127940,-1,11,0,1794,21,0,741,2084,0,125,5.605513,3.051050,3.051050,1.000000,0.782145,-1,-1,-1,-1,-1,0.065876
94430,399,0,18107,45.380952,0.000000,30.000000,-1,75.126747,75.126747,-1,26,0,1592,19,0,745,1778,0,306,5.725055,3.336766,3.336766,1.000000,0.759464,-1,-1,-1,-1,-1,0.073528
94440,400,0,18217,45.542500,0.000000,30.000000,-1,75.119120,75.119120,-1,24,0,1582,16,0,665,1862,0,308,5.516845,3.188988,3.188988,1.000000,0.763658,-1,-1,-1,-1,-1,0.070022
94450,413,0,18686,45.244552,0.000000,30.000000,-1,75.186878,75.186878,-1,22,0,1730,22,0,719,1795,0,280,5.287313,3.017080,3.017080,1.000000,0.762439,-1,-1,-1,-1,-1,0.066684
94460,409,0,18815,46.002445,0.000000,30.000000,-1,75.212862,75.212862,-1,20,0,1598,18,0,686,2230,0,227,5.596200,3.273401,3.273401,1.000000,0.770916,-1,-1,-1,-1,-1,0.071157
94470,415,0,19017,45.824096,0.000000,30.000000,-1,75.227270,75.227270,-1,21,0,1488,17,0,702,2135,0,287,5.205727,3.100526,3.100526,1.000000,0.774506,-1,-1,-1,-1,-1,0.067661
94480,410,0,18453,45.007317,0.000000,30.000000,-1,75.209668,75.209668,-1,26,0,1580,15,0,774,1886,0,318,5.458846,3.212698,3.212698,1.000000,0.768816,-1,-1,-1,-1,-1,0.071382
94490,404,0,18651,46.165842,0.000000,30.000000,-1,75.220578,75.220578,-1,16,0,1560,12,0,683,1593,0,206,5.450858,3.122515,3.122515,1.000000,0.776035,-1,-1,-1,-1,-1,0.067637
94500,431,0,19721,45.756381,0.000000,30.000000,-1,75.259368,75.259368,-1,23,0,1486,14,0,799,2054,0,283,5.185321,3.154862,3.154862,1.000000,0.772931,-1,-1,-1,-1,-1,0.068949
94510,415,0,18647,44.932530,0.000000,30.000000,-1,75.286266,75.286266,-1,28,0,1601,20,0,711,2116,0,354,5.148790,2.974351,2.974351,1.000000,0.753208,-1,-1,-1,-1,-1,0.066196
94520,406,0,18638,45.906404,0.000000,30.000000,-1,75.262635,75.262635,-1,15,0,1604,28,0,686,1902,0,175,5.514982,3.154617,3.154617,1.000000,0.774826,-1,-1,-1,-1,-1,0.068718
94530,411,0,18463,44.922141,0.000000,30.000000,-1,75.249309,75.249309,-1,27,0,1721,21,0,749,1925,0,326,5.477189,3.170939,3.170939,1.000000,0.755277,-1,-1,-1,-1,-1,0.070587
94540,395,0,18137,45.916456,0.000000,30.000000,-1,75.252081,75.252081,-1,22,0,1474,12,0,661,1920,0,287,5.443859,3.230523,3.230523,1.000000,0.770445,-1,-1,-1,-1,-1,0.070357
94550,398,0,18187,45.695980,0.000000,30.000000,-1,75.227965,75.227965,-1,19,0,1556,22,0,788,2035,0,227,5.359908,3.094447,3.094447,1.000000,0.777154,-1,-1,-1,-1,-1,0.067718
94560,390,0,17969,46.074359,0.000000,30.000000,-1,75.177751,75.177751,-1,15,0,1513,23,0,687,2029,0,188,5.297292,3.059118,3.059118,1.000000,0.780827,-1,-1,-1,-1,-1,0.066395
94570,421,0,19362,45.990499,0.000000,30.000000,-1,75.228644,75.228644,-1,16,0,1592,20,0,713,1955,0,206,5.245606,2.959801,2.959801,1.000000,0.776107,-1,-1,-1,-1,-1,0.064357
94580,411,0,18330,44.598540,0.000000,30.000000,-1,75.255046,75.255046,-1,24,0,1765,26,0,759,1774,0,305,5.514509,3.062597,3.062597,1.000000,0.758394,-1,-1,-1,-1,-1,0.068670
94590,409,0,18700,45.721271,0.000000,30.000000,-1,75.253904,75.253904,-1,20,0,1751,13,0,752,1856,0,256,5.670372,3.136533,3.136533,1.000000,0.760717,-1,-1,-1,-1,-1,0.068601
94600,389,0,17526,45.053985,0.000000,30.000000,-1,75.208718,75.208718,-1,25,0,1617,18,0,686,1808,0,325,5.379954,3.144039,3.144039,1.000000,0.755918,-1,-1,-1,-1,-1,0.069784
94610,397,0,18160,45.743073,0.000000,30.000000,-1,75.252533,75.252533,-1,22,0,1451,19,0,676,1761,0,267,5.604332,3.320881,3.320881,1.000000,0.769208,-1,-1,-1,-1,-1,0.072599
94620,404,0,18361,45.448020,0.000000,30.000000,-1,75.265127,75.265127,-1,24,0,1719,19,0,692,2008,0,275,5.352776,3.054107,3.054107,1.000000,0.760762,-1,-1,-1,-1,-1,0.067200
94630,408,0,18581,45.541667,0.000000,30.000000,-1,75.274851,75.274851,-1,23,0,1703,19,0,755,2077,0,310,5.254786,3.007002,3.007002,1.000000,0.760564,-1,-1,-1,-1,-1,0.066027
94640,412,0,18516,44.941748,0.000000,30.000000,-1,75.305574,75.305574,-1,23,0,1922,19,0,711,1781,0,308,5.536996,3.000452,3.000452,1.000000,0.758114,-1,-1,-1,-1,-1,0.066763
94650,390,0,17876,45.835897,0.000000,30.000000,-1,75.286082,75.286082,-1,18,0,1657,12,0,722,2214,0,228,5.565791,3.173525,3.173525,1.000000,0.773246,-1,-1,-1,-1,-1,0.069237
94660,411,0,18866,45.902676,0.000000,30.000000,-1,75.293385,75.293385,-1,17,0,1528,25,0,687,2161,0,220,5.444671,3.195290,3.195290,1.000000,0.780422,-1,-1,-1,-1,-1,0.069610
94670,415,0,18998,45.778313,0.000000,30.000000,-1,75.278661,75.278661,-1,21,0,1591,19,0,763,2073,0,266,5.387493,3.139759,3.139759,1.000000,0.766939,-1,-1,-1,-1,-1,0.068586
94680,403,0,18369,45.580645,0.000000,30.000000,-1,75.315314,75.315314,-1,13,0,1703,21,0,698,2145,0,187,5.232631,2.977519,2.977519,1.000000,0.785664,-1,-1,-1,-1,-1,0.065324
94690,409,0,18433,45.068460,0.000000,30.000000,-1,75.385233,75.385233,-1,18,0,1794,23,0,722,1796,0,232,5.501559,3.018408,3.018408,1.000000,0.774062,-1,-1,-1,-1,-1,0.066974
94700,399,0,18526,46.431078,0.000000,30.000000,-1,75.451258,75.451258,-1,19,0,1390,18,0,668,2033,0,241,5.395562,3.197946,3.197946,1.000000,0.772719,-1,-1,-1,-1,-1,0.068875
94710,391,0,18113,46.324808,0.000000,30.000000,-1,75.458621,75.458621,-1,18,0,1552,22,0,679,1801,0,234,5.567364,3.265239,3.265239,1.000000,0.772833,-1,-1,-1,-1,-1,0.070486
94720,395,0,17442,44.156962,0.000000,30.000000,-1,75.434583,75.434583,-1,29,0,1560,21,0,652,1841,0,370,5.692285,3.258770,3.258770,1.000000,0.750887,-1,-1,-1,-1,-1,0.073800
94730,397,0,18142,45.697733,0.000000,30.000000,-1,75.411752,75.411752,-1,22,0,1508,16,0,652,2293,0,280,5.718380,3.334516,3.334516,1.000000,0.761536,-1,-1,-1,-1,-1,0.072969
94740,402,0,18558,46.164179,0.000000,30.000000,-1,75.413245,75.413245,-1,14,0,1844,24,0,692,2021,0,163,5.591775,3.060322,3.060322,1.000000,0.778774,-1,-1,-1,-1,-1,0.066292
94750,421,0,18968,45.054632,0.000000,30.000000,-1,75.382434,75.382434,-1,22,0,1693,18,0,758,2015,0,251,5.425941,2.972354,2.972354,1.000000,0.756967,-1,-1,-1,-1,-1,0.065972
94760,414,0,18754,45.299517,0.000000,30.000000,-1,75.368455,75.368455,-1,25,0,1564,20,0,744,1836,0,303,5.482980,3.195764,3.195764,1.000000,0.762335,-1,-1,-1,-1,-1,0.070547
94770,409,0,18967,46.374083,0.000000,30.000000,-1,75.388570,75.388570,-1,14,0,1707,16,0,773,2180,0,170,5.549919,3.137123,3.137123,1.000000,0.778311,-1,-1,-1,-1,-1,0.067648
94780,388,0,17904,46.144330,0.000000,30.000000,-1,75.465371,75.465371,-1,17,0,1660,18,0,753,1891,0,198,5.864328,3.319357,3.319357,1.000000,0.766484,-1,-1,-1,-1,-1,0.071934
94790,399,0,18259,45.761905,0.000000,30.000000,-1,75.437154,75.437154,-1,17,0,1547,13,0,655,2255,0,226,5.680500,3.220920,3.220920,1.000000,0.774231,-1,-1,-1,-1,-1,0.070384
94800,398,0,18313,46.012563,0.000000,30.000000,-1,75.464643,75.464643,-1,18,0,1704,17,0,706,1684,0,239,5.686897,3.242153,3.242153,1.000000,0.772347,-1,-1,-1,-1,-1,0.070462
94810,411,0,18517,45.053528,0.000000,30.000000,-1,75.443106,75.443106,-1,22,0,1520,18,0,719,1737,0,317,5.519037,3.178101,3.178101,1.000000,0.770055,-1,-1,-1,-1,-1,0.070541
94820,406,0,18673,45.992611,0.000000,30.000000,-1,75.453971,75.453971,-1,18,0,1958,19,0,786,1830,0,214,5.699696,3.165657,3.165657,1.000000,0.766797,-1,-1,-1,-1,-1,0.068830
94830,427,0,19686,46.103044,0.000000,30.000000,-1,75.477497,75.477497,-1,17,0,1821,14,0,766,2105,0,220,5.611720,3.145167,3.145167,1.000000,0.782249,-1,-1,-1,-1,-1,0.068220
94840,410,0,18749,45.729268,0.000000,30.000000,-1,75.501360,75.501360,-1,19,0,1811,17,0,751,1995,0,250,5.536900,3.119198,3.119198,1.000000,0.768572,-1,-1,-1,-1,-1,0.068210
94850,429,0,19688,45.892774,0.000000,30.000000,-1,75.549218,75.549218,-1,13,0,1611,23,0,706,2232,0,149,5.297347,3.004406,3.004406,1.000000,0.778635,-1,-1,-1,-1,-1,0.065466
94860,418,0,19074,45.631579,0.000000,30.000000,-1,75.529936,75.529936,-1,23,0,1602,13,0,808,2233,0,301,5.390563,3.138145,3.138145,1.000000,0.760516,-1,-1,-1,-1,-1,0.068771
94870,387,0,17632,45.560724,0.000000,30.000000,-1,75.516221,75.516221,-1,17,0,1499,31,0,714,2017,0,208,5.811804,3.368336,3.368336,1.000000,0.773283,-1,-1,-1,-1,-1,0.073931
94880,376,0,17136,45.574468,0.000000,30.000000,-1,75.555847,75.555847,-1,18,0,1510,27,0,669,1511,0,217,5.644755,3.205485,3.205485,1.000000,0.767788,-1,-1,-1,-1,-1,0.070335
94890,408,0,18955,46.458333,0.000000,30.000000,-1,75.582432,75.582432,-1,16,0,1877,7,0,743,1656,0,204,5.702914,3.254719,3.254719,1.000000,0.778958,-1,-1,-1,-1,-1,0.070057
94900,408,0,18706,45.848039,0.000000,30.000000,-1,75.579386,75.579386,-1,15,0,1792,15,0,669,2092,0,187,5.396573,3.049039,3.049039,1.000000,0.778374,-1,-1,-1,-1,-1,0.066503
94910,394,0,18179,46.139594,0.000000,30.000000,-1,75.586281,75.586281,-1,14,0,1623,14,0,732,2039,0,183,5.398041,3.070657,3.070657,1.000000,0.780778,-1,-1,-1,-1,-1,0.066551
94920,437,0,20028,45.830664,0.000000,30.000000,-1,75.559367,75.559367,-1,15,0,1867,24,0,780,2384,0,199,4.898357,2.698462,2.698462,1.000000,0.780340,-1,-1,-1,-1,-1,0.058879
94930,428,0,19332,45.168224,0.000000,30.000000,-1,75.573143,75.573143,-1,22,0,1917,23,0,764,1949,0,258,5.393429,3.008292,3.008292,1.000000,0.764228,-1,-1,-1,-1,-1,0.066602
94940,406,0,18822,46.359606,0.000000,30.000000,-1,75.598555,75.598555,-1,19,0,1523,21,0,737,2044,0,254,5.441690,3.186037,3.186037,1.000000,0.772159,-1,-1,-1,-1,-1,0.068724
94950,398,0,18235,45.816583,0.000000,30.000000,-1,75.565451,75.565451,-1,20,0,1476,22,0,707,1980,0,252,5.465776,3.196643,3.196643,1.000000,0.772642,-1,-1,-1,-1,-1,0.069770
94960,394,0,18179,46.139594,0.000000,30.000000,-1,75.585181,75.585181,-1,19,0,1390,16,0,699,1625,0,233,5.676884,3.315039,3.315039,1.000000,0.767908,-1,-1,-1,-1,-1,0.071848
94970,403,0,18133,44.995037,0.000000,30.000000,-1,75.592290,75.592290,-1,26,0,1572,22,0,693,2063,0,327,5.351723,3.119150,3.119150,1.000000,0.756499,-1,-1,-1,-1,-1,0.069322
94980,396,0,17772,44.878788,0.000000,30.000000,-1,75.618726,75.618726,-1,22,0,1725,21,0,672,1810,0,249,5.528115,3.019143,3.019143,1.000000,0.758806,-1,-1,-1,-1,-1,0.067273
94990,392,0,17771,45.334184,0.000000,30.000000,-1,75.589331,75.589331,-1,26,0,1503,18,0,624,1705,0,322,5.937845,3.403142,3.403142,1.000000,0.750730,-1,-1,-1,-1,-1,0.075068
95000,400,0,18656,46.640000,0.000000,30.000000,-1,75.607258,75.607258,-1,11,0,1648,24,0,698,2094,0,129,5.535746,3.134492,3.134492,1.000000,0.785304,-1,-1,-1,-1,-1,0.067206
95010,407,0,18495,45.442260,0.000000,30.000000,-1,75.571019,75.571019,-1,16,0,1906,18,0,720,1873,0,185,5.527127,3.038373,3.038373,1.000000,0.772116,-1,-1,-1,-1,-1,0.066862
95020,416,0,19280,46.346154,0.000000,30.000000,-1,75.548703,75.548703,-1,19,0,1499,20,0,721,1923,0,231,5.244196,2.999280,2.999280,1.000000,0.765306,-1,-1,-1,-1,-1,0.064715
95030,401,0,18525,46.197007,0.000000,30.000000,-1,75.643509,75.643509,-1,14,0,1559,32,0,751,1840,0,168,5.476912,3.127054,3.127054,1.000000,0.783839,-1,-1,-1,-1,-1,0.067690
95040,417,0,18974,45.501199,0.000000,30.000000,-1,75.684779,75.684779,-1,14,0,1743,18,0,752,1812,0,172,5.535542,3.007224,3.007224,1.000000,0.775726,-1,-1,-1,-1,-1,0.066091
95050,404,0,18187,45.017327,0.000000,30.000000,-1,75.711827,75.711827,-1,24,0,1603,26,0,721,2188,0,284,5.232070,2.983395,2.983395,1.000000,0.756699,-1,-1,-1,-1,-1,0.066272
95060,405,0,18283,45.143210,0.000000,30.000000,-1,75.666958,75.666958,-1,22,0,1500,20,0,730,1750,0,274,5.649223,3.234512,3.234512,1.000000,0.764903,-1,-1,-1,-1,-1,0.071650
95070,424,0,19410,45.778302,0.000000,30.000000,-1,75.676971,75.676971,-1,20,0,1636,15,0,771,1780,0,247,5.444107,3.109464,3.109464,1.000000,0.769954,-1,-1,-1,-1,-1,0.067924
95080,418,0,19389,46.385167,0.000000,30.000000,-1,75.665274,75.665274,-1,11,0,1652,20,0,771,1889,0,141,5.314512,2.942912,2.942912,1.000000,0.782278,-1,-1,-1,-1,-1,0.063445
95090,416,0,18476,44.413462,0.000000,30.000000,-1,75.642347,75.642347,-1,28,0,1760,18,0,755,1991,0,360,5.221772,2.890636,2.890636,1.000000,0.753063,-1,-1,-1,-1,-1,0.065085
95100,420,0,19050,45.357143,0.000000,30.000000,-1,75.574908,75.574908,-1,24,0,1562,12,0,706,1820,0,286,5.702345,3.197882,3.197882,1.000000,0.759075,-1,-1,-1,-1,-1,0.070504
95110,402,0,18195,45.261194,0.000000,30.000000,-1,75.579005,75.579005,-1,16,0,1603,22,0,730,1685,0,208,5.347407,2.979234,2.979234,1.000000,0.774970,-1,-1,-1,-1,-1,0.065823
95120,422,0,19172,45.431280,0.000000,30.000000,-1,75.580743,75.580743,-1,21,0,1669,16,0,735,2107,0,279,5.488335,3.055899,3.055899,1.000000,0.762933,-1,-1,-1,-1,-1,0.067264
95130,424,0,19515,46.025943,0.000000,30.000000,-1,75.601896,75.601896,-1,19,0,1840,25,0,720,1881,0,247,5.497706,3.081865,3.081865,1.000000,0.764602,-1,-1,-1,-1,-1,0.066959
95140,418,0,19116,45.732057,0.000000,30.000000,-1,75.617127,75.617127,-1,14,0,1866,25,0,734,1964,0,195,5.500722,3.006683,3.006683,1.000000,0.774524,-1,-1,-1,-1,-1,0.065746
95150,420,0,19131,45.550000,0.000000,30.000000,-1,75.600230,75.600230,-1,23,0,1550,19,0,727,1819,0,292,5.476361,3.157539,3.157539,1.000000,0.751938,-1,-1,-1,-1,-1,0.069320
95160,424,0,19316,45.556604,0.000000,30.000000,-1,75.631911,75.631911,-1,24,0,1585,20,0,748,1636,0,295,5.326734,3.068650,3.068650,1.000000,0.754440,-1,-1,-1,-1,-1,0.067359
95170,418,0,18794,44.961722,0.000000,30.000000,-1,75.644567,75.644567,-1,21,0,1772,19,0,745,2186,0,257,5.492754,3.000069,3.000069,1.000000,0.759427,-1,-1,-1,-1,-1,0.066725
95180,419,0,18983,45.305489,0.000000,30.000000,-1,75.650213,75.650213,-1,23,0,1584,22,0,730,1987,0,290,5.234512,2.945395,2.945395,1.000000,0.754659,-1,-1,-1,-1,-1,0.065012
95190,416,0,18997,45.665865,0.000000,30.000000,-1,75.645997,75.645997,-1,18,0,1829,18,0,733,1830,0,251,5.508900,2.989727,2.989727,1.000000,0.765937,-1,-1,-1,-1,-1,0.065470
95200,402,0,18329,45.594527,0.000000,30.000000,-1,75.685635,75.685635,-1,14,0,1793,22,0,675,2080,0,169,5.435459,2.926541,2.926541,1.000000,0.774591,-1,-1,-1,-1,-1,0.064186
95210,390,0,17633,45.212821,0.000000,30.000000,-1,75.693416,75.693416,-1,19,0,1640,20,0,682,1721,0,201,5.521653,3.057753,3.057753,1.000000,0.755811,-1,-1,-1,-1,-1,0.067630
95220,419,0,19282,46.019093,0.000000,30.000000,-1,75.603309,75.603309,-1,20,0,1589,12,0,740,2071,0,275,5.510646,3.166703,3.166703,1.000000,0.761704,-1,-1,-1,-1,-1,0.068813
95230,400,0,18156,45.390000,0.000000,30.000000,-1,75.583609,75.583609,-1,25,0,1613,22,0,710,2014,0,327,5.428580,3.091659,3.091659,1.000000,0.748753,-1,-1,-1,-1,-1,0.068113
95240,403,0,18389,45.630273,0.000000,30.000000,-1,75.605362,75.605362,-1,18,0,1732,18,0,671,2061,0,213,5.531928,3.130013,3.130013,1.000000,0.766782,-1,-1,-1,-1,-1,0.068595
95250,417,0,19303,46.290168,0.000000,30.000000,-1,75.613635,75.613635,-1,11,0,1572,23,0,691,1657,0,133,5.181842,2.892500,2.892500,1.000000,0.774194,-1,-1,-1,-1,-1,0.062486
95260,390,0,17907,45.915385,0.000000,30.000000,-1,75.591221,75.591221,-1,20,0,1614,21,0,743,1531,0,243,5.511750,3.120362,3.120362,1.000000,0.757647,-1,-1,-1,-1,-1,0.067959
95270,386,0,17496,45.326425,0.000000,30.000000,-1,75.577218,75.577218,-1,20,0,1541,18,0,686,1756,0,226,5.842593,3.209344,3.209344,1.000000,0.758445,-1,-1,-1,-1,-1,0.070805
95280,399,0,18254,45.749373,0.000000,30.000000,-1,75.561904,75.561904,-1,19,0,1615,9,0,618,1905,0,257,5.681500,3.232452,3.232452,1.000000,0.759811,-1,-1,-1,-1,-1,0.070656
95290,414,0,19152,46.260870,0.000000,30.000000,-1,75.577015,75.577015,-1,16,0,1713,20,0,704,2160,0,198,5.298421,2.977861,2.977861,1.000000,0.767536,-1,-1,-1,-1,-1,0.064371
95300,423,0,19490,46.075650,0.000000,30.000000,-1,75.547614,75.547614,-1,22,0,1445,14,0,707,2281,0,265,5.576762,3.278242,3.278242,1.000000,0.763561,-1,-1,-1,-1,-1,0.071149
95310,402,0,18351,45.649254,0.000000,30.000000,-1,75.523895,75.523895,-1,20,0,1429,19,0,743,1594,0,260,5.605376,3.210189,3.210189,1.000000,0.762482,-1,-1,-1,-1,-1,0.070323
95320,409,0,19074,46.635697,0.000000,30.000000,-1,75.521915,75.521915,-1,17,0,1338,11,0,699,1885,0,212,5.493006,3.265406,3.265406,1.000000,0.772288,-1,-1,-1,-1,-1,0.070019
95330,390,0,18000,46.153846,0.000000,30.000000,-1,75.534889,75.534889,-1,13,0,1613,18,0,689,1854,0,174,5.633546,3.237882,3.237882,1.000000,0.778824,-1,-1,-1,-1,-1,0.070154
95340,401,0,17989,44.860349,0.000000,30.000000,-1,75.556451,75.556451,-1,21,0,1671,20,0,715,1948,0,271,5.630684,3.149509,3.149509,1.000000,0.757404,-1,-1,-1,-1,-1,0.070207
95350,409,0,18716,45.760391,0.000000,30.000000,-1,75.626309,75.626309,-1,22,0,1624,15,0,665,2033,0,286,5.590151,3.276830,3.276830,1.000000,0.762063,-1,-1,-1,-1,-1,0.071608
95360,401,0,18270,45.561097,0.000000,30.000000,-1,75.643842,75.643842,-1,20,0,1621,20,0,738,1530,0,254,5.410836,3.078179,3.078179,1.000000,0.763487,-1,-1,-1,-1,-1,0.067562
95370,415,0,18908,45.561446,0.000000,30.000000,-1,75.735932,75.735932,-1,23,0,1611,10,0,711,2015,0,296,5.536562,3.159078,3.159078,1.000000,0.759187,-1,-1,-1,-1,-1,0.069337
95380,419,0,18544,44.257757,0.000000,30.000000,-1,75.765315,75.765315,-1,30,0,1660,18,0,799,2211,0,383,5.205409,2.986506,2.986506,1.000000,0.749670,-1,-1,-1,-1,-1,0.067480
95390,406,0,18582,45.768473,0.000000,30.000000,-1,75.748412,75.748412,-1,16,0,1478,20,0,710,1922,0,198,5.263521,3.023659,3.023659,1.000000,0.777348,-1,-1,-1,-1,-1,0.066064
95400,409,0,18302,44.748166,0.000000,30.000000,-1,75.779150,75.779150,-1,20,0,1910,19,0,735,1677,0,253,5.681929,3.106113,3.106113,1.000000,0.767955,-1,-1,-1,-1,-1,0.069413
95410,403,0,18280,45.359801,0.000000,30.000000,-1,75.850547,75.850547,-1,24,0,1441,14,0,675,2002,0,270,5.574543,3.244315,3.244315,1.000000,0.755383,-1,-1,-1,-1,-1,0.071524
95420,402,0,18048,44.895522,0.000000,30.000000,-1,75.840703,75.840703,-1,21,0,1832,23,0,753,2166,0,259,5.458493,2.918788,2.918788,1.000000,0.760680,-1,-1,-1,-1,-1,0.065013
95430,406,0,18882,46.507389,0.000000,30.000000,-1,75.804576,75.804576,-1,14,0,1543,23,0,703,1591,0,164,5.432418,3.164110,3.164110,1.000000,0.779207,-1,-1,-1,-1,-1,0.068035
95440,405,0,19008,46.933333,0.000000,30.000000,-1,75.809659,75.809659,-1,12,0,1658,15,0,722,2055,0,154,5.433990,3.136910,3.136910,1.000000,0.780652,-1,-1,-1,-1,-1,0.066838
95450,412,0,18780,45.582524,0.000000,30.000000,-1,75.836262,75.836262,-1,17,0,1611,14,0,653,1898,0,211,5.401976,3.055953,3.055953,1.000000,0.768014,-1,-1,-1,-1,-1,0.067042
95460,411,0,18616,45.294404,0.000000,30.000000,-1,75.890954,75.890954,-1,24,0,1548,20,0,730,2177,0,311,5.411389,3.126788,3.126788,1.000000,0.752383,-1,-1,-1,-1,-1,0.069033
95470,397,0,18088,45.561713,0.000000,30.000000,-1,75.854323,75.854323,-1,15,0,1478,19,0,677,2229,0,184,5.648703,3.225293,3.225293,1.000000,0.773896,-1,-1,-1,-1,-1,0.070790
95480,405,0,18203,44.945679,0.000000,30.000000,-1,75.903258,75.903258,-1,23,0,1737,17,0,745,1585,0,302,5.590883,3.128106,3.128106,1.000000,0.752552,-1,-1,-1,-1,-1,0.069597
95490,387,0,17685,45.697674,0.000000,30.000000,-1,75.946508,75.946508,-1,19,0,1503,22,0,629,1542,0,234,5.538158,3.133738,3.133738,1.000000,0.763678,-1,-1,-1,-1,-1,0.068575
95500,384,0,17588,45.802083,0.000000,30.000000,-1,75.978053,75.978053,-1,17,0,1439,18,0,682,1771,0,190,5.355904,3.126715,3.126715,1.000000,0.774622,-1,-1,-1,-1,-1,0.068266
95510,409,0,18360,44.889976,0.000000,30.000000,-1,75.992157,75.992157,-1,24,0,2026,17,0,740,2197,0,291,5.354462,2.957449,2.957449,1.000000,0.762272,-1,-1,-1,-1,-1,0.065882
95520,394,0,17709,44.946701,0.000000,30.000000,-1,75.934948,75.934948,-1,24,0,1593,18,0,644,2044,0,304,5.563393,3.140741,3.140741,1.000000,0.760780,-1,-1,-1,-1,-1,0.069877
95530,409,0,18384,44.948655,0.000000,30.000000,-1,75.950120,75.950120,-1,18,0,1721,19,0,748,1570,0,242,5.606246,3.060828,3.060828,1.000000,0.767937,-1,-1,-1,-1,-1,0.068096
95540,413,0,19176,46.430993,0.000000,30.000000,-1,76.003077,76.003077,-1,15,0,1813,17,0,742,2086,0,194,5.456355,3.063688,3.063688,1.000000,0.770682,-1,-1,-1,-1,-1,0.065984
95550,405,0,18503,45.686420,0.000000,30.000000,-1,76.005188,76.005188,-1,19,0,1624,32,0,715,2609,0,223,5.476908,3.137319,3.137319,1.000000,0.773039,-1,-1,-1,-1,-1,0.068671
95560,413,0,19052,46.130751,0.000000,30.000000,-1,76.065190,76.065190,-1,16,0,1890,28,0,695,2105,0,197,5.525558,3.079596,3.079596,1.000000,0.769455,-1,-1,-1,-1,-1,0.066758
95570,422,0,18973,44.959716,0.000000,30.000000,-1,76.085595,76.085595,-1,28,0,1782,26,0,759,2001,0,359,5.267013,2.965159,2.965159,1.000000,0.755291,-1,-1,-1,-1,-1,0.065951
95580,387,0,17788,45.963824,0.000000,30.000000,-1,76.127333,76.127333,-1,18,0,1428,25,0,716,1778,0,229,5.681587,3.274485,3.274485,1.000000,0.772978,-1,-1,-1,-1,-1,0.071240
95590,385,0,17805,46.246753,0.000000,30.000000,-1,76.166133,76.166133,-1,18,0,1599,18,0,685,1796,0,218,5.591583,3.248862,3.248862,1.000000,0.771907,-1,-1,-1,-1,-1,0.070251
95600,390,0,17684,45.343590,0.000000,30.000000,-1,76.186327,76.186327,-1,22,0,1558,13,0,661,1692,0,271,5.129358,2.932730,2.932730,1.000000,0.762834,-1,-1,-1,-1,-1,0.064678
95610,384,0,17484,45.531250,0.000000,30.000000,-1,76.201556,76.201556,-1,19,0,1397,21,0,658,1780,0,223,5.542910,3.236356,3.236356,1.000000,0.773239,-1,-1,-1,-1,-1,0.071080
95620,383,0,17454,45.571802,0.000000,30.000000,-1,76.190443,76.190443,-1,18,0,1647,14,0,679,1708,0,210,5.785662,3.228761,3.228761,1.000000,0.765899,-1,-1,-1,-1,-1,0.070850
95630,397,0,18152,45.722922,0.000000,30.000000,-1,76.130344,76.130344,-1,17,0,1844,23,0,673,2211,0,217,5.580929,3.003094,3.003094,1.000000,0.767622,-1,-1,-1,-1,-1,0.065680
95640,417,0,19066,45.721823,0.000000,30.000000,-1,76.143502,76.143502,-1,18,0,1672,29,0,698,2175,0,246,5.318510,2.978966,2.978966,1.000000,0.767831,-1,-1,-1,-1,-1,0.065154
95650,419,0,19368,46.224344,0.000000,30.000000,-1,76.102127,76.102127,-1,15,0,1794,15,0,799,2443,0,196,5.386721,3.024008,3.024008,1.000000,0.779649,-1,-1,-1,-1,-1,0.065420
95660,402,0,18540,46.119403,0.000000,30.000000,-1,76.135922,76.135922,-1,16,0,1412,16,0,706,2056,0,170,5.694705,3.298662,3.298662,1.000000,0.773631,-1,-1,-1,-1,-1,0.071524
95670,407,0,18489,45.427518,0.000000,30.000000,-1,76.196063,76.196063,-1,21,0,1587,14,0,721,2278,0,248,5.631648,3.169101,3.169101,1.000000,0.758556,-1,-1,-1,-1,-1,0.069762
95680,428,0,19540,45.654206,0.000000,30.000000,-1,76.262282,76.262282,-1,24,0,1729,20,0,769,1966,0,297,5.308234,2.962238,2.962238,1.000000,0.751396,-1,-1,-1,-1,-1,0.064884
95690,407,0,18473,45.388206,0.000000,30.000000,-1,76.391923,76.391923,-1,18,0,1602,24,0,716,2034,0,215,5.521250,3.126697,3.126697,1.000000,0.768951,-1,-1,-1,-1,-1,0.068888
95700,409,0,18854,46.097800,0.000000,30.000000,-1,76.415880,76.415880,-1,14,0,1480,29,0,756,2128,0,165,5.525715,3.114406,3.114406,1.000000,0.769785,-1,-1,-1,-1,-1,0.067561
95710,406,0,18407,45.337438,0.000000,30.000000,-1,76.489053,76.489053,-1,19,0,1610,26,0,701,1643,0,254,5.580592,3.076985,3.076985,1.000000,0.763392,-1,-1,-1,-1,-1,0.067869
95720,403,0,18295,45.397022,0.000000,30.000000,-1,76.548565,76.548565,-1,19,0,1763,24,0,702,2060,0,243,5.372762,2.993952,2.993952,1.000000,0.764724,-1,-1,-1,-1,-1,0.065950
95730,415,0,18465,44.493976,0.000000,30.000000,-1,76.535554,76.535554,-1,31,0,1371,12,0,690,1835,0,403,5.445120,3.123670,3.123670,1.000000,0.745146,-1,-1,-1,-1,-1,0.070204
95740,381,0,17597,46.186352,0.000000,30.000000,-1,76.477581,76.477581,-1,13,0,1554,17,0,679,1770,0,152,5.577831,3.141267,3.141267,1.000000,0.778957,-1,-1,-1,-1,-1,0.068013
95750,398,0,18039,45.324121,0.000000,30.000000,-1,76.521814,76.521814,-1,22,0,1708,20,0,683,1770,0,272,5.722069,3.272846,3.272846,1.000000,0.759864,-1,-1,-1,-1,-1,0.072210
95760,384,0,17716,46.135417,0.000000,30.000000,-1,76.581790,76.581790,-1,16,0,1774,26,0,689,1857,0,201,5.502948,3.039896,3.039896,1.000000,0.766850,-1,-1,-1,-1,-1,0.065891
95770,407,0,18279,44.911548,0.000000,30.000000,-1,76.582636,76.582636,-1,20,0,1682,26,0,686,1815,0,247,5.569406,2.993247,2.993247,1.000000,0.753325,-1,-1,-1,-1,-1,0.066648
95780,387,0,17506,45.235142,0.000000,30.000000,-1,76.681538,76.681538,-1,23,0,1713,17,0,698,1445,0,321,5.648220,3.108885,3.108885,1.000000,0.749901,-1,-1,-1,-1,-1,0.068727
95790,380,0,17365,45.697368,0.000000,30.000000,-1,76.717650,76.717650,-1,16,0,1393,17,0,666,1654,0,196,5.629314,3.283969,3.283969,1.000000,0.782204,-1,-1,-1,-1,-1,0.071863
95800,385,0,17652,45.849351,0.000000,30.000000,-1,76.688647,76.688647,-1,12,0,1412,20,0,686,1936,0,145,5.675805,3.266062,3.266062,1.000000,0.782574,-1,-1,-1,-1,-1,0.071235
95810,392,0,17840,45.510204,0.000000,30.000000,-1,76.728643,76.728643,-1,18,0,1629,12,0,713,1820,0,233,5.641336,3.188474,3.188474,1.000000,0.770738,-1,-1,-1,-1,-1,0.070061
95820,388,0,17383,44.801546,0.000000,30.000000,-1,76.840591,76.840591,-1,22,0,1464,22,0,656,1561,0,268,5.735731,3.229761,3.229761,1.000000,0.766755,-1,-1,-1,-1,-1,0.072090
95830,397,0,18104,45.602015,0.000000,30.000000,-1,76.898420,76.898420,-1,20,0,1554,17,0,661,1539,0,242,5.558124,3.156522,3.156522,1.000000,0.763294,-1,-1,-1,-1,-1,0.069219
95840,417,0,18760,44.988010,0.000000,30.000000,-1,76.831023,76.831023,-1,21,0,1804,16,0,743,1933,0,268,5.336108,2.907812,2.907812,1.000000,0.755783,-1,-1,-1,-1,-1,0.064635
95850,392,0,17886,45.627551,0.000000,30.000000,-1,76.781617,76.781617,-1,24,0,1393,23,0,638,1799,0,317,5.546018,3.217709,3.217709,1.000000,0.750681,-1,-1,-1,-1,-1,0.070521
95860,415,0,18891,45.520482,0.000000,30.000000,-1,76.797205,76.797205,-1,21,0,1748,17,0,773,1995,0,286,5.472135,3.110079,3.110079,1.000000,0.763920,-1,-1,-1,-1,-1,0.068323
95870,408,0,18294,44.838235,0.000000,30.000000,-1,76.846452,76.846452,-1,27,0,1431,14,0,731,2257,0,362,5.443743,3.145192,3.145192,1.000000,0.753114,-1,-1,-1,-1,-1,0.070145
95880,404,0,18522,45.846535,0.000000,30.000000,-1,76.842620,76.842620,-1,19,0,1623,16,0,744,1889,0,244,5.535316,3.208024,3.208024,1.000000,0.776949,-1,-1,-1,-1,-1,0.069973
95890,407,0,18230,44.791155,0.000000,30.000000,-1,76.823752,76.823752,-1,25,0,1601,19,0,719,2005,0,307,5.580319,3.161403,3.161403,1.000000,0.758431,-1,-1,-1,-1,-1,0.070581
95900,388,0,17533,45.188144,0.000000,30.000000,-1,76.863914,76.863914,-1,21,0,1510,21,0,653,2198,0,260,5.641599,3.182529,3.182529,1.000000,0.765779,-1,-1,-1,-1,-1,0.070428
95910,409,0,18223,44.555012,0.000000,30.000000,-1,76.966690,76.966690,-1,29,0,1513,15,0,670,1963,0,390,5.651061,3.220286,3.220286,1.000000,0.747047,-1,-1,-1,-1,-1,0.072277
95920,414,0,19038,45.985507,0.000000,30.000000,-1,76.960080,76.960080,-1,21,0,1539,23,0,739,2353,0,255,5.627246,3.237488,3.237488,1.000000,0.759868,-1,-1,-1,-1,-1,0.070402
95930,423,0,19111,45.179669,0.000000,30.000000,-1,77.011616,77.011616,-1,24,0,1479,20,0,731,1904,0,319,5.356560,3.094976,3.094976,1.000000,0.759035,-1,-1,-1,-1,-1,0.068504
95940,407,0,18857,46.331695,0.000000,30.000000,-1,76.975765,76.975765,-1,16,0,1828,17,0,749,2183,0,228,5.675856,3.210537,3.210537,1.000000,0.772230,-1,-1,-1,-1,-1,0.069295
95950,400,0,18520,46.300000,0.000000,30.000000,-1,76.974136,76.974136,-1,19,0,1379,14,0,725,1859,0,230,5.533151,3.273364,3.273364,1.000000,0.766769,-1,-1,-1,-1,-1,0.070699
95960,426,0,19358,45.441315,0.000000,30.000000,-1,77.004804,77.004804,-1,17,0,1967,21,0,722,2045,0,202,5.473004,2.987872,2.987872,1.000000,0.773106,-1,-1,-1,-1,-1,0.065752
95970,412,0,18298,44.412621,0.000000,30.000000,-1,77.071374,77.071374,-1,29,0,1356,21,0,663,1876,0,400,5.322799,3.009725,3.009725,1.000000,0.749652,-1,-1,-1,-1,-1,0.067767
95980,396,0,18056,45.595960,0.000000,30.000000,-1,77.091216,77.091216,-1,17,0,1523,21,0,730,1691,0,223,5.637876,3.203033,3.203033,1.000000,0.769436,-1,-1,-1,-1,-1,0.070248
95990,420,0,19421,46.240476,0.000000,30.000000,-1,77.121827,77.121827,-1,15,0,1721,16,0,715,2239,0,184,5.527894,3.176074,3.176074,1.000000,0.775389,-1,-1,-1,-1,-1,0.068686
96000,402,0,18572,46.199005,0.000000,30.000000,-1,77.075328,77.075328,-1,19,0,1515,22,0,725,2144,0,231,5.532057,3.240805,3.240805,1.000000,0.766498,-1,-1,-1,-1,-1,0.070149
96010,410,0,18741,45.709756,0.000000,30.000000,-1,77.069740,77.069740,-1,17,0,1921,14,0,718,2085,0,226,5.719876,3.111948,3.111948,1.000000,0.769771,-1,-1,-1,-1,-1,0.068081
96020,431,0,19406,45.025522,0.000000,30.000000,-1,77.121560,77.121560,-1,22,0,1613,19,0,716,1866,0,264,5.255148,2.933229,2.933229,1.000000,0.764274,-1,-1,-1,-1,-1,0.065146
96030,407,0,18977,46.626536,0.000000,30.000000,-1,77.121463,77.121463,-1,18,0,1719,18,0,733,2137,0,234,5.446447,3.046943,3.046943,1.000000,0.759475,-1,-1,-1,-1,-1,0.065348
96040,387,0,17254,44.583979,0.000000,30.000000,-1,77.142402,77.142402,-1,28,0,1473,27,0,749,1458,0,356,5.751855,3.230057,3.230057,1.000000,0.741976,-1,-1,-1,-1,-1,0.072449
96050,414,0,19029,45.963768,0.000000,30.000000,-1,77.091282,77.091282,-1,17,0,1728,7,0,712,2029,0,200,5.508308,3.094752,3.094752,1.000000,0.767070,-1,-1,-1,-1,-1,0.067330
96060,429,0,19154,44.648019,0.000000,30.000000,-1,77.133549,77.133549,-1,26,0,1595,19,0,762,2238,0,324,5.576304,3.190152,3.190152,1.000000,0.748791,-1,-1,-1,-1,-1,0.071451
96070,410,0,18759,45.753659,0.000000,30.000000,-1,77.181566,77.181566,-1,18,0,1653,18,0,731,2016,0,236,5.554036,3.145267,3.145267,1.000000,0.762139,-1,-1,-1,-1,-1,0.068744
96080,409,0,18548,45.349633,0.000000,30.000000,-1,77.243261,77.243261,-1,25,0,1591,14,0,682,1778,0,314,5.298133,2.990079,2.990079,1.000000,0.746342,-1,-1,-1,-1,-1,0.065934
96090,391,0,17779,45.470588,0.000000,30.000000,-1,77.214129,77.214129,-1,21,0,1695,25,0,627,1349,0,257,5.698372,3.156213,3.156213,1.000000,0.749603,-1,-1,-1,-1,-1,0.069412
96100,396,0,18155,45.845960,0.000000,30.000000,-1,77.209419,77.209419,-1,21,0,1670,16,0,667,1893,0,272,5.829611,3.227628,3.227628,1.000000,0.754729,-1,-1,-1,-1,-1,0.070402
96110,402,0,18062,44.930348,0.000000,30.000000,-1,77.234027,77.234027,-1,21,0,1699,14,0,705,1824,0,279,5.454121,2.928964,2.928964,1.000000,0.753717,-1,-1,-1,-1,-1,0.065189
96120,404,0,18208,45.069307,0.000000,30.000000,-1,77.237753,77.237753,-1,24,0,1746,15,0,667,1843,0,309,5.371817,2.924859,2.924859,1.000000,0.748163,-1,-1,-1,-1,-1,0.064897
96130,405,0,18284,45.145679,0.000000,30.000000,-1,77.232116,77.232116,-1,24,0,1727,23,0,691,1985,0,298,5.790341,3.231176,3.231176,1.000000,0.750271,-1,-1,-1,-1,-1,0.071572
96140,407,0,18753,46.076167,0.000000,30.000000,-1,77.279529,77.279529,-1,20,0,1557,23,0,734,1784,0,241,5.526149,3.164405,3.164405,1.000000,0.756851,-1,-1,-1,-1,-1,0.068678
96150,420,0,18874,44.938095,0.000000,30.000000,-1,77.308096,77.308096,-1,25,0,1858,18,0,743,2456,0,304,5.393306,2.892805,2.892805,1.000000,0.746698,-1,-1,-1,-1,-1,0.064373
96160,416,0,18801,45.194712,0.000000,30.000000,-1,77.332536,77.332536,-1,22,0,1624,25,0,709,1806,0,297,5.427137,2.996570,2.996570,1.000000,0.753771,-1,-1,-1,-1,-1,0.066304
96170,405,0,18720,46.222222,0.000000,30.000000,-1,77.338248,77.338248,-1,18,0,1378,21,0,662,2218,0,256,5.412556,3.156639,3.156639,1.000000,0.767218,-1,-1,-1,-1,-1,0.068293
96180,393,0,17871,45.473282,0.000000,30.000000,-1,77.391696,77.391696,-1,20,0,1658,15,0,698,2068,0,237,5.724616,3.184306,3.184306,1.000000,0.755899,-1,-1,-1,-1,-1,0.070026
96190,395,0,17583,44.513924,0.000000,30.000000,-1,77.361315,77.361315,-1,23,0,1540,21,0,663,1896,0,276,5.682051,3.142120,3.142120,1.000000,0.747989,-1,-1,-1,-1,-1,0.070587
96200,404,0,18539,45.888614,0.000000,30.000000,-1,77.368574,77.368574,-1,18,0,1649,19,0,664,1669,0,239,5.317010,3.002651,3.002651,1.000000,0.761601,-1,-1,-1,-1,-1,0.065433
96210,397,0,17991,45.317380,0.000000,30.000000,-1,77.317826,77.317826,-1,23,0,1404,15,0,693,1545,0,281,5.530045,3.218065,3.218065,1.000000,0.763285,-1,-1,-1,-1,-1,0.071012
96220,398,0,17932,45.055276,0.000000,30.000000,-1,77.380883,77.380883,-1,24,0,1518,17,0,691,1843,0,302,5.782916,3.199137,3.199137,1.000000,0.754244,-1,-1,-1,-1,-1,0.071005
96230,403,0,18238,45.255583,0.000000,30.000000,-1,77.380908,77.380908,-1,20,0,1792,20,0,707,1969,0,232,5.449708,2.974374,2.974374,1.000000,0.756297,-1,-1,-1,-1,-1,0.065724
96240,403,0,18605,46.166253,0.000000,30.000000,-1,77.355442,77.355442,-1,19,0,1416,17,0,723,1875,0,240,5.348858,3.122842,3.122842,1.000000,0.764896,-1,-1,-1,-1,-1,0.067643
96250,411,0,18929,46.055961,0.000000,30.000000,-1,77.329125,77.329125,-1,23,0,1776,20,0,768,1784,0,297,5.604610,3.157121,3.157121,1.000000,0.749747,-1,-1,-1,-1,-1,0.068550
96260,405,0,18378,45.377778,0.000000,30.000000,-1,77.395527,77.395527,-1,26,0,1408,16,0,678,2127,0,345,5.334540,3.136712,3.136712,1.000000,0.749651,-1,-1,-1,-1,-1,0.069124
96270,412,0,18634,45.228155,0.000000,30.000000,-1,77.379307,77.379307,-1,24,0,1613,15,0,699,1732,0,290,5.239213,2.900639,2.900639,1.000000,0.746893,-1,-1,-1,-1,-1,0.064133
96280,417,0,18904,45.333333,0.000000,30.000000,-1,77.340457,77.340457,-1,20,0,1712,15,0,672,1767,0,235,5.425725,3.083582,3.083582,1.000000,0.760834,-1,-1,-1,-1,-1,0.068020
96290,428,0,19225,44.918224,0.000000,30.000000,-1,77.305124,77.305124,-1,28,0,1652,19,0,748,1979,0,365,5.395909,3.004180,3.004180,1.000000,0.739566,-1,-1,-1,-1,-1,0.066881
96300,409,0,18780,45.916870,0.000000,30.000000,-1,77.304366,77.304366,-1,17,0,1651,18,0,746,2094,0,225,5.273743,2.998582,2.998582,1.000000,0.766256,-1,-1,-1,-1,-1,0.065305
96310,416,0,18692,44.932692,0.000000,30.000000,-1,77.340788,77.340788,-1,19,0,2013,12,0,692,1825,0,248,5.435186,2.865295,2.865295,1.000000,0.756443,-1,-1,-1,-1,-1,0.063769
96320,406,0,18053,44.465517,0.000000,30.000000,-1,77.401374,77.401374,-1,30,0,1391,15,0,719,2034,0,356,5.360716,3.106033,3.106033,1.000000,0.740094,-1,-1,-1,-1,-1,0.069853
96330,406,0,18572,45.743842,0.000000,30.000000,-1,77.448579,77.448579,-1,19,0,1691,15,0,692,2038,0,246,5.409767,2.990890,2.990890,1.000000,0.757409,-1,-1,-1,-1,-1,0.065383
96340,407,0,18454,45.341523,0.000000,30.000000,-1,77.451068,77.451068,-1,22,0,1596,19,0,695,2102,0,264,5.547816,3.083751,3.083751,1.000000,0.750091,-1,-1,-1,-1,-1,0.068012
96350,397,0,17780,44.785894,0.000000,30.000000,-1,77.429246,77.429246,-1,26,0,1719,22,0,693,1822,0,322,5.399790,2.993997,2.993997,1.000000,0.738854,-1,-1,-1,-1,-1,0.066851
96360,397,0,18399,46.345088,0.000000,30.000000,-1,77.428121,77.428121,-1,15,0,1423,24,0,664,2367,0,210,5.634028,3.243386,3.243386,1.000000,0.768723,-1,-1,-1,-1,-1,0.069983
96370,402,0,18704,46.527363,0.000000,30.000000,-1,77.405689,77.405689,-1,19,0,1535,16,0,713,1738,0,231,5.460836,3.148143,3.148143,1.000000,0.760922,-1,-1,-1,-1,-1,0.067662
96380,405,0,18417,45.474074,0.000000,30.000000,-1,77.396862,77.396862,-1,18,0,1707,19,0,676,1964,0,243,5.508794,3.028890,3.028890,1.000000,0.760113,-1,-1,-1,-1,-1,0.066607
96390,406,0,18553,45.697044,0.000000,30.000000,-1,77.434970,77.434970,-1,15,0,1763,20,0,733,1787,0,186,5.641833,3.090809,3.090809,1.000000,0.760996,-1,-1,-1,-1,-1,0.067637
96400,401,0,18191,45.364090,0.000000,30.000000,-1,77.470562,77.470562,-1,14,0,1637,23,0,692,2183,0,165,5.651223,3.048694,3.048694,1.000000,0.758191,-1,-1,-1,-1,-1,0.067205
96410,385,0,17938,46.592208,0.000000,30.000000,-1,77.504293,77.504293,-1,10,0,1639,17,0,655,1851,0,100,5.429773,3.031823,3.031823,1.000000,0.779138,-1,-1,-1,-1,-1,0.065071
96420,391,0,18354,46.941176,0.000000,30.000000,-1,77.533889,77.533889,-1,9,0,1590,24,0,679,1837,0,107,5.651112,3.172783,3.172783,1.000000,0.783376,-1,-1,-1,-1,-1,0.067591
96430,389,0,17642,45.352185,0.000000,30.000000,-1,77.494558,77.494558,-1,17,0,1859,15,0,667,1594,0,192,5.786860,3.084728,3.084728,1.000000,0.758941,-1,-1,-1,-1,-1,0.068017
96440,388,0,17686,45.582474,0.000000,30.000000,-1,77.441366,77.441366,-1,16,0,1640,20,0,686,1967,0,177,6.021645,3.265787,3.265787,1.000000,0.760196,-1,-1,-1,-1,-1,0.071646
96450,404,0,18853,46.665842,0.000000,30.000000,-1,77.470853,77.470853,-1,15,0,1592,17,0,675,1914,0,190,5.446890,3.128192,3.128192,1.000000,0.766175,-1,-1,-1,-1,-1,0.067034
96460,416,0,19016,45.711538,0.000000,30.000000,-1,77.516460,77.516460,-1,17,0,1869,16,0,793,1848,0,232,5.367103,2.983858,2.983858,1.000000,0.775171,-1,-1,-1,-1,-1,0.065276
96470,405,0,17910,44.222222,0.000000,30.000000,-1,77.550363,77.550363,-1,25,0,1667,20,0,665,1908,0,292,5.719313,3.181922,3.181922,1.000000,0.756223,-1,-1,-1,-1,-1,0.071953
96480,394,0,18155,46.078680,0.000000,30.000000,-1,77.541449,77.541449,-1,16,0,1637,17,0,667,1905,0,207,5.595388,3.159507,3.159507,1.000000,0.762560,-1,-1,-1,-1,-1,0.068568
96490,394,0,17878,45.375635,0.000000,30.000000,-1,77.540720,77.540720,-1,21,0,1653,24,0,678,2086,0,268,5.807672,3.172386,3.172386,1.000000,0.753356,-1,-1,-1,-1,-1,0.069914
96500,421,0,19181,45.560570,0.000000,30.000000,-1,77.605078,77.605078,-1,20,0,1796,25,0,684,2096,0,249,5.276948,2.964767,2.964767,1.000000,0.758571,-1,-1,-1,-1,-1,0.065073
96510,413,0,18828,45.588378,0.000000,30.000000,-1,77.544827,77.544827,-1,23,0,1843,12,0,748,2133,0,302,5.509590,3.102194,3.102194,1.000000,0.754140,-1,-1,-1,-1,-1,0.068048
96520,419,0,19144,45.689737,0.000000,30.000000,-1,77.528103,77.528103,-1,24,0,1524,21,0,740,1937,0,320,5.541922,3.145486,3.145486,1.000000,0.749945,-1,-1,-1,-1,-1,0.068844
96530,435,0,19676,45.232184,0.000000,30.000000,-1,77.558396,77.558396,-1,26,0,1795,16,0,800,1837,0,340,5.538439,3.030910,3.030910,1.000000,0.744180,-1,-1,-1,-1,-1,0.067008
96540,414,0,18949,45.770531,0.000000,30.000000,-1,77.593013,77.593013,-1,18,0,1732,22,0,712,2224,0,215,5.618660,3.098961,3.098961,1.000000,0.764341,-1,-1,-1,-1,-1,0.067706
96550,415,0,19042,45.884337,0.000000,30.000000,-1,77.664741,77.664741,-1,17,0,1602,26,0,742,1823,0,219,5.474447,3.075753,3.075753,1.000000,0.768206,-1,-1,-1,-1,-1,0.067033
96560,416,0,18931,45.507212,0.000000,30.000000,-1,77.649834,77.649834,-1,20,0,1626,13,0,671,2308,0,229,5.466533,3.095853,3.095853,1.000000,0.760389,-1,-1,-1,-1,-1,0.068030
96570,390,0,18008,46.174359,0.000000,30.000000,-1,77.661984,77.661984,-1,17,0,1486,27,0,716,1649,0,214,5.502950,3.054417,3.054417,1.000000,0.749139,-1,-1,-1,-1,-1,0.066150
96580,372,0,17189,46.206989,0.000000,30.000000,-1,77.698412,77.698412,-1,16,0,1441,24,0,644,1581,0,191,5.796691,3.272434,3.272434,1.000000,0.765441,-1,-1,-1,-1,-1,0.070821
96590,395,0,17842,45.169620,0.000000,30.000000,-1,77.657494,77.657494,-1,19,0,1595,17,0,715,2044,0,243,5.748120,3.130381,3.130381,1.000000,0.757463,-1,-1,-1,-1,-1,0.069303
96600,403,0,18510,45.930521,0.000000,30.000000,-1,77.678552,77.678552,-1,21,0,1486,23,0,716,1909,0,276,5.691998,3.236868,3.236868,1.000000,0.753307,-1,-1,-1,-1,-1,0.070473
96610,409,0,18473,45.166259,0.000000,30.000000,-1,77.615168,77.615168,-1,20,0,1837,20,0,691,1701,0,245,5.521331,2.986994,2.986994,1.000000,0.752148,-1,-1,-1,-1,-1,0.066133
96620,398,0,18297,45.972362,0.000000,30.000000,-1,77.691206,77.691206,-1,13,0,1756,18,0,696,1741,0,163,5.877833,3.147292,3.147292,1.000000,0.760171,-1,-1,-1,-1,-1,0.068461
96630,394,0,17706,44.939086,0.000000,30.000000,-1,77.718118,77.718118,-1,21,0,1459,26,0,714,2141,0,281,5.774466,3.177190,3.177190,1.000000,0.750956,-1,-1,-1,-1,-1,0.070700
96640,402,0,18369,45.694030,0.000000,30.000000,-1,77.694268,77.694268,-1,21,0,1780,23,0,688,1695,0,253,5.385848,2.955777,2.955777,1.000000,0.749298,-1,-1,-1,-1,-1,0.064686
96650,395,0,17972,45.498734,0.000000,30.000000,-1,77.659081,77.659081,-1,15,0,1564,22,0,643,1692,0,191,5.405165,3.025214,3.025214,1.000000,0.769319,-1,-1,-1,-1,-1,0.066490
96660,421,0,18937,44.980998,0.000000,30.000000,-1,77.643080,77.643080,-1,25,0,1599,11,0,766,2659,0,304,5.472325,3.055782,3.055782,1.000000,0.744832,-1,-1,-1,-1,-1,0.067935
96670,418,0,19126,45.755981,0.000000,30.000000,-1,77.642006,77.642006,-1,20,0,1561,21,0,716,1832,0,239,5.431785,3.026747,3.026747,1.000000,0.753560,-1,-1,-1,-1,-1,0.066150
96680,425,0,19549,45.997647,0.000000,30.000000,-1,77.648320,77.648320,-1,21,0,1658,17,0,680,1971,0,244,5.601273,3.030491,3.030491,1.000000,0.744576,-1,-1,-1,-1,-1,0.065884
96690,413,0,18942,45.864407,0.000000,30.000000,-1,77.665822,77.665822,-1,20,0,1507,17,0,781,2245,0,225,5.411056,3.080008,3.080008,1.000000,0.752138,-1,-1,-1,-1,-1,0.067155
96700,400,0,18622,46.555000,0.000000,30.000000,-1,77.738052,77.738052,-1,13,0,1671,21,0,686,1906,0,167,5.636825,3.104008,3.104008,1.000000,0.763308,-1,-1,-1,-1,-1,0.066674
96710,412,0,18755,45.521845,0.000000,30.000000,-1,77.787310,77.787310,-1,20,0,1705,15,0,674,1970,0,244,5.667061,3.110447,3.110447,1.000000,0.750455,-1,-1,-1,-1,-1,0.068329
96720,397,0,17777,44.778338,0.000000,30.000000,-1,77.854081,77.854081,-1,24,0,1675,24,0,697,1736,0,318,5.452533,2.960445,2.960445,1.000000,0.741760,-1,-1,-1,-1,-1,0.066113
96730,392,0,17345,44.247449,0.000000,30.000000,-1,77.829980,77.829980,-1,28,0,1384,23,0,695,2007,0,383,5.677967,3.214162,3.214162,1.000000,0.744476,-1,-1,-1,-1,-1,0.072641
96740,404,0,18574,45.975248,0.000000,30.000000,-1,77.813126,77.813126,-1,18,0,1806,22,0,749,1736,0,211,5.670388,3.045961,3.045961,1.000000,0.757092,-1,-1,-1,-1,-1,0.066252
96750,409,0,18998,46.449878,0.000000,30.000000,-1,77.826719,77.826719,-1,8,0,1728,17,0,710,2168,0,97,5.634743,3.007707,3.007707,1.000000,0.767893,-1,-1,-1,-1,-1,0.064752
96760,390,0,17967,46.069231,0.000000,30.000000,-1,77.825736,77.825736,-1,20,0,1457,28,0,639,2031,0,252,5.409183,3.089596,3.089596,1.000000,0.754260,-1,-1,-1,-1,-1,0.067064
96770,408,0,18312,44.882353,0.000000,30.000000,-1,77.792431,77.792431,-1,22,0,1878,21,0,692,2325,0,274,5.461245,2.888195,2.888195,1.000000,0.742383,-1,-1,-1,-1,-1,0.064350
96780,430,0,19162,44.562791,0.000000,30.000000,-1,77.754097,77.754097,-1,27,0,2027,13,0,676,2463,0,345,5.566879,2.975978,2.975978,1.000000,0.739232,-1,-1,-1,-1,-1,0.066782
96790,415,0,18912,45.571084,0.000000,30.000000,-1,77.759571,77.759571,-1,22,0,1758,17,0,719,1995,0,260,5.298388,2.940281,2.940281,1.000000,0.749481,-1,-1,-1,-1,-1,0.064521
96800,397,0,18120,45.642317,0.000000,30.000000,-1,77.724890,77.724890,-1,15,0,1354,31,0,673,1786,0,182,5.361499,2.969875,2.969875,1.000000,0.759582,-1,-1,-1,-1,-1,0.065068
96810,408,0,18671,45.762255,0.000000,30.000000,-1,77.707675,77.707675,-1,17,0,1618,17,0,744,2051,0,217,5.576597,3.152803,3.152803,1.000000,0.760906,-1,-1,-1,-1,-1,0.068895
96820,415,0,18876,45.484337,0.000000,30.000000,-1,77.735060,77.735060,-1,18,0,1668,17,0,755,2227,0,206,5.629979,3.060555,3.060555,1.000000,0.751000,-1,-1,-1,-1,-1,0.067288
96830,407,0,19154,47.061425,0.000000,30.000000,-1,77.719954,77.719954,-1,9,0,1565,19,0,721,1728,0,120,5.619779,3.237597,3.237597,1.000000,0.778793,-1,-1,-1,-1,-1,0.068795
96840,406,0,18558,45.709360,0.000000,30.000000,-1,77.702392,77.702392,-1,16,0,1667,26,0,707,1748,0,204,5.491974,3.023332,3.023332,1.000000,0.760347,-1,-1,-1,-1,-1,0.066143
96850,406,0,18313,45.105911,0.000000,30.000000,-1,77.664664,77.664664,-1,20,0,1710,16,0,700,2113,0,251,5.557011,3.050308,3.050308,1.000000,0.753482,-1,-1,-1,-1,-1,0.067625
96860,406,0,18498,45.561576,0.000000,30.000000,-1,77.653314,77.653314,-1,21,0,1571,21,0,682,2272,0,270,5.472865,3.099033,3.099033,1.000000,0.755298,-1,-1,-1,-1,-1,0.068019
96870,391,0,17777,45.465473,0.000000,30.000000,-1,77.615908,77.615908,-1,21,0,1397,20,0,675,2381,0,254,5.390971,3.125835,3.125835,1.000000,0.755816,-1,-1,-1,-1,-1,0.068752
96880,400,0,18474,46.185000,0.000000,30.000000,-1,77.634622,77.634622,-1,18,0,1569,14,0,734,2272,0,236,5.655009,3.208800,3.208800,1.000000,0.761378,-1,-1,-1,-1,-1,0.069477
96890,402,0,18388,45.741294,0.000000,30.000000,-1,77.618501,77.618501,-1,14,0,1671,19,0,694,1734,0,160,5.733145,3.184765,3.184765,1.000000,0.773991,-1,-1,-1,-1,-1,0.069626
96900,398,0,18261,45.881910,0.000000,30.000000,-1,77.518920,77.518920,-1,19,0,1856,14,0,660,1911,0,228,5.776668,3.196172,3.196172,1.000000,0.751734,-1,-1,-1,-1,-1,0.069661
96910,400,0,17959,44.897500,0.000000,30.000000,-1,77.541511,77.541511,-1,25,0,1624,20,0,700,1713,0,310,5.789889,3.275111,3.275111,1.000000,0.751327,-1,-1,-1,-1,-1,0.072946
96920,396,0,18304,46.222222,0.000000,30.000000,-1,77.556545,77.556545,-1,19,0,1345,19,0,689,1871,0,223,5.691044,3.299456,3.299456,1.000000,0.753382,-1,-1,-1,-1,-1,0.071382
96930,405,0,18785,46.382716,0.000000,30.000000,-1,77.647431,77.647431,-1,13,0,1758,19,0,761,1850,0,153,5.640577,3.072651,3.072651,1.000000,0.768168,-1,-1,-1,-1,-1,0.066246
96940,424,0,19614,46.259434,0.000000,30.000000,-1,77.656572,77.656572,-1,13,0,1915,18,0,797,2337,0,162,5.502788,3.000075,3.000075,1.000000,0.767458,-1,-1,-1,-1,-1,0.064853
96950,419,0,19213,45.854415,0.000000,30.000000,-1,77.684537,77.684537,-1,18,0,1756,20,0,726,1998,0,224,5.427835,3.074382,3.074382,1.000000,0.763218,-1,-1,-1,-1,-1,0.067047
96960,412,0,18975,46.055825,0.000000,30.000000,-1,77.686640,77.686640,-1,20,0,1670,28,0,724,2072,0,215,5.410473,3.036591,3.036591,1.000000,0.757222,-1,-1,-1,-1,-1,0.065933
96970,403,0,18289,45.382134,0.000000,30.000000,-1,77.714309,77.714309,-1,17,0,1521,16,0,681,1882,0,211,5.733097,3.198133,3.198133,1.000000,0.757361,-1,-1,-1,-1,-1,0.070471
96980,385,0,17766,46.145455,0.000000,30.000000,-1,77.755319,77.755319,-1,13,0,1482,20,0,673,1708,0,155,5.652609,3.142814,3.142814,1.000000,0.767047,-1,-1,-1,-1,-1,0.068107
96990,397,0,17963,45.246851,0.000000,30.000000,-1,77.742415,77.742415,-1,18,0,1666,20,0,680,1964,0,223,5.591752,3.032573,3.032573,1.000000,0.762818,-1,-1,-1,-1,-1,0.067023
97000,392,0,17640,45.000000,0.000000,30.000000,-1,77.721259,77.721259,-1,22,0,1577,15,0,667,1793,0,289,5.784762,3.264801,3.264801,1.000000,0.757370,-1,-1,-1,-1,-1,0.072551
97010,396,0,18125,45.770202,0.000000,30.000000,-1,77.718400,77.718400,-1,18,0,1613,17,0,655,1862,0,198,5.539843,3.086680,3.086680,1.000000,0.756148,-1,-1,-1,-1,-1,0.067439
97020,397,0,18125,45.654912,0.000000,30.000000,-1,77.722372,77.722372,-1,19,0,1671,25,0,701,1931,0,218,5.487560,2.973877,2.973877,1.000000,0.752983,-1,-1,-1,-1,-1,0.065138
97030,392,0,17935,45.752551,0.000000,30.000000,-1,77.710120,77.710120,-1,14,0,1819,16,0,658,1687,0,188,5.542990,2.999243,2.999243,1.000000,0.766096,-1,-1,-1,-1,-1,0.065554
97040,369,0,17171,46.533875,0.000000,30.000000,-1,77.695883,77.695883,-1,13,0,1536,24,0,652,2041,0,176,5.766516,3.235291,3.235291,1.000000,0.765456,-1,-1,-1,-1,-1,0.069525
97050,392,0,17686,45.117347,0.000000,30.000000,-1,77.732670,77.732670,-1,22,0,1387,18,0,669,1741,0,259,5.702209,3.285400,3.285400,1.000000,0.756916,-1,-1,-1,-1,-1,0.072819
97060,396,0,17964,45.363636,0.000000,30.000000,-1,77.746326,77.746326,-1,20,0,1740,28,0,709,1710,0,259,5.328988,2.918045,2.918045,1.000000,0.751640,-1,-1,-1,-1,-1,0.064326
97070,411,0,18583,45.214112,0.000000,30.000000,-1,77.698380,77.698380,-1,23,0,1624,19,0,756,2524,0,292,5.582379,3.105490,3.105490,1.000000,0.748246,-1,-1,-1,-1,-1,0.068684
97080,380,0,17482,46.005263,0.000000,30.000000,-1,77.731438,77.731438,-1,16,0,1746,27,0,683,1870,0,189,5.705752,3.004022,3.004022,1.000000,0.752622,-1,-1,-1,-1,-1,0.065297
97090,396,0,17999,45.452020,0.000000,30.000000,-1,77.718651,77.718651,-1,15,0,1686,15,0,685,1783,0,177,5.740454,3.114945,3.114945,1.000000,0.766123,-1,-1,-1,-1,-1,0.068533
97100,397,0,18121,45.644836,0.000000,30.000000,-1,77.733238,77.733238,-1,14,0,1709,20,0,675,2066,0,171,5.918742,3.225674,3.225674,1.000000,0.760502,-1,-1,-1,-1,-1,0.070669
97110,420,0,19153,45.602381,0.000000,30.000000,-1,77.740145,77.740145,-1,16,0,1905,15,0,706,2251,0,186,5.487925,2.926927,2.926927,1.000000,0.756103,-1,-1,-1,-1,-1,0.064184
97120,412,0,18681,45.342233,0.000000,30.000000,-1,77.787645,77.787645,-1,22,0,1664,16,0,738,2062,0,264,5.550984,3.033736,3.033736,1.000000,0.748360,-1,-1,-1,-1,-1,0.066908
97130,403,0,18267,45.327543,0.000000,30.000000,-1,77.834894,77.834894,-1,23,0,1371,14,0,733,1915,0,303,5.857734,3.373626,3.373626,1.000000,0.754284,-1,-1,-1,-1,-1,0.074428
97140,422,0,19125,45.319905,0.000000,30.000000,-1,77.884444,77.884444,-1,18,0,1641,17,0,809,2192,0,220,5.278327,2.862951,2.862951,1.000000,0.751988,-1,-1,-1,-1,-1,0.063172
97150,403,0,18492,45.885856,0.000000,30.000000,-1,77.974584,77.974584,-1,19,0,1433,20,0,720,1803,0,236,5.716476,3.289668,3.289668,1.000000,0.759573,-1,-1,-1,-1,-1,0.071692
97160,402,0,18204,45.283582,0.000000,30.000000,-1,77.957866,77.957866,-1,24,0,1503,21,0,689,2056,0,318,5.741426,3.275454,3.275454,1.000000,0.744694,-1,-1,-1,-1,-1,0.072332
97170,401,0,18596,46.374065,0.000000,30.000000,-1,77.989353,77.989353,-1,15,0,1683,19,0,745,1958,0,192,5.556531,2.992631,2.992631,1.000000,0.755641,-1,-1,-1,-1,-1,0.064532
97180,431,0,19397,45.004640,0.000000,30.000000,-1,77.952828,77.952828,-1,21,0,1864,31,0,700,2003,0,259,5.292375,2.866282,2.866282,1.000000,0.751627,-1,-1,-1,-1,-1,0.063689
97190,421,0,19400,46.080760,0.000000,30.000000,-1,77.971134,77.971134,-1,15,0,1660,23,0,775,1985,0,201,5.366975,2.875306,2.875306,1.000000,0.755344,-1,-1,-1,-1,-1,0.062397
97200,414,0,18668,45.091787,0.000000,30.000000,-1,77.997000,77.997000,-1,24,0,1677,21,0,749,2145,0,302,5.394083,2.977553,2.977553,1.000000,0.752024,-1,-1,-1,-1,-1,0.066033
97210,415,0,19085,45.987952,0.000000,30.000000,-1,78.062719,78.062719,-1,19,0,1570,17,0,698,2068,0,237,5.677336,3.177799,3.177799,1.000000,0.758286,-1,-1,-1,-1,-1,0.069101
97220,396,0,18203,45.967172,0.000000,30.000000,-1,78.014943,78.014943,-1,19,0,1664,25,0,692,2089,0,238,5.331399,2.957622,2.957622,1.000000,0.755001,-1,-1,-1,-1,-1,0.064342
97230,397,0,18022,45.395466,0.000000,30.000000,-1,77.987682,77.987682,-1,19,0,1877,11,0,691,2312,0,255,5.852844,3.123647,3.123647,1.000000,0.747175,-1,-1,-1,-1,-1,0.068810
97240,398,0,18162,45.633166,0.000000,30.000000,-1,77.979463,77.979463,-1,18,0,1668,23,0,702,1867,0,241,5.858145,3.143411,3.143411,1.000000,0.746513,-1,-1,-1,-1,-1,0.068884
97250,396,0,17816,44.989899,0.000000,30.000000,-1,78.011450,78.011450,-1,25,0,1576,27,0,689,2026,0,320,5.510508,3.059477,3.059477,1.000000,0.748644,-1,-1,-1,-1,-1,0.068004
97260,426,0,19123,44.889671,0.000000,30.000000,-1,77.988809,77.988809,-1,21,0,1819,17,0,800,2296,0,266,5.558292,2.939863,2.939863,1.000000,0.753581,-1,-1,-1,-1,-1,0.065491
97270,424,0,19279,45.469340,0.000000,30.000000,-1,77.971523,77.971523,-1,17,0,1718,20,0,724,1627,0,211,5.554908,3.007761,3.007761,1.000000,0.753926,-1,-1,-1,-1,-1,0.066149
97280,405,0,18630,46.000000,0.000000,30.000000,-1,77.932582,77.932582,-1,17,0,1721,18,0,740,2204,0,226,5.787943,3.194185,3.194185,1.000000,0.763392,-1,-1,-1,-1,-1,0.069439
97290,421,0,19224,45.662708,0.000000,30.000000,-1,77.947462,77.947462,-1,20,0,1667,17,0,685,1689,0,272,5.601255,3.073989,3.073989,1.000000,0.753202,-1,-1,-1,-1,-1,0.067319
97300,392,0,18115,46.211735,0.000000,30.000000,-1,77.932708,77.932708,-1,15,0,1949,13,0,749,1988,0,200,5.978393,3.156811,3.156811,1.000000,0.766013,-1,-1,-1,-1,-1,0.068312
97310,404,0,18714,46.321782,0.000000,30.000000,-1,77.893235,77.893235,-1,11,0,1867,15,0,698,1551,0,158,5.680502,3.066551,3.066551,1.000000,0.772811,-1,-1,-1,-1,-1,0.066201
97320,407,0,18686,45.911548,0.000000,30.000000,-1,77.934978,77.934978,-1,17,0,1679,29,0,691,1852,0,233,5.516495,3.043877,3.043877,1.000000,0.755593,-1,-1,-1,-1,-1,0.066299
97330,416,0,18668,44.875000,0.000000,30.000000,-1,78.009160,78.009160,-1,24,0,1606,21,0,699,1882,0,302,5.639335,3.224447,3.224447,1.000000,0.748124,-1,-1,-1,-1,-1,0.071854
97340,418,0,19076,45.636364,0.000000,30.000000,-1,78.011323,78.011323,-1,19,0,1528,15,0,740,2750,0,247,5.533043,3.095973,3.095973,1.000000,0.754155,-1,-1,-1,-1,-1,0.067840
97350,414,0,19185,46.340580,0.000000,30.000000,-1,78.089497,78.089497,-1,11,0,1889,18,0,774,1983,0,138,5.420675,2.887008,2.887008,1.000000,0.765710,-1,-1,-1,-1,-1,0.062300
97360,400,0,18321,45.802500,0.000000,30.000000,-1,78.061132,78.061132,-1,16,0,1692,12,0,685,1658,0,205,5.440447,2.992410,2.992410,1.000000,0.764250,-1,-1,-1,-1,-1,0.065333
97370,398,0,17962,45.130653,0.000000,30.000000,-1,78.091694,78.091694,-1,20,0,1799,19,0,712,1985,0,260,5.921918,3.204368,3.204368,1.000000,0.753140,-1,-1,-1,-1,-1,0.071002
97380,380,0,17072,44.926316,0.000000,30.000000,-1,78.132322,78.132322,-1,21,0,1463,22,0,694,1574,0,259,5.623819,3.219038,3.219038,1.000000,0.752803,-1,-1,-1,-1,-1,0.071651
97390,374,0,17392,46.502674,0.000000,30.000000,-1,78.124885,78.124885,-1,14,0,1517,18,0,650,1576,0,166,5.681597,3.185731,3.185731,1.000000,0.764410,-1,-1,-1,-1,-1,0.068506
97400,388,0,18261,47.064433,0.000000,30.000000,-1,78.109687,78.109687,-1,12,0,1574,17,0,620,2052,0,155,5.588930,3.201448,3.201448,1.000000,0.775267,-1,-1,-1,-1,-1,0.068023
97410,413,0,18949,45.881356,0.000000,30.000000,-1,78.074094,78.074094,-1,17,0,1892,16,0,755,2074,0,220,5.683222,3.145902,3.145902,1.000000,0.762833,-1,-1,-1,-1,-1,0.068566
97420,403,0,18072,44.843672,0.000000,30.000000,-1,78.089807,78.089807,-1,22,0,1541,23,0,722,2365,0,265,5.317059,2.986616,2.986616,1.000000,0.758271,-1,-1,-1,-1,-1,0.066601
97430,396,0,18040,45.555556,0.000000,30.000000,-1,78.198448,78.198448,-1,20,0,1700,15,0,710,2152,0,248,5.775543,3.168541,3.168541,1.000000,0.763033,-1,-1,-1,-1,-1,0.069553
97440,412,0,18917,45.915049,0.000000,30.000000,-1,78.222181,78.222181,-1,19,0,1612,15,0,672,2115,0,227,5.397923,3.042033,3.042033,1.000000,0.763413,-1,-1,-1,-1,-1,0.066254
97450,397,0,18026,45.405542,0.000000,30.000000,-1,78.219405,78.219405,-1,21,0,1628,20,0,725,1743,0,275,5.569153,3.161326,3.161326,1.000000,0.755389,-1,-1,-1,-1,-1,0.069624
97460,406,0,19033,46.879310,0.000000,30.000000,-1,78.238953,78.238953,-1,11,0,1717,17,0,678,2227,0,138,5.756027,3.161637,3.161637,1.000000,0.773075,-1,-1,-1,-1,-1,0.067442
97470,398,0,18189,45.701005,0.000000,30.000000,-1,78.228820,78.228820,-1,20,0,1836,22,0,695,2042,0,253,5.499949,3.034030,3.034030,1.000000,0.754993,-1,-1,-1,-1,-1,0.066389
97480,412,0,18329,44.487864,0.000000,30.000000,-1,78.176824,78.176824,-1,30,0,1731,16,0,678,1936,0,368,5.519802,3.058446,3.058446,1.000000,0.739592,-1,-1,-1,-1,-1,0.068748
97490,398,0,18097,45.469849,0.000000,30.000000,-1,78.181853,78.181853,-1,17,0,1596,20,0,731,1931,0,213,5.314098,2.926151,2.926151,1.000000,0.757728,-1,-1,-1,-1,-1,0.064354
97500,395,0,18100,45.822785,0.000000,30.000000,-1,78.179503,78.179503,-1,19,0,1722,20,0,695,1407,0,238,5.779952,3.148318,3.148318,1.000000,0.754089,-1,-1,-1,-1,-1,0.068706
97510,396,0,18062,45.611111,0.000000,30.000000,-1,78.280478,78.280478,-1,19,0,1460,20,0,675,1801,0,245,5.599251,3.145819,3.145819,1.000000,0.753625,-1,-1,-1,-1,-1,0.068970
97520,425,0,19385,45.611765,0.000000,30.000000,-1,78.395873,78.395873,-1,21,0,1695,16,0,775,2470,0,251,5.447895,3.055242,3.055242,1.000000,0.757435,-1,-1,-1,-1,-1,0.066984
97530,407,0,18775,46.130221,0.000000,30.000000,-1,78.418216,78.418216,-1,18,0,1622,31,0,708,2096,0,230,5.569860,3.110027,3.110027,1.000000,0.762505,-1,-1,-1,-1,-1,0.067418
97540,406,0,18746,46.172414,0.000000,30.000000,-1,78.385042,78.385042,-1,19,0,1515,14,0,738,1852,0,243,5.592180,3.245259,3.245259,1.000000,0.759391,-1,-1,-1,-1,-1,0.070286
97550,404,0,18462,45.698020,0.000000,30.000000,-1,78.355054,78.355054,-1,21,0,1632,28,0,744,2120,0,268,5.607632,3.121034,3.121034,1.000000,0.761083,-1,-1,-1,-1,-1,0.068297
97560,413,0,18912,45.791768,0.000000,30.000000,-1,78.302030,78.302030,-1,19,0,1682,21,0,716,1780,0,230,5.169833,2.824959,2.824959,1.000000,0.761711,-1,-1,-1,-1,-1,0.061691
97570,399,0,18382,46.070175,0.000000,30.000000,-1,78.340170,78.340170,-1,15,0,1799,21,0,651,1741,0,212,5.448553,2.924045,2.924045,1.000000,0.764740,-1,-1,-1,-1,-1,0.063469
97580,408,0,18857,46.218137,0.000000,30.000000,-1,78.336745,78.336745,-1,16,0,1694,10,0,746,2031,0,236,5.620198,3.123149,3.123149,1.000000,0.763889,-1,-1,-1,-1,-1,0.067574
97590,429,0,19577,45.634033,0.000000,30.000000,-1,78.243398,78.243398,-1,19,0,1841,15,0,756,2154,0,267,5.301138,2.958213,2.958213,1.000000,0.771542,-1,-1,-1,-1,-1,0.064825
97600,424,0,19179,45.233491,0.000000,30.000000,-1,78.304395,78.304395,-1,26,0,1712,20,0,752,2302,0,327,5.270039,3.000626,3.000626,1.000000,0.746771,-1,-1,-1,-1,-1,0.066336
97610,402,0,18612,46.298507,0.000000,30.000000,-1,78.357135,78.357135,-1,16,0,1492,18,0,698,2238,0,195,5.534370,3.073780,3.073780,1.000000,0.763786,-1,-1,-1,-1,-1,0.066390
97620,420,0,19005,45.250000,0.000000,30.000000,-1,78.351802,78.351802,-1,23,0,1661,25,0,739,2276,0,297,5.280178,2.918235,2.918235,1.000000,0.751015,-1,-1,-1,-1,-1,0.064491
97630,394,0,17785,45.139594,0.000000,30.000000,-1,78.359179,78.359179,-1,17,0,1796,28,0,721,1471,0,220,5.714483,3.100238,3.100238,1.000000,0.763898,-1,-1,-1,-1,-1,0.068681
97640,398,0,18304,45.989950,0.000000,30.000000,-1,78.349541,78.349541,-1,15,0,1745,21,0,670,2013,0,185,5.747880,3.140491,3.140491,1.000000,0.763271,-1,-1,-1,-1,-1,0.068286
97650,399,0,17780,44.561404,0.000000,30.000000,-1,78.289539,78.289539,-1,22,0,1648,20,0,689,1985,0,265,5.572158,3.086453,3.086453,1.000000,0.758713,-1,-1,-1,-1,-1,0.069263
97660,402,0,18315,45.559701,0.000000,30.000000,-1,78.314442,78.314442,-1,23,0,1488,15,0,724,1995,0,294,5.763711,3.212835,3.212835,1.000000,0.751026,-1,-1,-1,-1,-1,0.070519
97670,418,0,19495,46.638756,0.000000,30.000000,-1,78.301975,78.301975,-1,15,0,1478,19,0,724,2009,0,196,5.359362,3.106082,3.106082,1.000000,0.765628,-1,-1,-1,-1,-1,0.066599
97680,403,0,18483,45.863524,0.000000,30.000000,-1,78.217497,78.217497,-1,16,0,1646,31,0,718,1886,0,203,5.352598,2.996864,2.996864,1.000000,0.764192,-1,-1,-1,-1,-1,0.065343
97690,378,0,17367,45.944444,0.000000,30.000000,-1,78.283181,78.283181,-1,13,0,1730,22,0,616,1919,0,151,5.732363,3.134102,3.134102,1.000000,0.770441,-1,-1,-1,-1,-1,0.068215
97700,390,0,17271,44.284615,0.000000,30.000000,-1,78.323780,78.323780,-1,26,0,1524,21,0,629,1713,0,358,5.594484,3.057653,3.057653,1.000000,0.740667,-1,-1,-1,-1,-1,0.069045
97710,393,0,17644,44.895674,0.000000,30.000000,-1,78.330991,78.330991,-1,19,0,1671,17,0,667,1715,0,241,5.718249,2.994704,2.994704,1.000000,0.754338,-1,-1,-1,-1,-1,0.066704
97720,364,0,16639,45.711538,0.000000,30.000000,-1,78.469019,78.469019,-1,14,0,1604,23,0,576,1658,0,192,5.805728,3.201206,3.201206,1.000000,0.765825,-1,-1,-1,-1,-1,0.070031
97730,374,0,17453,46.665775,0.000000,30.000000,-1,78.507305,78.507305,-1,13,0,1651,16,0,658,1562,0,157,5.694273,3.147082,3.147082,1.000000,0.766653,-1,-1,-1,-1,-1,0.067439
97740,387,0,17504,45.229974,0.000000,30.000000,-1,78.497543,78.497543,-1,22,0,1575,23,0,644,1767,0,280,5.420733,2.958005,2.958005,1.000000,0.750983,-1,-1,-1,-1,-1,0.065399
97750,386,0,17285,44.779793,0.000000,30.000000,-1,78.466995,78.466995,-1,16,0,1639,21,0,691,2004,0,200,5.630579,2.977365,2.977365,1.000000,0.760803,-1,-1,-1,-1,-1,0.066489
97760,378,0,17155,45.383598,0.000000,30.000000,-1,78.509647,78.509647,-1,17,0,1654,24,0,650,1801,0,202,5.481929,3.040180,3.040180,1.000000,0.762547,-1,-1,-1,-1,-1,0.066989
97770,411,0,18602,45.260341,0.000000,30.000000,-1,78.596119,78.596119,-1,24,0,1606,25,0,642,1810,0,304,5.524256,3.105104,3.105104,1.000000,0.748923,-1,-1,-1,-1,-1,0.068605
97780,395,0,18547,46.954430,0.000000,30.000000,-1,78.610719,78.610719,-1,9,0,1699,15,0,684,2218,0,114,5.464488,3.060165,3.060165,1.000000,0.773591,-1,-1,-1,-1,-1,0.065173
97790,408,0,19207,47.075980,0.000000,30.000000,-1,78.586973,78.586973,-1,10,0,1827,24,0,736,1897,0,145,5.586164,3.064513,3.064513,1.000000,0.773458,-1,-1,-1,-1,-1,0.065097
97800,403,0,18498,45.900744,0.000000,30.000000,-1,78.567575,78.567575,-1,17,0,1551,25,0,695,1502,0,230,5.574535,3.096958,3.096958,1.000000,0.764313,-1,-1,-1,-1,-1,0.067471
97810,392,0,17581,44.849490,0.000000,30.000000,-1,78.576020,78.576020,-1,26,0,1671,22,0,684,1922,0,338,5.444343,2.976576,2.976576,1.000000,0.738545,-1,-1,-1,-1,-1,0.066368
97820,409,0,18305,44.755501,0.000000,30.000000,-1,78.601366,78.601366,-1,25,0,1513,23,0,667,1925,0,303,5.560939,3.079299,3.079299,1.000000,0.737164,-1,-1,-1,-1,-1,0.068803
97830,397,0,17990,45.314861,0.000000,30.000000,-1,78.554086,78.554086,-1,18,0,1582,19,0,656,1941,0,233,5.668912,3.088615,3.088615,1.000000,0.756341,-1,-1,-1,-1,-1,0.068159
97840,406,0,18402,45.325123,0.000000,30.000000,-1,78.566949,78.566949,-1,17,0,1606,18,0,698,2047,0,212,5.544900,3.078252,3.078252,1.000000,0.760203,-1,-1,-1,-1,-1,0.067915
97850,410,0,18462,45.029268,0.000000,30.000000,-1,78.497400,78.497400,-1,24,0,1589,22,0,697,2437,0,273,5.446405,3.044071,3.044071,1.000000,0.744155,-1,-1,-1,-1,-1,0.067602
97860,416,0,19142,46.014423,0.000000,30.000000,-1,78.481559,78.481559,-1,14,0,1900,16,0,755,1885,0,176,5.378865,2.934704,2.934704,1.000000,0.763490,-1,-1,-1,-1,-1,0.063778
97870,418,0,19545,46.758373,0.000000,30.000000,-1,78.502174,78.502174,-1,13,0,1741,21,0,756,2292,0,156,5.415744,3.018637,3.018637,1.000000,0.764926,-1,-1,-1,-1,-1,0.064558
97880,398,0,18222,45.783920,0.000000,30.000000,-1,78.553671,78.553671,-1,16,0,1516,20,0,704,1657,0,204,5.646875,3.148770,3.148770,1.000000,0.761287,-1,-1,-1,-1,-1,0.068775
97890,418,0,19201,45.935407,0.000000,30.000000,-1,78.529972,78.529972,-1,16,0,1739,16,0,751,1949,0,192,5.151642,2.841808,2.841808,1.000000,0.758977,-1,-1,-1,-1,-1,0.061865
97900,390,0,17563,45.033333,0.000000,30.000000,-1,78.544041,78.544041,-1,24,0,1731,22,0,674,1882,0,322,5.460673,2.951781,2.951781,1.000000,0.737230,-1,-1,-1,-1,-1,0.065547
97910,405,0,18222,44.992593,0.000000,30.000000,-1,78.561574,78.561574,-1,27,0,1372,19,0,688,2083,0,330,5.328456,3.051399,3.051399,1.000000,0.738593,-1,-1,-1,-1,-1,0.067820
97920,397,0,18040,45.440806,0.000000,30.000000,-1,78.600942,78.600942,-1,15,0,1755,15,0,683,1718,0,202,5.929263,3.178990,3.178990,1.000000,0.764373,-1,-1,-1,-1,-1,0.069959
97930,398,0,18107,45.494975,0.000000,30.000000,-1,78.616336,78.616336,-1,17,0,1533,19,0,705,1892,0,206,5.555478,2.981732,2.981732,1.000000,0.754474,-1,-1,-1,-1,-1,0.065540
97940,412,0,18926,45.936893,0.000000,30.000000,-1,78.563246,78.563246,-1,18,0,1570,17,0,721,1900,0,246,5.603629,3.097423,3.097423,1.000000,0.750154,-1,-1,-1,-1,-1,0.067428
97950,406,0,18461,45.470443,0.000000,30.000000,-1,78.531932,78.531932,-1,20,0,1592,22,0,726,1647,0,267,5.532617,3.029780,3.029780,1.000000,0.749024,-1,-1,-1,-1,-1,0.066632
97960,406,0,18620,45.862069,0.000000,30.000000,-1,78.478733,78.478733,-1,14,0,1748,16,0,709,2009,0,205,5.969137,3.267199,3.267199,1.000000,0.762144,-1,-1,-1,-1,-1,0.071240
97970,413,0,18924,45.820823,0.000000,30.000000,-1,78.507292,78.507292,-1,19,0,1709,10,0,699,1970,0,247,5.631099,3.092180,3.092180,1.000000,0.754166,-1,-1,-1,-1,-1,0.067484
97980,424,0,19544,46.094340,0.000000,30.000000,-1,78.421255,78.421255,-1,16,0,1757,18,0,770,2088,0,212,5.451734,2.938671,2.938671,1.000000,0.755632,-1,-1,-1,-1,-1,0.063753
97990,403,0,18606,46.168734,0.000000,30.000000,-1,78.423143,78.423143,-1,15,0,1618,21,0,694,1853,0,187,5.559956,3.012536,3.012536,1.000000,0.756276,-1,-1,-1,-1,-1,0.065251
98000,404,0,17965,44.467822,0.000000,30.000000,-1,78.415530,78.415530,-1,26,0,1487,19,0,697,1980,0,323,5.683902,3.155207,3.155207,1.000000,0.744676,-1,-1,-1,-1,-1,0.070955
98010,395,0,18432,46.663291,0.000000,30.000000,-1,78.477539,78.477539,-1,9,0,1559,20,0,660,1739,0,109,5.551842,3.062504,3.062504,1.000000,0.771276,-1,-1,-1,-1,-1,0.065630
98020,387,0,17470,45.142119,0.000000,30.000000,-1,78.423869,78.423869,-1,26,0,1663,24,0,742,1829,0,320,5.727895,3.240728,3.240728,1.000000,0.743270,-1,-1,-1,-1,-1,0.071789
98030,393,0,18040,45.903308,0.000000,30.000000,-1,78.470233,78.470233,-1,21,0,1544,23,0,688,1795,0,242,5.662486,3.242518,3.242518,1.000000,0.759904,-1,-1,-1,-1,-1,0.070638
98040,415,0,18620,44.867470,0.000000,30.000000,-1,78.563480,78.563480,-1,23,0,1843,22,0,708,1899,0,276,5.785670,3.085930,3.085930,1.000000,0.747712,-1,-1,-1,-1,-1,0.068779
98050,433,0,19164,44.258661,0.000000,30.000000,-1,78.599249,78.599249,-1,28,0,1947,19,0,803,1853,0,358,5.297985,2.850041,2.850041,1.000000,0.742378,-1,-1,-1,-1,-1,0.064395
98060,431,0,19553,45.366589,0.000000,30.000000,-1,78.637396,78.637396,-1,21,0,1777,23,0,810,2184,0,260,5.206234,2.869448,2.869448,1.000000,0.751659,-1,-1,-1,-1,-1,0.063250
98070,405,0,18400,45.432099,0.000000,30.000000,-1,78.617663,78.617663,-1,22,0,1552,18,0,697,2081,0,300,5.207040,2.825058,2.825058,1.000000,0.742417,-1,-1,-1,-1,-1,0.062182
98080,407,0,18304,44.972973,0.000000,30.000000,-1,78.650295,78.650295,-1,22,0,1732,19,0,673,2187,0,275,5.571125,2.961459,2.961459,1.000000,0.748778,-1,-1,-1,-1,-1,0.065850
98090,418,0,18978,45.401914,0.000000,30.000000,-1,78.680156,78.680156,-1,24,0,1747,19,0,761,2084,0,273,5.539329,2.991772,2.991772,1.000000,0.741087,-1,-1,-1,-1,-1,0.065895
98100,420,0,19378,46.138095,0.000000,30.000000,-1,78.692590,78.692590,-1,20,0,1459,12,0,775,2044,0,267,5.503332,3.160727,3.160727,1.000000,0.760524,-1,-1,-1,-1,-1,0.068506
98110,410,0,18475,45.060976,0.000000,30.000000,-1,78.633775,78.633775,-1,24,0,1567,20,0,707,2147,0,314,5.458049,3.029872,3.029872,1.000000,0.744728,-1,-1,-1,-1,-1,0.067239
98120,386,0,17617,45.639896,0.000000,30.000000,-1,78.571493,78.571493,-1,15,0,1470,29,0,681,1838,0,199,5.676708,3.135221,3.135221,1.000000,0.757859,-1,-1,-1,-1,-1,0.068695
98130,416,0,18813,45.223558,0.000000,30.000000,-1,78.518152,78.518152,-1,19,0,1633,23,0,717,1672,0,255,5.140394,2.813933,2.813933,1.000000,0.749716,-1,-1,-1,-1,-1,0.062223
98140,392,0,17827,45.477041,0.000000,30.000000,-1,78.465025,78.465025,-1,19,0,1604,20,0,700,1871,0,240,5.710364,3.116288,3.116288,1.000000,0.748811,-1,-1,-1,-1,-1,0.068524
98150,391,0,17857,45.670077,0.000000,30.000000,-1,78.503836,78.503836,-1,20,0,1700,10,0,650,1503,0,259,5.684331,3.071484,3.071484,1.000000,0.745181,-1,-1,-1,-1,-1,0.067254
98160,395,0,17883,45.273418,0.000000,30.000000,-1,78.516244,78.516244,-1,19,0,1604,17,0,753,2038,0,259,5.730425,3.087779,3.087779,1.000000,0.752980,-1,-1,-1,-1,-1,0.068203
98170,390,0,17881,45.848718,0.000000,30.000000,-1,78.555730,78.555730,-1,13,0,1569,17,0,634,1883,0,147,5.791922,3.138603,3.138603,1.000000,0.759410,-1,-1,-1,-1,-1,0.068456
98180,421,0,18914,44.926366,0.000000,30.000000,-1,78.633129,78.633129,-1,12,0,2031,28,0,715,2027,0,159,5.459956,2.741039,2.741039,1.000000,0.757745,-1,-1,-1,-1,-1,0.061012
98190,403,0,18584,46.114144,0.000000,30.000000,-1,78.639582,78.639582,-1,17,0,1322,21,0,715,2313,0,208,5.517226,3.152749,3.152749,1.000000,0.759783,-1,-1,-1,-1,-1,0.068368
98200,417,0,18844,45.189448,0.000000,30.000000,-1,78.633730,78.633730,-1,25,0,1870,15,0,745,2406,0,321,5.604539,2.968945,2.968945,1.000000,0.738021,-1,-1,-1,-1,-1,0.065700
98210,400,0,18380,45.950000,0.000000,30.000000,-1,78.578727,78.578727,-1,22,0,1535,22,0,744,2199,0,277,5.421119,3.000191,3.000191,1.000000,0.739850,-1,-1,-1,-1,-1,0.065293
98220,385,0,17873,46.423377,0.000000,30.000000,-1,78.609914,78.609914,-1,14,0,1707,19,0,665,1943,0,175,5.982746,3.288992,3.288992,1.000000,0.760194,-1,-1,-1,-1,-1,0.070848
98230,391,0,18006,46.051151,0.000000,30.000000,-1,78.567478,78.567478,-1,19,0,1614,19,0,665,1882,0,235,5.681585,3.154732,3.154732,1.000000,0.751988,-1,-1,-1,-1,-1,0.068505
98240,427,0,19070,44.660422,0.000000,30.000000,-1,78.593603,78.593603,-1,24,0,1826,19,0,720,1878,0,275,5.493299,2.918544,2.918544,1.000000,0.733310,-1,-1,-1,-1,-1,0.065350
98250,415,0,18861,45.448193,0.000000,30.000000,-1,78.588569,78.588569,-1,21,0,1826,15,0,681,1661,0,244,5.471206,2.983413,2.983413,1.000000,0.746347,-1,-1,-1,-1,-1,0.065644
98260,401,0,18774,46.817955,0.000000,30.000000,-1,78.570470,78.570470,-1,12,0,1561,19,0,694,2367,0,160,5.495036,3.108812,3.108812,1.000000,0.762197,-1,-1,-1,-1,-1,0.066402
98270,395,0,18117,45.865823,0.000000,30.000000,-1,78.560137,78.560137,-1,17,0,1605,22,0,726,1590,0,198,5.473986,3.026797,3.026797,1.000000,0.760698,-1,-1,-1,-1,-1,0.065992
98280,392,0,18009,45.941327,0.000000,30.000000,-1,78.588706,78.588706,-1,19,0,1531,19,0,723,1818,0,244,5.736683,3.198388,3.198388,1.000000,0.744603,-1,-1,-1,-1,-1,0.069619
98290,394,0,18447,46.819797,0.000000,30.000000,-1,78.532282,78.532282,-1,11,0,1769,11,0,661,1691,0,153,6.150936,3.400792,3.400792,1.000000,0.768952,-1,-1,-1,-1,-1,0.072636
98300,411,0,18909,46.007299,0.000000,30.000000,-1,78.571051,78.571051,-1,18,0,1624,11,0,683,2332,0,233,5.654007,3.085768,3.085768,1.000000,0.749920,-1,-1,-1,-1,-1,0.067071
98310,429,0,19183,44.715618,0.000000,30.000000,-1,78.562008,78.562008,-1,25,0,1699,15,0,760,1664,0,347,5.631257,3.008104,3.008104,1.000000,0.745434,-1,-1,-1,-1,-1,0.067272
98320,403,0,18463,45.813896,0.000000,30.000000,-1,78.569626,78.569626,-1,20,0,1731,18,0,686,2043,0,256,5.420140,2.918471,2.918471,1.000000,0.739813,-1,-1,-1,-1,-1,0.063703
98330,404,0,18137,44.893564,0.000000,30.000000,-1,78.631582,78.631582,-1,22,0,1501,20,0,712,2231,0,280,5.661354,3.066015,3.066015,1.000000,0.746484,-1,-1,-1,-1,-1,0.068295
98340,395,0,17933,45.400000,0.000000,30.000000,-1,78.622372,78.622372,-1,20,0,1820,18,0,697,1612,0,245,5.639692,2.937161,2.937161,1.000000,0.742045,-1,-1,-1,-1,-1,0.064695
98350,400,0,18296,45.740000,0.000000,30.000000,-1,78.605269,78.605269,-1,21,0,1503,21,0,706,1945,0,266,5.682094,3.139215,3.139215,1.000000,0.744468,-1,-1,-1,-1,-1,0.068632
98360,406,0,19043,46.903941,0.000000,30.000000,-1,78.572336,78.572336,-1,15,0,1544,24,0,688,1830,0,172,5.625918,3.204952,3.204952,1.000000,0.757384,-1,-1,-1,-1,-1,0.068330
98370,414,0,19026,45.956522,0.000000,30.000000,-1,78.540261,78.540261,-1,17,0,1861,21,0,715,2513,0,197,5.625431,3.057339,3.057339,1.000000,0.749987,-1,-1,-1,-1,-1,0.066527
98380,413,0,18596,45.026634,0.000000,30.000000,-1,78.565283,78.565283,-1,14,0,1688,18,0,767,2221,0,179,5.824595,3.054686,3.054686,1.000000,0.752807,-1,-1,-1,-1,-1,0.067842
98390,430,0,19327,44.946512,0.000000,30.000000,-1,78.502199,78.502199,-1,27,0,1891,22,0,726,2210,0,354,5.534972,2.907220,2.907220,1.000000,0.733980,-1,-1,-1,-1,-1,0.064682
98400,421,0,18872,44.826603,0.000000,30.000000,-1,78.546842,78.546842,-1,27,0,1880,19,0,753,2132,0,333,5.256608,2.820476,2.820476,1.000000,0.732981,-1,-1,-1,-1,-1,0.062920
98410,417,0,19051,45.685851,0.000000,30.000000,-1,78.571624,78.571624,-1,20,0,1671,15,0,724,1770,0,265,5.593764,2.972983,2.972983,1.000000,0.739499,-1,-1,-1,-1,-1,0.065074
98420,412,0,19144,46.466019,0.000000,30.000000,-1,78.584152,78.584152,-1,19,0,1550,14,0,732,2020,0,232,5.853322,3.288495,3.288495,1.000000,0.746226,-1,-1,-1,-1,-1,0.070772
98430,400,0,18377,45.942500,0.000000,30.000000,-1,78.583392,78.583392,-1,20,0,1613,19,0,711,1770,0,230,5.795144,3.123428,3.123428,1.000000,0.741052,-1,-1,-1,-1,-1,0.067986
98440,421,0,19369,46.007126,0.000000,30.000000,-1,78.554133,78.554133,-1,18,0,1720,12,0,741,2139,0,224,5.445114,2.876229,2.876229,1.000000,0.744781,-1,-1,-1,-1,-1,0.062517
98450,421,0,19296,45.833729,0.000000,30.000000,-1,78.597067,78.597067,-1,17,0,1815,24,0,737,1945,0,212,5.283765,2.857395,2.857395,1.000000,0.751473,-1,-1,-1,-1,-1,0.062343
98460,414,0,18851,45.533816,0.000000,30.000000,-1,78.676887,78.676887,-1,21,0,1658,14,0,696,1787,0,260,5.329212,2.862989,2.862989,1.000000,0.743928,-1,-1,-1,-1,-1,0.062876
98470,396,0,18309,46.234848,0.000000,30.000000,-1,78.662024,78.662024,-1,18,0,1619,9,0,681,1592,0,238,5.743738,3.127835,3.127835,1.000000,0.740085,-1,-1,-1,-1,-1,0.067651
98480,424,0,19536,46.075472,0.000000,30.000000,-1,78.762541,78.762541,-1,18,0,1624,19,0,748,2210,0,213,5.292229,2.909478,2.909478,1.000000,0.749462,-1,-1,-1,-1,-1,0.063146
98490,413,0,18694,45.263923,0.000000,30.000000,-1,78.766235,78.766235,-1,19,0,1713,11,0,765,1956,0,212,5.504105,2.980157,2.980157,1.000000,0.749910,-1,-1,-1,-1,-1,0.065840
98500,413,0,18753,45.406780,0.000000,30.000000,-1,78.767131,78.767131,-1,21,0,1728,19,0,709,1989,0,254,5.491056,3.006235,3.006235,1.000000,0.744281,-1,-1,-1,-1,-1,0.066207
98510,401,0,18532,46.214464,0.000000,30.000000,-1,78.745629,78.745629,-1,16,0,1619,25,0,689,1918,0,200,5.570789,3.117708,3.117708,1.000000,0.756331,-1,-1,-1,-1,-1,0.067462
98520,395,0,17970,45.493671,0.000000,30.000000,-1,78.750473,78.750473,-1,21,0,1523,10,0,696,2077,0,265,5.714659,3.142725,3.142725,1.000000,0.744436,-1,-1,-1,-1,-1,0.069080
98530,388,0,17258,44.479381,0.000000,30.000000,-1,78.747827,78.747827,-1,19,0,1659,27,0,669,1979,0,236,5.507415,2.898574,2.898574,1.000000,0.739685,-1,-1,-1,-1,-1,0.065167
98540,387,0,17607,45.496124,0.000000,30.000000,-1,78.799114,78.799114,-1,17,0,1640,17,0,638,1550,0,199,5.689976,3.095554,3.095554,1.000000,0.747520,-1,-1,-1,-1,-1,0.068040
98550,398,0,18323,46.037688,0.000000,30.000000,-1,78.810129,78.810129,-1,20,0,1547,18,0,706,1836,0,261,5.367462,2.896417,2.896417,1.000000,0.738078,-1,-1,-1,-1,-1,0.062914
98560,396,0,18055,45.593434,0.000000,30.000000,-1,78.760565,78.760565,-1,16,0,1394,19,0,715,2002,0,191,5.602621,3.084247,3.084247,1.000000,0.746185,-1,-1,-1,-1,-1,0.067647
98570,403,0,18444,45.766749,0.000000,30.000000,-1,78.802158,78.802158,-1,24,0,1582,19,0,686,1760,0,288,5.633705,3.100668,3.100668,1.000000,0.731889,-1,-1,-1,-1,-1,0.067749
98580,390,0,17650,45.256410,0.000000,30.000000,-1,78.804306,78.804306,-1,20,0,1332,22,0,657,1877,0,254,5.753309,3.180024,3.180024,1.000000,0.742936,-1,-1,-1,-1,-1,0.070267
98590,400,0,18131,45.327500,0.000000,30.000000,-1,78.832717,78.832717,-1,23,0,1586,18,0,648,1850,0,294,5.593430,3.022523,3.022523,1.000000,0.733364,-1,-1,-1,-1,-1,0.066682
98600,418,0,18707,44.753589,0.000000,30.000000,-1,78.807772,78.807772,-1,25,0,1771,15,0,703,1860,0,312,5.702583,3.020703,3.020703,1.000000,0.728945,-1,-1,-1,-1,-1,0.067496
98610,413,0,19088,46.217918,0.000000,30.000000,-1,78.795631,78.795631,-1,16,0,1785,20,0,687,1797,0,208,5.408501,2.978217,2.978217,1.000000,0.752396,-1,-1,-1,-1,-1,0.064439
98620,413,0,18998,46.000000,0.000000,30.000000,-1,78.777556,78.777556,-1,15,0,1859,17,0,702,1759,0,192,5.736406,3.018062,3.018062,1.000000,0.746679,-1,-1,-1,-1,-1,0.065610
98630,404,0,18544,45.900990,0.000000,30.000000,-1,78.774752,78.774752,-1,17,0,1757,18,0,788,1394,0,210,5.703659,3.072390,3.072390,1.000000,0.752271,-1,-1,-1,-1,-1,0.066935
98640,400,0,18462,46.155000,0.000000,30.000000,-1,78.782364,78.782364,-1,13,0,1552,22,0,710,1793,0,174,5.734568,3.080015,3.080015,1.000000,0.751134,-1,-1,-1,-1,-1,0.066732
98650,409,0,18400,44.987775,0.000000,30.000000,-1,78.756793,78.756793,-1,17,0,1837,21,0,707,2018,0,211,5.509209,2.807416,2.807416,1.000000,0.741643,-1,-1,-1,-1,-1,0.062404
98660,405,0,18619,45.972840,0.000000,30.000000,-1,78.842365,78.842365,-1,18,0,1407,20,0,663,2258,0,214,5.684521,3.171093,3.171093,1.000000,0.748526,-1,-1,-1,-1,-1,0.068978
98670,417,0,18848,45.199041,0.000000,30.000000,-1,78.778916,78.778916,-1,19,0,1906,20,0,695,1641,0,244,5.556518,2.931663,2.931663,1.000000,0.743951,-1,-1,-1,-1,-1,0.064861
98680,406,0,18371,45.248768,0.000000,30.000000,-1,78.735779,78.735779,-1,19,0,1812,24,0,708,1889,0,250,5.673988,2.996901,2.996901,1.000000,0.740828,-1,-1,-1,-1,-1,0.066232
98690,390,0,17986,46.117949,0.000000,30.000000,-1,78.733571,78.733571,-1,17,0,1526,19,0,659,1786,0,226,5.610218,3.081723,3.081723,1.000000,0.747021,-1,-1,-1,-1,-1,0.066823
98700,388,0,17620,45.412371,0.000000,30.000000,-1,78.656867,78.656867,-1,18,0,1698,17,0,663,1701,0,228,5.914803,3.147564,3.147564,1.000000,0.745569,-1,-1,-1,-1,-1,0.069311
98710,403,0,18312,45.439206,0.000000,30.000000,-1,78.676551,78.676551,-1,20,0,1636,19,0,637,1870,0,236,5.546903,3.008219,3.008219,1.000000,0.744578,-1,-1,-1,-1,-1,0.066203
98720,390,0,17579,45.074359,0.000000,30.000000,-1,78.671824,78.671824,-1,18,0,1749,24,0,624,1851,0,222,6.052006,3.135295,3.135295,1.000000,0.749157,-1,-1,-1,-1,-1,0.069558
98730,413,0,18837,45.610169,0.000000,30.000000,-1,78.752774,78.752774,-1,19,0,1870,14,0,705,2023,0,229,5.556816,2.947392,2.947392,1.000000,0.738664,-1,-1,-1,-1,-1,0.064621
98740,391,0,17950,45.907928,0.000000,30.000000,-1,78.793538,78.793538,-1,19,0,1694,19,0,693,1983,0,248,5.750650,3.113070,3.113070,1.000000,0.741229,-1,-1,-1,-1,-1,0.067811
98750,383,0,17812,46.506527,0.000000,30.000000,-1,78.794914,78.794914,-1,16,0,1399,16,0,673,1575,0,207,5.498976,3.114228,3.114228,1.000000,0.753163,-1,-1,-1,-1,-1,0.066963
98760,400,0,18173,45.432500,0.000000,30.000000,-1,78.808507,78.808507,-1,20,0,1408,15,0,667,1740,0,257,5.782460,3.230040,3.230040,1.000000,0.751738,-1,-1,-1,-1,-1,0.071095
98770,414,0,18828,45.478261,0.000000,30.000000,-1,78.802103,78.802103,-1,17,0,1721,22,0,724,2061,0,225,5.870479,3.096970,3.096970,1.000000,0.748212,-1,-1,-1,-1,-1,0.068098
98780,407,0,18382,45.164619,0.000000,30.000000,-1,78.911925,78.911925,-1,21,0,1479,29,0,757,1457,0,239,5.399928,2.960023,2.960023,1.000000,0.749609,-1,-1,-1,-1,-1,0.065539
98790,408,0,18712,45.862745,0.000000,30.000000,-1,78.911447,78.911447,-1,16,0,1835,16,0,736,1928,0,202,5.641569,3.017083,3.017083,1.000000,0.743670,-1,-1,-1,-1,-1,0.065785
98800,413,0,18802,45.525424,0.000000,30.000000,-1,78.955643,78.955643,-1,22,0,1730,12,0,716,1772,0,298,5.569935,3.008412,3.008412,1.000000,0.741624,-1,-1,-1,-1,-1,0.066082
98810,402,0,18398,45.766169,0.000000,30.000000,-1,78.923796,78.923796,-1,15,0,1687,15,0,714,2011,0,205,5.545812,2.930477,2.930477,1.000000,0.752471,-1,-1,-1,-1,-1,0.064032
98820,412,0,18935,45.958738,0.000000,30.000000,-1,78.966675,78.966675,-1,17,0,1705,17,0,708,2015,0,215,5.558310,3.013176,3.013176,1.000000,0.750317,-1,-1,-1,-1,-1,0.065563
98830,434,0,19447,44.808756,0.000000,30.000000,-1,79.020774,79.020774,-1,29,0,1854,12,0,730,2119,0,319,5.409370,2.902678,2.902678,1.000000,0.730810,-1,-1,-1,-1,-1,0.064779
98840,407,0,18223,44.773956,0.000000,30.000000,-1,78.980409,78.980409,-1,25,0,1666,24,0,731,1563,0,331,5.526086,2.992108,2.992108,1.000000,0.734834,-1,-1,-1,-1,-1,0.066827
98850,395,0,18088,45.792405,0.000000,30.000000,-1,79.027808,79.027808,-1,18,0,1662,14,0,670,1996,0,226,5.829581,3.101462,3.101462,1.000000,0.742076,-1,-1,-1,-1,-1,0.067729
98860,400,0,18491,46.227500,0.000000,30.000000,-1,79.046996,79.046996,-1,13,0,1666,17,0,713,1861,0,171,5.928118,3.184263,3.184263,1.000000,0.754322,-1,-1,-1,-1,-1,0.068882
98870,402,0,18137,45.116915,0.000000,30.000000,-1,79.029994,79.029994,-1,23,0,1618,15,0,681,1680,0,302,5.808090,3.157084,3.157084,1.000000,0.741286,-1,-1,-1,-1,-1,0.069976
98880,405,0,18579,45.874074,0.000000,30.000000,-1,79.086065,79.086065,-1,19,0,1625,18,0,766,1983,0,238,5.493547,3.001985,3.001985,1.000000,0.737460,-1,-1,-1,-1,-1,0.065440
98890,412,0,18236,44.262136,0.000000,30.000000,-1,79.095635,79.095635,-1,26,0,1596,19,0,650,1810,0,332,5.570527,3.094984,3.094984,1.000000,0.735730,-1,-1,-1,-1,-1,0.069924
98900,415,0,18403,44.344578,0.000000,30.000000,-1,79.094604,79.094604,-1,33,0,1652,16,0,734,1928,0,414,5.662716,3.027243,3.027243,1.000000,0.716917,-1,-1,-1,-1,-1,0.068266
98910,399,0,18282,45.819549,0.000000,30.000000,-1,79.115141,79.115141,-1,17,0,1706,20,0,664,2184,0,218,5.661418,2.984363,2.984363,1.000000,0.743915,-1,-1,-1,-1,-1,0.065133
98920,428,0,19479,45.511682,0.000000,30.000000,-1,79.081575,79.081575,-1,18,0,2064,16,0,770,2176,0,197,5.559902,2.845861,2.845861,1.000000,0.744499,-1,-1,-1,-1,-1,0.062530
98930,400,0,17848,44.620000,0.000000,30.000000,-1,79.079281,79.079281,-1,29,0,1531,17,0,727,1765,0,374,5.689643,3.108690,3.108690,1.000000,0.717398,-1,-1,-1,-1,-1,0.069670
98940,390,0,17611,45.156410,0.000000,30.000000,-1,79.093862,79.093862,-1,23,0,1307,18,0,651,1791,0,282,5.654379,3.167844,3.167844,1.000000,0.740919,-1,-1,-1,-1,-1,0.070153
98950,397,0,18153,45.725441,0.000000,30.000000,-1,79.032667,79.032667,-1,21,0,1650,21,0,679,1836,0,259,5.678450,3.092331,3.092331,1.000000,0.742977,-1,-1,-1,-1,-1,0.067628
98960,408,0,18541,45.443627,0.000000,30.000000,-1,79.039264,79.039264,-1,16,0,1581,13,0,713,1610,0,198,5.694940,3.051209,3.051209,1.000000,0.757289,-1,-1,-1,-1,-1,0.067143
98970,420,0,18484,44.009524,0.000000,30.000000,-1,79.020288,79.020288,-1,32,0,1749,26,0,702,1988,0,395,5.408892,2.877389,2.877389,1.000000,0.720606,-1,-1,-1,-1,-1,0.065381
98980,411,0,18709,45.520681,0.000000,30.000000,-1,79.010316,79.010316,-1,14,0,1795,21,0,657,2242,0,183,5.566423,2.902005,2.902005,1.000000,0.752268,-1,-1,-1,-1,-1,0.063751
98990,389,0,17540,45.089974,0.000000,30.000000,-1,79.072235,79.072235,-1,23,0,1613,26,0,681,1837,0,267,5.427684,2.941701,2.941701,1.000000,0.731726,-1,-1,-1,-1,-1,0.065241
99000,377,0,17363,46.055703,0.000000,30.000000,-1,79.077982,79.077982,-1,15,0,1580,21,0,673,2057,0,191,5.909140,3.185972,3.185972,1.000000,0.751061,-1,-1,-1,-1,-1,0.069176
99010,403,0,18250,45.285360,0.000000,30.000000,-1,79.170575,79.170575,-1,17,0,1648,15,0,696,1746,0,208,5.384866,2.911956,2.911956,1.000000,0.747017,-1,-1,-1,-1,-1,0.064302
99020,413,0,18724,45.336562,0.000000,30.000000,-1,79.214751,79.214751,-1,20,0,1745,17,0,775,1980,0,235,5.573483,2.989240,2.989240,1.000000,0.737267,-1,-1,-1,-1,-1,0.065934
99030,420,0,18830,44.833333,0.000000,30.000000,-1,79.245725,79.245725,-1,23,0,1489,14,0,730,1802,0,296,5.425319,2.941347,2.941347,1.000000,0.742739,-1,-1,-1,-1,-1,0.065606
99040,413,0,18452,44.677966,0.000000,30.000000,-1,79.205344,79.205344,-1,25,0,1715,21,0,709,1792,0,319,5.428324,2.932566,2.932566,1.000000,0.737432,-1,-1,-1,-1,-1,0.065638
99050,401,0,18084,45.097257,0.000000,30.000000,-1,79.215328,79.215328,-1,24,0,1701,20,0,680,1913,0,301,5.795881,3.143437,3.143437,1.000000,0.733971,-1,-1,-1,-1,-1,0.069704
99060,410,0,19028,46.409756,0.000000,30.000000,-1,79.189353,79.189353,-1,15,0,1830,17,0,720,1848,0,202,5.475191,2.891244,2.891244,1.000000,0.753945,-1,-1,-1,-1,-1,0.062298
99070,402,0,18173,45.206468,0.000000,30.000000,-1,79.130358,79.130358,-1,21,0,1880,20,0,701,2103,0,250,5.786017,3.089605,3.089605,1.000000,0.738576,-1,-1,-1,-1,-1,0.068344
99080,401,0,18318,45.680798,0.000000,30.000000,-1,79.073097,79.073097,-1,16,0,1840,22,0,732,2048,0,204,5.395763,2.766569,2.766569,1.000000,0.746843,-1,-1,-1,-1,-1,0.060563
99090,413,0,18464,44.707022,0.000000,30.000000,-1,79.093967,79.093967,-1,24,0,1741,10,0,746,2142,0,305,5.503448,3.022783,3.022783,1.000000,0.737855,-1,-1,-1,-1,-1,0.067613
99100,395,0,18238,46.172152,0.000000,30.000000,-1,79.140037,79.140037,-1,17,0,1600,19,0,659,1914,0,227,5.614360,3.035067,3.035067,1.000000,0.740442,-1,-1,-1,-1,-1,0.065734
99110,419,0,18847,44.980907,0.000000,30.000000,-1,79.151483,79.151483,-1,29,0,1488,22,0,718,2154,0,381,5.450745,3.073292,3.073292,1.000000,0.728644,-1,-1,-1,-1,-1,0.068324
99120,414,0,18818,45.454106,0.000000,30.000000,-1,79.166383,79.166383,-1,21,0,1766,15,0,750,2131,0,227,5.476445,2.943442,2.943442,1.000000,0.743727,-1,-1,-1,-1,-1,0.064756
99130,397,0,17915,45.125945,0.000000,30.000000,-1,79.185989,79.185989,-1,18,0,1521,20,0,662,2022,0,234,5.646908,3.117755,3.117755,1.000000,0.750086,-1,-1,-1,-1,-1,0.069090
99140,406,0,18742,46.162562,0.000000,30.000000,-1,79.156707,79.156707,-1,15,0,1639,22,0,708,2022,0,220,5.466534,3.019978,3.019978,1.000000,0.749533,-1,-1,-1,-1,-1,0.065421
99150,415,0,18565,44.734940,0.000000,30.000000,-1,79.135847,79.135847,-1,26,0,1600,21,0,753,1722,0,322,5.598117,3.041527,3.041527,1.000000,0.732459,-1,-1,-1,-1,-1,0.067990
99160,407,0,18485,45.417690,0.000000,30.000000,-1,79.128428,79.128428,-1,22,0,1670,18,0,674,1949,0,282,5.776599,3.030234,3.030234,1.000000,0.730722,-1,-1,-1,-1,-1,0.066719
99170,395,0,17796,45.053165,0.000000,30.000000,-1,79.216228,79.216228,-1,25,0,1512,17,0,679,1930,0,346,5.812727,3.149780,3.149780,1.000000,0.730329,-1,-1,-1,-1,-1,0.069913
99180,392,0,17730,45.229592,0.000000,30.000000,-1,79.229611,79.229611,-1,20,0,1534,26,0,675,1869,0,265,5.889675,3.141909,3.141909,1.000000,0.734999,-1,-1,-1,-1,-1,0.069466
99190,400,0,18276,45.690000,0.000000,30.000000,-1,79.240315,79.240315,-1,22,0,1534,20,0,713,1785,0,302,5.609391,3.090132,3.090132,1.000000,0.741246,-1,-1,-1,-1,-1,0.067633
99200,402,0,18308,45.542289,0.000000,30.000000,-1,79.250492,79.250492,-1,23,0,1658,18,0,679,1727,0,275,5.526733,2.925530,2.925530,1.000000,0.724701,-1,-1,-1,-1,-1,0.064238
99210,404,0,18180,45.000000,0.000000,30.000000,-1,79.309626,79.309626,-1,21,0,1705,15,0,669,2027,0,284,5.738556,3.015569,3.015569,1.000000,0.736363,-1,-1,-1,-1,-1,0.067013
99220,411,0,18573,45.189781,0.000000,30.000000,-1,79.240080,79.240080,-1,22,0,1532,20,0,712,1914,0,268,5.590237,2.961032,2.961032,1.000000,0.732478,-1,-1,-1,-1,-1,0.065524
99230,421,0,19285,45.807601,0.000000,30.000000,-1,79.155976,79.155976,-1,16,0,1742,18,0,747,2154,0,189,5.688992,2.996677,2.996677,1.000000,0.743732,-1,-1,-1,-1,-1,0.065419
99240,418,0,19189,45.906699,0.000000,30.000000,-1,79.123717,79.123717,-1,15,0,1783,18,0,759,2431,0,157,5.417774,2.802778,2.802778,1.000000,0.743379,-1,-1,-1,-1,-1,0.061054
99250,429,0,18841,43.918415,0.000000,30.000000,-1,79.157529,79.157529,-1,31,0,1803,17,0,712,1875,0,373,5.439419,2.742399,2.742399,1.000000,0.711432,-1,-1,-1,-1,-1,0.062443
99260,401,0,18246,45.501247,0.000000,30.000000,-1,79.203716,79.203716,-1,25,0,1407,17,0,680,1781,0,305,5.741341,3.168052,3.168052,1.000000,0.724465,-1,-1,-1,-1,-1,0.069626
99270,407,0,19017,46.724816,0.000000,30.000000,-1,79.178419,79.178419,-1,16,0,1586,18,0,684,1807,0,187,5.706504,3.129696,3.129696,1.000000,0.747272,-1,-1,-1,-1,-1,0.066981
99280,413,0,18917,45.803874,0.000000,30.000000,-1,79.152403,79.152403,-1,14,0,1806,20,0,706,2124,0,176,5.705265,3.032196,3.032196,1.000000,0.755391,-1,-1,-1,-1,-1,0.066200
99290,412,0,18517,44.944175,0.000000,30.000000,-1,79.138899,79.138899,-1,19,0,1882,14,0,697,1940,0,238,5.686990,2.867217,2.867217,1.000000,0.730344,-1,-1,-1,-1,-1,0.063795
99300,391,0,18224,46.608696,0.000000,30.000000,-1,79.034295,79.034295,-1,12,0,1440,21,0,680,1829,0,165,5.723409,3.154681,3.154681,1.000000,0.749666,-1,-1,-1,-1,-1,0.067684
99310,407,0,18589,45.673219,0.000000,30.000000,-1,79.001560,79.001560,-1,20,0,1528,15,0,675,1699,0,263,5.737925,3.067387,3.067387,1.000000,0.736151,-1,-1,-1,-1,-1,0.067159
99320,395,0,18108,45.843038,0.000000,30.000000,-1,79.042964,79.042964,-1,17,0,1589,17,0,653,1654,0,233,5.649240,3.045275,3.045275,1.000000,0.736061,-1,-1,-1,-1,-1,0.066428
99330,400,0,18390,45.975000,0.000000,30.000000,-1,79.097281,79.097281,-1,15,0,1866,22,0,688,1833,0,210,5.860538,3.097200,3.097200,1.000000,0.741824,-1,-1,-1,-1,-1,0.067367
99340,396,0,18220,46.010101,0.000000,30.000000,-1,79.084413,79.084413,-1,16,0,1619,13,0,704,1963,0,222,5.569262,3.000002,3.000002,1.000000,0.748379,-1,-1,-1,-1,-1,0.065203
99350,392,0,17760,45.306122,0.000000,30.000000,-1,79.133446,79.133446,-1,22,0,1514,16,0,707,1833,0,287,5.848287,3.110107,3.110107,1.000000,0.720944,-1,-1,-1,-1,-1,0.068646
99360,408,0,18793,46.061275,0.000000,30.000000,-1,79.137711,79.137711,-1,16,0,1620,20,0,694,1988,0,210,5.346374,2.811422,2.811422,1.000000,0.732762,-1,-1,-1,-1,-1,0.061037
99370,406,0,17940,44.187192,0.000000,30.000000,-1,79.150446,79.150446,-1,30,0,1612,16,0,686,1547,0,381,5.708123,2.936200,2.936200,1.000000,0.707038,-1,-1,-1,-1,-1,0.066449
99380,421,0,19135,45.451306,0.000000,30.000000,-1,79.169637,79.169637,-1,21,0,1582,16,0,686,1879,0,251,5.331911,2.858904,2.858904,1.000000,0.731396,-1,-1,-1,-1,-1,0.062900
99390,406,0,18232,44.906404,0.000000,30.000000,-1,79.130814,79.130814,-1,27,0,1752,22,0,693,1838,0,373,5.506270,2.939249,2.939249,1.000000,0.722832,-1,-1,-1,-1,-1,0.065453
99400,411,0,18590,45.231144,0.000000,30.000000,-1,79.123453,79.123453,-1,24,0,1448,22,0,696,2026,0,309,5.630680,2.984544,2.984544,1.000000,0.722350,-1,-1,-1,-1,-1,0.065984
99410,403,0,18738,46.496278,0.000000,30.000000,-1,79.163945,79.163945,-1,12,0,1372,26,0,701,2439,0,145,5.352176,2.886864,2.886864,1.000000,0.750242,-1,-1,-1,-1,-1,0.062088
99420,407,0,18402,45.213759,0.000000,30.000000,-1,79.154440,79.154440,-1,21,0,1666,19,0,757,1869,0,269,5.321618,2.813751,2.813751,1.000000,0.738227,-1,-1,-1,-1,-1,0.062232
99430,411,0,18446,44.880779,0.000000,30.000000,-1,79.176732,79.176732,-1,16,0,1775,25,0,707,2049,0,218,5.376891,2.765271,2.765271,1.000000,0.736537,-1,-1,-1,-1,-1,0.061614
99440,387,0,17518,45.266150,0.000000,30.000000,-1,79.229535,79.229535,-1,21,0,1583,19,0,696,1935,0,259,6.180123,3.251524,3.251524,1.000000,0.722905,-1,-1,-1,-1,-1,0.071831
99450,390,0,18042,46.261538,0.000000,30.000000,-1,79.306673,79.306673,-1,16,0,1571,9,0,635,2384,0,205,5.817164,3.154264,3.154264,1.000000,0.732688,-1,-1,-1,-1,-1,0.068183
99460,409,0,18809,45.987775,0.000000,30.000000,-1,79.301451,79.301451,-1,21,0,1763,11,0,692,1764,0,252,5.810363,3.146558,3.146558,1.000000,0.728399,-1,-1,-1,-1,-1,0.068422
99470,413,0,18564,44.949153,0.000000,30.000000,-1,79.356981,79.356981,-1,21,0,1912,13,0,731,2257,0,276,5.634886,2.867939,2.867939,1.000000,0.723191,-1,-1,-1,-1,-1,0.063804
99480,404,0,18268,45.217822,0.000000,30.000000,-1,79.382582,79.382582,-1,21,0,1479,28,0,724,1815,0,254,5.716518,3.073440,3.073440,1.000000,0.732173,-1,-1,-1,-1,-1,0.067970
99490,432,0,19262,44.587963,0.000000,30.000000,-1,79.385266,79.385266,-1,26,0,1730,19,0,722,2226,0,346,5.413859,2.779759,2.779759,1.000000,0.719693,-1,-1,-1,-1,-1,0.062343
99500,411,0,18597,45.248175,0.000000,30.000000,-1,79.365650,79.365650,-1,23,0,1538,17,0,725,1930,0,284,5.622363,3.001898,3.001898,1.000000,0.729654,-1,-1,-1,-1,-1,0.066343
99510,410,0,18528,45.190244,0.000000,30.000000,-1,79.397506,79.397506,-1,23,0,1670,26,0,708,2031,0,315,5.526183,2.857673,2.857673,1.000000,0.723248,-1,-1,-1,-1,-1,0.063236
99520,413,0,18739,45.372881,0.000000,30.000000,-1,79.392497,79.392497,-1,18,0,1602,24,0,707,2021,0,230,5.600995,2.988190,2.988190,1.000000,0.735960,-1,-1,-1,-1,-1,0.065858
99530,413,0,18833,45.600484,0.000000,30.000000,-1,79.360590,79.360590,-1,22,0,1998,29,0,739,1924,0,271,5.312294,2.775623,2.775623,1.000000,0.725969,-1,-1,-1,-1,-1,0.060868
99540,402,0,18417,45.813433,0.000000,30.000000,-1,79.312320,79.312320,-1,17,0,1703,12,0,726,1765,0,229,5.600217,2.974587,2.974587,1.000000,0.736885,-1,-1,-1,-1,-1,0.064928
99550,407,0,18242,44.820639,0.000000,30.000000,-1,79.265651,79.265651,-1,27,0,1624,19,0,709,1859,0,325,5.627628,3.003002,3.003002,1.000000,0.721516,-1,-1,-1,-1,-1,0.067000
99560,410,0,18456,45.014634,0.000000,30.000000,-1,79.243227,79.243227,-1,24,0,1451,20,0,702,1975,0,313,5.590037,3.066525,3.066525,1.000000,0.728850,-1,-1,-1,-1,-1,0.068123
99570,401,0,18574,46.319202,0.000000,30.000000,-1,79.347044,79.347044,-1,21,0,1585,22,0,706,1896,0,254,5.641140,3.057114,3.057114,1.000000,0.724886,-1,-1,-1,-1,-1,0.066001
99580,389,0,17791,45.735219,0.000000,30.000000,-1,79.491484,79.491484,-1,18,0,1607,22,0,644,1599,0,225,5.994988,3.197202,3.197202,1.000000,0.737578,-1,-1,-1,-1,-1,0.069907
99590,411,0,18983,46.187348,0.000000,30.000000,-1,79.576569,79.576569,-1,17,0,1719,8,0,696,2374,0,210,5.854706,3.046928,3.046928,1.000000,0.740618,-1,-1,-1,-1,-1,0.065969
99600,412,0,18986,46.082524,0.000000,30.000000,-1,79.584273,79.584273,-1,19,0,1566,13,0,709,2140,0,252,5.561696,3.049608,3.049608,1.000000,0.739315,-1,-1,-1,-1,-1,0.066177
99610,404,0,17889,44.279703,0.000000,30.000000,-1,79.562133,79.562133,-1,24,0,1777,19,0,641,1868,0,316,5.720070,2.963334,2.963334,1.000000,0.728942,-1,-1,-1,-1,-1,0.066923
99620,397,0,17591,44.309824,0.000000,30.000000,-1,79.521346,79.521346,-1,31,0,1513,16,0,628,1618,0,419,5.643715,3.069672,3.069672,1.000000,0.713965,-1,-1,-1,-1,-1,0.069277
99630,396,0,18258,46.106061,0.000000,30.000000,-1,79.514678,79.514678,-1,17,0,1652,18,0,643,1769,0,216,5.532941,2.984736,2.984736,1.000000,0.742613,-1,-1,-1,-1,-1,0.064736
99640,393,0,17813,45.325700,0.000000,30.000000,-1,79.531746,79.531746,-1,20,0,1689,22,0,657,1527,0,266,5.939805,3.133077,3.133077,1.000000,0.730933,-1,-1,-1,-1,-1,0.069124
99650,417,0,18881,45.278177,0.000000,30.000000,-1,79.658334,79.658334,-1,16,0,1806,15,0,701,2006,0,200,5.590485,2.843568,2.843568,1.000000,0.742771,-1,-1,-1,-1,-1,0.062802
99660,414,0,18778,45.357488,0.000000,30.000000,-1,79.726116,79.726116,-1,24,0,1677,8,0,745,1694,0,320,5.550034,2.975041,2.975041,1.000000,0.724995,-1,-1,-1,-1,-1,0.065591
99670,413,0,19180,46.440678,0.000000,30.000000,-1,79.787278,79.787278,-1,17,0,1517,18,0,719,1854,0,224,5.663509,3.043513,3.043513,1.000000,0.729458,-1,-1,-1,-1,-1,0.065535
99680,396,0,18269,46.133838,0.000000,30.000000,-1,79.796267,79.796267,-1,19,0,1674,22,0,715,2090,0,251,5.645097,3.056082,3.056082,1.000000,0.742170,-1,-1,-1,-1,-1,0.066244
99690,414,0,18666,45.086957,0.000000,30.000000,-1,79.766152,79.766152,-1,22,0,1781,25,0,722,2044,0,273,5.723967,2.967890,2.967890,1.000000,0.729342,-1,-1,-1,-1,-1,0.065826
99700,391,0,17981,45.987212,0.000000,30.000000,-1,79.830488,79.830488,-1,15,0,1724,22,0,701,1724,0,185,5.767629,2.974668,2.974668,1.000000,0.736564,-1,-1,-1,-1,-1,0.064685
99710,381,0,17203,45.152231,0.000000,30.000000,-1,79.884032,79.884032,-1,20,0,1565,13,0,665,1557,0,246,6.017953,3.189896,3.189896,1.000000,0.727486,-1,-1,-1,-1,-1,0.070648
99720,397,0,18075,45.528967,0.000000,30.000000,-1,79.895159,79.895159,-1,20,0,1482,17,0,646,2162,0,244,5.723307,3.051852,3.051852,1.000000,0.732626,-1,-1,-1,-1,-1,0.067031
99730,397,0,17921,45.141058,0.000000,30.000000,-1,79.958875,79.958875,-1,23,0,1626,23,0,724,1778,0,286,5.739776,3.047797,3.047797,1.000000,0.722490,-1,-1,-1,-1,-1,0.067517
99740,402,0,17921,44.579602,0.000000,30.000000,-1,79.941298,79.941298,-1,22,0,1574,19,0,615,2004,0,265,5.770390,3.011534,3.011534,1.000000,0.728148,-1,-1,-1,-1,-1,0.067554
99750,404,0,18396,45.534653,0.000000,30.000000,-1,79.950533,79.950533,-1,21,0,1587,19,0,687,2135,0,264,5.790409,3.026659,3.026659,1.000000,0.728505,-1,-1,-1,-1,-1,0.066469
99760,389,0,17925,46.079692,0.000000,30.000000,-1,80.002343,80.002343,-1,18,0,1309,26,0,678,1599,0,218,5.466139,3.040410,3.040410,1.000000,0.738320,-1,-1,-1,-1,-1,0.065982
99770,401,0,18344,45.745636,0.000000,30.000000,-1,79.944505,79.944505,-1,21,0,1575,15,0,723,1940,0,267,5.643016,3.067707,3.067707,1.000000,0.735421,-1,-1,-1,-1,-1,0.067060
99780,409,0,18409,45.009780,0.000000,30.000000,-1,79.932533,79.932533,-1,20,0,1568,19,0,741,1852,0,265,5.427599,2.974892,2.974892,1.000000,0.739362,-1,-1,-1,-1,-1,0.066094
99790,416,0,18759,45.093750,0.000000,30.000000,-1,79.930700,79.930700,-1,24,0,1661,24,0,703,1801,0,280,5.629425,3.018812,3.018812,1.000000,0.727391,-1,-1,-1,-1,-1,0.066945
99800,397,0,18276,46.035264,0.000000,30.000000,-1,79.880444,79.880444,-1,14,0,1685,31,0,722,1942,0,174,5.720714,2.930599,2.930599,1.000000,0.746728,-1,-1,-1,-1,-1,0.063660
99810,416,0,18711,44.978365,0.000000,30.000000,-1,79.873390,79.873390,-1,23,0,1595,19,0,750,1852,0,277,5.458319,2.940032,2.940032,1.000000,0.730100,-1,-1,-1,-1,-1,0.065365
99820,398,0,18584,46.693467,0.000000,30.000000,-1,79.809621,79.809621,-1,12,0,1656,19,0,687,1725,0,154,5.759180,3.040473,3.040473,1.000000,0.743392,-1,-1,-1,-1,-1,0.065116
99830,414,0,18749,45.287440,0.000000,30.000000,-1,79.783508,79.783508,-1,18,0,1805,14,0,682,2189,0,230,5.645138,2.874301,2.874301,1.000000,0.732106,-1,-1,-1,-1,-1,0.063468
99840,412,0,19106,46.373786,0.000000,30.000000,-1,79.722757,79.722757,-1,11,0,1735,15,0,741,1617,0,137,5.728995,3.003437,3.003437,1.000000,0.747524,-1,-1,-1,-1,-1,0.064766
99850,417,0,19118,45.846523,0.000000,30.000000,-1,79.689037,79.689037,-1,20,0,1831,20,0,752,1784,0,256,5.818517,3.084760,3.084760,1.000000,0.738171,-1,-1,-1,-1,-1,0.067284
99860,419,0,19212,45.852029,0.000000,30.000000,-1,79.732303,79.732303,-1,15,0,1851,20,0,692,1988,0,190,5.840879,3.063656,3.063656,1.000000,0.751329,-1,-1,-1,-1,-1,0.066816
99870,412,0,18687,45.356796,0.000000,30.000000,-1,79.628137,79.628137,-1,22,0,1731,20,0,708,1865,0,285,5.478824,2.923280,2.923280,1.000000,0.730948,-1,-1,-1,-1,-1,0.064451
99880,408,0,18421,45.149510,0.000000,30.000000,-1,79.589382,79.589382,-1,20,0,1599,26,0,654,1941,0,232,5.602100,2.961742,2.961742,1.000000,0.736471,-1,-1,-1,-1,-1,0.065599
99890,405,0,18796,46.409877,0.000000,30.000000,-1,79.663013,79.663013,-1,14,0,1645,20,0,707,1879,0,173,5.527344,2.986236,2.986236,1.000000,0.747536,-1,-1,-1,-1,-1,0.064345
99900,395,0,17905,45.329114,0.000000,30.000000,-1,79.711868,79.711868,-1,17,0,1703,20,0,739,1988,0,244,5.626804,2.977898,2.977898,1.000000,0.743619,-1,-1,-1,-1,-1,0.065695
99910,393,0,17875,45.483461,0.000000,30.000000,-1,79.710322,79.710322,-1,23,0,1637,23,0,740,2055,0,295,5.602587,3.025912,3.025912,1.000000,0.728128,-1,-1,-1,-1,-1,0.066528
99920,403,0,18309,45.431762,0.000000,30.000000,-1,79.753400,79.753400,-1,21,0,1579,23,0,673,1948,0,268,5.634119,3.088438,3.088438,1.000000,0.744675,-1,-1,-1,-1,-1,0.067980
99930,404,0,18420,45.594059,0.000000,30.000000,-1,79.748263,79.748263,-1,23,0,1768,20,0,781,1846,0,281,5.428021,2.879912,2.879912,1.000000,0.729709,-1,-1,-1,-1,-1,0.063164
99940,412,0,18555,45.036408,0.000000,30.000000,-1,79.714632,79.714632,-1,22,0,1817,21,0,758,2049,0,269,5.762748,3.028861,3.028861,1.000000,0.734161,-1,-1,-1,-1,-1,0.067254
99950,412,0,18599,45.143204,0.000000,30.000000,-1,79.816012,79.816012,-1,21,0,1827,25,0,724,1733,0,260,5.590680,2.881002,2.881002,1.000000,0.729868,-1,-1,-1,-1,-1,0.063819
99960,401,0,18329,45.708229,0.000000,30.000000,-1,79.867260,79.867260,-1,22,0,1628,15,0,683,1591,0,299,5.538299,2.963482,2.963482,1.000000,0.726110,-1,-1,-1,-1,-1,0.064835
99970,385,0,17354,45.075325,0.000000,30.000000,-1,79.847182,79.847182,-1,20,0,1802,24,0,708,1775,0,251,5.863794,3.007449,3.007449,1.000000,0.728767,-1,-1,-1,-1,-1,0.066721
99980,395,0,17901,45.318987,0.000000,30.000000,-1,79.756326,79.756326,-1,17,0,1681,20,0,638,1894,0,226,5.580016,2.963444,2.963444,1.000000,0.742568,-1,-1,-1,-1,-1,0.065391
99990,394,0,17431,44.241117,0.000000,30.000000,-1,79.826573,79.826573,-1,28,0,1686,15,0,699,1805,0,375,5.774812,3.015011,3.015011,1.000000,0.717745,-1,-1,-1,-1,-1,0.068150
100000,392,0,17961,45.818878,0.000000,30.000000,-1,79.867880,79.867880,-1,19,0,1474,14,0,664,1622,0,236,5.422074,3.066628,3.066628,1.000000,0.745446,-1,-1,-1,-1,-1,0.066929
