ID,genomeSize,genome,hostID,hostType,collectedResource,bitStringMatch
116473673,74,10101001100000110101011100001101000001001100011010111100011100001101100011,116494071,0,0.035000,0.700000
116473770,75,101100110011000000101010111000011010000000010000100101110100010111100111111,116490317,0,0.053333,0.800000
116473808,87,011101111010000001000010101111100001101000000001101111010110101011000110011100011111000,116461673,0,0.070000,0.700000
116473837,78,011011001000110000101010101110000110110000000110101001011101000000111000111001,116490328,0,0.046667,0.600000
116473922,77,01001001100010100000101010111000011010000000001000100110111010000111101111011,116481617,0,0.060000,0.800000
116473959,81,011010001000110100001010101110000110100000000110001001111111010000111100000101110,116481604,0,0.100000,1.000000
116474022,74,10101001100000010100011100001101000000001000011010111100011100001001100011,116498406,0,0.070000,0.700000
116474036,79,0100100110001001000010101011100001101000000001100110011111110100001111010010111,116500005,0,0.028571,1.000000
116474119,80,01111011001011111000001010101100000110100000000100011001011111000110011100111001,116492288,0,0.140000,0.800000
116474135,75,111101110000001010101110000110100000000100001011011110001110011100110101111,116476976,0,0.040000,0.800000
116474137,77,11010001000110100001010101110000110100010000100001001011111000110111000111001,116506706,0,0.080000,0.800000
116474138,74,01101011101001010101011100001101000000001000011010110100011101001000100111,116501526,0,0.140000,0.700000
116474147,79,1101011100011000000001010111000011010000000011000000111111100011001100011000110,116480045,0,0.053333,0.800000
116474200,72,110101110100001000101110000110100000001000011010110100011101001001100110,116486634,0,0.024000,0.600000
116474201,84,111001000001011100000110101011100001101000000001000100011111101100011010011000110010,116503253,0,0.028000,0.800000
116474261,75,010101001100000010101011100001101000000001000011010111101011100001001101011,116488561,0,0.060000,0.600000
116474272,81,110101100100001000000101010111000011010000000010000100101011100011001110011100111,116492273,0,0.053333,0.800000
116474294,81,011010001000110100001010101110000110100000000100001001111111010000011100000101110,116465100,0,0.066667,1.000000
116474343,80,01110100010001101000010101011100001101000000001100010011111110100001110010010111,116488543,0,0.080000,0.800000
116474420,82,0111100010001101000010101011100001101000000011100010011111110100001111001001011101,116506699,0,0.070000,0.800000
116474434,75,101010011000000101010111000011010000000010000110101111000111000010011000111,116461656,0,0.066667,1.000000
116474436,75,110101010000100010010101011100001101000000001100110010011100001000110111011,116461656,0,0.046667,0.700000
116474448,77,10101100100011000001010101110000110100000000110001001010111100110011100111001,116488545,0,0.100000,1.000000
116474496,80,01001011101000110000001010101110000110100000000110011001011111000010011000011001,116498401,0,0.100000,1.000000
116474511,76,1110100001100000010101011100001101000000001000011010111000011100001010100011,116485008,0,0.120000,0.600000
116474624,77,11010001000110100001010101110000110100010000100001001011111000110111000111001,116503253,0,0.028000,0.800000
116474638,81,011110100010001100000010101011100001101000000101100110010111110011100111111110011,116490313,0,0.033333,0.500000
116474651,86,00110010010011111100100101010111000011010000000010001001111101011000011110110011100110,116488541,0,0.070000,0.700000
116474664,81,011010001000110101001010101110000110100000000110001001111111010000111000001101110,116468463,0,0.100000,1.000000
116474689,80,01111011001011111000001010101100000110100000000100011001011111001110011100111001,116478433,0,0.053333,0.800000
116474690,79,0100100110001001000010101011100001101000000001100110011111110100001111010010111,116492270,0,0.100000,0.600000
116474700,75,110100001100000000101011100001101000000001000011010111100011100001001100011,116476984,0,0.050000,0.500000
116474709,83,01101110100010001001000010101011100001101000000001000100111011000000011100100000111,116465100,0,0.066667,1.000000
116474741,81,011010001000100101001010101110000110100000000110001001111111010000111000001101110,116488547,0,0.070000,0.700000
116474758,77,01011001100110000001010101110100110100000000100001001011101000101110001110110,116475188,0,0.046667,0.700000
116474767,77,10101100100011000001010101110000110100000000110001001010111100110011100111001,116470086,0,0.050000,1.000000
116474797,79,1010110010000100000010101011100001101000000001000010010101110001100111001110011,116492281,0,0.035000,0.700000
116474812,77,11110000000010100001010101110000110100000000111000001110110100011010010010111,116481607,0,0.040000,1.000000
116474817,86,00110010010011111100100101010111000011010000000010001001111101011000011110110011100110,116490322,0,0.040000,0.800000
116474867,77,11010001000110100001010101110000110100000000110001001011111000110111000111001,116483539,0,0.080000,0.800000
116474868,76,0111101110000001010101010000010100000000100001011011100001110011100100001111,116495375,0,0.033333,0.500000
116474890,73,1010000110000001010101110000110101000000100001001011110011100001001100011,116505119,0,0.046667,0.700000
116474925,75,101110110110000001010101110000110100000000100101101001111001100100110110001,116466864,0,0.080000,0.800000
116475011,75,101100110011000000101010111000011010000000010000100101110100010111100111111,116473635,0,0.053333,0.800000
116475069,78,011011001000110000101010101110000110110000000110101001011101000000111000111001,116488555,0,0.033333,0.500000
116475076,81,001101000110011010000101010111010011010000000110001001111111010000111010101010101,116508503,0,0.120000,0.600000
116475117,76,1111101110000001010101110000110100000000100001011011110001110010100110011111,116480035,0,0.053333,1.000000
116475131,83,00110100110101101000010101011100000101000000001100010011111110100001111001001001101,116481598,0,0.035000,0.700000
116475137,81,011010001000110100001010101110000110100000000110001001111111010000111100000101100,116483551,0,0.080000,0.800000
116475160,75,101110110110000001010101110000110100000000100101101001111001100100110110001,116485001,0,0.100000,0.500000
116475171,80,01101000100011000001010101110000110100000000111000001111111010000011000001011101,116503231,0,0.032000,0.800000
116475262,72,011010111010000101010111000011010000000010000110101010001110100100110011,116468454,0,0.040000,0.600000
116475346,80,01101000100010000001010101110000110100000000111000001111111010000111000001011101,116508500,0,0.200000,1.000000
116475396,72,101010011000000100101110000110100000000100001101011110001110000111110011,116500013,0,0.060000,0.600000
116475397,77,11001001010110000001000101110000110100000000110100001011111000110011000110010,116484998,0,0.160000,0.800000
116475504,79,0111100000001101000010101011100001101000000001110010011101101000111010010010111,116480045,0,0.066667,1.000000
116475527,79,0011000010011000100101010111000011010000000010001011011010110101101001100111001,116485001,0,0.080000,0.400000
116475537,81,011010001000110100001010101110000110100000000110001001111111010000111000001011101,116473642,0,0.079051,0.800000
116475638,82,0110100010101101000010101011100001101000000001100110011111110100001111000001001100,116494069,0,0.053333,0.800000
116475676,79,1011011001000110000001010101010000110100000000110101001011100000100111000111001,116481614,0,0.060000,0.600000
116475698,82,1111000001000100000101010111000011010000000010001001111101011001111100110011110101,116503243,0,0.120000,0.600000
116475744,73,0111101110100001010101111000110100000000100001100110100011100001001000110,116503229,0,0.080000,0.400000
116475769,80,01101000100011010000100010111000011010000001011001001011111000000111100100101110,116484999,0,0.030000,0.600000
116475815,81,011110100010001100000010101011100001101000000001100110010111110011100111111110011,116490314,0,0.066667,1.000000
116475820,80,01110100000001101000010101011100001101000000001110010011111110100001110110110111,116505132,0,0.080000,0.800000
116475832,73,1101011101000010101011110001101000000001100001010011100011001110011110100,116503235,0,0.046667,0.700000
116475835,76,1010110010000100000101010111000011010000000011000100101011100011001110111001,116492272,0,0.066667,1.000000
116475837,82,0100100110001001000010101011100001101000000001100010011110110100001111101001011100,116471674,0,0.080000,0.800000
116475838,83,00011010101000110100001010101110000110100000000110001001111111010000111100100101110,116476973,0,0.040000,0.600000
116475859,83,11001000001011110000110101011100001101000000001000100110110101100011011011000110010,116498403,0,0.160000,0.800000
116475860,70,0101011000000101010111000011010000000010000110101101000110010001110001,116498403,0,0.200000,1.000000
116475862,86,01111111101000000100001010101110000110100000000110111101011010101100011001110001111100,116486635,0,0.026667,0.800000
116475875,88,0011001000001111110000010111011100101101000000001000100111111101101001110011001110011010,116490330,0,0.033333,0.500000
116475899,82,1101110100010001001000010101011100001101000000001000100111011000000011100100000111,116485004,0,0.046667,1.000000
116475921,74,10101001100000010101011100001101000000001000011010111100011100001001100011,116508503,0,0.160000,0.800000
116475926,82,0110101010001001000010101011100001101000100001101010011111010100011011001001011101,116499997,0,0.066667,1.000000
116475936,87,011101111010000001000010101011100001101000000001101111010110101011000110011100011111001,116505120,0,0.040000,0.800000
116475954,81,011010001000110100001010101110000110100000000110001001111111010000111100000101110,116471700,0,0.050000,1.000000
116475960,70,0101011000000101010111000011010000000010000110101101000110010000100001,116480047,0,0.032000,0.800000
116475964,74,10101001100000010101011100001101000000001000011010111100011100001111100011,116495382,0,0.046667,0.700000
116475983,77,11010001000110100001010101110000110100000000100001001011111000110111000111001,116498410,0,0.060000,0.600000
116476004,74,01111100101100000010101010100001100000000011001100101111100001001100001100,116488555,0,0.033333,0.500000
116476011,74,10101001100000010101011100001101000000001000011010111100011100001001100011,116496909,0,0.030000,0.600000
116476030,80,01111011001001111000001010101100000100100000000100011001011111000110011100111001,116463291,0,0.100000,1.000000
116476063,83,01111000100011010000101010111000011010000000011000100111111101000011110010010111010,116486628,0,0.060000,0.600000
116476069,74,00111010111010001101010111000011010000000010100100111011101111011100110100,116465089,0,0.200000,1.000000
116476080,77,11011001000110001011010101110000110100000010100001001111101010100111000111001,116492276,0,0.024000,0.600000
116476081,73,1111011100000010101011100001101000000001000010110111000111001010011000111,116486630,0,0.080000,0.800000
116476085,78,001011001000110000001010101110000110100000000100001001001101000001111000111001,116481617,0,0.100000,1.000000
116476099,74,00111010111010001101010111000011010000000010100100101111101111011000110100,116492276,0,0.028000,0.700000
116476106,80,01101000100010000001010101110000110100000000111000011111111010000111000001011101,116499998,0,0.100000,1.000000
116476108,80,01110100010001101000010101011100001101000000001100010011111110100001110010010111,116494069,0,0.053333,0.800000
116476112,78,011011001000110000101010101110000110110000000110101001011101000000111000111001,116478436,0,0.070000,0.700000
116476130,82,0110100011001101000110101011100011101000000001110010011111111100001100000010111010,116471694,0,0.060000,0.600000
116476131,75,101010111000000101010111000011010000000010000101101110001110010100110001111,116476973,0,0.040000,0.600000
116476173,79,0100100110001001000010101011100001101000000001100110011111110100001111110010111,116486643,0,0.060000,0.600000
116476180,81,011010001000110100001010101110000110100000000110001001111111010000111000001011101,116501531,0,0.060000,0.600000
116476181,81,011010001000110100001010101110000110100000000110001001111111010000111000001011101,116490329,0,0.053333,0.800000
116476183,81,101111000100011000001010101110000110100000000111000001111111010100111000001111101,116503230,0,0.200000,1.000000
116476185,79,1110110010000110000010101011100001100000000011100010010101100001100111001110011,116503230,0,0.140000,0.700000
116476191,70,0100011000000101010111000011010000000010000110101101000110010000110001,116501524,0,0.053333,0.800000
116476195,88,0011001000001111110000010101011100001101000000001000100111110101100001111011001110011000,116468449,0,0.200000,1.000000
116476215,76,1110100001100000010101011100001101000000001000011010111000011100001010100011,116492282,0,0.053333,0.800000
116476217,76,1110100001100000010101011100001101000000001000011000111000011100001011100011,116490326,0,0.053333,0.800000
116476236,77,01111100101100000010101011100001101000000001100110010111110000100110000110010,116468459,0,0.066667,1.000000
116476260,79,0110110010001100000010101011100001101000001001000010101111010001000111101010010,116490321,0,0.028000,0.700000
116476311,80,11011011001000110000001010101010000110100000000110101001011100000100111000111001,116470086,0,0.050000,1.000000
116476314,75,101100110011000000101010111000011010000001010000000101110100010111000111011,116486635,0,0.023333,0.700000
116476338,79,0100100110001001000010101011100001101000000001100110011111110100001111000010111,116492288,0,0.160000,1.000000
116476340,72,011110111010000101010111100011010000000010000110011010001110100100110011,116471685,0,0.053333,0.800000
116476354,81,011010001000110100000010101110000110100000000110001001111111010000111000000101110,116478453,0,0.032000,0.800000
116476356,83,11001000001011100000110101011100001101000000001000100110110101100011011011000110010,116481608,0,0.035000,0.700000
116476358,81,011010001000110100000010101110000110100000000110001001111111010000111000000101110,116496905,0,0.040000,0.800000
116476371,79,1101100101011000000101010111000011010000000011000000101111100011101101011100110,116481615,0,0.040000,0.800000
116476376,70,1000111010000101010111000011010000000011000010101111000110011100111101,116473641,0,0.200000,1.000000
116476404,86,00110010010011111100100101010111000011010000000010001001111101011000011110110011100110,116486629,0,0.070000,0.700000
116476433,79,0011000010011000000101010111000011010000000010001011011010110101101001100111001,116466864,0,0.080000,0.800000
116476442,75,101010111000000101010111000011010000000010000101101110001110010100110001111,116503245,0,0.080000,0.800000
116476461,82,1101110100010001001001010101011100001101000000001000100111011000000011100100000111,116471684,0,0.066667,1.000000
116476492,81,011010001000110100001010101110000110101000000110001001111111010000111100000101110,116480037,0,0.080000,0.800000
116476497,78,010011001000110000001010101110000110100000001100010010111110001000111001110011,116485009,0,0.040000,0.400000
116476507,78,010011001000110000001010101110000110100000001100010010111110001000111001110011,116503229,0,0.080000,0.400000
116476523,70,1010111010000101010111000010010000000011000010101111000100011100111101,116492286,0,0.060000,0.600000
116476531,70,1010111010000101010111000010010000000011000010101111000100011100111101,116481595,0,0.046667,0.700000
116476545,80,01001011101000110000001010101110000110100000000110011001011111000010011000011001,116496911,0,0.200000,1.000000
116476554,72,110101110100001010101110000110100000100110000101001110001100111001111010,116492271,0,0.040000,0.600000
116476556,77,01001001100010100000101010111000011010000000001000100110111010000111101011011,116508504,0,0.037106,0.800000
116476577,72,011010111010000101010111000011010000000010000110101010001110100100110011,116492287,0,0.060000,0.600000
116476601,74,01101011101000010101011100001101000000001000011010110100011101001001100011,116492279,0,0.053333,0.800000
116476603,80,01101000100011010000101010111000011010000000011000100111111010000111100100101110,116505123,0,0.040000,0.800000
116476611,86,00110010010011111100100101010111000011010000000010001001111101011000011110110011100110,116475188,0,0.046667,0.700000
116476628,81,011010001000110100001010101110000110100000000110001001111111010000111100000101110,116492288,0,0.049116,1.000000
116476629,77,11011001000110000001010101110000100100000000100001000011101001100101000111101,116492288,0,0.039293,0.800000
116476634,80,11100100101011000000101010111000011010000000011000100101111100011010100011100100,116485003,0,0.030000,0.600000
116476639,80,01101000100011010000101010111000011010000000011001001011111000000111100100101110,116473636,0,0.040000,1.000000
116476645,78,110010010101100000010101011100001101000000001000100101111100011000100011100100,116506702,0,0.053333,0.800000
116476646,82,1101110100010001001000010101011100001101000000011000100111011000000011100100000111,116500009,0,0.053333,0.800000
116476658,77,11010001000110100001010101110000110100000000100001001011111000110111000111001,116500003,0,0.160000,0.800000
116476687,78,011111001011000000101010111000011010000000011000100101111100001001100001100100,116498420,0,0.040000,0.800000
116476693,82,0111100010001101000010111011100001101000000001100010011111110100001111001001011101,116485013,0,0.040000,0.800000
116476701,80,01101000100011010000101010111000011010000000011000100111111010000111100100101110,116486651,0,0.045788,1.000000
116476715,80,01111011001001111000011010101100000110110000000100011001011111000010011100111001,116490336,0,0.060000,0.600000
116476732,79,0111100000001101000010101011100001101000000001110010011101101000011010010010111,116471687,0,0.046667,0.700000
116476738,81,011010001000110100001010101110000110100000000110001001111111010000111100000101110,116494071,0,0.050000,1.000000
116476748,86,11110011000101011100000010101011100001101000001001000100110010101100010110011001110010,116492289,0,0.080000,0.800000
116476768,74,11110111000000101010111000011010000000010000101101110001110010100110001111,116506694,0,0.066667,1.000000
116476782,79,1010110010000100000010101011100001101000000001000010010101110001100111001110011,116481608,0,0.040000,0.800000
116476790,81,011010001000110100001010101110000110101000000110001001111111010000111100000101110,116501532,0,0.025000,0.500000
116476797,80,01111010001000110000001010111110000110100000000110011001011111001110011111111001,116485008,0,0.100000,0.500000
116476806,79,1110100101011000000101010111000011010000000011000100101111100011000100011101100,116475188,0,0.053333,0.800000
116476813,74,11110111000000101010111000011010000000010000101101110001110010100110001111,116490328,0,0.046667,0.700000
116476821,79,0100100110001001000010101011100001101000000001101110011011110100001111010010111,116475183,0,0.066667,1.000000
116476823,81,111010001000110100001010101110000110100010000110001001111111010000111100000101110,116501520,0,0.046667,0.700000
116476826,74,11101000010000000101010111000011010000000010000110101110000111000001110001,116501520,0,0.053333,0.800000
116476838,74,10101001100000010101011100001101000000001000011010111100011100001001100011,116492272,0,0.066667,1.000000
116476917,74,01111011101000010101011100001111000000001000111010110100011101001001100111,116498411,0,0.140000,0.700000
116476920,82,1101110100010001001000010101011100001101000010001000100111011000000111110100000111,116475188,0,0.046667,0.700000
116476947,76,0110110010001100000010100000100001101000100001101010010110100010011100011100,116465090,0,0.025000,0.500000
116476954,78,111101100101111100000101101100000110100000000100011001011111000110011100111001,116465090,0,0.030000,0.600000
116477012,80,01101000100011000001010101110000110100000000111000001111111010000111000001011101,116490327,0,0.080000,0.800000
116477068,80,01101000100011000001010101110000110100000000111000001111111010000011000001011101,116478433,0,0.066667,1.000000
116477106,77,11011001000110001001010101110000110100000010100001001111101010100111000110001,116486633,0,0.024000,0.600000
116477110,77,01011000101000000010111011100001101001000001101010010111110001100111011100001,116490313,0,0.033333,0.500000
116477228,76,1110100001100000010101011100001101000000001000011010111000011100001001100011,116473643,0,0.080000,0.800000
116477234,76,1110100001100000010101011100001101000000001000011010111000111100001010100011,116476984,0,0.050000,0.500000
116477287,79,0001011101010110000001010101110000110100000000010011001011110000010011000111001,116490332,0,0.080000,0.800000
116477296,70,1010111010000101010111000010010000000011000010101111000100011100111101,116506706,0,0.060000,0.600000
116477297,77,11010001000110100001010101110000110100010000100001001011111000110111000111001,116501526,0,0.140000,0.700000
116477311,78,010011001000110100001010101110000110100000001100010010111110011000111001110011,116475183,0,0.080000,0.700000
116477316,81,001010001000110000010100011100001101000000001110000011111110100001110000010111011,116501521,0,0.160000,0.500000
116477331,79,1110110010001100000010101011100001101000000001000010010011010001001110011110010,116494070,0,0.100000,1.000000
116477338,74,00011010111010001111010111000011010001000010000100101111001101011100110000,116476976,0,0.030000,0.600000
116477360,88,0010101111110000001000010101011100001101000100001101111011110101011000110011100011111000,116475183,0,0.046667,0.700000
116477379,74,00111010111010001101010111000011010000000010100100101111101111011000110100,116485010,0,0.046667,0.800000
116477388,83,01101110100010001001000010101011100001101000000001000100111011000000011100100000111,116501521,0,0.120000,0.600000
116477393,83,01011010000000110100001010101110000110100000000110001001101111000000011100100101110,116498405,0,0.032000,0.800000
116477394,79,0110110010001100000010101011100001101000000001000010101111010001010111101010010,116486629,0,0.080000,0.800000
116477406,80,01110100000001101000010101011100001101000000001110010011111110100001110010010011,116495376,0,0.120000,0.600000
116477407,78,101011000101000000010101011100101101000000001100011010100110001100111011100010,116490324,0,0.025000,0.500000
116477408,78,010110001010000000101010111001011010000000011000010101111100011001110111000101,116495376,0,0.100000,0.500000
116477417,75,101010011000000101010111000011010000100010000110101111000111000010011000111,116503238,0,0.040000,0.600000
116477433,82,0110100010101101000010101011100001101000000001100110011111110100001111000001001100,116505121,0,0.066667,1.000000
116477441,79,1101100101011000000101010111000011010000000011000000101111100011101101011100110,116476984,0,0.050000,0.500000
116477450,73,1111011100000010101011100001101000000001000010110111000111001010011000111,116478438,0,0.100000,1.000000
116477505,78,111011001000110000001010101110000110100000000100001001001101000100111000111001,116492280,0,0.066667,1.000000
116477506,79,1010110010000100000010101011100001101000000001000010010101110001100111001110011,116478445,0,0.053333,0.800000
116477517,79,0100100110001001000010101011100001101000000001101110011011110100101111010010111,116506692,0,0.070000,0.700000
116477523,79,1110100101011000000101010111000011010000000011000100101111100011000100011101100,116490328,0,0.046667,0.700000
116477565,81,001010001000110100001010101110001110100000000110001001111111010000111110000101110,116490332,0,0.080000,0.800000
116477568,78,111010010101100000010101011100001101000000001100010010111110001100100011101100,116490332,0,0.100000,1.000000
116477573,75,111101110000001010101110000110100000000100001001011110001110010100110001111,116473643,0,0.080000,0.800000
116477581,82,1011010001000110100001010101110000110100000000110001001111111000000111100100101110,116488560,0,0.160000,0.800000
116477596,86,00110010010011111100100101010111000011010000000010001001111101011000011110110011100110,116478438,0,0.080000,0.800000
116477608,77,01111101110000001010101110010110100000000100001011011110001100010100110101111,116471693,0,0.053333,0.800000
116477609,78,110100010000101000010101011100001101000000001100100101111100000011100100101110,116478450,0,0.016000,0.400000
116477615,79,0111100100001101000010101011100001101000000001110010011101101000011010010010111,116486633,0,0.024000,0.600000
116477620,77,11010011000110100001010101110000110100000000100001001011111000110111000111001,116488550,0,0.040000,0.800000
116477623,79,0111100000001101000010101011100001101000000001110010111101101000011010010110111,116498411,0,0.100000,0.800000
116477670,74,10101001100000010101011100001101000000001000011010111101011100001001100111,116498416,0,0.080000,0.800000
116477673,88,0011001000001111110000010101011100001101000000001000100111110101100001111011001110011000,116495379,0,0.032000,0.800000
116477688,75,111101110000001010101110000110100100001100001111011110001110011100110011111,116473636,0,0.040000,0.600000
116477709,75,010110010000100000101010111000011010000000011000100101011100011001110111001,116506710,0,0.080000,1.000000
116477712,84,101011010001001010100001010101110000111100000000110001001111111100100111000100101110,116503253,0,0.028000,0.800000
116477715,77,11111011100000010101011100001101000000001000010110111100011100101001101011111,116488548,0,0.070000,0.700000
116477717,70,0100011000000101010111000011010000000010000110100101000110010000110001,116485012,0,0.050000,1.000000
116477718,74,10101001000000010101011000001101000000001000011010111101011100001001100011,116488543,0,0.070000,0.700000
116477724,75,111110111000001010101110000110100000000100001011011110001110010100110101111,116488549,0,0.160000,0.800000
116477726,79,0111101100100111100000101010110000010010000000010001100101111100011001110011101,116492287,0,0.050000,0.500000
116477744,86,00110010000011111000000101010111000011010000000010001001111101011000011110110011100110,116490321,0,0.032000,0.800000
116477758,81,011010001010110100001010101110000110100000000110001001110111110000111000000101110,116465102,0,0.100000,1.000000
116477760,81,001101000110011010000101010111010011010000000110001001111111010000111010101010101,116508508,0,0.030000,0.600000
116477763,79,1101100101011000000101010111000011010000000011000000101111100011001101011100110,116492277,0,0.035000,0.700000
116477766,76,1110100101100000010101011100001101000000001000011010111000011100001011100011,116468457,0,0.160000,0.800000
116477767,74,10101001100000010101011100001101000000001000011010111100011001010011000101,116505123,0,0.140000,0.800000
116477795,78,001100100011000000101010111000011010110000010000100101011100011001110011100110,116459872,0,0.033333,0.500000
116477800,82,1011010001000110100001010101110000110100000000110001001111110010000111100100101110,116478433,0,0.066667,1.000000
116477812,75,001101011101000010101011100001101000000001000011010110100011101001001100111,116488547,0,0.080000,0.800000
116477818,77,01011000000100000011010101110000110100000000110000010111100101100111111101010,116461655,0,0.080000,0.800000
116477820,76,0001101011101000010101011100001100000000001000011010110100010101000001100111,116498416,0,0.070000,0.700000
116477828,81,001101000110011010000101010111010011010000000110001001111111010000111010101010101,116506697,0,0.046667,0.700000
116477833,74,11110111000000111010111000011010000001010010101101111000010001100110001111,116495383,0,0.060000,0.600000
116477836,77,11010001000110100001010101110000110100000000100001001011111000110111000111001,116486633,0,0.024000,0.600000
116477839,75,101110111000000101010111000011010000000010000101101110001110010100110001111,116488557,0,0.040000,0.600000
116477841,82,1101110100010001001000010101011100001101000000001000100111011000000011100100000111,116508506,0,0.080000,0.800000
116477842,75,111101110000001010101110000110100000000100001011011110001110011100110101111,116498414,0,0.060000,1.000000
116477843,81,001111011001001111000001010101100000110100000000100011001011111000110011100111001,116490327,0,0.070000,0.700000
116477847,80,01101000100011000001010101010000110100000000111000001111111010000111000001011101,116471685,0,0.053333,0.800000
116477857,80,01110100000001101000010101011100001101000000001110010011111110100001110010110111,116468459,0,0.066667,1.000000
116477861,75,101010111000000101010111000011010000000010000101101110001110010100110001111,116468461,0,0.033333,1.000000
116477878,79,0110110010001100000010101011100001101000001001000010101111010001000111101010010,116483540,0,0.035000,0.700000
116477879,78,011110110010011110000110101011000001101100000001000110010111110001001110011100,116496903,0,0.017143,0.600000
116477884,81,100010100000001001000010101011101001101000000001110010011111110000001110010010111,116498414,0,0.026144,0.800000
116477886,72,110101110100001010101110000110100000000110000101001110001100111001111010,116483539,0,0.080000,0.800000
116477892,78,111011001000110000001010101110000110100000000100001001001101000100111000111001,116486646,0,0.070000,0.700000
116477897,78,111011001000110000001010101110000110100000000100001001001101000100101000111001,116494069,0,0.053333,0.800000
116477923,79,0011000010011000000101010111000011010000000010001011011010110101101001100111001,116506705,0,0.080000,0.800000
116477925,79,1101011101110100001010101100001110100000000101001100011100010110010100110101100,116498402,0,0.030000,0.600000
116477942,76,0111101110000001010101010000010100000000100001011011100001110011100100001111,116471682,0,0.050000,0.500000
116477963,81,010010011000100100001010101110000110100000000111001001111111010000111110100101110,116480043,0,0.100000,1.000000
116477967,81,100010100000001001010010101011101001101000000001110010011111110100001110010010111,116471682,0,0.100000,1.000000
116477968,79,1010110010000100100010101011100001101000000001000010010101110001100111001110011,116478443,0,0.011111,0.500000
116477974,80,01111011001101111000001010101100100100100000000100011001011111000110011100110001,116471685,0,0.040000,0.600000
116477996,77,01001001100010100000101010111000011010000000001000100110111010000111101011011,116492271,0,0.040000,0.600000
116478030,77,10010010101000000101010111000011010100000010000100101111100011001100111100100,116488562,0,0.046667,0.700000
116478033,79,1010110010000100000010101011100001101000000001000010010101110001100111001110011,116506700,0,0.066667,1.000000
116478035,81,011010001000111100001010101110000110100000000110001001111111010000111100000101110,116475183,0,0.053333,0.800000
116478040,78,111011001000110000001010101110000110100000000100001001001101000100111010111001,116488543,0,0.080000,0.800000
116478046,80,01111010001001110000001010111110000110100000000110011001011111001110011111111001,116470078,0,0.066667,1.000000
116478061,79,0111100000001101000010101011100001101000000001110010011101101000011010010010111,116473642,0,0.079051,0.800000
116478064,74,00111010111010001101010111000011010000000010100100111011101111011100110110,116483550,0,0.035000,0.700000
116478071,81,110111010001000100100001011101110100110100000010100010011101100001001110010000011,116498420,0,0.030000,0.600000
116478076,74,00111010111010001101010111000011010000000010100100111011101111011100110100,116483550,0,0.035000,0.700000
116478078,79,0111100000001101000010101011100001101000000001110010011101101000011010010010111,116483550,0,0.040000,0.800000
116478086,77,10010010101000000101010111000011010100000010000100101111100011001100111100100,116486651,0,0.036630,0.800000
116478087,75,101010011000000101010111000011010000000010000110101111000111000010011000111,116501531,0,0.060000,0.600000
116478095,81,011010001000110100001000101110000110100000000110001001111111010000111100000101110,116485010,0,0.053333,0.800000
116478097,81,011010001000110100001010101110000110100000000110001001111111010000111100000101110,116508505,0,0.066667,1.000000
116478100,75,101100110011000000101010011000011010000001010000100101110100010111000111001,116480045,0,0.046667,0.700000
116478102,79,0111100000001101000010101011100001101000000001110010011101101000011010010010111,116480045,0,0.066667,1.000000
116478109,75,101010011000000101010111000011010000000010000110101111000111000010011000111,116490317,0,0.053333,0.800000
116478125,79,1101100101011000000101010111000011010000000011000000101111100011001101011100110,116506711,0,0.060000,0.800000
116478130,79,0111100000001101000010101011100001101000000001110010111101101000011010010010111,116508490,0,0.160000,0.800000
116478140,76,0110100001100000010101011100001101000000001000011010111100011100001001100011,116496909,0,0.030000,0.600000
116478143,78,010011001000110000001010101110000110100000001100010010111110001000111001110011,116475180,0,0.200000,1.000000
116478144,83,01011010000000110100001010101110000110100000000110001001111111000000011100100101110,116475180,0,0.200000,1.000000
116478172,70,1010111010000111010111000011010000000011000010101111010110010100111111,116475183,0,0.066667,1.000000
116478176,79,1101100101011000000101010111000011010010000011000000101111100011101101011100110,116473642,0,0.069170,0.700000
116478184,79,0110110010001100000010101010100001101000000001101010010111000001001110001110011,116488550,0,0.035000,0.700000
116478185,75,110101010010100010010101011100001101000000001100110010011100001000100111011,116476987,0,0.080000,0.800000
116478203,80,01101000100011010000100010111000011010000001011001001011111000000111100100101110,116470079,0,0.066667,0.700000
116478206,80,01101000100011010000101010111000011010000000011000100111111010000111100100101110,116490330,0,0.040000,0.600000
116478216,79,0111100000001101000010101011100001101000000001110010011101101000011010010010111,116495381,0,0.100000,1.000000
116478224,75,111101110000001010101110000110100000000100001011011110001110011100110101111,116492283,0,0.200000,1.000000
116478234,75,011010111000001010101111000110100000000100001001011101001110010101100001100,116498410,0,0.050000,0.500000
116478244,74,10101001100000010100011100001101010000001000011010111100011100001001100011,116476976,0,0.030000,0.600000
116478245,74,10101001100000010100011100001101010000001000011010111100011100001001100011,116470093,0,0.028000,0.700000
116478255,74,00011010111010001101010111000011010000000010000100101111001101011100110000,116481608,0,0.035000,0.700000
116478256,76,1111101110000001010101110000110100000000100001010011110001110011100110001111,116501521,0,0.120000,0.600000
116478275,74,00011010111010001101010111000011010000000010000100101111001101011101110000,116486644,0,0.070000,0.700000
116478289,79,0110100010001101000010101011100001101010000011000100111111101000011110000010111,116495381,0,0.070000,0.700000
116478308,79,1101011100011000000101010111000011010000000011000000111111100011001100011000110,116500002,0,0.040000,0.600000
116478315,75,111101110000001010101010010110100000000100001011011110001110011100110001111,116468462,0,0.030000,0.600000
116478327,81,011010001000111100001010101110000110100000000110001001111111010000111100000101110,116492285,0,0.066667,1.000000
116478332,83,01011010001000110100001010101110000110110000000110001001111111010000111100100101110,116494069,0,0.046667,0.700000
116478341,77,10101100100011000001010101110000110100000000110001001010111100110011100111001,116495378,0,0.053333,0.800000
116478345,78,101101100100110000001010101110000110100000000110001001011111000100111000111001,116480038,0,0.040000,0.600000
116478353,79,1100100101011000000101010111000011010000000011000110101111100011000100011100100,116471685,0,0.050000,1.000000
116478355,78,101011001000110000001010101110000110100000000100001001001101000100111000111001,116470090,0,0.040000,0.400000
116478357,76,1110100001100000010101011100001101000000001000011010111000011100001010100011,116465100,0,0.066667,1.000000
116478364,66,010111001001010101110000110100000000110001101010100011001110011110,116490314,0,0.053333,0.800000
116478372,77,01011001100110000001010101110000110100000000100000001011101000101110001110110,116505121,0,0.066667,1.000000
116478380,79,1110100101011000000101010111000011010000000011000100101111100011000100011101100,116501513,0,0.040000,0.600000
116478391,81,001010001000110100001010101110001110100000000110001001111111010000111110000101110,116492275,0,0.028000,0.700000
116478400,77,01111100101100000010101011100001101000000001100110010111110000100110000110010,116486641,0,0.022857,0.800000
116478407,78,001111100010110010001010101110000110100000000110011001011111000011011000111001,116505121,0,0.053333,0.800000
116478409,80,01101000100011000001010101110000110100000000111000001111111010000111000001011101,116476985,0,0.080000,0.800000
116478428,77,10010010101000000101010111000011010100000010000100101111100011001100111100100,116490317,0,0.046667,0.700000
116478464,78,110110010101100001010101011100001101000000001100010111111110001010111111110010,116503237,0,0.024000,0.600000
116478481,79,1101000110011010000101010111000011010000000011000100111111010000111000000101110,116500001,0,0.080000,0.800000
116478505,79,0111100000001101000010101011100001111000000001110010011101101000011010010010111,116498414,0,0.060000,0.800000
116478535,87,011101111010000001000010101111100001101000000001101111010110101001000110011100011111000,116468454,0,0.040000,0.600000
116478549,75,010110010000100000101010111000011010000000011000100101011100011001110111001,116485004,0,0.066667,1.000000
116478552,79,0011100000001101000010101011100001100000000001110010011101101000011010010010101,116470083,0,0.070000,0.700000
116478555,80,01101000100001010000101010111100011010000000011001001111111000000111100100001110,116486642,0,0.140000,0.700000
116478558,79,1001001100010010000101010111000011010000000011100100111111101000011111010001110,116484998,0,0.200000,1.000000
116478596,74,11101000011000000101010111000011010000000010000110101110000111000001110001,116463291,0,0.070000,0.700000
116478625,79,1100100101011000000101000111000011010000000011000110101111100011000100011100100,116481598,0,0.035000,0.700000
116478632,73,1111011100000010101011100001101000000001100010110111000111001010011000111,116506709,0,0.024000,0.600000
116478640,83,11001000001011110000110101011100001101000000001000100110110101100011011011000110010,116476973,0,0.046667,0.700000
116478645,79,1110100010001101000010101001100001101000000001000010010111110001101110001110011,116486635,0,0.023333,0.700000
116478651,82,0110110011001101000110101011100001101000000001110010011111011100001100000010111010,116481613,0,0.140000,0.700000
116478670,81,001101010100011000001010101110000110100000000111000001111111010100111000001011101,116486636,0,0.026667,0.400000
116478672,78,001011100010110010001010101110000110100000000110011001011111000011011000111001,116488544,0,0.053333,0.800000
116478686,80,01111011001001111000011010101100000110110000000100011001011111000010011100111001,116496907,0,0.050000,0.600000
116478701,79,1101100101011000000101010111000011010000000011000000101111100011101101011100110,116478438,0,0.100000,1.000000
116478717,83,11001000001011100000110101011100001101000000001010100111110101100011010011000110000,116481600,0,0.053333,0.800000
116478719,80,01110100010001101000010101011100001101000000001100010011111110100001110010010111,116468463,0,0.060000,0.600000
116478728,75,111101110000001010101010000010100000000100001011011100001110011100100001111,116492273,0,0.040000,0.600000
116478736,78,010011001000110000001010101110000110100000001100010010111110001000111001110011,116481613,0,0.140000,0.700000
116478745,81,011110100010001100000010101011100001101000000001100110010111110011100111111110011,116494070,0,0.100000,1.000000
116478761,74,01101011101000010101011100001101000000001100011010110100011101001001100011,116495374,0,0.140000,0.700000
116478768,80,01101000100001000001010101110000110100000000111000001111111010000111000001011101,116483539,0,0.080000,0.800000
116478780,82,0100100110001001000010101011100001101000000001100010011110110100001111101001011100,116488542,0,0.080000,0.800000
116478793,78,011011001000110000001010101010000111100000000110101001011100000100111000111001,116471687,0,0.040000,0.600000
116478795,83,00110100110101101000010101011100001101000000001100010011111110100001111001001011101,116501520,0,0.053333,0.800000
116478800,78,011110110010111110000010101011000001101000000001000110010111110011001110011100,116494071,0,0.040000,0.800000
116478841,74,00011010111010001111010111000011010001000010000100101111001101011100110000,116492279,0,0.040000,0.600000
116478843,86,00110010000011111000000101010111000011010000000010001101111001011000011110110011100110,116486641,0,0.022857,0.800000
116478857,80,01111010001000110000001010101110000110100000000100011001011111001110011111111001,116483545,0,0.100000,1.000000
116478865,84,010110000010001000000101010111000011110000000010001000111101011000111100110011010101,116492271,0,0.040000,0.600000
116478880,76,1010110010000100000101010111000011010000000011000100101011100011001110111001,116475183,0,0.053333,0.800000
116478886,77,01001001100010100000101010111000011010000000001000100110111010000111101011011,116495378,0,0.046667,0.700000
116478893,70,1010111010000111010111000011010000000011000010101111010110010100111111,116495378,0,0.046667,0.700000
116478899,78,101011101000110000001110101111000110100000000110011001111110100100110001110010,116505122,0,0.033333,0.500000
116478903,77,10101100100011000001010101110000110100000000110001001010111100110011100111001,116501513,0,0.040000,0.600000
116478909,80,01111010001001110000001010101110000110100000000110011001011111001010011111111001,116476984,0,0.050000,0.500000
116478920,75,110101010010100010010101011100001101000000001100110010011100001000100111011,116473635,0,0.046667,0.700000
116478961,79,1100100101011000000101010111000011010000100011000110101111100011000100011100100,116486648,0,0.070000,0.700000
116478964,79,0011000010011000000101010111010011010000000010001011011010110101101000100110001,116486648,0,0.070000,0.700000
116478991,77,10011011111010000101010111000011011000000010000110101101000110010010011001111,116486649,0,0.014286,0.500000
116478994,82,0111100010001101000010111011100001101000000001100010011111110100001111001001011101,116492274,0,0.070000,0.700000
116478998,80,11110001000110100001010101010000110100000000110001001111111010000111001001011101,116486635,0,0.023333,0.700000
116478999,82,0110100010101101000010101011100001101000000001100110011111110100001111000001001100,116468461,0,0.026667,0.800000
116479019,79,0111100000001101000010101011100001101000000001110010111101101000011010010010111,116498417,0,0.100000,1.000000
116479026,76,0110100001100000010101011100001101000000001000011010111100011100001001100011,116465088,0,0.050000,1.000000
116479040,82,0011010001000110100001010101110000110100000000110001001111111010000111100100101110,116495381,0,0.100000,1.000000
116479042,72,011110111010100101010111100011010000000010000110011010001110100100110011,116478441,0,0.046667,0.700000
116479051,77,00101100100011000001101010111000011010000000011000100111101000010011010111001,116494070,0,0.080000,0.800000
116479053,76,1011110010110000001010101110000110100000001100110010111110000100110000110010,116508496,0,0.080000,0.800000
116479055,78,110111010001100000010101011100001101000000001100010101111110001000111101110010,116481609,0,0.040000,0.600000
116479060,75,010101001100000010101011100001101000000001000011010111100011100001001100011,116480042,0,0.066667,1.000000
116479065,79,0111100000001101000010101111100001101000000001110010001101101000011011010010111,116486643,0,0.050000,0.500000
116479069,77,11110000000010100001010101110000110100000000111000001110110100011010010010111,116470090,0,0.040000,0.400000
116479073,76,1011110010110000001010101110000110100000001100110010111110000100110000110010,116499999,0,0.028000,0.700000
116479080,75,101110111000000101000111000011010000000010000101101110001110010100110001111,116494067,0,0.040000,0.400000
116479091,77,01111101110000001010101110010110100000000100001011011110001110010100110101111,116494067,0,0.040000,0.400000
116479107,74,10101001100100010101011100001101000000001000011010111100011100001111100011,116481609,0,0.033333,0.500000
116479108,74,11110111000000111010111000011010000001010010101101111000010001100110001111,116488541,0,0.100000,0.600000
116479110,83,01011010000000110100001010101110000110100000000110001001111111000000011100100101110,116461673,0,0.100000,1.000000
116479113,77,00110010000100000010101011100001101011000001000010010101110001100111001110011,116490318,0,0.046667,0.700000
116479114,76,1110110001100000010101111100001101000000001000011010111000011100001011100011,116505117,0,0.070000,0.700000
116479115,75,110100001100000010101011100001101000000001000011011111100011000001001100001,116506710,0,0.080000,1.000000
116479117,79,0011000010011000000101010111000011010000000010001011011010110101101000100110001,116461673,0,0.100000,1.000000
116479118,77,01011001100110000001010101110000110100000000100000001011101000101110001110110,116505117,0,0.080000,0.800000
116479130,83,01011010001000110100001010101110000110110000000110001001111111010000111100100101110,116463286,0,0.100000,1.000000
116479132,88,0011001000001111110000010101011100001101000000001000100111110101110001111011001110011000,116463286,0,0.100000,1.000000
116479133,73,1110101110100001010101110000110100000000110000101001110001100111001111010,116473643,0,0.080000,0.800000
116479134,77,10101100100011000001010101110000110100000000110001001010111100110011100111001,116503244,0,0.100000,1.000000
116479148,79,1101101101011000000101010111000011010000000011000000101111100011001101011100110,116465100,0,0.066667,1.000000
116479152,77,10010010101000000101010111000011010100000010000100101111100011001100111100100,116503234,0,0.070000,0.700000
116479153,80,11011110001010100010101110111000011010000000011000100101111100011011110111000110,116508500,0,0.140000,0.700000
116479154,79,0101100101010000000101010111000001010001100011100100101111100011001110011111110,116498406,0,0.060000,0.600000
116479155,76,0001101011101000110101011100001101000000001010010010111110111101110011010011,116461655,0,0.080000,0.800000
116479161,79,0100100110001001000011101011100001101000000001100110011011110100001111010010111,116492275,0,0.028000,0.700000
116479187,70,1010111010000101010111000011010000010011000010101111010110010100111111,116480041,0,0.040000,0.600000
116479199,75,101010111100000101010111000011010000000010000101101110001110010100110101111,116470088,0,0.046382,1.000000
116479210,77,10101100100011000001010101110000110100000000110001001010111100110011100111001,116492269,0,0.046667,0.700000
116479212,75,101010111000000101010111000011010000000010000101101110001110010100110101111,116465088,0,0.046382,1.000000
116479213,70,1010111010000101011111000011010000000011001010101111100110011100101100,116506690,0,0.040000,0.600000
116479221,81,011010001000110100001010101110000110100000000110001001111111010000111100000101110,116506696,0,0.066667,1.000000
116479222,81,011110100010001100000010101011100001101000000101100110010111110011100111111110011,116473641,0,0.160000,0.800000
116479226,80,11000010001101000010101011100011101000000001100010011111110100001110000001011100,116481595,0,0.046667,0.700000
116479247,75,001100110011000000101010111000011010000000010000100101110100010111000111010,116471700,0,0.050000,1.000000
116479251,70,1010111010000111010111000011010000000011000110101011010110010100111111,116492276,0,0.028000,0.700000
116479252,77,11001001010110000001000101110000110000000000100001001011111000110011000110010,116508498,0,0.050000,0.500000
116479276,81,011010101000110100001010101110000110100010000110010011111010100011111001001011111,116488560,0,0.140000,0.700000
116479290,78,011011001000110000001010101110000110100000000110101001011101000100111000111001,116501527,0,0.066667,1.000000
116479298,79,0100100110001001000010101011100001101000000001100110011111110100001101010010111,116505129,0,0.040000,0.600000
116479308,77,11111011100000010101011100001101000000001000010110111100011100101001101011111,116468455,0,0.053333,0.800000
116479312,81,011010001000110101001010101110000110100000000110001001111111010000111000000101110,116488552,0,0.120000,0.600000
116479313,81,011010001000110100001010101110000110100000000110001001111111010000111100000101110,116481611,0,0.066667,1.000000
116479321,78,110110010001100000010101011100001101000000001000010101111010001000111101110010,116480038,0,0.040000,0.600000
116479337,79,1101100101011000000101010111000011010000000011000000101111100011001101011100110,116468460,0,0.066667,1.000000
116479343,77,11110100001100000010101011100001101000000001000011010111000011100001011100011,116478448,0,0.028000,0.700000
116479355,77,10101100100011000001010101110000110100000000110001001000111100110011100111001,116492284,0,0.028000,0.700000
116479357,80,01111000100011010000101010111000011010000100011100100111011010000110100100101111,116508505,0,0.053333,0.800000
116479361,81,111010001000110100001010101110000110100010000110001001111111010000111100000101110,116492277,0,0.030000,0.600000
116479370,80,11100100101011000000101010111000011010000000011000100101111100011000100011100100,116476973,0,0.040000,0.600000
116479382,81,011010001000110100001010101110000110100000000110001001111111010000111100000101110,116496906,0,0.060000,0.600000
116479404,84,010110000010001000000101010111000011110000000010001000111101011000111100110011010101,116468450,0,0.140000,0.700000
116479412,78,001011000101010000010101011100001101000000001100010010110110011100110011100010,116471682,0,0.100000,1.000000
116479413,72,110101110100001010101110000110100000000110000101001110001100111001111010,116481615,0,0.040000,0.800000
116479415,74,11010011000001010101111000110100000000100001001011111001010010101100001100,116468457,0,0.140000,0.700000
116479417,78,000001001101000000010101011100101101000000001100011010111110001100011011110010,116461655,0,0.080000,0.800000
116479422,74,11010011000001010101111000110100000000100001001011111001010010101100001100,116468457,0,0.140000,0.700000
116479423,77,11011001000110000001010101110000110100000100111001001011101000100111000111001,116481615,0,0.035000,0.700000
116479424,77,11010001000110100001010101110000110100000001101001001011111000110111000110001,116498405,0,0.028000,0.700000
116479432,82,0110101010001001000010101011100001101000100001101010011111010100011011001001011101,116499998,0,0.080000,0.800000
116479437,71,11110111000000101010111000011010000000010000101101100011100101001100011,116503229,0,0.100000,0.500000
116479448,79,0111100000001101000010101011100001101000000001110010001101101000011010010010111,116495377,0,0.066667,1.000000
116479449,77,11001001010110000001000001110000110100000000100001001011111000110011000010010,116494068,0,0.070000,0.700000
116479461,79,0100100110001001000010101011100001101000000001100110011111110100001111010010111,116480037,0,0.100000,1.000000
116479463,73,1111011100000010101011100001101000000001100010110111000111001010011000111,116468459,0,0.040000,0.600000
116479466,77,01001001100010100000101010111000011010000000001000100110111010000111101011011,116503240,0,0.046667,0.700000
116479470,78,110101100100001000001010101110000110100000000110001001010111000110011100111001,116486645,0,0.032000,0.800000
116479471,77,11010001000100100001010101110000110100010000100001001011111000110111000111001,116492288,0,0.039293,0.800000
116479473,71,11101110000001010101110000110100000000100001011011100011100101001000111,116478436,0,0.040000,1.000000
116479484,75,110110010001110000101010111000011010000000010000100101110100010011100011100,116496911,0,0.200000,1.000000
116479485,75,110110010001110000101010111000011010000000010000100101110100010011100011100,116470079,0,0.100000,1.000000
116479486,73,0110101110100001010101110000110100000000100001101010100011101001001100110,116495380,0,0.053333,0.800000
116479487,81,011110100010001100000010101011100001101000000101100110010111110011100111111110011,116471697,0,0.100000,1.000000
116479488,82,0011010101000110100011010101110000110100000000110101001111111010000111000001011101,116481617,0,0.100000,0.800000
116479489,82,0011010101000110100011010101110000110100000000110101001111111010000111000001011101,116492287,0,0.070000,0.700000
116479491,82,0011010101000110100011010101110000110100000000110101001111111010000111000001011101,116471697,0,0.100000,1.000000
116479498,72,011010111010000101010111000011010000000010000110101010001110100100110011,116501515,0,0.053333,1.000000
116479499,80,01101001100011011000101010111000011110000000011001001011111100000111100100101110,116481617,0,0.100000,0.700000
116479509,78,110100010010000001010101110000110100000000111000001111111010000111000001011101,116471693,0,0.066667,1.000000
116479512,75,101110111000000101010111000011010000000010000111101110001110010100111001111,116500006,0,0.200000,1.000000
116479515,74,10101001000000010101011100001101000000001000011010111101011100001001100011,116486636,0,0.026667,0.400000
116479520,74,00011010111010001101010111000011010000000010000100101111001101011100110000,116473639,0,0.200000,1.000000
116479536,74,11101000011000000101010111000011010000000010000110101110000111000001110001,116488554,0,0.080000,0.800000
116479544,77,11010001000110100001010101110000110100010000100001001011111000110111000111001,116473641,0,0.200000,1.000000
116479548,79,1110100101011000000101010111000011010000000011000100101111100011000100011101100,116494070,0,0.100000,1.000000
116479555,79,1011011001000110000001010101010000110100000000110101001011100000100111000111001,116505120,0,0.035000,0.700000
116479556,82,1101110000010001001000010101011100101101000000001000100111011000000011100100000111,116463286,0,0.040000,0.400000
116479566,80,01101000100011000001010101110000110100000000111000001111111010000111000001011101,116463286,0,0.040000,0.400000
116479567,74,10101001100000010100011100001101000000001000011010111101011100001001100011,116505120,0,0.035000,0.700000
116479568,75,101100110011000000101010111000011010000001010000100101110100010111000111011,116505120,0,0.035000,0.700000
116479573,75,111010111000001010101111000110100000000100001001011111001110010101100001100,116480045,0,0.053333,0.800000
116479574,81,010010011000100100001010101110000110100000000111101001111111010000111110100101110,116490336,0,0.080000,0.800000
116479575,81,010010011000100100001010101110000110100000000111101001111111010000111110100101110,116490336,0,0.080000,0.800000
116479578,79,0011000010011000000101010111000011010000000010001011011010110101101000100111101,116500013,0,0.080000,1.000000
116479581,75,101110110110000001010101110000110100000000100101101001111001100100110110001,116495376,0,0.120000,0.600000
116479585,77,11010001000100100001010101110000110100010000100001001011111000110111000111001,116475175,0,0.200000,1.000000
116479586,81,100010100000001001000010101011101001101000000001110010011111110100001110010010111,116475175,0,0.160000,0.800000
116479589,74,10101001100000010101111100001101000000001000011010111100011001010011000101,116475175,0,0.200000,1.000000
116479593,79,1101000110011010000101010111000011010000000011000100111111010000111000000101110,116500005,0,0.028571,1.000000
116479598,77,11001001010110000001000101110000110100000000100001001011111000110011000010010,116498409,0,0.160000,0.800000
116479599,75,110101001100000010101011100001101000000001000011010111100011100001001100011,116475175,0,0.200000,1.000000
116479601,74,11010111000001010101111000110100000000100001001011111001110010101100001100,116475175,0,0.200000,1.000000
116479622,74,10101001100000010101011100001101000000001000011010111100011100001001100011,116485004,0,0.066667,1.000000
116479630,83,11001000001011100000110101011100001101000000001010100111110101100011010011000110000,116471689,0,0.140000,0.700000
116479631,75,101110111000000101010111000011010000000010000101101110001110010100110001111,116483539,0,0.080000,0.800000
116479638,72,010100101101000010101010101001101000000001000011010101100011001010011101,116471682,0,0.050000,0.500000
116479643,78,001011101010110000001010101110000110100000000010011001011110000010011000111001,116485010,0,0.053333,0.800000
116479649,84,011001000001111110000010101011100001101000000001000100111110101000011110110011100110,116492271,0,0.046667,0.700000
116479655,79,0111100000001101000010101011100001101000000001110010011101101000011010010010111,116486651,0,0.045788,1.000000
116479675,77,10101100100011000001010101110000110100000000110001001010111100110011100111001,116492289,0,0.100000,1.000000
116479676,82,0011010001000110100001010101110000100100000000110001001111111010000111100100101110,116496903,0,0.017143,0.600000
116479681,79,0111100000001101000010101011100001101000000001110010111101101000011010010010111,116498411,0,0.160000,0.800000
116479683,75,001101011101000010101011100001101000000001000011011110100011101001001100111,116481598,0,0.040000,0.800000
116479687,66,010111001001010101110000110100000000110001101010100011001110011110,116501526,0,0.140000,0.700000
116479694,75,001101011101000010101011100001101000000001000011011110100011101001001100111,116475188,0,0.053333,0.800000
116479695,66,010111001001010101110000110100000000110001101010100011001110011110,116481598,0,0.035000,0.700000
116479707,73,1111011100000010101011100001101000000001100010110111000111001010011000111,116503234,0,0.080000,0.800000
116479712,74,10101001000000010101011100001101000000001000011010111101011100001001100111,116470078,0,0.053333,0.800000
116479715,75,111101110000001010101110000110100000000100001011011110001110011100110101111,116503242,0,0.080000,0.800000
116479719,83,01011010001000110100001010101110000110100000000110001001111111000000111100100101110,116476976,0,0.040000,0.800000
116479721,81,011000001000010100001010101110000110100000000110001001111111010000111100000101110,116470088,0,0.050000,1.000000
116479724,76,1010110010000100000101010111000011010000000011000100101011100011001110111001,116481617,0,0.060000,1.000000
116479725,76,1010110010000100000101010111000011010000000011000100101011100011001110111001,116476972,0,0.100000,1.000000
116479733,82,0111100010001101000010101011100001101000000001100010011111110100001111001001011101,116485001,0,0.080000,0.400000
116479734,80,01101000100010000001010101110000110100000000111000001111111010000111000001011101,116496903,0,0.017143,0.600000
116479736,76,1110110001100000010101111100001101000000001000011010111000011100001011100011,116478440,0,0.028000,0.700000
116479739,74,00011010111010001101010111000011010000000010000100101111001101011100110000,116501521,0,0.120000,0.600000
116479761,78,110110010101000001010101011100001101000000001100010111111110001010111101110010,116492281,0,0.030000,0.600000
116479766,78,001111100010110010001010101110000110100000000110011001011111000011011000111001,116486633,0,0.020000,0.500000
116479774,86,00110010010011111100100101010111000011010000000010001001111101011000011110110011100110,116488554,0,0.070000,0.700000
116479775,82,0110100010101101000010101011100001101000000001100110011111110100001111000001011100,116466868,0,0.200000,1.000000
116479777,77,11010001000100100001010101110000110100010000101001001011111000110111000111001,116505121,0,0.053333,0.800000
116479779,73,1111011100000010101011100001101000000001000010110111000111001010011000111,116476971,0,0.100000,1.000000
116479780,80,10101100100001000000101010111000011010001000010000100101011100011001110011100111,116485016,0,0.140000,0.700000
116479782,77,01111100001100000010101011100001101000000001100110010111110000100110000110010,116505126,0,0.053333,0.800000
116479785,78,001011100101000000010101011100001101000000001110010110111110011100010011100010,116485016,0,0.160000,0.800000
116479789,75,001101111011000010101011100001101000000001000011010110100011001001001100111,116503249,0,0.080000,0.800000
116479806,86,00110010010011111100100101010111000011010000001010001001111100011000001110110011100110,116478448,0,0.024000,0.600000
116479807,83,01111000100011011000101010111000011010000000011000100111111101000011100010010111011,116470078,0,0.046667,0.700000
116479809,80,01111000100011010000101010111000011010000100011100100111011010000110100100101111,116476985,0,0.046667,0.700000
116479812,73,0111101010100001010101111000110100000000100001100110100011101001001100110,116478433,0,0.066667,1.000000
116479822,86,00110010010011111100100101010111000011010000001010001001111100011000001110110011100110,116490329,0,0.040000,0.600000
116479824,80,01001011101000110000001010101110000110100000000110011001011111000010011000011001,116499998,0,0.100000,1.000000
116479829,86,00110010010011111100100101010111000011010000000010001001111101011000011110110011100100,116500010,0,0.070000,0.700000
116479835,79,1001001100010010000101010111000011010000000011100100111111101000011111010001110,116496912,0,0.040000,0.400000
116479837,75,101110011000000101010111000011010000000010000101101110001110010100110001111,116481595,0,0.140000,0.800000
116479839,82,0111100010001101000010101011100001101000000001100010011111111100001111001001011101,116478436,0,0.100000,1.000000
116479844,78,110111010001100000010101011100001101000000001100010101111110001000111101110010,116486632,0,0.020000,0.800000
116479850,79,0111100000001101000010101011100001101000000001110010001101101000011010010010111,116465087,0,0.080000,0.800000
116479852,72,011010111010000101010111000011010000000010000110101010001110100100110011,116465100,0,0.046667,1.000000
116479853,79,0111100000001101000010101011100001111000000001110010011101101000011010010010111,116465087,0,0.070000,0.700000
116479859,78,010011001000110100001010101110000110100000001100010010111110011000111001110011,116490319,0,0.080000,0.800000
116479861,86,00110010010011111100100101010111000011010000000010001001111101011000011110110011100110,116486647,0,0.053333,0.800000
116479863,75,101100110011000000101010111000011010000001010000100101110100010111000111011,116490319,0,0.080000,0.800000
116479864,79,0110110010001100000010101011100001101000001001000010101111010001000111101010010,116480042,0,0.053333,0.800000
116479865,81,010010011000100100001010101110000110100000000111001001111111110000111110100101110,116478438,0,0.100000,1.000000
116479866,74,10101001000000010101011100001101000000001000011010111101011100011001100001,116488545,0,0.100000,1.000000
116479875,78,010010001010000000101010111001001010000000011000110101111100011000110111100100,116480042,0,0.046667,0.700000
116479877,82,0111100010001101000010111011100001101000000001100010011111110100001111001001011101,116471689,0,0.140000,0.700000
116479888,79,0111100000001101000010101011100001101000000001110010001101101000011010010010111,116500005,0,0.028571,1.000000
116479889,75,011011010100000010101011100001010000000011000000101111100011001101011100110,116498415,0,0.014286,0.500000
116479890,75,111101110000001010101110000110100000000100010110111100011100101001101011111,116468455,0,0.053333,0.800000
116479896,79,0011000010011000000101010111000011010000000010001011011010110101101000100110001,116485003,0,0.053333,0.600000
116479897,84,111010000010111000001101010111000011010000000010001101111101011000010100110001100101,116495373,0,0.046667,0.700000
116479901,75,101100110011000000101010111000011010000000010000100101110100010111100111111,116494071,0,0.050000,1.000000
116479903,78,011011001000110000001010101110000110100000000110101001011101000100111000111001,116481617,0,0.100000,1.000000
116479909,83,11001000001011110000110101011100001101000000001000100110110101100011011011000110010,116478450,0,0.016000,0.400000
116479924,77,11010001000110100001010101110000110100000000100001001011111000110111000111001,116483546,0,0.053333,0.800000
116479940,78,110110010101000001010101011100001101000000001100010111111110001010111101110010,116506703,0,0.023333,0.700000
116479952,78,110110010101000001010101011100001101000000001100010111111110001010111101110010,116498409,0,0.160000,0.800000
116479963,77,01001001100010100000101010111000011010000000001000100110111010000111101011011,116478446,0,0.100000,1.000000
116479975,73,1010000110000001010101110000110100000000100001101001110001110000001110011,116463291,0,0.080000,0.700000
116479976,74,10101001100100010101011100001101000000001000011010111100011100001111100011,116501523,0,0.035000,0.700000
116479987,79,0011000010011000000101010111000011010000000010001011011010110101101000100110001,116490330,0,0.040000,0.600000
116479995,73,0101001100000011101011100001101000000001000011010111101011100001001101011,116490325,0,0.046667,0.700000
116480003,82,0110100011001101000110101011100001101000000001110010011111111100001100000010111010,116490332,0,0.080000,0.800000
116480004,82,1111000001000100000101010111000010010000000010001001111101011001111100110011110101,116500008,0,0.080000,0.700000
116480005,77,10101100100011000001010101110000110100000000110001001010111100110011100111001,116476982,0,0.100000,1.000000
116480006,77,01011001000100000011010101110000110100000000110000010111100101100111111101010,116470084,0,0.160000,0.800000
116480030,82,0011010000011111000000101010111000011010000000010001001111101011000011110110011001,116486632,0,0.020000,0.800000
116480031,81,011010001010110100001010101110000110100000000110001001110111110000111000000101110,116506694,0,0.066667,1.000000
116480034,75,101010111000000101010111000011010000000010000101101110001110010100110001111,116505131,0,0.040000,0.800000
116480119,80,01110000000000101000010101011100001101000000001110010011111110100001110010010111,116473635,0,0.053333,0.800000
116480128,75,001101011101000010101011100001101000000001000011010110100011101001001100111,116481610,0,0.050000,1.000000
116480133,73,1110111000000101000111000011010000000010000101101111000101000010011000101,116478443,0,0.011111,0.500000
116480140,77,01011001100110000001010111110100110100000000100001001011101000101110001110110,116471674,0,0.060000,0.600000
116480159,75,101010011001000101010111000011010000000010000110101111000111000010011000111,116503237,0,0.035000,0.600000
116480171,76,1110100001100000010101011100001101000000001000011010111000111100001010100011,116471697,0,0.060000,0.600000
116480179,79,0100100110001001000011101011100001101000000001100110011011110100001111010010111,116468454,0,0.040000,0.600000
116480189,78,111101100000011100000101010111000001010000000011001101011111001110001111111001,116490314,0,0.053333,0.800000
116480190,77,10010010101100000010100011100001101000000001100110101111100011000100011100100,116481598,0,0.035000,0.700000
116480194,81,011010001000110100001010101110000110100000000110001001111111010000111100000101110,116473643,0,0.080000,0.800000
116480211,78,101101100100110000001010101110000110100000000110001001011111000100111000111001,116470079,0,0.100000,1.000000
116480222,76,1111101110000001010101110000110100000000100001011011110001110010100110011111,116468460,0,0.046667,0.700000
116480230,80,01111011001001111000011010101100000110110000000100011001011111000010011100111001,116485014,0,0.040000,0.600000
116480231,78,101101100100110000001010101110000110100000000110001001011111000100111000111001,116488549,0,0.160000,0.800000
116480236,82,1101110100010001001000010101011100001101000010001000100111011000000011110100000111,116486629,0,0.070000,0.700000
116480251,78,001011000101000000010101011100001101000000001100010010111110011100111011100010,116465087,0,0.080000,0.800000
116480258,80,01101000100010000001010101110000110100000000111000011111111010000111000011011101,116478450,0,0.016000,0.400000
116480263,82,1001000001001100000010101011100001101000000001000100111110101001011010011001110011,116478441,0,0.066667,1.000000
116480267,73,1111011100000010101011100001101000000001000010110111100011100111001101111,116498414,0,0.032680,1.000000
116480273,74,00011010111010001101010111000011010000000010100100101111101111011100110100,116465089,0,0.120000,0.600000
116480286,79,1101100101011000000101010111000011010000000011000000101111100011001101011100110,116470081,0,0.080000,0.800000
116480293,71,11110110000001010101110000110100000001100001011011100011100111000100011,116492270,0,0.080000,0.500000
116480303,76,1011110010110000001010101110000110100000001100110010111110000100110000110010,116461656,0,0.046667,0.700000
116480309,81,011010001000110100001010101110000110100000000110001001111111010000111100000101110,116498401,0,0.100000,1.000000
116480316,78,111010010101100000010101011100001101000000001100010010111110001100100011101100,116480038,0,0.040000,0.600000
116480350,76,0111110010110000011010101010000110000000000110011001011111000010011100011001,116503243,0,0.120000,0.600000
116480353,76,0111101110000001010101010000010100000000100001011011100001110011100100001111,116503243,0,0.100000,0.500000
116480354,85,0011011000011111110000010101011100001101000000001000100111101011000011010110011100111,116486647,0,0.066667,1.000000
116480356,81,010110100000001101000010101011100001101000000011000100110111100000001110010010111,116501514,0,0.160000,0.800000
116480366,77,01011001100110000001010101110000110100000000100001001011101000101110001110110,116506701,0,0.060000,0.600000
116480387,78,111011001000110000001010101110000110100000000100001001001101000100111000111001,116498408,0,0.100000,1.000000
116480388,75,011101001100000010101011100001101000000001000011010111101011100001001101011,116478447,0,0.160000,0.800000
116480414,81,011010001000100000010101011100001101000000001110000111111110100001110000010111010,116498408,0,0.100000,1.000000
116480422,82,1100100000100110000001010101110000111100001000100010011001010110001101011100011001,116501513,0,0.033333,0.500000
116480447,76,1010110010000100000101010111000011010000000011000100101011100011001110111001,116498402,0,0.040000,0.800000
116480450,75,101010011000000101010111000011010000000010000110101111000111000010011000111,116506695,0,0.200000,1.000000
116480451,81,011010001000110100001010101110000110100000000110001001111111110000111000000101111,116486628,0,0.060000,0.600000
116480452,83,01011010001000110100001010101110000110110000000110001001111111010000111100100101110,116500001,0,0.070000,0.700000
116480469,78,001011101010110000001010101110000110100000000010011001011110000010011000111001,116501529,0,0.070000,0.700000
116480470,79,1001001100010010000101010111000011010000000011100100111111101000011111010001110,116508489,0,0.070000,0.700000
116480474,73,1111011100000010101011100001101000000001000010110111000111001010011000111,116501520,0,0.053333,0.800000
116480495,73,1111011100000010101011100001101000000001000010110111000111001010011000111,116490326,0,0.053333,0.800000
116480499,75,110100001100000010101011100001101000000001000011010011100011100001001110011,116495381,0,0.100000,1.000000
116480500,83,10111100010001101000010101011100001101000000001100010011111110100000111001001011101,116490333,0,0.140000,0.700000
116480505,75,001101011101000010101011100001101010000001000011010110100011101001001100111,116498403,0,0.160000,0.800000
116480509,82,1100100000100110000001010101110000110100001000100010011011010110001101011100011001,116466868,0,0.160000,0.800000
116480521,79,0111100000001101000010101011100001111000000001110010011101101000011010010010111,116508499,0,0.160000,0.800000
116480554,79,0111100000001101000010101011100001101000000001110010011101101000111010010010111,116459871,0,0.100000,1.000000
116480555,82,0110101010001001000010101011100001101000100001101010011111010100011011001001011101,116473641,0,0.160000,0.800000
116480559,78,101011101000110000001110101111000110100000000110011001111110000100110001110010,116478443,0,0.011111,0.500000
116480563,82,1101110100010001001001010101011100001101000000001000100111011000000011100100000111,116465102,0,0.080000,0.800000
116480580,80,01101000100011010000101010111000011010000000011001001111111000000111100100001110,116490328,0,0.066667,0.700000
116480586,77,11010001000110100001010101110000110100000000100001001011111000110111000110001,116485004,0,0.066667,1.000000
116480589,80,01110100000001101000010101011100001101000000001110010011111110100001110010110111,116498403,0,0.200000,1.000000
116480595,77,01111000000011010000101010111000011010000000111001011110110100001101001001011,116470090,0,0.040000,0.400000
116480606,78,010011001000110100001010101110000110100000001100010010111110011000111001110011,116478445,0,0.046667,0.700000
116480614,81,011110100010001100000010101011100001101000000001100110010111110011110111111110011,116486635,0,0.026667,0.800000
116480620,80,01111011001001111000001010101100010110100000000100011001011111000110011100111001,116478445,0,0.040000,0.600000
116480630,79,1100100101011000000101010111000011010000000011000110101111100011000100011100100,116494067,0,0.040000,0.400000
116480633,79,0111100000001101000010101011100001101000000001110010011101101000011010010010111,116494067,0,0.040000,0.400000
116480644,82,0011010001000110100001010101110000110100000000110001001111111010000111100100101110,116498411,0,0.100000,0.800000
116480648,82,1011000101011100000010101011100001101000000011001100111110101100011110011100110100,116485008,0,0.100000,0.500000
116480654,74,10101001100000010101011100001101000000001000011010111100011100001001100011,116488541,0,0.080000,0.800000
116480657,82,1101110100010001001000010101011100001101000010001000100111011000000011110100000111,116486632,0,0.017500,0.700000
116480660,76,1110100101100000010101011100001101000000001000010010111000011100001011100011,116486632,0,0.020000,0.800000
116480670,79,1110110010001100000010101011100001101000000001000010010011010001001110011110010,116486632,0,0.020000,0.800000
116480679,74,10101001100100010101011100001101000000001000011010111100011100001111100011,116494068,0,0.080000,0.800000
116480689,77,01001001100010100000101010111000011010000000001000100110111010000111101011011,116463286,0,0.100000,1.000000
116480692,83,11001000001011100000110101011100001101000000001000100110110101100011011011000110010,116486633,0,0.024000,0.600000
116480697,74,10101001100000010101011100001101000000001000011010111100011100001001100011,116490331,0,0.066667,1.000000
116480698,80,10110101000001101000010101011100001101000100001100100111110011000111110010110111,116501515,0,0.080000,0.800000
116480706,82,0110100011001101000110101011100001101000000001110010011111111110001100000010111010,116468449,0,0.120000,0.600000
116480708,79,0111100100001101000010101011100001101000000001110010011101101000011010010010111,116490326,0,0.053333,0.800000
116480709,81,001010001000110100001010101110001110100000000110001001111111010000111110000101110,116490326,0,0.080000,0.700000
116480713,77,11111011100001010101011100001101000000001000010110111100011100101001101011111,116468449,0,0.120000,0.600000
116480715,82,0110100010101101000010101011100001101000000001100110011111110100001111000001001100,116486638,0,0.050000,1.000000
116480716,81,011010001010110100001010101110000110100000000110001001110111110000111000000101110,116498419,0,0.100000,1.000000
116480719,83,00110100110101001000010101011100001101000000001100010011111110100001111001001011101,116501516,0,0.080000,0.800000
116480721,84,010110000010001000000101010111000011110000000010001000111101011000111100110011010101,116488550,0,0.035000,0.700000
116480731,86,01110111101000000100001010101110000110100000000110111101001010101100011001110001111100,116486636,0,0.026667,0.400000
116480746,79,0100100110001001000010101011100001101000000001100110011111110100001111010010111,116488561,0,0.060000,0.600000
116480755,74,10101001100000010101011100001101000000001000011010111101011100001001101011,116486641,0,0.017143,0.800000
116480756,83,01011010001000110100001010101110000110110000000110001001111111010000111100100101110,116465090,0,0.050000,1.000000
116480766,83,00010100110101001000010101011100001101000000001100010011111110100001111001001011101,116488553,0,0.066667,1.000000
116480770,83,10111100010001101000010101011100001101000000001100010011111110100000111001001011101,116498413,0,0.040000,0.400000
116480776,79,1101011100011000000101010111000011010000000011000000111111100011001100011000110,116483539,0,0.080000,0.800000
116480790,73,1101011100000101010111000011010000000010000100101111000111001000010000010,116484996,0,0.160000,0.800000
116480791,77,11010001000110100001010101110000110100000000100001001011111000110111000110001,116488562,0,0.053333,0.800000
116480792,78,010110000001100000110101011100001101000000001101000101111000011001111101010100,116465090,0,0.035000,0.700000
116480794,78,010110010001100000110101011100001101000000001101000101111000011001111101010100,116481606,0,0.070000,0.700000
116480799,81,110111011001000100100001011101110100110100000000100010011101100001001110010000011,116463291,0,0.060000,0.600000
116480801,82,0111100010001101000010101011100001101000000001100010011111110100001111001001011101,116492284,0,0.028000,0.700000
116480802,77,11010001000110100001010101110000110100000000100001001011111000110111000110001,116470086,0,0.035000,0.700000
116480814,77,11111011100000010101011100001101000001001000010110111100011100101001101011111,116486628,0,0.050000,0.500000
116480815,82,0100100110001001000010101011100001101000000001100010011110110100001111101001011100,116466865,0,0.040000,0.800000
116480816,82,1101110100010001001000010101011100001101000010001000100111011000000011110100000111,116492286,0,0.060000,0.600000
116480820,81,011010101000110100001010101110000110100010010110010111111010100011111001001011111,116468455,0,0.040000,0.600000
116480822,88,0011001000001111110000010111011100101101000000001000100111110101101001110011001110011010,116486642,0,0.120000,0.600000
116480823,74,10101001100000010101111100001101000000001000011010111100011001010011000101,116459871,0,0.070000,0.700000
116480825,70,1000111010000101010111000011010000000011000010101111000110011100111101,116499997,0,0.053333,0.800000
116480831,79,1000110010000100000010101011100001101000000011000010010101110001100111001110011,116498418,0,0.080000,0.400000
116480835,70,0101011000000101010111000011010000000010000110101101000110010000110001,116496904,0,0.053333,0.800000
116480854,79,0111100000001101000010101011100001101000000001110010011101101000011010010010111,116485013,0,0.066667,1.000000
116480855,81,011010001000110100001010101110000110100000000110001001111111110000111000000101111,116486638,0,0.050000,1.000000
116480857,79,1110110010001100000010101011100001101000000001000010010011010001001110011110010,116468449,0,0.200000,1.000000
116480860,76,1111101110000001010101110000110100000000100001010011110001110011100110001111,116483546,0,0.053333,0.800000
116480861,71,01110111000001010101110000110100000000100001011011100011100101001100011,116478450,0,0.016000,0.400000
116480863,82,0011010001000110100001010101110000110100000010110001001111111010000111100100101110,116492288,0,0.200000,0.800000
116480865,77,01010000101000000010101011100001101001000001100010010111110001100111011100101,116468461,0,0.023333,0.700000
116480866,74,10101001100000010101011100001101000000001000011010111100011100001001100011,116483545,0,0.100000,1.000000
116480872,72,010100101100000010101011101001101000000001000011010101100011001010011101,116505124,0,0.046667,0.700000
116480874,75,101010011000000101010111000011010000100010000110101111000111000010011000111,116478440,0,0.028000,0.700000
116480880,75,101110111000000101010111000011010000000010000101101110001110010100110001111,116470081,0,0.080000,0.800000
116480885,77,11010001000110110001010101110000110100000000100001000011111000110111000111001,116498404,0,0.070000,0.700000
116480899,82,1101110100010001001000010101011100001101000000001000100111011000000011100100000111,116492287,0,0.032680,0.600000
116480908,77,11011001000110000001010101110000100100000000100001000011101001100101000111101,116484996,0,0.140000,0.700000
116480911,82,1001000001001100000010101011100001101000000001000100110111101001011000011001110011,116496906,0,0.060000,0.600000
116480913,77,11110000000010100001010101110000110100000000111000001110110100011010010010111,116470090,0,0.100000,1.000000
116480915,80,01101000100011010000101010111000011010000000011001001011111000000111100100101110,116495381,0,0.100000,1.000000
116480916,77,00011001000100000011010101110000110100000000110000010111100101100111111111010,116490333,0,0.120000,0.600000
116480933,81,011010001000110100001010101110000110100000000110001001111111010000111000000101110,116480037,0,0.100000,1.000000
116480934,81,011010001000110100001010101110000110100000000110001001111111010000111000000101111,116505120,0,0.040000,0.800000
116480935,80,01101000100011010000001010111000011110000000011001001111111000000111000100001110,116481610,0,0.035000,0.700000
116480937,73,1101011100001010101111000110110000000100101001011111001110010101100001100,116463286,0,0.040000,0.400000
116480948,79,0100100110001001000010101011100001101000000001100110011111110100001111010010111,116495376,0,0.120000,0.600000
116480954,85,1110111010000001000010101011100001101000000001101111010110101011000110011100011111000,116485015,0,0.026667,0.400000
116480957,80,01101000100010000001010101110000110100000000111000001111111010000111000001011101,116490325,0,0.053333,0.800000
116480958,81,011001001010110000001010101110000110100000000110001001011111000110001000111001000,116478446,0,0.100000,1.000000
116480960,82,1100010100000001101000010101011101001101000000001110010011111110100001110010010111,116478446,0,0.080000,0.800000
116480969,80,01101000100011010000101010111000011010000000011011001011111000000111100000111110,116473635,0,0.053333,0.800000
116480971,80,01101000100010000001010101110000110100000000111000011111111010000111000011011101,116473636,0,0.040000,1.000000
116480973,78,011011001000110000001010101110000110100000000110111001011101000100111000111001,116492267,0,0.080000,0.600000
116480975,75,111101110000001010101010000110100000010100001011011110001110011100110001111,116492267,0,0.060000,0.500000
116480976,81,011010001000110100001010101110000110100000000110001001111111010000111100000101110,116500002,0,0.040000,0.600000
116480977,80,01110011001001111000011010101100000110110000000100011001011111000010011100111001,116485012,0,0.030000,0.600000
116480983,84,111001000001011100000110101011100001101000000001000100111111101100011010011000110010,116500005,0,0.022857,0.800000
116480987,84,111001000001011100000110101011100011101000000001000100111111101100011010011000110010,116488545,0,0.070000,0.700000
116480993,77,11111011100000010101011100001101000000001010010110111100011100101001101011111,116461673,0,0.080000,0.800000
116480995,88,0011001000001111110000010111011100101101000000001000100111110101101001110011001110011010,116501525,0,0.028000,0.700000
116480997,79,0111100000001101000010001011100001101000000001110010011101101000011010010010111,116478435,0,0.026667,0.400000
116481000,81,011010101000110100001010101110000110100010000110010011111010100011111001001011111,116461655,0,0.080000,0.800000
116481001,75,101110011000000101010111000011010000000010000101101110001110010100110001111,116481609,0,0.040000,0.600000
116481002,79,0111100000001101000010101011100001101000000001110010011101101000011010010010111,116488550,0,0.040000,0.800000
116481003,83,11001000001011100000110101011100001101000000001010100111110101100011010011000110000,116488543,0,0.070000,0.700000
116481005,83,11001000001011100000110101011100011101000000001000100110110101100011011011000110010,116463286,0,0.040000,0.400000
116481010,75,111010111000001010101111000110100000000100001001011111001110010101100001100,116483550,0,0.035000,0.700000
116481014,79,0111100000001101000010101011100001101000000001110010011101101000011010010010111,116466868,0,0.200000,1.000000
116481015,79,0110101010001101000010101011100001101000001001100010011101101000011110100010111,116485001,0,0.080000,0.400000
116481016,75,101110110110000001010101110000110100000000100101101001111001100100110110001,116492280,0,0.066667,1.000000
116481018,84,111001000001011100000110101011100001101000000001000100111111101100011010011000110010,116466865,0,0.035000,0.700000
116481020,74,10101001100000110101011100001101000001001100011010111100011100001101100011,116505126,0,0.040000,0.600000
116481023,81,110111011001000100100001011101110100110100000000100010011101100001001110010000011,116494071,0,0.035000,0.700000
116481024,75,010101001100000010101011100001101000000001000011010111101011100001001101011,116494071,0,0.050000,1.000000
116481027,77,11011001000110000001010101110010110100000000101001001011100000100111000011101,116495378,0,0.046667,0.700000
116481030,77,11010001000110100001010101110000110100000000100001001011111000110111000111001,116485012,0,0.050000,1.000000
116481041,79,1011011001000110000001010101010000110100000000110101001011100000100111000111001,116475187,0,0.020000,0.600000
116481045,79,1101100101011000000101010111000011010000000011000000101111100011001101011100110,116490322,0,0.050000,1.000000
116481053,75,111101110000001010101010000110100000000100001011011100001110011100100001111,116471697,0,0.080000,0.600000
116481055,75,101010011000000101010111000011010000000010000110101111000111000010011000111,116492272,0,0.066667,1.000000
116481066,77,10101100100011000001010101110000110100000000110001001010111100110011100111001,116492289,0,0.100000,1.000000
116481067,79,1101011101110100001010101100001110100000000101001100011100010110010100110101100,116485004,0,0.046667,0.700000
116481077,75,011101001100000010101011100001101000000001000011010111101011100001001101011,116496910,0,0.200000,1.000000
116481086,74,10101001100000010101011100001101000000001000011010111100011100001001100011,116508496,0,0.100000,1.000000
116481091,81,011010001000110100001010101110000110100000000110001001111111010000111100000101110,116480043,0,0.100000,1.000000
116481099,74,11101000011000000101010111000011010000000010000110101110000111000001110001,116498419,0,0.100000,1.000000
116481101,80,01101000100011010000101010111000011010000000011000100111111010000111100100101110,116500013,0,0.100000,1.000000
116481105,79,1010110010000100000010101011100001101000000001000010010101110001100111001110011,116488551,0,0.024000,0.600000
116481106,81,011110001000110100001110101110000110100000000110001001111110010000111100000101100,116470090,0,0.050000,0.500000
116481114,74,11101000011000000101010111000011010000000010000110101110000111000001110001,116470079,0,0.100000,1.000000
116481117,81,011110010011100110000010101011100001101000000000100110010111110001100111111110010,116481613,0,0.140000,0.700000
116481118,82,0110101010001101000010101011100001101000100001100100111110101000111110010010111110,116465088,0,0.037106,0.800000
116481120,82,1011010001000110100001010101110000110100000000110001001111110010000111100100101110,116498413,0,0.050000,0.500000
116481130,81,011010001000110100001010101110000110101000000110001001111111010000111100000101110,116478440,0,0.028000,0.700000
116481133,79,1101101101011000000101010111000011010000000011000000101111100011001101011100110,116459871,0,0.080000,0.800000
116481137,81,010010011000100100001010101110000110100000000110001001111111010000111110100101110,116470079,0,0.040000,1.000000
116481149,79,1100100101011000000101010011000011010000000011000110100111100011000100011100100,116476976,0,0.035000,0.700000
116481156,82,0110100010001101000010101011100001101000000001100010011111110000001110000010111011,116503235,0,0.053333,0.800000
116481158,76,1110100001100000010101011100001101000000001000011000111000011100001011100011,116492283,0,0.200000,1.000000
116481160,81,011010001000111100001010101110000110100000000110001001111111010000111100000101110,116490318,0,0.066667,1.000000
116481169,79,1101100101011000000101010111000011010000000011000000101111100011001101011100110,116468462,0,0.040000,0.800000
116481171,77,11011001000110000001010101110000100100000000100001000011101001100101000111101,116498413,0,0.040000,0.400000
116481173,70,0101011000000101010111000011010000000010000110101101000110010000110001,116470087,0,0.120000,0.600000
116481174,75,110101111000001010101110010110100000000100001001011110001110010100110001111,116470087,0,0.120000,0.600000
116481177,82,1101110100010001101001010101011100001101000000001000100111011000000011100100000111,116476974,0,0.020000,0.400000
116481180,78,111011001000110000001010101110000110100000000100001001001101000100111010111001,116486635,0,0.026667,0.800000
116481185,79,0111100000001101000010101011100001101000000001110010011101101000110010010010111,116498413,0,0.040000,0.400000
116481189,74,11110111000000101010111000011010000000010001011011110001110010100110011111,116503236,0,0.100000,1.000000
116481191,78,010011001000110100001010101110000110100000001100010010111110011000111001110011,116503236,0,0.080000,0.800000
116481201,76,1011110010110000001010101110000110100000001100110010111110000100110000110010,116503241,0,0.028000,0.700000
116481205,88,0011001000001111110000010101011100001101000000001000100111110101100001111011001110011000,116508508,0,0.035000,0.700000
116481206,75,101110111000000101010111000011010000000010000101101110001110010100111001111,116506691,0,0.040000,0.400000
116481208,78,010010001010000000101010111001001010000000011000110101111100011000110111100100,116488544,0,0.035000,0.700000
116481210,78,101011001000110000001010101110000110100000000100001001001101000100111000111001,116508508,0,0.035000,0.700000
116481213,83,00110100110101101000010101011100000101000000001100010011111110100001111001001001101,116500000,0,0.060000,0.600000
116481215,84,111011000101011100000010101011100011101000000001000100111110100100011110011001110010,116476984,0,0.060000,0.600000
116481217,77,11011001000110000001010101110001110100000000100001001011101000100111000111001,116501513,0,0.040000,0.600000
116481218,77,01111101110000001010101110000110100000001100001011011110001110010100110101111,116478445,0,0.046667,0.700000
116481235,81,001010001000110100001010101110001110100000000110001001111111010000111110000101110,116463291,0,0.060000,0.600000
116481242,80,10110101000001101000010101011100001101000100001100100111110011000111110010110111,116476987,0,0.100000,1.000000
116481245,80,00100100110001001000011101011100001101000000001100110011011110100001111010010111,116485016,0,0.140000,0.700000
116481249,78,110101100100001000000101010111000011010000000011000100101010000110011100111001,116496912,0,0.040000,0.400000
116481251,80,11110001000110100001010101010000110100000000110001001111111010000111001001011101,116492278,0,0.028000,0.700000
116481252,79,1001001100010010000101010111000011010000000011100100111111101000011111010001110,116486633,0,0.024000,0.600000
116481257,81,011010001000110100001010101110000110100000000110001001111111010000111100000101110,116500010,0,0.080000,0.800000
116481260,82,1101110100010001001000010101011100001101000010001000100111011000000011110100000111,116492275,0,0.028000,0.700000
116481263,77,11110100001100000010101011100001101000000001000011010111000011100001011100011,116508494,0,0.100000,1.000000
116481265,79,1110110010000110000010101011100001100000000011100010010101100001100111001110011,116480041,0,0.033333,0.500000
116481266,79,1111000010011010000101010111000011010000000011000100111111010000111100000101110,116505122,0,0.040000,0.600000
116481267,77,11010001010110100001010101110000110100000000100001001011111000110111000111001,116503239,0,0.080000,0.800000
116481270,79,0011110000001101000010101011100001100000000001110010011101101000011010010010001,116478436,0,0.100000,1.000000
116481275,79,0111100000001101000010101011100001111000000001110010011101101000011010010010111,116483541,0,0.046667,0.700000
116481276,75,101100110011000000101010111000011010000001010000100101110100010111000111011,116478437,0,0.033333,1.000000
116481278,78,010011001000110100001010101110000110100000001100010010111110011000111001110011,116492278,0,0.033333,0.700000
116481280,81,011010001000110101001010101110000110100000000110001001111111010000111000001101110,116488555,0,0.046667,0.700000
116481281,86,00110010010011111100100101010111000011010000000010001001111101011000011110110011100110,116503238,0,0.040000,0.600000
116481282,77,11010001000100100001010101110000110100010000100001001011111000110111000111001,116503238,0,0.053333,0.800000
116481283,79,0011000010011000000101010111000011010000000010001011011010110101101000100110001,116490326,0,0.053333,0.800000
116481284,82,0110100010001101000010101011100001101000000001100010011111110000001110000010111011,116478443,0,0.013333,0.600000
116481285,79,0111100000001101000010101011100001101000000001110010001101101000011010010010111,116468463,0,0.060000,0.600000
116481290,82,0110100010001101000010101011100001101000000001100010011111110000001110000010111011,116488550,0,0.040000,0.800000
116481292,78,001011000101000000010101011100001101010000001100010010101110011100110011100010,116498415,0,0.020000,0.700000
116481299,84,111010000010111000001101010111000011010000000010001101111101011000010100110001100101,116476987,0,0.080000,0.800000
116481300,74,10101001100000010101011100001101000000001000011010111101011100001001100011,116495373,0,0.053333,0.800000
116481303,75,111101110000001010101110000110100000000100010110111100011100101001101011111,116500005,0,0.028571,1.000000
116481304,75,101010011000000101010111000011010000100010000110101111000111000010011000111,116471693,0,0.053333,0.800000
116481308,80,01101000100011010000101010111000011010000000011001001111111000000111100100001110,116503241,0,0.053333,0.800000
116481309,74,10101001100000010101011100001101000000001000011010111100011110001111100011,116496914,0,0.080000,0.800000
116481315,81,001101000110011010001101010111010011010000000110001001111111010000111010101010101,116506701,0,0.060000,0.600000
116481316,82,0011010001000110110011010101110000110100000000110101001111111010000111000001011101,116490332,0,0.070000,0.700000
116481317,77,01010000101000000010101011100001101001000001100010010111010001100111011100101,116488548,0,0.060000,0.600000
116481319,76,1110100001100000010101011100001101000000001000011010111000011100001011100111,116470086,0,0.040000,0.700000
116481321,79,1010110010000100100110101011100001101000000001000010010101110001100111001110011,116478442,0,0.024000,0.600000
116481323,77,11010001000110100001010101110000110100000000100001001011111000110111000111001,116480044,0,0.060000,0.600000
116481328,79,0110100010001101000010101011100001101000000001100010011111110100011100000010111,116478450,0,0.016000,0.400000
116481338,79,1101001100011000000101010111000011010000000011000000111111000011001100011000111,116494069,0,0.053333,0.800000
116481354,82,0110100010101101000010101011100001101000000001100110011111110100001111000001001100,116478445,0,0.066667,1.000000
116481357,77,01011000101000000010101011100101101000000001100011010100110001100111011100010,116500007,0,0.033333,0.500000
116481358,78,110110010101000001010101011100001101000000001100010111111110001010111101110010,116478445,0,0.066667,1.000000
116481359,75,101010011000000101010111000011010000000010000110101111000111000010011000111,116478445,0,0.066667,1.000000
116481361,80,01111011001011111000001010101100000110100000000100011001011111000110011100111001,116492290,0,0.070000,0.700000
116481362,80,01111011001011111000001010101100000110100000000100011001011111000110011100111001,116485016,0,0.140000,0.700000
116481363,76,1101100101010000010101010111000011010000000011000101111111000101011110111001,116492290,0,0.070000,0.700000
116481364,82,0111100010001101000010111011100001101000000001100010011111110100001111001001011101,116492290,0,0.070000,0.700000
116481365,74,10101001000000010111011100001101000000001000011010111101011000001001100011,116478445,0,0.066667,1.000000
116481370,81,011010001000110100001010101110000110100000000110001001111111010000111000000101111,116486644,0,0.080000,0.800000
116481385,81,101111000100001010000101010111000011010000000011100100111011010000110100000101111,116488547,0,0.080000,0.800000
116481390,74,01101011101001010101011100001101000000001000011010110100011101001000100111,116501521,0,0.160000,0.500000
116481391,75,110100001100000010101011100001101000000001000011010011100011100001001110011,116480035,0,0.100000,1.000000
116481392,74,10101001100000010101011100001101000000001000011010111100011100001001100011,116506695,0,0.200000,1.000000
116481398,79,1101100100011000000101010111000011010010000011000100111111100010001100011000111,116486628,0,0.050000,0.500000
116481403,77,01001001100010100000101010111000011010000000001000100110111010000111101011011,116506695,0,0.160000,0.800000
116481408,83,10111100010001101000010101011100001101000000001100010011111110100000111001001011101,116503239,0,0.080000,0.800000
116481411,79,1101110100011000000101010111000011010000000011000101011111100010001111011100101,116500009,0,0.066667,1.000000
116481415,83,00110100110101101000010101011100001101000000001100010011111110100001111001001011101,116480037,0,0.100000,1.000000
116481419,74,00011010111010001101010111000011010000000010100100101111101111011100110100,116505135,0,0.140000,0.700000
116481420,78,001011101010110000001010101110000110100000000010011001011110000010011000111001,116486640,0,0.040000,0.400000
116481435,81,011010001000110100001010101110000110100000000110001001111111010000111000000101110,116480038,0,0.066667,1.000000
116481446,75,110100001100000010101011100001101000000001000011010011100011100001001110011,116480039,0,0.026667,0.800000
116481447,76,0011010111010000101010111000011010100000010000110101101000111010010011001111,116505125,0,0.032000,0.800000
116481454,78,010110010001100000110101011100001101000000001100000101111000011001111101010101,116486636,0,0.026667,0.400000
116481460,82,0100100110001001000010101011100001101000000001100010011110110100001111101001011100,116498416,0,0.080000,0.800000
116481463,79,1010110010000100000010101011100001101000000001000010010101110011100111001110011,116480043,0,0.100000,1.000000
116481464,82,0011010101000110100011010101110000110100000000110101001111111010000111000001011101,116506710,0,0.053333,0.800000
116481467,82,0111100010001101000010101011100001101000000011100010011111110100001111001001011101,116496902,0,0.140000,0.700000
116481472,75,101010011000000101010111000011010000000010000110101111000111000011111000111,116505122,0,0.040000,0.600000
116481473,83,11001000001011110000110101011100001101000000001000100110110101100011011011000110010,116486639,0,0.053333,0.800000
116481476,79,0110100010001101000010101011100001101000000011000100111111101000011110000010111,116505122,0,0.040000,0.600000
116481478,75,011101001100000010101011100001101000000001000011010111101011100001001101011,116505122,0,0.040000,0.600000
116481479,75,001101011101000010101011100001101000000001000011011110100011101001001100111,116480044,0,0.060000,0.600000
116481480,78,010110010001100000110101011100001101000000001101000101111000011001111101010100,116480041,0,0.066667,1.000000
116481481,78,110101100100001000001010111110000110100000000110001001010111000110011100111001,116498418,0,0.080000,0.400000
116481482,76,1110100010011010000101010111000011010000000011000100111111101000111001001011,116480041,0,0.040000,0.600000
116481485,77,10101100100011000001010101110000110100000000110001001010111100110011100111001,116480041,0,0.040000,0.600000
116481487,83,11001000001011110000110101011100001101000000001000100110110101100011011011000110010,116505122,0,0.046667,0.700000
116481489,86,01111111101000000100001010101110000110100000000110111101011010101100011001110001111100,116508492,0,0.200000,1.000000
116481498,83,00110100110101001000010101011100001101000000001100010011111110100001111001001011101,116475188,0,0.053333,0.800000
116481503,76,1110100001100000010101011100001101000000001000011010111000011100001011100111,116475188,0,0.053333,0.800000
116481504,82,0111000010001101000010101011100001101000000001100010011111110100001111001001011101,116480042,0,0.066667,1.000000
116481507,83,10110100010001101000010101011100001101000000001100010011111110000001111001001011101,116476974,0,0.020000,0.400000
116481510,75,101010111000000101010111000011010000000010000101101110001110010100110001111,116492284,0,0.028000,0.700000
116481512,82,0111100010001101000010101011100001101000000011100010011111110100001111001001011101,116480043,0,0.100000,1.000000
116481519,73,0011010111010000101010111000011010000000010000110111101000111100100110011,116496902,0,0.160000,0.800000
116481529,83,01011010001000110100001010101110000110100000000110001001111111000000111100100101110,116486639,0,0.066667,1.000000
116481530,79,0111101100100111100000101010110000010010000000010001100101111100011000110011101,116498416,0,0.060000,0.600000
116481531,76,0110100001000000010101011100001101000000001000011010111100011100001001100011,116488545,0,0.100000,1.000000
116481533,77,01001001100010100000101010111000011010000000001000100110111010000111101011011,116486639,0,0.053333,0.800000
116481534,80,01111000100011010000101010111000011010000100011100100111011010000110100100101111,116480044,0,0.050000,0.500000
116481535,83,01011010001000110100001010101110000110100000000110001001111111000000111100100101110,116498416,0,0.080000,0.800000
116481537,77,11011001000110000001010101110000110100000000100001000011101001100101000111101,116498416,0,0.080000,0.800000
116481542,78,010011001000110100001010101110000110100000001100010010111110011000111001110011,116480045,0,0.066667,1.000000
116481543,75,101110111000000101000111000011010000000010000101101110001110010100110001111,116480045,0,0.066667,1.000000
116481546,75,101110111000000101010111000011010100000010000101101110001110010100110001111,116503237,0,0.024000,0.600000
116481549,73,1001010011000000010101110000110100000000100001101011110001110000100110001,116503237,0,0.024000,0.600000
116481552,86,00110010010011111100100101010111000011010000000010001001111101011000011110110011100110,116495384,0,0.053333,0.800000
116481554,75,101010011000000101010111000011010000000010000110101111000101000010011000111,116488553,0,0.066667,1.000000
116481556,81,011110010011100110000010101011100001101000000000100110010111110001100111111110010,116485000,0,0.080000,0.800000
116481557,83,10110100010001101000010111011100001101000100001100010011111110100001111000001011101,116501525,0,0.028000,0.700000
116481562,82,1101110100010001001000010101011100001101000010001000100111011000000011110100000111,116486644,0,0.070000,0.700000
116481565,76,1111011100000010101011100001101001000001000011110111100011100111001100111111,116471687,0,0.040000,0.600000
116481568,78,010110010001000000110101011100011101000000001100000101111000011001111111010100,116496909,0,0.040000,0.800000
116481571,81,010010011000100100001010101110000110100000000110001001111111010000111110100101110,116495385,0,0.160000,0.800000
116481574,83,00110100110101101000010101011100000101000000001100010011111110100001111001001001101,116490321,0,0.040000,0.700000
116481575,75,010110010000100000101010111000011010000000011000100101011100011001110111001,116478443,0,0.013333,0.600000
116481633,86,00110010000011111100000101010111000011011000000010101001111101011000011101100111001100,116498416,0,0.070000,0.700000
116481683,78,110101100100001000000101010111000011010000000011000100101010000110011100111001,116498416,0,0.080000,0.800000
116481687,78,110101100100001000000101010111000011010000000011000100101010000110011100111001,116486639,0,0.066667,1.000000
116481689,84,010001000001011100000110101011100001101000000001010100111110101100011010011000111000,116480044,0,0.060000,0.600000
116481693,75,001101011101000010101011100001101000000001000011010110100011101001001100111,116470083,0,0.080000,0.800000
116481699,73,1001010011000000010101110000110100000000100001101011110001110000100110001,116466864,0,0.070000,0.700000
116481705,75,010110010000100000101010111000011010000000011000100101011100011001110111001,116471689,0,0.160000,0.800000
116481706,79,0011100000001101000010101011100001100000000001110010011101101000011010010010101,116494069,0,0.046667,0.700000
116481716,73,1101011100000101010111100011010000000010000100101111100111001010110000110,116501515,0,0.080000,0.800000
116481717,80,01110100000001101000000101011100001101000000001110010011111110100001110010010111,116471682,0,0.050000,0.500000
116481718,75,101110111000000101010111000011010000000010000111101110001110010100111001111,116503245,0,0.080000,0.800000
116481732,79,1101000110011010000101010111000011010000000011000100111111010000111000100101111,116459872,0,0.040000,0.600000
116481759,77,01011000101000000010111011100001101001000001101010010111110001100111011100001,116468462,0,0.030000,0.600000
116481774,82,1101110000010001001000010101011100101101000000001000100111011000000011100100000111,116465100,0,0.040000,0.800000
116481799,81,010010011000100100001010101110000110100000000110001001111111010000111100100101110,116492269,0,0.046667,0.700000
116481803,79,0110101010001101000010101011100001101000100001100100111110011000111110011110111,116492280,0,0.053333,0.800000
116481807,81,011010001010110100001010101110000110100000000110001001110111110000111000000101110,116500001,0,0.080000,0.800000
116481826,78,011011001000110000101010101110000110110000000110101001011101000000111000111001,116506700,0,0.046667,0.700000
116481827,77,11010001000110100001010101110000110100000000100001001011111000110111000111001,116471682,0,0.035000,0.600000
116481829,77,01011000101000000010111011100001101001000001101010010111110001100111011100001,116492267,0,0.050000,0.500000
116481835,77,11011001000110000001010101110010110100000000101001001011100000100011000011001,116494067,0,0.040000,0.400000
116481838,77,10101100100011000001010101110000110100000000110001001010111100110011100111001,116466865,0,0.040000,0.800000
116481843,81,001111011001001111000001010101100000110100000000100011001011111000110011100111001,116498407,0,0.028000,0.700000
116481851,75,101010011000000101010111000011010000100010000110101111000111000010011000111,116488550,0,0.035000,0.700000
116481852,83,11001000001011100000110101011100001101000000001010100111110101100011010011000110000,116480042,0,0.053333,0.800000
116481856,78,010011001000110100001010101110000110100000001100010010111110011000111001110011,116485003,0,0.030000,0.600000
116481859,79,0001011101010110000001010101110000110100000000010011001011110000010011000111001,116483546,0,0.046667,0.700000
116481860,80,01110100010001101000010101011100001101000000001100010011111110100001110010010111,116505126,0,0.053333,0.800000
116481874,79,1101100100011000000101010111000011010010000011000100111111100010001100011000111,116498402,0,0.035000,0.700000
116481876,87,011101111010000001000010101111100001101000000001101111010110101001000110011100011111000,116481613,0,0.200000,1.000000
116481877,82,0011010001000110100001010101110000110100000000110001001111111010000111100100101110,116473642,0,0.079051,0.800000
116481879,76,0110110010001100000010100010100001101000100001101010010110100010011100011100,116501518,0,0.120000,0.600000
116481885,82,1101110100010001001000010101011100001101000000001000100111011000000011100100000111,116488543,0,0.060000,0.800000
116481905,81,011010001000111100001011101110000111100000000110001001111111010000111100001011001,116486636,0,0.026667,0.400000
116481906,81,110111011001000100100001011101110100110100000000100010011101100001001110010000011,116481600,0,0.046667,0.700000
116481914,80,01111011001011111000001010101100000110100000000100011001011111000110011100111001,116492270,0,0.050000,0.500000
116481925,78,110110010101100000010101011100001101000000001100010111111110001010111101110010,116506707,0,0.080000,0.800000
116481926,79,0100100110001001000010101011100001101000000001100110011111110100001111010010111,116476985,0,0.080000,0.800000
116481929,73,1111011100000010101011100001101000000001000010110111000111001010011000111,116481596,0,0.053333,0.800000
116481936,78,110110010101100000010101011100001001000000001100010111111110001010111101110010,116503243,0,0.120000,0.600000
116481939,79,0110110010001100000010101010100001101000000001101010010111000001001110001110011,116481614,0,0.060000,0.600000
116481942,78,110101100100001000001010101110000110100000000110011001010111000110011100111001,116481614,0,0.060000,0.600000
116481943,73,1111011100000010101011100001101000000001100010110111000111001010011000111,116508497,0,0.053333,0.800000
116481947,82,1101110100010001001000010101011100001101000000001000100111011000000011100100000111,116483551,0,0.080000,0.800000
116481955,83,01101110100010001001000010101011100001101000000001000100111011000000011100100000111,116480045,0,0.066667,1.000000
116481966,83,01011010000000110100001010101110000110100000000110001001101111000000011100100101110,116468457,0,0.160000,0.800000
116481967,83,01011010000000110100001010101110000110100000000110001001101111000000011100100101110,116470092,0,0.046667,0.700000
116481970,80,10101100100001000000101010111000011010000000010000100101011100011001110011100111,116500010,0,0.080000,0.800000
116481987,81,011010001000110100001010101110000110100000000110001001111111010000111100000101110,116488553,0,0.066667,1.000000
116481994,80,01111010001000110000001010101110000110100000000100011001011111001110011111111001,116478442,0,0.032000,0.800000
116481995,83,01011010000000110100001010101110000110100000000110001001111111000000011100100101110,116463286,0,0.040000,0.400000
116481996,82,1101110100010001001000010101011100001101000000001000100111011000000011100100000111,116498401,0,0.100000,1.000000
116481998,83,01011010000000110100001010101110000110100000000110001001111111000000011100100101110,116505120,0,0.040000,0.800000
116482007,74,00011010111010001101010111000011010000000010100100101111101111011100110100,116496904,0,0.046667,0.700000
116482022,72,010100101100100010101011101001101000000001000011010101100011001010011101,116495379,0,0.024000,0.600000
116482030,82,0111100010001101000010111011100001101000000001100010011111110100001111001001011101,116490329,0,0.070000,0.700000
116482034,84,010110000010001000000101010111000011110000000010001000111101011000111100110011010101,116501516,0,0.070000,0.700000
116482044,73,0111101110100001010101111000110100000000100001100110100011100001001000110,116488544,0,0.040000,0.800000
116482047,83,11001000001011100000110101011100001101000000001000100111110101100011010011000110010,116478448,0,0.024000,0.600000
116482048,78,011110110010111110000010101011000001101000000001000110010111110011001110011100,116471685,0,0.040000,0.800000
116482052,82,0110101010001000000010101011100001101000100001101010011111010100011011001001011101,116496909,0,0.030000,0.600000
116482055,82,0110101010001000000010101011100001101000100001101010011111010100011011001001011101,116471682,0,0.050000,0.500000
116482062,81,011110100010001100000010101011100001101000000001100110010111110011100111111110011,116492267,0,0.060000,0.600000
116482084,79,0111100000001101000010101011100001101000000001110010011101101000011010010010111,116486628,0,0.060000,0.600000
116482089,81,011010001000110100001010101110000110100000000110001001111111010000111100000101110,116485001,0,0.080000,0.400000
116482090,79,0110100010001101000000101011100001101000000011000100111111101000011100000010111,116485001,0,0.080000,0.400000
116482095,74,00011010111010001101010111000011010000000010100100101111101111011100110100,116475183,0,0.080000,0.700000
116482096,72,101010011000000110101110000110100000000100001101011110101110000100110101,116496900,0,0.046667,0.700000
116482098,82,1010000101001100000111010111000011010000000010001001111101011000111100110011110101,116486628,0,0.050000,0.500000
116482100,77,01001001010110000001000101110000110100000000110100001011111000110011000110010,116480035,0,0.080000,0.800000
116482106,78,010100001010000000101010111000011010010000011000100101111100011001110111000010,116498408,0,0.080000,0.800000
116482110,77,10011011111010000101010111000011011000000010000110101101000110010010011001111,116488551,0,0.020000,0.500000
116482112,70,1010111010000101011111000011010000000011001010101111100110011100101100,116490326,0,0.066667,1.000000
116482117,74,00111010111010001101010111000011010000000010100100101111101111011000110100,116468455,0,0.035000,0.700000
116482119,83,11001000001011100000110101011100001101000000001000100111110101100011010011000110010,116470090,0,0.040000,0.400000
116482121,75,100101001100000010101011100001101000000001000011010111100011100001001100011,116500000,0,0.070000,0.700000
116482125,75,101110011000000101010111000011010000000010000101101110001110010100110001111,116490316,0,0.032000,1.000000
116482135,77,10101100100011000001010101110000110100000000110001001010111100110011100111001,116461656,0,0.053333,0.800000
116482136,80,01101000100011010000101010111000011110000000011001001111111000000111000000001110,116503228,0,0.070000,0.700000
116482146,79,0000100110001001000010101011100001101000000001100110011111110100001111010010111,116483543,0,0.070000,0.700000
116482147,82,1101110100010001001000010101011100001101000000001000100111011000000011100100000111,116506698,0,0.070000,0.700000
116482152,80,01110100010001101000010101011100001111000000001110010011111110100001110010010111,116459872,0,0.066667,1.000000
116482153,75,010101001100000010101011100001101000000001000011010111101011100001001101011,116459872,0,0.040000,0.600000
116482154,80,01110100010001101000010101011100001101000000001100010011111110100001110010010111,116459872,0,0.066667,1.000000
116482155,74,10101001100000110101011100001101000000001000011010111101011100001001101011,116459872,0,0.066667,1.000000
116482164,74,11110111000000101010111000011010000000010000101101110001110010100110001111,116506702,0,0.053333,0.800000
116482165,78,011001001000110000011010101010000111100000000110101001011100000100111000111001,116470093,0,0.024000,0.600000
116482168,82,1101110100010001001000010101011100001101000000001000100111011000000011100100000111,116486634,0,0.032000,0.800000
116482181,77,11010001000110100001010101110000110100000000100001001011111000110111000110001,116485010,0,0.053333,1.000000
116482187,79,1111000010011010000101010111000011010000000011000100101111010000111100000101110,116470084,0,0.200000,1.000000
116482191,76,1011110010110000001010101110000110100000001100110010111110000100110000110010,116503231,0,0.028000,0.700000
116482218,81,011010001010110100001010101110000110100000000110001001110111110000111000000101110,116498405,0,0.032000,0.800000
116482230,81,011101000100111010000101010110000011010000000011100100111111101001011100100101111,116508499,0,0.160000,0.800000
116482231,78,111011001000110000001010101110000100100000000100001000011101001100101000111101,116478447,0,0.140000,0.700000
116482234,75,101010011000000101010111000011010000000010000110101111000111000011111000111,116498419,0,0.100000,1.000000
116482237,83,01011010001000010100001010101110000111100000000110001001111111000100111000100101110,116500012,0,0.070000,0.700000
116482255,79,1100100101011000000101010111000011010000000011000110101111100011000100011100100,116494067,0,0.040000,0.400000
116482257,80,01111010001001110000001010111110000110100000000110011001011111001110011111111001,116478438,0,0.080000,0.800000
116482263,74,10101001100000010101011100001101000000001000011010111101011100001001100011,116498419,0,0.100000,1.000000
116482268,82,0011010001000110100011010101110000110100000000110101001111111010000111000001011101,116490319,0,0.080000,0.800000
116482271,76,1011110010110000001010101110000110100000001100110010111110000100110000110010,116478437,0,0.020000,0.600000
116482293,79,1101011100011000000101010111000011010000000011000000111111100011001100011000110,116481609,0,0.040000,0.600000
116482297,75,010110010000100000101010111000011010000000011000100101011100011001110111001,116481596,0,0.053333,0.800000
116482301,75,010110010000100000101010111000011010000000011000100101011100011001110111001,116490332,0,0.100000,1.000000
116482303,83,11001000001011100000110101011100001101000000001000100111110101100011010011000110010,116468449,0,0.120000,0.600000
116482305,81,010010011000100100001010101110000110100000000110001001111111010000111110100101110,116498419,0,0.100000,1.000000
116482307,80,01111011001011111000001010101100000110100000000100011001011111000110011100111001,116498411,0,0.140000,0.700000
116482315,75,001101011101000010101011100001101000000001000011010110100011101001001100111,116471693,0,0.066667,1.000000
116482317,79,0111100000001101000010101011100001101000000001110010001101101000011010010010111,116500009,0,0.066667,1.000000
116482318,77,01011001100110000001010101110000110100000000100001001011101000101110001110110,116500001,0,0.080000,0.800000
116482321,75,101010011000000101010111000011010000000010000110101111000111000011111000111,116486640,0,0.040000,0.400000
116482322,74,10101001100000010101011100001101000000001000011010111100011100001001100011,116498414,0,0.060000,1.000000
116482329,82,0011010001000110100001010101110000110100000000110001001111111010000111100100101110,116481608,0,0.040000,0.800000
116482333,83,00110100010101101000010101011100001101000000001100110011111110100001111000001001100,116478453,0,0.040000,1.000000
116482340,84,011001001001111100100101010111000011010000000010001001111101011000011110110011100110,116481610,0,0.040000,0.800000
116482341,75,101010011000000101010111000011010000000010000110101111000111000010011000111,116471682,0,0.060000,0.600000
116482345,83,00011010101000110100001010101110000110100000000110001001111111010000111100100101110,116465089,0,0.140000,0.700000
116482346,80,11000010001101000010101011100011101000000001100010011111110100001110000001011100,116501529,0,0.070000,0.700000
116482349,77,10101110111010000101010110000111010000000010100100011100010110010100110101100,116508505,0,0.046667,0.700000
116482361,77,01110100001100000010101011100001101000000001000011010110000011100001011100011,116486639,0,0.066667,1.000000
116482373,80,01101000100011010000101010111000011110000000011001001111111000000111000100001110,116498406,0,0.070000,0.700000
116482386,80,01111010001001110000001010101110000110110000000110011101011111001110011111111001,116500001,0,0.070000,0.700000
116482394,79,0100100110001001000010101011100001101000000001100110011111110100001111010010111,116465088,0,0.046382,1.000000
116482397,77,01110100101100000010101011100001101000000001000110010111110000100110000110010,116486638,0,0.050000,1.000000
116482401,74,00111010111010001101010111000011010000000010100100111011101111011100110100,116480039,0,0.023333,0.700000
116482412,82,0110110011001101000110101011100001101000000001110010011111111100001100000010111010,116503246,0,0.070000,0.700000
116482419,82,1101110100010001001000010101011100001101000000001000100111011000000011100100000111,116475188,0,0.053333,0.800000
116482424,80,01101000100001010000101010111000011010000000011001001011111000000111100100101110,116494069,0,0.053333,0.800000
116482425,81,011110100010001100000010101011100001101000000101100110010111110011100111111110011,116481607,0,0.053333,0.800000
116482442,78,110101100100001000000101010111000011010000000011000100101010000110011100111001,116500012,0,0.080000,0.800000
116482448,80,01111010001001110000001010101110000010110000000110011101011111001110011111111101,116466868,0,0.140000,0.700000
116482453,81,011010001000110100001010101110000110100000000110001001111111010000111000000101110,116465102,0,0.100000,1.000000
116482454,82,0011010001000110100001010101110000110100000000110101001111111010000111000001011101,116470084,0,0.200000,1.000000
116482458,81,011010001000110100001010101110000110100000000110001001111111010000111100000101110,116508496,0,0.100000,1.000000
116482465,80,01111010001001110000001010101110000110110000000110011101011111001110011111110101,116465102,0,0.080000,0.800000
116482469,87,011101111010000001000010101111100001101000000001101111010110101011000110011100011111000,116503230,0,0.160000,0.800000
116482470,74,10101001100000010101011100001101000000001000011010111100011001010011000101,116478438,0,0.100000,1.000000
116482471,79,1110100101011000000101010111000011010000000011000100101111100011000100011101100,116480042,0,0.066667,1.000000
116482475,73,0011010111010000101010111000011010000000010000110111101000111100100110011,116480036,0,0.053333,0.800000
116482478,74,10101001100000010101011110001101000000001100011010111101011100001001101011,116470086,0,0.030000,0.600000
116482482,74,10101001100000010101011100001101000000001000011010111101011100001001101011,116506710,0,0.066667,1.000000
116482491,75,010110010000100000101010111000011010000000011000100101011100011001110111001,116492279,0,0.053333,0.800000
116482493,76,1011011100000010101011000001100000000001000010100111100011100111001100011111,116480045,0,0.046667,0.700000
116482494,86,00110010000011111000000101010111000011010000000010001001111101011000011110110011100110,116470086,0,0.032000,0.700000
116482495,78,010011001000110100001010101110000110100000001100010010011110011000111001110011,116503250,0,0.024000,0.600000
116482498,76,0111101110000001010101010000010100000000100001011011100001110011100100001111,116486646,0,0.060000,0.600000
116482499,78,011011001000110000001010101110000110100000000110101001011101000100111000111001,116508496,0,0.100000,1.000000
116482501,79,0100100110001001000011101011100001101000000001100110011011110100001111000010111,116492280,0,0.053333,0.800000
116482502,76,0110100001100000010101011100001101000000001000011010111100011100001001100011,116488541,0,0.080000,0.800000
116482504,77,11010001000110100001010101110000110100000000100011001011111000110111000111001,116508503,0,0.160000,0.800000
116482525,82,0110100011001101000110101011100001101000000001110010011111111100001100000010111010,116481602,0,0.046667,0.700000
116482527,82,0011010001000110100001010101110000110100000000110001001111111010000111100100101110,116490319,0,0.100000,1.000000
116482533,81,011010001000110100001010101110000110100000000110001001111111010000111100000101110,116488550,0,0.040000,0.800000
116482534,82,1100100000100110000001010101110000110100001000100010011011010110001101011100011001,116468449,0,0.200000,1.000000
116482536,82,1100100000100110000001010101110000110100001000100010011011010110001101011100011001,116468449,0,0.200000,1.000000
116482537,80,01111010001001110000001010101110000110110000000110011101011111001110011111111001,116486628,0,0.050000,0.500000
116482538,79,1101011101110100001010101100001110100000000101001100011100010110010100110101100,116483548,0,0.060000,0.600000
116482540,70,1010111010000111010111000011010000000011000010101111010110010100111111,116496907,0,0.050000,0.800000
116482541,75,101100110011000100101010111000011010000101010000100101110100010111000111011,116483540,0,0.030000,0.600000
116482549,79,1010110010000100100010101011100001101000000001000010010101110001100111001110011,116465088,0,0.037106,0.800000
116482551,75,101010111000000101010111000011010000000010000101101110001110010100110001111,116492286,0,0.070000,0.700000
116482553,78,001011000101010000010101011100001101000000001100010010110110011100110011100010,116498414,0,0.032680,1.000000
116482562,78,111001001010110000001010101110000110100000000110001010111110001100110001110010,116468461,0,0.033333,1.000000
116482563,81,011010001000110100001010101110000110100000000110001001111111010000111000000101111,116506690,0,0.046667,0.700000
116482565,75,101010111000000101010111000011010000000010000101101110001110010100110001111,116468460,0,0.046667,0.700000
116482566,78,001011000101010000010101011100001101000000001100010010110110011100110011100010,116492290,0,0.080000,0.800000
116482567,82,0110100010001101000010101011100001101000000001100010011111110100001111000001011100,116468462,0,0.050000,1.000000
116482568,79,0100100110001001000010101011100001101000000001100110011011110100001111010010111,116490317,0,0.066667,0.800000
116482572,82,1010000101001100000101010111000011010000000010001001111101011000111100110011110101,116499999,0,0.032000,0.800000
116482577,72,010100110000001010101100011101000000001000011010111101011100001001101011,116499999,0,0.020000,0.500000
116482580,80,01111010001001110000001010101110000110110000000110011101011111001110011111110101,116492270,0,0.050000,0.500000
116482592,79,1110110010000110000010101011100001100000000011100010010101100001100111001110011,116496904,0,0.040000,0.600000
116482599,76,0001101011101000110101011100001101000000001010010010111110111101110011010011,116486645,0,0.028000,0.700000
116482600,72,110101110100001010101110000110100000000110000101001110001100111001111010,116470081,0,0.100000,1.000000
116482602,83,01111000100011010000101010111000011010000000011000100111111101000011110010010111010,116495374,0,0.053333,0.700000
116482608,78,110100010001000000010101011100001101000000001100010111111110001010111101110010,116475188,0,0.053333,0.800000
116482619,80,01001011101000110000001010101110000110100000000110011001011111000010011000011001,116478450,0,0.016000,0.400000
116482620,79,0100100110001001000010101011100001101000000001100110011111110100001111000010111,116483546,0,0.053333,0.800000
116482621,80,01001011101000110000001010101110000110100000000110011001011111000010011000011001,116496907,0,0.100000,1.000000
116482622,79,1110100101011000000101010111000011010000000011000100101111100011000100011101100,116490313,0,0.066667,0.600000
116482627,75,011101001100000010101011100001101000000001000011010111101011100001001101011,116486647,0,0.066667,1.000000
116482641,79,1010110010000100000010101011100001101000000001000010010101110001100111011110011,116486647,0,0.066667,1.000000
116482644,86,00110010010011111100100101010111000011010000000010001001111101011000011110110011100110,116486647,0,0.053333,0.800000
116482646,75,110100001100000000101011100001101000000011000011010111100011100001001100011,116495381,0,0.070000,0.700000
116482648,81,101111000100001010000101010111000011010000000011100100111011010000110100000101111,116470092,0,0.066667,1.000000
116482650,81,011010101000110100001010101110000110100000100110001001110111010000111101000101110,116470092,0,0.066667,1.000000
116482655,74,00011010111010001111010111000011010001000010000100101111001101011100110000,116481609,0,0.033333,0.500000
116482658,75,001101011101000010101011100001101010000001000011010110100011101001001100111,116478443,0,0.011111,0.500000
116482663,81,011010001000110100001010101110000110100000000110001001111111010000111100000101110,116496903,0,0.017143,0.600000
116482666,81,101111000001000110000001010101110000110100000000110011001011111001110011111111001,116478443,0,0.013333,0.600000
116482669,74,11110011000000111010111000011010000001010010101101111000010001100110001111,116503241,0,0.024000,0.600000
116482670,79,1011011001000110000001010101010000110100000000110101001011100000100111000111001,116496912,0,0.040000,0.400000
116482674,83,00110100110101001000010101011100001101000000001100010011111110100001111001001011101,116468462,0,0.040000,0.800000
116482675,81,011010001000110100001010101110000110100000000110001001111111010000111100000101110,116492285,0,0.066667,1.000000
116482684,82,0110101010001001000010101011100001101000100001101010011111010100011011001001011101,116498405,0,0.028000,0.700000
116482687,81,011010001000110100001010101110000110101000000110001001111111110000111100000101110,116480037,0,0.080000,0.800000
116482705,82,0011010001000110100001010101110000110100100000110101001111111010000111000001011101,116468459,0,0.033333,0.500000
116482711,79,0110100010001101000010101011100001101000000001100010111111101000011110000010111,116503246,0,0.080000,0.800000
116482717,78,010001001010110000001010101110000110100000001100010010101110001000111001110001,116485016,0,0.140000,0.700000
116482720,84,111001000001011100000110101011100001101000000001000100111111101100011010011000110010,116492275,0,0.028000,0.700000
116482721,84,111001000001011100000110101011100001101000000001000100111111101100011010011000110010,116490318,0,0.053333,0.800000
116482722,74,00011010111010001101010111000011010000000010000100101111001101011100110000,116500010,0,0.070000,0.700000
116482723,74,00011010111010001101010111000011010000000010000100101111001101011100110000,116496902,0,0.140000,0.700000
116482724,84,111001000001011100000110101011100001101000000001000100111111101100011010011000110010,116473639,0,0.200000,1.000000
116482725,81,101110100010001101000010101001000001101000000001000010011011110100000110010010111,116501519,0,0.020000,0.700000
116482726,81,101110100010001101000010101001000001101000000001000010011011110100000110010010111,116500005,0,0.020000,0.700000
116482728,79,1001001100010010000101010111000011010000000011100100111111101000011111010001110,116490327,0,0.080000,0.800000
116482729,77,11010001000110100001010101110000110100010000100001001011111000110111000111001,116506710,0,0.053333,0.800000
116482733,74,10101001000000010101011100001101000000001000011010111101011100001001100011,116505117,0,0.066667,0.800000
116482734,76,1110100001100000010101011100001101000000001000011010111000011100001011100111,116492288,0,0.049116,1.000000
116482735,74,11101000011000000101010111000011010000000010000110101110000111000001110001,116492288,0,0.049116,1.000000
116482746,80,01111010001000110000001010111110000110100000000110011001011111001110011111111001,116485008,0,0.100000,0.500000
116482747,75,110101001100000010101011100001101000000001000011010111101011100001001100011,116476974,0,0.030000,0.400000
116482751,77,01011001000100000011010101110000110100000000110000010111100101100111111101010,116490322,0,0.040000,0.800000
116482752,74,10101001100000010101011100001101000000001000011010111100011100001001100011,116481617,0,0.100000,1.000000
116482756,74,10101001100000010101011100001101000000001000011010111100011100001001100011,116485008,0,0.120000,0.600000
116482759,79,0000100110001001000010101011100001101000000001100110011111110100001111010010111,116475187,0,0.020000,0.600000
116482760,79,1101100101011000000101010111000011010000000011000000101111100011001101011100110,116500004,0,0.040000,0.600000
116482761,75,101100110011000010101010111000011010000000010000100101110100010111100101011,116492289,0,0.080000,0.800000
116482762,78,110100010000101000010101011100001101000000001100100101111100000011100100101110,116490319,0,0.100000,1.000000
116482764,82,0110101010001001000010101011100001101000100001101010011111010100011011001001011101,116476971,0,0.100000,1.000000
116482765,82,1101110000010001001000010101011100101101000000001000100111011000000011100100000111,116468455,0,0.046667,0.700000
116482770,75,101010011010000101010111000011010000000010000110101111000111000010011000111,116498414,0,0.060000,1.000000
116482771,82,0110100010001101000010101011100001101000000001100010011111110100001111000001011101,116490326,0,0.053333,0.800000
116482772,82,0110100010101101000010101011100001101000000001100110011111110100001111000001011100,116488554,0,0.080000,0.800000
116482773,76,1110100010011010000101010111000011010000000011000100111111101000111001001011,116473639,0,0.200000,1.000000
116482774,82,1101110000010001001000010101011100101101000000001000100111011000000011100100000111,116498415,0,0.020000,0.700000
116482776,77,11101000011000000101010111000011010000000010000110101110000111000010111000110,116475175,0,0.200000,1.000000
116482777,74,10101001100100010101011100001101000000001000011010111100011100001111100011,116466865,0,0.035000,0.700000
116482779,76,1010110010000100000101010111000011010000000011000100101011100011001110111001,116496911,0,0.200000,1.000000
116482780,87,001100100000111110000001010101110000110100000000100010011111010110000111101100111001101,116496911,0,0.200000,1.000000
116482782,79,1110100101011000000101010111000011010000000011000100101111100011000100011101100,116471697,0,0.060000,0.600000
116482784,70,0101011000000101010111000011010000000010000110101101000110010000110001,116481617,0,0.100000,1.000000
116482785,75,111101110000001010101110000110100000000100001011011110001110011100110001111,116470083,0,0.080000,0.800000
116482786,79,0110100010001101000010101011100001101000000011000100111111101000011110000010111,116490322,0,0.040000,0.800000
116482789,80,00111011001011111000000010101100000110100000000100011001011111000110011100111001,116470083,0,0.080000,0.800000
116482790,78,001011101010110000001010101110000110100000000010011001011110000010011000111001,116481617,0,0.060000,0.800000
116482792,78,110110010101100000010101011100001101000000001100010111111110001010111101110010,116476972,0,0.100000,1.000000
116482794,81,011010001000110100001010101110000110100000000110001001111111110000111000000101111,116488551,0,0.024000,0.600000
116482796,80,01101000100011010000100010111000011010000001011001001011111000000111100100101110,116490336,0,0.060000,0.600000
116482797,79,1101100101011000000101010111000011010000000011000000101111100011101101011100110,116476974,0,0.020000,0.400000
116482798,76,1110110001100000010101011100001101000000001000011010111000011100001011100011,116492283,0,0.200000,1.000000
116482800,74,10101001100000010101011100001101000000001000011010111101011100001001101011,116496903,0,0.017143,0.600000
116482802,81,100101000100110000001010101110000110100000000100010011010010111100101001100111001,116478440,0,0.032000,0.800000
116482803,76,1111101110000001010100110000110100000000100001010011110001110011100110001111,116486626,0,0.013333,0.600000
116482805,79,0100100110001001000011101011100001101000000001100110011011110100001111000010111,116478440,0,0.028000,0.700000
116482806,80,01001001100010010000111010111000011010000000011001100110111101000011110000101111,116498415,0,0.020000,0.700000
116482809,77,11010001000110100001010101110000110100010000100001001011111000110111000111001,116505118,0,0.053333,0.600000
116482811,77,11011001000110000001010101110000110100000000100001000011101001100101000111101,116500013,0,0.100000,1.000000
116482813,77,11010001000110100001010101110000110100010000100001001011111000110111000111001,116505118,0,0.053333,0.600000
116482826,77,11010001000110100001010101110000110100010000100001001011111000110111000111001,116508501,0,0.070000,0.700000
116482827,75,111101110000001010101010000010100000000100001011011100001100011100100001111,116490330,0,0.033333,0.500000
116482829,80,01111010001001110000001010101110000110110000000110011101011111001110011111110101,116498413,0,0.040000,0.400000
116482832,75,110101111000001010101110010110100000000100001001011110001110010100110001111,116498413,0,0.040000,0.400000
116482838,78,001111100010110010001010101110000110100000000110011001011111000011011000111001,116476985,0,0.100000,1.000000
116482839,75,110101010000100010010101011100001101000000001100110010011100001000110111011,116503245,0,0.070000,0.700000
116482840,81,001010001000110100001010101110001110100000000110001001111111010000111110000101110,116468450,0,0.140000,0.700000
116482842,78,011011001000110000101010101110000110110000000110101001011101000000111000111001,116496904,0,0.040000,0.600000
116482844,75,110101010000100010010101011100001101000000001100110010011100001000110111011,116476985,0,0.100000,1.000000
116482845,81,011110100010001100000010101011100001101000000001100110010111110011100111111110011,116466868,0,0.200000,1.000000
116482854,72,011110111010000101010110000011010000000010000110011010001110100100110011,116492280,0,0.053333,0.800000
116482855,81,011110100010001100000010101011100001101000000001100110010111110011100111111110011,116492280,0,0.066667,1.000000
116482856,77,01111100101100000010101011100001101000000001100110010111110000100110000110010,116466868,0,0.200000,1.000000
116482859,75,110100001100000010101011100001101000000001000011010011100011100001001110011,116481615,0,0.040000,0.800000
116482861,81,011010001000110100001010101110000110100000000110001001111111010000111100000101110,116466868,0,0.200000,1.000000
116482863,79,0111100000001101000010101011100001101000000001110010011101101000011010010010111,116508509,0,0.066667,1.000000
116482866,77,01011001000100000011110101110000110100000000110000010111100001100111111101010,116501531,0,0.060000,0.600000
116482868,73,0111101010100001010101111000110100000000100001100110100011101001001100110,116478433,0,0.066667,1.000000
116482869,74,10101001000000010101011100001101000000001000011010111101011100001001100111,116485014,0,0.040000,0.600000
116482871,73,1010101110000001101011100001101000000001000010110111000111001010011000111,116478433,0,0.066667,1.000000
116482872,79,1101100101011000000101010111000011010000000011000000101111100011001101011100110,116488544,0,0.050000,1.000000
116482873,82,0100100110001001000010101011100001101000000001100010011110110100001111101001011100,116473642,0,0.079051,0.800000
116482874,79,0100100110001001000010101011100001101000000001100110011111110100001111010010111,116478433,0,0.066667,1.000000
116482875,80,01111011001001111000011010101100000110110000000100011001011111000010011100111001,116478433,0,0.040000,0.600000
116482877,80,01101000100011000001010101110000110100000000111000001111111010000011000001011101,116485014,0,0.040000,0.600000
116482878,80,01101000100011000001010101110000110100000000111000001111111010000011000001011101,116478433,0,0.066667,1.000000
116482879,86,00110010010011111100100101010111000011010000001010001001111100011000001110110011100110,116478433,0,0.066667,1.000000
116482883,81,011010001000110100001010101110000110100000000110001001111111010000111000001011101,116486632,0,0.020000,0.800000
116482887,82,0110101010001101000010101011100001101000100001100100111110101000111110010010111110,116492268,0,0.160000,0.800000
116482890,80,01101000100010000001010101110000110100000000111000001111111010000111000001011101,116490316,0,0.040000,1.000000
116482891,81,011010001000110100001010101110000110100000000110001001111111010000111100001011101,116478438,0,0.100000,1.000000
116482899,80,11110001000110100001010101010000110100000000110001001111111010000111001001011101,116480036,0,0.046667,0.700000
116482900,80,11110001000110100001010101010000110100000000110001001111111010000111001001011101,116480039,0,0.023333,0.700000
116482901,83,00011010101000110100001010101110000110100000000110001001111111010000111100100101110,116496912,0,0.040000,0.400000
116482904,81,011010001000110100001010101110000110100000000110001001111111010000111100000101110,116492278,0,0.032000,0.800000
116482910,79,1011011001000110000001010101010000110100000000110101001011100000100111000111001,116478436,0,0.100000,1.000000
116482914,82,0011010001000110100001010101110000110100000000110001001111111010000111100100101110,116478436,0,0.100000,1.000000
116482916,80,11100100101011000000101010111000011010000000011000100101111100011010100011100100,116495374,0,0.140000,0.700000
116482919,75,101110011000000101010111000011010000000010000101101110001110010100110001111,116481595,0,0.140000,0.800000
116482920,78,110111010001100000010101011100001101000000001100010101111110001000111101110010,116476974,0,0.020000,0.400000
116482921,82,0011010001000110100001010101110000110100000000110001001111111010000111100100101110,116478438,0,0.100000,1.000000
116482924,81,011010001000110100001010101110000110100000000110001001111111010000111100000101110,116480042,0,0.066667,1.000000
116482928,74,10101001000000010101011100001101000000001000011010111101011100011001100001,116478438,0,0.100000,1.000000
116482931,79,1110100101011000000101010111000011010000000011000100101111100011000100011101100,116478438,0,0.100000,1.000000
116482932,73,1010000110000001010101110000110100000000100001001011110011100001001100011,116478438,0,0.100000,1.000000
116482936,86,00110010000011111100000101010111000011010000000010001001111101011000011110110011100110,116471684,0,0.053333,0.800000
116482937,85,0011001000001111110000010101011100001101000000001000100111101011000011110110011100110,116508495,0,0.100000,0.700000
116482939,83,01011010001000010100001010101110000111100000000110001001111111100100111000100101110,116478439,0,0.100000,1.000000
116482940,83,11001000001011100000110101011100001101000000001010100111110101100011010011000110000,116478439,0,0.100000,1.000000
116482941,76,1111101110000001110101110000110100000000100001010011110001110011100110001111,116480045,0,0.053333,0.800000
116482942,81,011010001000110101001010101110000110100000000110001001111111010000111000000101110,116501531,0,0.060000,0.600000
116482944,79,0010110001010000000101010111000011010000000011000100101111100111001100111000101,116503238,0,0.046667,0.700000
116482946,77,10101100100011000001010101110000110100000000110001001010111100110011100111001,116494071,0,0.050000,1.000000
116482947,83,01011010001000010100001010101110000111100000000110001001111111100100111000100101110,116494071,0,0.040000,0.800000
116482950,73,1111011100000010101011100001101000000001100010110111000111001010011000111,116501531,0,0.060000,0.600000
116482952,80,01111011001001111000001010101100000110100000000100011001011111000110011100111001,116478441,0,0.066667,1.000000
116482955,84,111001000001011100000110111011100011101000000001000100111111101100011010011000110010,116503238,0,0.040000,0.600000
116482958,79,0101100000001101000010101011100001101000000001110010011101101000011010010010111,116500008,0,0.160000,0.800000
116482960,79,0110100010001101000010101011100001101000000001100010011111110100011100000010111,116490329,0,0.080000,0.800000
116482962,82,1001000001001100000010101011100001101000000001000100110100101001011010011001110011,116498416,0,0.080000,0.800000
116482963,88,0011001000001111110000010101011100001101000000001000100111110101100001111011001110011000,116486639,0,0.066667,1.000000
116482967,73,1101011100000101010111100011010000000010000100101111100111001010110000110,116478443,0,0.022222,1.000000
116482968,84,111011000101011100000010101011100011101000000001000100111110100100011110011001110010,116471682,0,0.060000,0.600000
116482971,83,10010010001000110111001010111110000110100000000111001001111111010000110000001011101,116486626,0,0.013333,0.600000
116482972,77,01001001100010110000101010111000011010000000001000100110111010000111101011011,116486641,0,0.020000,0.700000
116482986,86,00110010000011111100000101010111000011010000000010001001111101011000011110110011100110,116490316,0,0.040000,1.000000
116482991,75,110101001100000010101011100001101000000001000011010111100011100001001100011,116501522,0,0.040000,1.000000
116482998,77,11111011100000010101011100001101000001001000010110111100011100101001101011111,116478446,0,0.100000,1.000000
116483007,77,01001001100010100000101010111000011010000000001000100110111010000111101011011,116478446,0,0.100000,1.000000
116483009,84,010110000010001000000101010111000011110000000010001000111101011000111100110011010101,116488562,0,0.046667,0.700000
116483010,81,011010001000110100001010111110000110100000000110001001111111000000111000001011101,116478446,0,0.100000,1.000000
116483011,79,0111100000001101000010101011100001101000000001110010111101101000011010010010111,116490325,0,0.053333,0.800000
116483013,77,01111101110000001010101110010110100000000100001011011110001110010100110101111,116478447,0,0.200000,1.000000
116483015,78,001101010100110100001010101110000110100010000110010011111001100011111001011011,116501523,0,0.035000,0.700000
116483017,79,0011000010011000000101010111000011010000000010001011011010110101101000100110001,116501523,0,0.040000,0.800000
116483019,73,1010000110000001010101110000110100000000100001101001110001110000001110011,116492286,0,0.070000,0.700000
116483020,81,011010001000110100001010101110000110100000000110001001111111010000111100000101110,116503239,0,0.080000,0.800000
116483023,77,01111101110000001010101110010110100000000100001011011110001110010100110101111,116503239,0,0.070000,0.700000
116483025,77,10010011000100100001011101110000110100000000110001001100110100001010010010111,116503229,0,0.080000,0.400000
116483031,75,010110010000100000101010111000011010000000011000100101011100011001110111001,116490319,0,0.100000,1.000000
116483033,78,001101010100110100001010101110000110100010000110010011111001100011111001011011,116478447,0,0.200000,1.000000
116483034,77,10010011000100100001011101110000110100000000110001001100110100001010010010111,116498401,0,0.080000,0.800000
116483036,83,11001000001011110000110101011100001101000000001000100110110101100011011011000110010,116501523,0,0.035000,0.700000
116483040,70,0101001100000010101011100001101100000001000011010111100010010110101001,116498419,0,0.080000,0.800000
116483041,70,1010111010000111010111000011010000000011000010101111010110010100111111,116488544,0,0.040000,0.800000
116483042,79,0110100010001101000000101011100001101000000011000100111111101000011100000010111,116478448,0,0.040000,1.000000
116483043,79,0110100010001101000000101011100001101000000011000100111111101000011100000010111,116478448,0,0.040000,1.000000
116483051,73,1111011100000010101011100001101000000001100010110111000111001010011000011,116471685,0,0.050000,1.000000
116483052,83,00110100110101101000010101011100001101000000001100010011111110100001111001001011101,116478448,0,0.040000,1.000000
116483053,79,0011000010011000000101010111000011010000000010001011011010110101101000100110001,116503232,0,0.080000,0.800000
116483068,79,0101100010100000001000101110010110100000000110000101011111000110011101110001010,116490334,0,0.040000,0.600000
116483069,73,0101001100000011101011100001101000000001000011010111101011100001001101011,116478450,0,0.040000,1.000000
116483073,82,0110100011001101000110101011100001101000000001110010011111111100001100000010111010,116506697,0,0.053333,0.800000
116483074,82,1111000001000100000101010111000010010000000010001001111101011001111100110011110101,116478450,0,0.040000,1.000000
116483075,82,1011010001000110100001010101110000110100000000110001001111111010000011100000101110,116478450,0,0.040000,1.000000
116483078,77,01011001000100000011010101110000110100000000110000010111100101100111111101010,116506697,0,0.053333,0.800000
116483080,73,0101001100000011101011100001101000000001000011010111101011100001001101011,116498418,0,0.080000,0.400000
116483088,81,011010101000110100001010101110000110100000100110001001110111010000111101000101110,116470083,0,0.070000,0.700000
116483107,74,00111010111010001101010111000011010000000010100100101111101111011000110100,116478439,0,0.040000,0.600000
116483114,75,101010111000000101010111000011010000000010000101101110001110010100110001111,116471687,0,0.046667,0.700000
116483117,74,10101001100000010101011100001101000000001000011010111100011100001001100011,116480035,0,0.100000,1.000000
116483128,70,0101011000000101010111000011010000000010000110101101000110010000110001,116468454,0,0.040000,0.600000
116483130,87,011101111010000001000010101111100001101000000001101111010110101001000110011100011111000,116496913,0,0.120000,0.600000
116483131,82,0110110011001101000110101011100001101000000001110010011111111100001100000010111010,116488557,0,0.046667,0.700000
116483133,87,011101111010000001000010101111100001101000000001101111010110101001000110011100011111000,116480038,0,0.066667,1.000000
116483135,82,0110100010101101000010101011100001101000000001100110011111110100001111000001001100,116486633,0,0.024000,0.600000
116483137,82,0110100010101101000010101011100001101000000001100110011111110100001111000001001100,116501524,0,0.053333,0.800000
116483138,75,101110110110000001010101110000110100000000100101101001111001100100110110001,116481602,0,0.053333,0.800000
116483144,73,0111101110100001010101111000110100000000100001100110100011101001001100110,116508502,0,0.053333,0.800000
116483151,82,1011010001000110100001010101110000110100000000110001001111011000000111100100101110,116480043,0,0.100000,1.000000
116483155,75,110101001100000010101011100001101000000001000011010111100011100001001100011,116496904,0,0.053333,0.800000
116483158,85,1110010000010111000001101010111000011010000000010001001111111011000110100110001100101,116508496,0,0.100000,0.800000
116483159,73,0011010111010000101010111000011010000000010000110111101000111100100110011,116488562,0,0.053333,0.800000
116483161,82,0111100010001101000010101011100001101000000011100010011111110100001111001001011101,116508496,0,0.080000,0.800000
116483168,73,0011010111010000101010111000011010000000010000110111101000111100100110011,116490325,0,0.053333,0.800000
116483169,86,00110010000011111000000101010111000011010000000010001101111001011000011110110011100110,116480043,0,0.100000,1.000000
116483172,82,1001000001001100000010101011100001101000000001000100111110101001011010011001110011,116483551,0,0.080000,0.800000
116483180,82,1001000001001100000010101011100001101000000001000100111110101001011010011001110011,116480045,0,0.066667,1.000000
116483184,73,1001010011000000010101110000110100000000100001101011110001110000100110001,116480045,0,0.066667,1.000000
116483186,73,1001010011000000010101110000110100000000100001101011110001110000100110001,116495384,0,0.053333,0.800000
116483194,85,0011010111010110100001010101110000110100000000110001001111111010000111100100111110111,116480047,0,0.040000,1.000000
116483195,79,0011000010011000100101010111000011010000000010001011011010110101101001100111001,116480047,0,0.040000,1.000000
116483196,79,0011000010011000100101010111000011010000000010001011011010110101101001100111001,116480047,0,0.040000,1.000000
116483200,70,1010111010000111010111000011010000000011000010101111010110010100111111,116500005,0,0.022857,0.800000
116483201,83,00110100110101101000010101011100000101000000001100010011111110100001111001001001101,116480047,0,0.040000,1.000000
116483202,85,0011010111010110100001010101110000110100000000110001001111111010000111100100111110111,116480047,0,0.040000,1.000000
116483203,75,010110010000100000101010111000011010000000011000100101011100011001110111001,116495385,0,0.160000,0.800000
116483204,83,00110100110101101000010101011100000101000000001100010011111110100001111001001001101,116495385,0,0.140000,0.700000
116483205,75,101110011000000101010111000011010000000010000101101110001110010100110001111,116496903,0,0.017143,0.600000
116483207,78,010110010001000000110101011100011101000000001100000101111000011001111111010100,116495385,0,0.120000,0.600000
116483208,81,010010011000100100001010101110000110100000000110001001111111010000111110100101110,116496903,0,0.017143,0.600000
116483209,70,1010111010000111010111000011010000000011000010101111010110010100111111,116480047,0,0.040000,1.000000
116483212,80,01011010001001110000001010101110000110100000000110011001011111001110011111111001,116505123,0,0.040000,0.800000
116483220,73,1111011100000010101011100001101000000001000010110111000111001010011000111,116466865,0,0.040000,0.800000
116483221,80,01110100000001101000010101011100001101000000001110010011111110100001010010110111,116505123,0,0.040000,0.800000
116483229,85,0011001000001111110000010101011100001101000000001000100111101011000011110110011100110,116480045,0,0.066667,1.000000
116483233,82,0110101010001001000010101011100001101000100001101010011111010100011011001001011101,116494071,0,0.040000,0.800000
116483234,80,01111010001001110000001010101110000110110000000110011101011111001110011111111101,116501531,0,0.050000,0.500000
116483235,74,00111010111010001101010111000011010000000010100100101111101111011000110100,116481596,0,0.046667,0.700000
116483237,82,0111100010001101000010111011100001101000000001100010011111110100001111001001011101,116494071,0,0.040000,0.800000
116483242,85,0011001000001111110000010101011100001101000000001000100111101011000011110110011100110,116494071,0,0.050000,1.000000
116483243,81,010010011000100100001010101110000110100000000110001001111111010000111100100101110,116481596,0,0.066667,1.000000
116483254,75,101110111000000101010111000011010000000010000111101110001110010100111001111,116471689,0,0.160000,0.800000
116483260,82,1101110100010001001001010101011100001101000000001000100111011000000011100100000111,116490324,0,0.025000,0.500000
116483263,79,0100100110001001000011101011100001101000000001100110011011110100001111000010111,116501526,0,0.140000,0.700000
116483267,78,011110110010111110000010101011000001101000000001000110010111110011001110011100,116486643,0,0.050000,0.500000
116483275,79,1101011100011000000101010111000011010000010011000000111111100011001100011000111,116488543,0,0.060000,0.700000
116483280,76,1011110010110000001010101110000110100000001100110010111110000100110000110010,116478438,0,0.080000,0.800000
116483281,83,11001000001011100000110101011100001101000000001010100111110101100011010011000110000,116488545,0,0.080000,0.800000
116483282,82,1101110100010001001000010101011100001101000010001000100111011000000011110100000111,116490333,0,0.120000,0.600000
116483283,81,101110100010101001000010101011000001101000000001010100111110000010011100110010110,116480042,0,0.053333,0.800000
116483284,83,11001000001011100000110101011100001101000000001010100111110101100011010011000110000,116461673,0,0.070000,0.700000
116483290,86,00110010000011111100000101010111000011010000000010001001111101011000011110110011100110,116486636,0,0.026667,0.400000
116483292,72,110100101100000010101011101001101000000001000011010111100011001010011101,116495379,0,0.028000,0.700000
116483295,88,0011001000001111110000010101011100001101000000001000100111110101100001111011001110011000,116500000,0,0.070000,0.700000
116483300,74,10101001100000010100011100001101000000001000011010111100011100001001100011,116471694,0,0.060000,0.600000
116483301,79,0011000010011000000101010111000011010000000010001011011010110101101001100111001,116498407,0,0.032000,0.800000
116483304,79,0111100000001101000010101011100001101000000001110010001101101000011010010010111,116471694,0,0.070000,0.700000
116483306,81,100010100000001001000010101011101001101000000001110010011111110100001110010010111,116468456,0,0.046667,0.700000
116483307,77,11001001010110000001000101110000110100000000100001001011111000110011000110010,116481609,0,0.033333,0.500000
116483310,79,0001011000101000000010101011100001101000000001100010010111110011100111011100010,116468456,0,0.053333,0.800000
116483311,81,011010001000110100001010101110000110101000000110001001111111010000111100000101110,116501524,0,0.046667,0.700000
116483318,75,101100100011000111010101110000110100000010100001001111101010100111000111001,116486639,0,0.040000,0.600000
116483320,70,1000111010000101010111000011010000000011000010101111000111010100111101,116495374,0,0.140000,0.700000
116483325,77,10101100100011000001010101110000110100000000110001001010111100110011100111001,116505123,0,0.140000,0.800000
116483327,78,101011101000110000001110101111000110100000000110011001111110100100110001110010,116505123,0,0.120000,0.600000
116483328,78,101011101000110000001110101111000110100000000110011001111110100100110001110010,116508494,0,0.070000,0.700000
116483330,79,0110101010001101000010001011100001101000100001100100111110011000111110010110111,116495374,0,0.120000,0.600000
116483332,81,100101000100110000001010101110000110100000000100010011011010111100101001100111001,116485001,0,0.080000,0.400000
116483333,77,01011000101000000010101011100001101001000001101010010111110000100111011100001,116481604,0,0.100000,1.000000
116483335,82,1100100000100110000001010101110000110100001000100010011011010110001101011100011001,116495376,0,0.100000,0.500000
116483338,80,01110100000001101000010101011100001101000000001110010011111110100001110010010011,116481604,0,0.100000,1.000000
116483339,86,01110111101000000100001010101110000110100000000110111101011010101100011101110001111100,116481604,0,0.100000,1.000000
116483342,83,01011010000000110100001010101110000110100000000110001001111111000000011100100101110,116495379,0,0.032000,0.800000
116483354,82,0101110100010001001000010101011000001101000000001000100111110000010011100110010110,116471689,0,0.140000,0.700000
116483359,80,01101000100010000001010101110000110100000000111000001101111010000111000001011101,116495379,0,0.032000,0.800000
116483367,81,001110100010001101000010101011100001101000000001100010011111110100001110010010111,116498416,0,0.080000,0.800000
116483368,81,010010011000100100001010101110000110100000000111001001111111010000111110100101110,116486640,0,0.040000,0.400000
116483369,81,011010011000110100001010101110000110100000000110001001111111010000111110000101110,116498416,0,0.080000,0.800000
116483370,77,11111011100000010101011100001101000000001000010110111100011100101001101011111,116498401,0,0.100000,1.000000
116483374,81,011010001000110100001010101110000110100000000110001001111111010000111100000111110,116506701,0,0.060000,0.600000
116483378,82,0111100010001101000010101011100001101000000001100010011111110100001110001001011101,116506696,0,0.066667,1.000000
116483379,81,001110100010001101000010101011100001101000000001100010011111110100001110010010111,116481607,0,0.066667,1.000000
116483384,81,011010001000110100001010101110000110100000000110001001111111010000011100000101110,116481607,0,0.066667,1.000000
116483386,81,001110100010001101000010101011100001101000000001100010011111110100001110010010111,116481607,0,0.066667,1.000000
116483387,82,0111100010001101000010101011100001101000000001100010011111110100001110001001011101,116486645,0,0.032000,0.800000
116483392,75,111101110000001010101110010110100100001100001111011110001110011100110011111,116498412,0,0.040000,0.500000
116483394,74,00011010111010001101010111000011010000000010000100101111001101011100110000,116506704,0,0.028000,0.700000
116483395,82,0100100110001001000010101011100001101000000001100010011111110100001111101001011101,116473636,0,0.053333,0.800000
116483396,77,01011001100110000001010101110100110100000000100001001011101000101110001110110,116481608,0,0.050000,1.000000
116483400,79,1101011100011000000101010111000011010000000011000000111111100011001100011001110,116505125,0,0.040000,1.000000
116483403,79,1101011100011000000101010111000011010000000011000000111111100011001100011001110,116495386,0,0.040000,0.600000
116483406,77,11110100101100000010101011100001101000000001000010010111000011100001011101011,116490318,0,0.080000,1.000000
116483407,73,1101011100000100010111100011010000000010000100101111100111001010110000110,116481610,0,0.050000,1.000000
116483414,84,010110000010001000000101010111000011110000000010001000111101011000111100110011010101,116498411,0,0.080000,0.700000
116483416,81,011010001000110100001010101110000110100000000110001001111111010000111100000101110,116505131,0,0.040000,0.800000
116483422,81,011010001000110100001010101110000110100000000110001001111111010000111100000101110,116505133,0,0.046667,0.700000
116483426,77,01011000101000000010101011100001101001000001101010010111110000100111011100001,116506697,0,0.053333,0.800000
116483430,80,01101000100011010000101010111000011010000000011000100111111010000111100100101110,116485002,0,0.066667,1.000000
116483433,75,111101110000001010101110000110100000000100010110111100011100101001101011111,116481611,0,0.066667,1.000000
116483435,75,001101011101000010101011100001101000000001000011010110100011101001001100111,116506697,0,0.066667,1.000000
116483436,82,1011010001000111100001010101110000110100000000110001001011111010000111100001011101,116506697,0,0.066667,1.000000
116483439,74,01111100101100000010101010100001100000000011001100101111100001001100001100,116481596,0,0.040000,0.600000
116483441,72,011010111010000101010111000011010000000010000110101010001110100100110011,116485004,0,0.066667,1.000000
116483451,76,1110100001100000010101011100001101000000001000011010111000011100001010100011,116471674,0,0.080000,0.800000
116483452,79,1101101101011000000101010111000011010000000011000000101111100011001101011100110,116465090,0,0.040000,0.800000
116483454,83,11001000001011100000110101011100001101000000001000100110110101100011011011000110010,116508506,0,0.070000,0.700000
116483457,85,1110010000010111000001101010111000011010000000010001001111111011000110100110001100101,116470083,0,0.070000,0.700000
116483458,83,11001000001011100000110101011100001101000000001000100110110101100011011011000110010,116494069,0,0.046667,0.700000
116483459,80,01111000100011010000101010111000011010000100011100100111011010000110100100101111,116470083,0,0.070000,0.700000
116483460,83,11001000001011100000110101011100001101000000001000100110110101100011011011000110010,116494069,0,0.046667,0.700000
116483469,76,0110100001100000010101011100001101000000001000011010111100011100001001100011,116498413,0,0.040000,0.400000
116483476,82,0011010001000110100001010101110000110100000000110101001111111010000111000001011101,116476971,0,0.100000,1.000000
116483477,81,011010101000110100001010101110000110100000000110001001110111010000111101000101110,116486644,0,0.060000,0.800000
116483480,80,01111010001001110000001010101110000010110000000110011101010111001110011111111101,116481614,0,0.100000,1.000000
116483481,81,011010001000110100001010101110000110100000000110001001111111010000111000000101110,116486634,0,0.032000,0.800000
116483485,81,011010101000110100001010101110000110100000000110001001110111010000111101000101110,116475175,0,0.200000,1.000000
116483487,75,101010111000000101010111000011010000000010000101101110001110010100110001111,116468449,0,0.140000,0.700000
116483489,78,111001001010110000001010101110000110100000000110001010111110001100110001110010,116492269,0,0.046667,0.700000
116483491,77,01001001100010100000101010111000011010000000001000100110111010000111101011011,116471684,0,0.046667,0.700000
116483492,70,0100011000000101010111000011010000000010000110101101100110010000110001,116468449,0,0.140000,0.700000
116483496,74,11010000110000001010101110000110100000000100001100011100001110000101110011,116471685,0,0.066667,1.000000
116483498,75,101010111000000101010111000011010000000010000101101110001110010100110001111,116471684,0,0.053333,0.800000
116483500,78,001011000101010000010101011100001101000000001100010010110110011100110011100010,116492269,0,0.046667,0.700000
116483502,77,10101100100011000001010101110000110100000000110001001010111100110011100111001,116466868,0,0.200000,1.000000
116483503,77,11010001000100100001010101110100110100000000100001001011111000110111000110001,116481615,0,0.040000,0.800000
116483506,82,0000101010001101000010101011100001101000100001100100111110101000111110010010111110,116481611,0,0.053333,0.800000
116483508,79,0100100110001001000010101011100001101000000001100110011011110100001111010010111,116500008,0,0.160000,0.800000
116483511,72,010100110000001010101100011101000000001000011010111101011100001001101011,116503236,0,0.040000,0.400000
116483520,77,01001001100010010000101010111000011010000000110011001111111010000111101001011,116485013,0,0.053333,0.800000
116483524,82,1101110100010001001000010101011100001101000000001000100111011000000011100100000111,116508504,0,0.050000,1.000000
116483527,73,0111101110100001010101111000110100000000100001100110100011100001001000110,116490322,0,0.040000,0.800000
116483528,73,0111101110100001010101111000110100000000100001100110100011100001001000110,116492269,0,0.040000,0.600000
116483531,80,01101000100001010000101010111000011010000000011001001011111000000111100100101110,116481617,0,0.100000,1.000000
116483533,79,1010110010000100000010101011100001101000000001000010010101110001100111011110011,116481617,0,0.100000,1.000000
116483562,75,101010011000000101010111000011010000100010000110101111000111000010011000111,116486642,0,0.140000,0.700000
116483633,81,101111000100001010000101010111000011010000000011100100111011010000110100000101111,116508505,0,0.066667,1.000000
116483634,80,11101100101011000000101010101000011010000000011000000101111100011001101011100110,116468456,0,0.046667,0.700000
116483635,81,011010001000110100001010101110000110100000000110001001111111010000111100000101110,116490313,0,0.040000,0.600000
116483636,83,11001000001011100000110101011100001101000000001000100111110101100011010011000110010,116490313,0,0.040000,0.600000
116483649,81,101111000100011000001010101111000110100000000111000001111111010100111000001111101,116495384,0,0.053333,0.800000
116483655,74,11101000011000000101010111000011010000000010000110101110000111000001110001,116486647,0,0.066667,1.000000
116483662,71,11110111000000101010111000011010000000010000101101100011100101001100011,116500012,0,0.080000,0.800000
116483666,75,101100110011000100101010111000011010000001010000100101110100010111000111011,116465087,0,0.060000,0.600000
116483669,77,11110100001100000010101011100001101000000001000011010111000011100001011100011,116465087,0,0.080000,0.800000
116483682,83,10111100010001101000010101011100001101000000001100010011111110100000111001001011101,116484996,0,0.160000,0.800000
116483688,75,110100001100000000101011100001101000000001000011010111100011100001001100011,116492280,0,0.053333,0.800000
116483690,81,011010001000110100001010101110000110100000000110001001111111010000111000001011101,116501531,0,0.060000,0.600000
116483692,75,111101001100000010101011100001111000000001000011010111000011100011001100011,116496907,0,0.050000,0.800000
116483695,83,01011010001000010100001010101110000111100000000110001001111111100100111000100101110,116506695,0,0.160000,0.800000
116483701,70,1010111010000111010111000011010000000011000010101111010110010100111111,116485004,0,0.053333,0.800000
116483703,76,0011010111010000101010111000011010100000010000110101101000111010010011001111,116475188,0,0.046667,0.700000
116483728,73,1110011100000010101011100001101000000001000110110111000111001010011000111,116485002,0,0.066667,1.000000
116483729,80,01111011001011111000001010101100000110100000000100011001011111000110011100111001,116485016,0,0.140000,0.700000
116483739,80,01111010001001110000001010101110000110100000000110011001011111001010011111111001,116498409,0,0.200000,1.000000
116483751,74,00111010111010001101010111000011010000000010100100111011101111011100110100,116501516,0,0.070000,0.700000
116483752,77,01001001100010100000101010111000011010000000001000100110111010000111101011011,116492270,0,0.050000,0.500000
116483755,81,011010001000110100001010101110000110101000000110001001111111010000111100000101110,116492270,0,0.050000,0.500000
116483761,83,10111100010001101000010101011100001101000000001100010011111110100000111001001011101,116486640,0,0.040000,0.400000
116483770,75,101110011000000101010111000011010000000010000101101110001110010100110001111,116465105,0,0.080000,0.800000
116483775,76,1110100001100000010101011100001101000000001000011010111000011100001001100011,116483539,0,0.080000,0.800000
116483777,70,1000111010000101010111000011010000000011000010101111000110011100111101,116486634,0,0.066667,0.800000
116483785,77,11011001000110000001010101110000100100000000100001000011101001100101000111101,116475183,0,0.046667,0.700000
116483790,82,0100100110001001000010101011100001101000000001100010011110110100001111101001011100,116495380,0,0.053333,0.800000
116483796,73,1111011100000010101011100001101000000001000010110111000111001010011000111,116475183,0,0.053333,0.800000
116483797,83,11001000001011100000110101011100001101000000001000100111110101100011010011000110010,116475183,0,0.046667,0.700000
116483798,77,11010001000100100001010101110000110100010000100001001011111000110111000111001,116496901,0,0.140000,0.700000
116483799,74,11111011100000010101011100001101000000001000010110111100011100110011010111,116496901,0,0.160000,0.800000
116483800,72,010100101100000010101011101001101000000001000011010111100011001010011101,116496901,0,0.140000,0.700000
116483801,76,0111110010110000011010101010000110000000000110011001011111000010011100011001,116486630,0,0.060000,0.600000
116483805,85,0011011000011111110000010101011100001101000000001000100111101011000011010110011100111,116490314,0,0.066667,1.000000
116483806,85,0011010111010110100001010101110000110100000000110001001111111010000111100100111110111,116499999,0,0.032000,0.800000
116483809,84,111001000001011100000110101011100011101000000001000100111111101100011010011000110010,116473635,0,0.040000,0.600000
116483816,83,01011010000000110100001010101110000110100000000110001001101111000000011100100101110,116485000,0,0.100000,1.000000
116483818,81,011010001000110100001010101110000110101000000110001001111111010000111100000101110,116488552,0,0.120000,0.600000
116483819,74,00011010111010001111010111000011010001000010000100101111001101011100110000,116508490,0,0.120000,0.600000
116483831,79,1100100101011000000101010111000011010000000011000110101111100011000100011100100,116470086,0,0.032000,0.700000
116483847,76,1010110010000100000101010111000011010000000011000100101011100011001110111001,116508507,0,0.200000,1.000000
116483849,81,010010011000100100001010101110000110100000000111001001111111010000111110100101110,116492268,0,0.200000,1.000000
116483853,83,01011010000000110100001010101110000110100000000110001001111111000000011100100101110,116481617,0,0.060000,1.000000
116483855,83,01011010000000110100001010101110000110100000000110001001111111000000011100100101110,116503229,0,0.080000,0.400000
116483859,73,0111101110100001010101111000110100000000100001100110100011100001001000110,116463286,0,0.040000,0.400000
116483860,75,011101001100000010101011100001101000000001000011010111101011100001001101011,116486650,0,0.070000,0.700000
116483874,82,0111100010001101000010111011100001101000000001100010011111110100001111001001011101,116496904,0,0.046667,0.700000
116483875,83,00011010001000110100001010101110000110100000000110001001111111010000111100100101110,116486651,0,0.045788,1.000000
116483883,80,01101000100011010000101010111000011110000000011001001111111000000111000100001110,116490317,0,0.053333,0.700000
116483892,74,10101001100000010001011100001101000000001000011010111100011100001001100011,116480041,0,0.040000,0.600000
116483893,76,1110100001100000010101011100001101000000000000011010111000111100001011100011,116480041,0,0.040000,0.600000
116483894,81,011110010011100010000010101011100001101000000000100110010111110001100111111110010,116480041,0,0.040000,0.600000
116483895,80,01110100010001101000010101011100001111000000001110010011111110100001110010010111,116503244,0,0.080000,0.800000
116483897,82,1010000101001100000101010111000011010000000010001001111101011000111100110011110101,116486651,0,0.045788,1.000000
116483905,86,00110010001011111100000101010111000011010000000010001001111101011000011110110011100110,116490324,0,0.030000,0.600000
116483911,81,011010001000110100001010101110000110100000000110001001111111010000111100000101110,116471682,0,0.060000,0.600000
116483925,82,0110100011001101000110101011100001101000000001110010011111111100001100000010111010,116506695,0,0.160000,0.800000
116483929,88,0011001000001111110000010111011100101101000000001000100111110101101001110011001110011010,116471687,0,0.040000,0.600000
116483932,74,10101001100000010101011100001101000000001000011010111101011100001001100111,116466864,0,0.080000,0.800000
116483933,88,0011001000001111110000010101011100001101000000001000100111110101100001111011001110011000,116501521,0,0.200000,0.600000
116483934,79,1001001100010010000101010111000011010000000011100100111111101000011111010001110,116508490,0,0.160000,0.800000
116483936,86,00110000000011111100000101010111000011010000000010001001111101011000011110110011100110,116486628,0,0.060000,0.600000
116483945,83,11001000001011110000110101011100001101000000001000100110110101100011011011000110010,116496910,0,0.160000,0.800000
116483947,80,10110101000001101000010101011100001001000100001100100111110011000111110010110111,116486648,0,0.060000,0.600000
116483952,82,0100100110001001000010101011100001101000000001100010011110110100001111101001011100,116492271,0,0.046667,0.700000
116483953,79,1010110010000100000010101011100001101000000001000010010101110001100111010110011,116461656,0,0.053333,0.800000
116483956,86,00110010000011111000000101010111000011010000000010001001111101011000011110110011100110,116465102,0,0.100000,1.000000
116483958,74,10101001100000010101011100001101000000001000011010111100011100001001100011,116498410,0,0.060000,0.600000
116483962,74,10101001100000010101011100001101000000001000011010111101011100001001101011,116499997,0,0.053333,0.800000
116483963,76,1110110001100000010101111100001101000000001000011010111000011100001011100011,116486642,0,0.140000,0.700000
116483966,76,1011010111000001010101111000110100000000100001001011101001110010101100001100,116496912,0,0.040000,0.400000
116483970,81,011010101000110100001010101110000110100000100110001001110111010000111101000101110,116506708,0,0.032000,0.700000
116483971,75,101010011000000101010111000011010000000010000110101111000011000010011000111,116465105,0,0.080000,0.800000
116483975,80,01111010001001110000001010101110000110100000000110011001011111001010011111111001,116508508,0,0.020000,0.700000
116483983,74,00011010111010001111010111000011010001000010000100101111001101011100110000,116473643,0,0.060000,0.600000
116483990,81,101111000001000110000001010101110000110100000000110011001011111001110011111111001,116503231,0,0.032000,0.800000
116483993,82,1011010001000110100001010101110000110100000000110001001111110010000111100100101110,116492288,0,0.049116,1.000000
116483995,83,11001000001011100000110101011100001101000000001000100110110101100011011011000110010,116478435,0,0.026667,0.400000
116483997,83,11001000001011100000110101011100001101000000001000100110110101100011011011000110010,116478438,0,0.080000,0.800000
116483998,70,0101011000000101010111000011010000000010000110101101000110010000100001,116481609,0,0.040000,0.600000
116484009,70,0101011000000101010111000011010000000010000110101101000110010000100001,116486632,0,0.020000,0.800000
116484012,82,1011010001000110100001010101110000110100000000110001001111110010000111100100101110,116480036,0,0.053333,0.800000
116484013,70,0101011000000101010111000011010000000010000110101101000110010000100001,116498406,0,0.080000,0.800000
116484021,76,0110110010001100000010100010100001101000100001101010010110100010011100011100,116488546,0,0.040000,0.600000
116484023,81,100010100000001001000010101011101001101000000001110010011111110100001110010010111,116488546,0,0.046667,0.700000
116484025,79,0110100010001101000010101011100001101000000001100010011111110100011100010010111,116461655,0,0.100000,1.000000
116484027,77,10011011111010000101010111000011011000000010000110101101000110010010011001111,116498406,0,0.070000,0.700000
116484033,76,1010110010000100000101010111000011010000000011000100101011100011001110111001,116461655,0,0.100000,1.000000
116484036,81,011101000100111010000101010110000011010000000011100100111111101001011100100101111,116485007,0,0.160000,0.800000
116484038,72,110100101100000010101011101001101000000001000011010111100011001010011101,116503228,0,0.070000,0.700000
116484041,75,101010011000000101010111000011010000000010000110101111000111000011111000111,116498419,0,0.100000,1.000000
116484048,75,111101110000001010101010000010100000000100001011011100001100011100100001111,116473639,0,0.140000,0.700000
116484051,76,1111101110000001010101110000110100000000100001011011110001110010100110011111,116476984,0,0.050000,0.500000
116484052,75,101110111000000101010111000011010100000010000101101110001110010100110001111,116478445,0,0.046667,0.700000
116484053,75,101110110110000001010101110000110100000000100101101001111001100100110110001,116492290,0,0.080000,0.800000
116484061,82,1100100000100110000001010101110000111100001000100010011001010110001101011100011001,116480042,0,0.046667,0.700000
116484063,78,010010001010000000101010111001001010000000011000110101111100011000110111100100,116470078,0,0.040000,0.600000
116484075,82,1101110100010001001000010101011100001101000010001000100111011000000011110100000111,116498404,0,0.070000,0.700000
116484083,83,11001000001011100000110101011100001101000000001000100110110101100011011011000110010,116475188,0,0.046667,0.700000
116484091,79,1001001100010010000101010111000011010000000011100100111111101000011111010001110,116505133,0,0.046667,0.700000
116484095,85,0011001000001111110000010101011100001101000000001000100101101011000011010110011100111,116476985,0,0.080000,0.800000
116484098,82,0110100010101101000010101011100001101000000001100110011111110100001111000001001100,116495379,0,0.032000,0.800000
116484112,78,001111100101100000010101011100001101000000001100110011111110000100110000110010,116483548,0,0.060000,0.600000
116484124,78,110111010001100000010101011100001101000000001100010101111111001000111101110010,116503247,0,0.066667,1.000000
116484146,78,011111001011000000101010111000011010000000010001100101111100001001100001100100,116480043,0,0.100000,1.000000
116484147,79,0100100110001001000010100011100011101000000001000100111111101000011111010010111,116465102,0,0.070000,0.700000
116484151,84,010110000010001000000101010111000011110000000010001000111101011000111100110011010101,116508498,0,0.050000,0.500000
116484155,77,10101100100011000001010101110000110100000000110001001010111100110011100111001,116503230,0,0.200000,1.000000
116484160,76,1010110010000100000101010111000011110000000011000100101011100011001110111001,116496902,0,0.140000,0.700000
116484161,86,00110010000011111100000101010111000011011000000010101001111101011000011101100111001100,116496902,0,0.140000,0.700000
116484165,74,10101001100000010101011110001101000000001000011010111101011100001001101011,116496904,0,0.046667,0.700000
116484167,75,010110010000100000101010111000011010000000011000100101011100011001110111001,116498415,0,0.022857,0.800000
116484173,83,11001000001011100000110101011100001101000000001000100110110101100011011011000110010,116496905,0,0.040000,0.800000
116484177,76,1111101110000001010101110000110100000000100001010011110001110011100110001111,116468454,0,0.040000,0.600000
116484178,79,1101011100011000000101010111000011010000010011000000111111100011001100011000111,116470092,0,0.040000,0.600000
116484179,76,1111101110000001010101110000110100000000100001010011110001110011100110001111,116505128,0,0.066667,1.000000
116484181,78,111010010101100000010101011100001101000000001100010010111110001100100011101100,116483540,0,0.040000,0.800000
116484185,78,110111010001100000010101011100001101000000001100010101111110001000111101110010,116488557,0,0.040000,0.600000
116484187,75,101110110110000001010101110000110100000000100101101001111001100100110110001,116501530,0,0.060000,0.600000
116484188,70,1010111010000101010111000010010000000011000010101111000100011100111101,116466865,0,0.050000,1.000000
116484192,76,0001101011101000110101011100000101000000001010010010111110111101110011010011,116488554,0,0.060000,0.600000
116484197,79,0110100010001101000010101011100001101010000011000100111111101000011110000010111,116508496,0,0.070000,0.700000
116484198,78,110101100100001000000101010111000011010000000011000100101010000110011100111001,116480043,0,0.100000,1.000000
116484200,78,010110010001000000110101011100001101000000001100000101111000011001111111010100,116480043,0,0.080000,0.800000
116484202,84,111001000001011100000110101011100011101000000001000100111111101100011010011000110010,116488552,0,0.120000,0.600000
116484209,77,01001001100010100000101010111000011010000000001000100110111010000111101011011,116485002,0,0.053333,0.800000
116484221,81,101111000100011000001010101110000110100000000111000001111111010100111000001111101,116485013,0,0.066667,1.000000
116484223,79,1101011100011000000101010111000011010000010011000000111111100011001100011000111,116486644,0,0.070000,0.700000
116484224,77,01011000101000000010111011100001101001000001101010010111110001100111011100001,116481614,0,0.060000,0.500000
116484227,79,1101100101011000000101010111000011010000000011000000101111100011101101011100110,116485003,0,0.030000,0.600000
116484231,77,10010010101100000010101011100001010000100011000110101111100011000100011100100,116476982,0,0.050000,0.500000
116484232,70,1010111010000111010111000011010000000011000010101111010110010100111111,116488556,0,0.024000,0.600000
116484235,74,10101001100000010101011100001101000000001000011010111101011100001001100011,116480038,0,0.040000,0.600000
116484236,75,101110111000000101010111000011010000000010000101101110001110010100110001111,116483539,0,0.080000,0.800000
116484245,79,1101011101100100001010101100001110100000000101001100011100010110010100110101100,116468459,0,0.066667,1.000000
116484247,77,01111100101100000010101011100001101000000001100110010111110000100110000110010,116492271,0,0.046667,0.700000
116484250,76,0111101110000001010101010000010100000000100001011011100001110011100100001111,116500006,0,0.140000,0.700000
116484257,83,11001000001011100000110101011100001101000000001000100110110101100011011011000110010,116468463,0,0.070000,0.700000
116484258,83,01101000110011010001101010111000011010000000011100100111111111000011000000101110101,116471700,0,0.040000,0.800000
116484260,83,00011010101000110100001010101110000110100000000110001001111111010000111100100101110,116476973,0,0.040000,0.600000
116484262,82,1101110100010001001000010101011100001101000000001000100111011000000011100100100111,116483539,0,0.080000,0.800000
116484263,74,10101001100000010101011100001101000000001000011010111100011100001111100011,116470081,0,0.100000,1.000000
116484266,82,1101110100010001001000010101011100001101000010001000100111011000000011110100000111,116483540,0,0.035000,0.700000
116484268,79,1101100101011000000101010111000011010000000011000000101111100011001101011100110,116470081,0,0.100000,1.000000
116484269,72,101011100000101010111100011010000000010000100101111001110010101100001100,116466864,0,0.070000,0.700000
116484271,86,00110010010011111100100101010111000011010000000010001001111101011000011110110011100110,116496914,0,0.060000,0.700000
116484272,83,00110100110101101000010101011100001101000000001100010011111110100001111001001011101,116470083,0,0.100000,1.000000
116484274,74,11010011000001010101111000110100000000100001001011111001110000101000001100,116498413,0,0.040000,0.400000
116484276,81,011010001000110100001010101110000110100000000110001001111111010000111000001011101,116470084,0,0.200000,1.000000
116484279,75,101100110011000000101010111000011010000001010000100101110100010111000111011,116490325,0,0.046667,0.700000
116484280,79,0110100010001101000010101011100001100000000011000100111111101000011100000010111,116478450,0,0.016000,0.400000
116484282,80,11100100101011000000101010111000011010000000011000100101111100011000100011100100,116478442,0,0.050000,0.800000
116484285,79,0111100000001101000010101011100001111000000001110010011101101000011010010010111,116485010,0,0.053333,0.800000
116484288,83,01011010000000110100001010101110000110100000000110001001111111000000011100100101110,116490333,0,0.140000,0.700000
116484290,73,1011001100110000001010101110000110100000010100001001011101000101110001101,116490333,0,0.120000,0.600000
116484291,81,011110100010001100000010101011100001101000000001100110010111110011100111111110011,116503238,0,0.046667,0.700000
116484292,73,1010000110000001010101110000110100000000100001001011110011100001001100011,116476972,0,0.040000,1.000000
116484293,80,10101100100001000000101010111000001010000000011000100101011100010001110011100110,116488558,0,0.040000,0.400000
116484318,81,011010001000110100001010101110000110100000000110001001111111010000111100000101110,116476974,0,0.020000,0.400000
116484330,74,11010011000001010101111000110100000000100001001011111001010010101100001100,116496907,0,0.080000,0.800000
116484331,74,10101001100000010101011100001101001000001000011010111101011100001001100001,116480037,0,0.080000,0.800000
116484334,77,10101100100011000001010101110000110100000000110001001010111100110011100111001,116492268,0,0.200000,1.000000
116484338,76,0111110010110000001010101010000110000000000110011001011111000010011000011001,116486641,0,0.017143,0.600000
116484342,72,010100101100000010101011101001101000010001000011010111100011001010011101,116500012,0,0.060000,0.600000
116484346,81,001101010100011000001010101110000110100000000111000001111111010100111000001011101,116490326,0,0.053333,0.800000
116484351,72,010100100000001010101110000110100000000100001101011110101100001001100011,116480047,0,0.032000,0.800000
116484352,80,11100100101011000000101010111000011010000000011000100101111100011010100011100100,116480043,0,0.100000,1.000000
116484356,78,011011001000110000101010101110000110110000000110101001011101000000111000111001,116490318,0,0.046667,0.700000
116484366,74,00111010111010001101010111000011010000000010100100111011101111011100110100,116498420,0,0.035000,0.700000
116484374,74,10101001100000010101111100001101000000001000011010111100011001010011000101,116475175,0,0.200000,1.000000
116484375,75,110101001100000010101011100001101000000001000011010111100011100001001100011,116488550,0,0.040000,0.800000
116484376,82,0011010001000110100001010101110000110100000000110001001111111010000111100100101110,116475175,0,0.200000,1.000000
116484378,82,0111100010001101000010101011100001101000000001100010011111110100001111001001011101,116498415,0,0.022857,0.800000
116484379,77,11010001000100100001010101110000110100010000100001001011111000110111000111001,116466865,0,0.035000,0.700000
116484383,79,1011011001000110000001010101010000110100000000110101001011100000100111000111001,116485004,0,0.053333,0.800000
116484384,75,101010011000000101010111000011010000000010000110101111000111000011111000111,116471682,0,0.060000,0.600000
116484387,76,1111101110000001010101110000110100000000100001010011110001110011100110001111,116498414,0,0.032680,1.000000
116484389,74,10101001100000010101011100001101000000001000011010111100011100001001100011,116496910,0,0.200000,1.000000
116484394,83,01011010001000110100001010101110000110110000000110001001111111010000111100100101110,116475187,0,0.033333,1.000000
116484396,79,1110100101011000000101010111000011010000000011000100101110100011000100011101100,116490313,0,0.040000,0.600000
116484402,74,11101000011000000101010111000011010000000010000110101110000111000001110001,116476976,0,0.040000,0.800000
116484404,80,01101000100011010000101010111000011010000000011000100111111010000111100100101110,116481607,0,0.040000,1.000000
116484405,81,011010001000110100001010101110000110100000000110001001111111010000111100000101110,116483549,0,0.200000,1.000000
116484406,82,0111100010001101000010101011100001101000000001100010011111110100001111001001011101,116470079,0,0.066667,1.000000
116484407,75,001101011101000010101011100001101010000001000011010110100011101001001100111,116476973,0,0.066667,1.000000
116484409,74,10101001100100010101011100001101000000001000011010111100011100001101100011,116485013,0,0.053333,0.800000
116484414,81,101111000100001010000101010111000011010000000011100100111011010000110100000101111,116488546,0,0.053333,0.800000
116484418,77,01001001100010100000101010111000011010000000001000100110111010000111101011011,116495378,0,0.046667,0.700000
116484430,81,110010000010111000001101010111000011010000000010001001111101011000110100110001101,116501513,0,0.040000,0.600000
116484431,86,01111111101000000100001010101110000110100000000110111101011010101100011001110001111100,116476984,0,0.100000,1.000000
116484432,77,11110100001100000010101011100001101000000001000011010111000011100001011100011,116476984,0,0.100000,1.000000
116484433,77,01111101110000001010101110000110100000001100001011011110001110010100110101111,116500007,0,0.033333,0.500000
116484435,75,101110111000000101010111000011010000000010000111101110001110010100111001111,116476984,0,0.050000,0.500000
116484436,75,101110111000000101010111000011010000000010000111101110001110010100111001111,116476984,0,0.100000,1.000000
116484437,79,1010110010000100000010101011100001101000000001000010010101110001100111011110011,116476984,0,0.100000,1.000000
116484441,80,01111011001011111000001010101100000110100000000100011001011111000110011100111001,116498416,0,0.070000,0.700000
116484443,79,1101000110011010000101010111000011010000000011000100111111010000111000000101110,116466868,0,0.200000,1.000000
116484444,82,0110100010101101000010101011100001101000000001100110011111110100001111000001011100,116466868,0,0.200000,1.000000
116484446,73,1101011100000101010111100011010000000010000100101111100111001010110000110,116476987,0,0.100000,1.000000
116484450,79,0100100110001001000010101011100001101000000001100110011111110100001111010010111,116508500,0,0.200000,1.000000
116484453,82,0110101010001001000010101011100001101000100001101010011111010100011011001001011101,116499998,0,0.080000,0.800000
116484456,80,01111011001101111000001010101100100100100000000100011001011111000110011100110001,116486632,0,0.015000,0.600000
116484463,79,0010110001010000000101010111000011010000000011000100101111100111001100111000101,116486632,0,0.020000,0.800000
116484468,82,0111100010001101000010111011100001101000000001100010011111110100001111001001011101,116480041,0,0.040000,0.600000
116484471,79,0111100000001101000010101011100001101000000001110010001101101000011010010010111,116483541,0,0.053333,0.800000
116484473,81,101110100010101001000010101011000001101000000001010100111110000010011100110010110,116508495,0,0.100000,0.600000
116484475,72,110100101100000010101011101001101000000001000011010111100011001010011101,116501534,0,0.100000,0.500000
116484476,77,01001001100010100000101010111000011010000000001000100110111010000111101011011,116488545,0,0.080000,0.800000
116484478,79,0011000010011000000101010111000011010000000010001011011010110101101000100110001,116490326,0,0.053333,0.800000
116484479,79,0111100000001101000010101011100001101000000001110010111101101000011010010010111,116498401,0,0.100000,1.000000
116484481,80,01101000100011010000101010111000011010000000011001001111111000000111100100001110,116500009,0,0.066667,1.000000
116484487,82,1001000001001100000110101011100001101000000101000100110111101001011010011001110011,116478448,0,0.040000,1.000000
116484489,82,0011010001000110100001010101110000110100000000110001001111111010000111100100101110,116483545,0,0.100000,1.000000
116484491,75,111101110000001010101010000010100000000100001011011100001110011100100001111,116478448,0,0.040000,1.000000
116484492,83,01111000100011010000101010111000011010000000011000100111111101000011110010010111010,116461656,0,0.053333,0.800000
116484493,83,01111000100011010000101010111000011010000000011000100111111101000011110010010111010,116505134,0,0.060000,0.600000
116484494,76,1011110010110000001010101110000110100000001100110010111110000100110000110010,116461656,0,0.046667,0.700000
116484496,86,01110111101000000100001010101110000110100000000110111101011010101100011001110001110100,116461656,0,0.053333,0.800000
116484501,82,1111000001000100000101010111000010010000000010001001111101011001111100110011110101,116476982,0,0.080000,0.800000
116484503,73,0101001100000011101011100001101000000001000011010111101011100001001101011,116490332,0,0.080000,0.800000
116484504,77,01011001000100000011010101110000110100000000110000010011100101100111111101010,116478450,0,0.040000,1.000000
116484513,82,1011110001000010100001010101110000110100000000111001001110110100001101000001011110,116495383,0,0.080000,0.800000
116484515,77,11001001010110000001000101110000110100000000100001001011110000110011000110010,116471687,0,0.040000,0.600000
116484516,80,01001001100010010001101010111000011010000000011001100110111101000011110100101110,116481610,0,0.040000,0.800000
116484519,76,1111011100000010101011100001101001000001000011110111100011100111001100111111,116475180,0,0.140000,0.700000
116484524,73,1111011100000010101011100001101000000001000010110111000111001010011000111,116484996,0,0.160000,0.800000
116484525,86,00110010000011111000000101010111000011010000000010001101111101011000011110110011100110,116463291,0,0.080000,0.700000
116484542,75,111101001100000010101011100001111000000001000011010111000011100011001100011,116480037,0,0.100000,1.000000
116484543,72,110100101100000010101011101001101000000001000011010111100011001010011101,116480037,0,0.100000,1.000000
116484546,81,011010001000110100001010101110000110100000000110001001111111010000111000000101110,116480037,0,0.100000,1.000000
116484547,87,000110010010011111100100101010111000011010000000010001001111101011000011110110011100110,116480038,0,0.066667,1.000000
116484551,70,0101011000000101010111000011010000000010000110101101000110010000110001,116468454,0,0.040000,0.600000
116484552,87,011101111010000001000010101111100001101000000001101111010110101001000110011100011111000,116492270,0,0.060000,0.600000
116484553,81,011010001000110100001010101110000110100000000110001001111111010000111000000101110,116468454,0,0.040000,0.600000
116484556,71,11110111000000101010101000011010000000010000101101100011100101001100011,116480038,0,0.066667,1.000000
116484559,76,0011010111010000101010111000011010100000010000110101101000111010010011001111,116492285,0,0.053333,0.800000
116484560,76,0011010111010000101010111000011010100000010000110101101000111010010011001111,116492278,0,0.028000,0.700000
116484562,82,0011110100010001100000010101011100001101000000001100110010111110011100111111110011,116492285,0,0.066667,1.000000
116484564,75,110100001100000010101011100001101000000001000011010011100011100001001110011,116481609,0,0.040000,0.600000
116484566,79,1101000110011010000101010111000011010000000011000100111111010000111000000101110,116481609,0,0.040000,0.600000
116484567,86,00110010010011111100100101010111000011010000000010001001111101011000011110110011100110,116505125,0,0.032000,0.800000
116484569,82,0011110100010001100000010101011100001101000000001100110010111110011100111111110011,116496912,0,0.040000,0.400000
116484571,77,01011001000100000011010101110000110100000000110000010111100101100111111101010,116473639,0,0.160000,0.800000
116484572,82,0100010100000001101000010101011101001101000000101110010011111110100001110010010110,116481602,0,0.040000,0.600000
116484578,82,0111100010001101000010101011100001101000000011100010011111110100001111001001011101,116492278,0,0.028000,0.700000
116484580,80,11100100101011000001101010111000011010000000011000100101111100011000100011100100,116481609,0,0.040000,0.600000
116484587,78,010110010001100000110101011100001101000000001101000101111000011001111101010100,116480041,0,0.046667,0.700000
116484590,82,0011010001000110100001010101110100100100000000110001001111111010000111100100101110,116503240,0,0.040000,0.600000
116484591,75,101110111000000101010111000011010001000010000101101110001110010100110001111,116498411,0,0.140000,0.700000
116484593,82,0111000010001101000010101011100001101000000001100010011111110100001111001001011101,116480042,0,0.066667,1.000000
116484597,77,10101100100011000001010101110000110100000000110001001010111100110011100111001,116470092,0,0.046667,0.700000
116484601,79,1101000110011010000101010111000011010000000011000100111111010000111000000101110,116465102,0,0.100000,1.000000
116484604,75,110100001100000000101011100001101000000011000011010111100011100001001100011,116508496,0,0.070000,0.700000
116484605,81,011010001000110100001010101110000110100000000110001001111111010000111000000101110,116465102,0,0.100000,1.000000
116484606,81,011010001000110100001010101110000110100000000110001001111111010000111100000101110,116480043,0,0.100000,1.000000
116484607,79,0010111010101100100010101011100101101000000001100110010111010000110110001110011,116488545,0,0.070000,0.700000
116484609,81,011110001000110100001010101110000110100000000110001001111110010000111100000101110,116498416,0,0.080000,0.800000
116484610,74,10101001100000010001011100001101000000001000011010111100011100001001100011,116480045,0,0.066667,1.000000
116484616,82,1101110100010001001000010101011100001101000010001000100111011000000011110100000111,116503240,0,0.046667,0.700000
116484620,83,10110100010001101000010111011100001101000100001100010011111110100001111000001011101,116480042,0,0.046667,0.700000
116484629,75,010110010000100000101010111000011010000000011000100101011100011001110111001,116495373,0,0.053333,0.800000
116484631,81,010010011000100100001010101110000110100000000110001001111111010000111110100101110,116495385,0,0.160000,0.800000
116484632,75,101110011000000101010111000011010000000010000101101110001110010100110001111,116495385,0,0.160000,0.800000
116484633,80,01111011001001111000001010101100000110100000000100011001011111000110011100111001,116496903,0,0.017143,0.600000
116484635,75,101110011000000101010111000011010000000010000101101110001110010100110001111,116495385,0,0.160000,0.800000
116484639,81,010010011000100100001010101110000110100000000110001001111111010000111110100101110,116495385,0,0.160000,0.800000
116484640,78,010110010001000000110101011100011101000000001100000101111000011001111111010100,116480047,0,0.040000,1.000000
116484641,80,01111011001001111000001010101100000110100000000100011001011111000110011100111001,116495385,0,0.140000,0.700000
116484642,70,1010111010000111010111000011010000000011000010101111010110010100111111,116495385,0,0.140000,0.700000
116484660,82,0100100110001001000010101011100001101000000001100010011110110100001111101001011100,116481595,0,0.066667,1.000000
116484661,70,1010111010000101010111000010010000000011000010101111000100011100111101,116506704,0,0.028000,0.700000
116484663,80,11100100101011000000101010111000011010000100011000110101111100011000100011100100,116476972,0,0.080000,0.800000
116484664,82,0110101010001001000010101011100001101000100001101010011111010100001011001001011101,116478436,0,0.066667,0.800000
116484668,70,1010111010000101010111000010010000000011000010101111000100011100111101,116478436,0,0.035000,0.800000
116484672,70,1010111010000111010111000011011000000011000010101111010110010100111111,116494071,0,0.035000,0.700000
116484675,81,011010001000111100001011101110000111100000000110001001111111010000111100001011001,116505126,0,0.040000,0.600000
116484676,78,011110110010111110000010101011000001101000000001000110010111110011001110011100,116494071,0,0.040000,0.800000
116484677,77,01011001000100000011010101110000110100000000110000010111100101110111111101010,116481596,0,0.046667,0.700000
116484679,75,101010011000000101010111000011010000000010000110101111000111000010011000111,116470086,0,0.035000,0.700000
116484680,77,01001001100010010000101010111000010100000000110111001101111010000111101001011,116490323,0,0.033333,0.600000
116484681,82,0111100010001101000010111011100001101000000001100010011111110100001111001001011101,116501528,0,0.140000,0.800000
116484682,79,0100100110001001000011101011100001101000000001100110011011110100001111000010111,116503240,0,0.046667,0.700000
116484684,80,01001011101000110000001010101110000110100000000110011001011111000010011000011001,116481598,0,0.050000,1.000000
116484688,76,1110100101100000010101011100001101000000001000011010111000011100001011100011,116500002,0,0.040000,0.600000
116484694,82,0111100010001101000010101011100001101000000001100010011111110100001110001001011101,116485012,0,0.050000,1.000000
116484696,70,1010111010000101011111000011010000000011001010101111100110011101101100,116478442,0,0.040000,0.700000
116484698,81,101110100010101001000010101011000001101000000001010100111110000010011100110010110,116473635,0,0.046667,0.700000
116484701,70,1010111010000101011111000011010000000011001010101111100110011100101100,116481609,0,0.033333,0.500000
116484704,83,11001000001011100000110101011100001101000000001010100111110101100011010011000110000,116465087,0,0.070000,0.700000
116484705,81,101110100010101001000010101011000001101000000001010100111110000010011100110010110,116481609,0,0.033333,0.500000
116484708,83,11001000001011100000110101011100001101000000001010100111110101100011010011000110000,116486636,0,0.026667,0.400000
116484709,79,1101100101011000000101010111100011010000000011000000101111101011001101011100110,116481600,0,0.066667,1.000000
116484710,79,1110111010000110000010101011100001100000000011100010010101100001100111001110011,116471689,0,0.120000,0.600000
116484711,84,011001000001111110000101010111000011010000000010001001111101011000011110110011100110,116500009,0,0.000000,1.000000
116484713,82,1101110100010001001001010101011100001101000000001000100111011000000011100100000111,116468457,0,0.140000,0.700000
116484714,82,0111100010001101000010111011100001101000000001100010011111110100001111001001011101,116486636,0,0.026667,0.400000
116484718,78,001011000101000000010101011100001101010000001100010010101110011100110011100010,116468455,0,0.030000,0.700000
116484719,87,011101111010000001000010101111100001101000000001101111010110101011000110011100011111000,116478435,0,0.026667,0.400000
116484720,83,11001000001011100000110101011100001101000000001010100111110101100011010011000110000,116468456,0,0.046667,0.700000
116484722,81,011010001000110100001010101110000110100000000110001001111111010000111100000101110,116481602,0,0.066667,1.000000
116484723,82,0110101010001001000010101011100001101000100001101010011111010100011011001001011101,116468456,0,0.046667,0.700000
116484724,81,011010001000110100001010101110000110101000000110001001111111010000111100000101110,116468456,0,0.046667,0.700000
116484726,81,011010001000110100001010101110000110100000000110001001111111010000111100000101110,116481602,0,0.066667,1.000000
116484727,75,111101110000001010101110000110100000000100001011011110001110011100110101111,116505125,0,0.040000,1.000000
116484730,83,11001000001011100000110101011100001101000000001010100111110101100011010011000110000,116498416,0,0.070000,0.700000
116484731,77,11111011100000010101011100001101000000001000010110111100011100101001101011111,116498416,0,0.080000,0.800000
116484732,77,11111011100000010101011100001101000000001000010110111100011100101001101011111,116500010,0,0.080000,0.800000
116484733,77,10101100100011000001010101110000110100000000110001001010111100110011100111001,116488548,0,0.070000,0.700000
116484738,79,0111100000001101000010101011100001101000000001110010011101101000011010010011111,116498416,0,0.080000,0.800000
116484740,78,110110010001100000010101011100001101000000001000010101111010001000111101110010,116481606,0,0.100000,1.000000
116484741,82,1101110100010001101001010101011100001101000000001000100111011000000010100100000111,116478435,0,0.026667,0.400000
116484742,81,001110100010001101000010101011100001101000000001100010011111110100001110010010111,116486640,0,0.040000,0.400000
116484745,81,011010011000110100001010101110000110100000000110001001111111010000111110000101110,116481606,0,0.100000,1.000000
116484747,76,1010110010000100000101010111000011110000000011000100101011100011001110111001,116498416,0,0.070000,0.700000
116484748,81,011010001000110100001010101110000110110000000110001001111111010000111100000101110,116481607,0,0.066667,1.000000
116484749,78,010011001000110100001010101110000110100000001100010010111110011000111001110011,116498412,0,0.066667,0.600000
116484750,74,10101001100000010101011100001101000000001000011010111100011100001001100011,116481608,0,0.050000,1.000000
116484751,84,010110000010001000000101010111010011010010000010001000111111011000111100110011010101,116506694,0,0.046667,0.700000
116484752,80,01101000100010000001010101110000110100000000111000001111111010000111000001011101,116503241,0,0.053333,0.800000
116484753,87,100110010000011111100000101010111000011010000000010001001111101011000011110110011100110,116481608,0,0.050000,1.000000
116484754,77,11011001000110000001010101110000100100000000100001000011101001100101000111101,116481608,0,0.050000,1.000000
116484755,80,01110100010001101000010101011100001101000000001110010011111110100001110010010111,116503241,0,0.053333,0.800000
116484756,84,010110000010001000000101010111010011010010000010001000111111011000111100110011010101,116486645,0,0.024000,0.600000
116484758,81,011010001000110100001010101110000110100000000110001001111111010000111100000101110,116481608,0,0.050000,1.000000
116484759,73,1111011100000010101011100001101000000001000010110111000111001010011000111,116506696,0,0.066667,1.000000
116484760,80,01101000100010000001010101110000110100000000111000001111111010000111000001011101,116500014,0,0.026667,0.400000
116484761,84,010110000010001000000101010111010011010000000010001000111111011000111100110011010101,116506696,0,0.053333,0.800000
116484762,81,011010001000110100001010101110000110100000000110001001111111010000111100000101110,116485015,0,0.026667,0.400000
116484763,82,0110100011001101000110101011100011101000000001110010011111111100001100000010111010,116481608,0,0.050000,1.000000
116484764,74,10101001100000010101011100001101000000001000011010111100011100001001100011,116481608,0,0.050000,1.000000
116484765,80,01101000100010000011010101110000110100000000111000001111111010000111000001011101,116473636,0,0.028000,0.700000
116484766,80,11000010001101000010101011100011101000000001100010011111110100001110000001011100,116486645,0,0.028000,0.700000
116484767,81,010010011000000100001010101110000110100000000111001001111111010000111110100101110,116485015,0,0.026667,0.400000
116484769,83,11001000001011100000110101011100001101010000001000100110110101100011011011000110010,116503236,0,0.070000,0.700000
116484770,83,00011010001000110100001010101110000110100000000110001001111111010000111100100101110,116506697,0,0.066667,1.000000
116484772,81,011010001000110100001010101110000110100000000110001001111101010000111000000101111,116506697,0,0.066667,1.000000
116484773,83,11001000001011100000110101011100001101000000001000100111110101100011010011000110010,116484999,0,0.035000,0.700000
116484775,77,10101100100011100001010101110000110100000000110001001010111100110011100111001,116476982,0,0.100000,1.000000
116484777,79,1101011100011000000101010111000011010000000011000000111111100011001100011001110,116484999,0,0.040000,0.800000
116484778,81,100010100000001001000010101011101001101000000001110010011111110100001110010010111,116503246,0,0.070000,0.700000
116484780,83,11001000001011110000110101011100001101000000001000100110110101100011011011000110010,116503246,0,0.070000,0.700000
116484782,83,11001000001011100000110101011100001101000000001000100110110101100011011011000110010,116465090,0,0.035000,0.700000
116484785,75,101100110011000000101010111000011010000001010000100101110100010111000111111,116481606,0,0.070000,0.700000
116484786,78,110110010101100001010101011100001101000000001100010111111110001010111101110010,116481614,0,0.100000,1.000000
116484789,88,0011001000001111110000010111011100101101000000001000100111110101101001110011001110011010,116503253,0,0.046667,0.700000
116484795,76,1110100001100000010101011100001101000000001000011010111000111100001010100011,116490317,0,0.053333,0.800000
116484800,83,11101100010101110000001010101110000110100000000100110011111010110001111001100011001,116483545,0,0.100000,1.000000
116484801,79,0111100000001101000010101011100001101000000001110010011101101000011010010010111,116483545,0,0.100000,1.000000
116484802,74,11010011000001010101111000110100000000100001001011111001110010101000001100,116490334,0,0.046667,0.700000
116484805,85,0011001000001111110000010101011100001101000000001000100101101011000011010110011100111,116490314,0,0.066667,1.000000
116484809,81,011010001000110100001010101110000110100000000110001001111111010000111000001011101,116483545,0,0.100000,1.000000
116484814,78,010001001010110000001010101110000110100000001100010010101110001000111001110001,116488552,0,0.120000,0.600000
116484817,77,10010010101000000101010111000011010100000010000100101111100011001100111100100,116481611,0,0.053333,0.800000
116484820,80,01101000100010000001010101110000110100000000111000001101111010000111000001011101,116486629,0,0.080000,0.800000
116484821,74,10101001100000010101011100001101000000001000011010111100011100001001100011,116486629,0,0.080000,0.800000
116484823,78,110110010101100001010101011100001101000000001100010111111110001010111101110010,116486633,0,0.020000,0.500000
116484827,81,010010011000100100001010101110000110100000000111001001111111010000111110100101110,116483539,0,0.100000,1.000000
116484830,74,10101001100000011101011100001101000000001000011010111101011100001001101011,116486634,0,0.028000,0.700000
116484832,75,010101001100000010101011100001101000000001000011010111101011100001001101011,116495379,0,0.032000,0.800000
116484833,82,0110101010001001000010101011100001101000100001101010011111010100011011001001011101,116483548,0,0.050000,0.500000
116484835,77,01011001000100000011010101110000110100000000110000010111100101100111111101010,116488556,0,0.028000,0.700000
116484836,74,10101001100000010101011100001101000000001000011010111101011100001001100011,116490320,0,0.040000,1.000000
116484839,74,10101001100000010101011100001101000000001000011010111101011100001001101011,116470081,0,0.080000,0.800000
116484840,81,011010001000110100001010101110000110000000000110001001111111010000111101000101110,116490321,0,0.028000,0.700000
116484842,70,0100011000000101010111000011010000000010000110101101000110010000110001,116478441,0,0.046667,1.000000
116484844,72,101010011000000100101110000110100000000100001101011110001110000111110001,116486647,0,0.040000,0.600000
116484847,76,1111101110000001000101110000110100000000100001011011110001110010100110101111,116492285,0,0.053333,0.800000
116484849,81,011010101000110100001010101110000110100000100110001001110111010000111101000101110,116486647,0,0.053333,0.800000
116484850,75,010110010000100000101010111000011010000000011000100101011100011001110111001,116475187,0,0.020000,0.600000
116484851,75,111101110000001010101110000110100000000100001011011110001110011100110101111,116483541,0,0.053333,0.800000
116484855,78,010001001010110000001010101110000110100000001100010010101110001000111001110001,116490313,0,0.053333,0.500000
116484859,81,100101000100110000001010101110000110100000000100010011011010111100101001100111001,116481596,0,0.053333,0.800000
116484864,70,0101001100000010101011100001101000000001000011010111100010010110101001,116483543,0,0.100000,1.000000
116484865,82,0110100011001101000110101011000001101000000001110010011111111100001100000010111010,116484999,0,0.030000,0.600000
116484866,83,11001000001011100000110101011100001101000000001000100111110101100011010011000110010,116488542,0,0.070000,0.700000
116484867,77,11011001010110000001010101110000100100000000100001000011101001100101000111101,116483543,0,0.100000,1.000000
116484869,73,1101011100000101010111000011010000000010000100101111000111001000010000010,116483543,0,0.100000,1.000000
116484875,80,01111011001001111000011010101100000110110000000100011001011111000010011100111001,116496907,0,0.050000,0.600000
116484878,83,10110100010001101000010101011100001101000000001100010011111110100001111000001011111,116492270,0,0.060000,0.600000
116484888,78,001011101010110000001010101110000110100000000010011001011110000010011000111001,116471693,0,0.053333,0.800000
116484897,74,11010011000001110101111000110100000000100001001011111001110010101100001100,116486633,0,0.020000,0.500000
116484898,78,010110010001000000110101011100001101000000001100000101111000011001111111010100,116503244,0,0.080000,0.800000
116484899,77,10010010101000000101010111000011010100000010000100101111100011001100111100100,116468450,0,0.140000,0.700000
116484900,75,111110111000000110101110000110100000001100001011011110001110010100110101111,116468463,0,0.050000,0.500000
116484901,76,1110100001100000010101011100001101000000001000011010111000011100001010100011,116468450,0,0.160000,0.800000
116484907,81,011010001000110100001010101110000110100000000110001001111111010000111100000101110,116468450,0,0.160000,0.800000
116484915,79,1110110010001100000010101011100001101000000001000010010011010001001110011110010,116492286,0,0.070000,0.700000
116484918,79,1100100101011000000101010111000011010000100011000110101111100011000100011100100,116478450,0,0.016000,0.400000
116484923,70,0101011000000101010111000011010000000010000110101101000110010000100001,116492276,0,0.032000,0.800000
116484924,81,011010001000110100001010101110000110100000000110001001111111010000111100000101110,116480047,0,0.032000,0.800000
116484927,85,0011001000001111110000010101011100001101000000001000100111101011000011110110011100110,116490321,0,0.032000,0.800000
116484928,75,111010111000001010101111000110100000000100001001011111001110010101100001100,116490320,0,0.100000,0.800000
116484929,79,0011100000001101000010101011100001100000000001110010011101101000011010010010101,116492276,0,0.028000,0.700000
116484931,81,011010001000110100001010101110000110100000000110001001111111010000111100000101110,116496909,0,0.030000,0.600000
116484932,82,0011010001000110100001010101110000110100000000110101001111111010000111000001011101,116471700,0,0.050000,1.000000
116484933,74,00111010111010001101010111000011010000000010100100101111101111011000110100,116492276,0,0.028000,0.700000
116484934,88,0011001000001111110000010101011100001101000000001000100111110101100001111011001110011000,116490321,0,0.032000,0.800000
116484936,75,101110111000000101010111000011010000000010000101101110001110010100110001111,116480044,0,0.060000,0.600000
116484938,83,11001000001011100000110101011100001101000000001000100110110101100011011011000110010,116505123,0,0.120000,0.700000
116484939,75,101110111000000101010111000011010000000010000101101110001110010100110001111,116471700,0,0.050000,1.000000
116484940,81,010111010001000100110001011101110000110110000000100010011101100001001110010000011,116483549,0,0.200000,1.000000
116484943,75,111010111000001010101111000110100000000100001001011111001110010101100001100,116483549,0,0.200000,1.000000
116484944,81,011010001000110100001010101110000110100000000110001001111111010000111100000101110,116483549,0,0.200000,1.000000
116484945,81,010111010001000100110001011101110000110110000000100010011101100001001110010000011,116501533,0,0.026667,0.400000
116484946,75,001101011101000010101011100001101000000001000011010110100011101001001100111,116476973,0,0.040000,0.600000
116484957,77,11010001000110100001010101110000110100000000100001001011111000110111000110001,116498420,0,0.040000,0.800000
116484958,77,11011001000110000001010101110000100100000000100001000011101001100101000111101,116483551,0,0.070000,0.700000
116484960,81,110111010001000100100001011101110100110100000010100010011101100001001110010000011,116483550,0,0.030000,0.600000
116484961,79,0111100000001101000010101011100001101000000001110010011101101000011010010010111,116483550,0,0.040000,0.800000
116484962,77,11010001000110100001010101110000110100000000100001001011111000110111000111001,116498420,0,0.040000,0.800000
116484963,75,111101110000001010101110000111100000000100001010011110001110011100110001111,116498420,0,0.035000,0.700000
116484967,78,011011001000110000001010101110000110100000000110101001011101000100111000111001,116480045,0,0.066667,1.000000
116484968,78,010011001000110100001010101110000110100000001100010010011110011000111001110011,116494071,0,0.040000,0.800000
116484969,78,001111100010110010001010101110000110100000000110011001011111000011011000111001,116486646,0,0.060000,0.600000
116484970,76,0111101110000001010101010000010100000000100001011011100001110011100100001111,116494071,0,0.035000,0.700000
116484972,82,1010000101001100000111010111000011010000000010001001111101011000111100110011110101,116483551,0,0.100000,1.000000
116484973,83,01011010000000110100001010101110000110100000000110001001111111000000011100100101110,116486646,0,0.080000,0.700000
116484974,76,0111101110000001010101010000010100000000100001011011100001110011100100001111,116492273,0,0.040000,0.600000
116484975,80,01111010001001110000001010101110000110100000000110011001011111001010011111111001,116481598,0,0.040000,0.800000
116484977,79,0100100110001001000010101011100001101000000001100110011111110100001111010010111,116496914,0,0.080000,0.800000
116484978,81,010010011000000100001010101110000110100000000111001001111111010000111110100101110,116500013,0,0.100000,1.000000
116484981,74,10101001100000010101011100001101000000001000011010111100011100001001100011,116486646,0,0.070000,0.700000
116484983,72,101010011000000100101110000110100000000100001101011110001110000111110011,116483551,0,0.100000,1.000000
116484984,78,110110010101100000010101011100001101000000001100010111111110001010111101110010,116496914,0,0.080000,0.800000
116484987,79,0100100110001001000010101011100001101000000001100110011111110100001111010010111,116483541,0,0.053333,0.800000
116484992,75,001101011101000010101011100001101010000001000011010110100011101001001100111,116486634,0,0.028000,0.700000
116484994,81,010010011000000100001010101110000110100000000111001001111111010000111110100101110,116481610,0,0.050000,1.000000
116485081,75,111010111000001010101111000110100000000100001001011111001110010101100001100,116481614,0,0.060000,0.600000
116485116,77,11110100001100000010101011100001101000000001000011010111000011100001011100011,116496900,0,0.066667,1.000000
116485119,81,011010001000110100001010101110000110100000000110001001111111010000111000000101111,116492286,0,0.070000,0.700000
116485123,82,1101110100010001001000010101011100001101000010001000100111011000000011110100000111,116486629,0,0.070000,0.700000
116485124,79,0111100000001101000010101011100001101000000001110010011101101000011010010010111,116486629,0,0.080000,0.800000
116485127,78,011011001000110000101010101110000110110000000110101001011101000000111000111001,116471697,0,0.070000,0.500000
116485130,76,0001101011101000011101011100001101000000001000011010110100011101001001100111,116500012,0,0.070000,0.700000
116485133,84,101011010001001010100001010101110000111100000000110001001111111100100111000100101110,116468463,0,0.060000,0.600000
116485136,82,0110100010101101000010101011100001101000000001100110011111110100001111000001011100,116492288,0,0.049116,1.000000
116485154,76,1011011100000010101011000001100000000001000010100111100011100111001100011101,116498405,0,0.024000,0.600000
116485162,80,01110100010001101000010101011100001101000000001100010011111110100001110010010111,116498404,0,0.080000,0.800000
116485184,77,11001001010110000001000101110000110100000000110100001011111000110011000110010,116486644,0,0.060000,0.700000
116485185,75,111101110000001010101110000110100000000100001011011110001110011100110001111,116503243,0,0.120000,0.600000
116485187,79,0110110010001100000010101010100001101000000001101010010111000001001110001110011,116503243,0,0.120000,0.600000
116485188,73,1111011100000010101011100001101000010001100010110111000111001010011000111,116490313,0,0.053333,0.500000
116485207,86,01110111101000000100001010101110000110100000000110111101011010101100011101110001111100,116488560,0,0.160000,0.800000
116485211,79,1010110010000100000010101011100001101000000001000010010101110001100111001110011,116495376,0,0.120000,0.600000
116485213,79,0110100010001101000010101011100001101000000011000100111111101000011110000010111,116481604,0,0.080000,0.800000
116485223,74,10101001100100010101011100001101000000001000011010111100011100001111100011,116463286,0,0.040000,0.400000
116485228,81,011010001000110100001010101110000110100000000110001001111111010000111100000101110,116492271,0,0.046667,0.700000
116485231,73,0110101110100001010101110000110100000000000011010100100011101001001100111,116473636,0,0.028000,0.700000
116485233,77,11001001010110000001000101110000110100000000110100001011111000110011000110010,116468456,0,0.046667,0.700000
116485247,79,0111100000001101000010101011100001101000000001110010011101101000011010010010111,116492273,0,0.053333,0.800000
116485248,77,11010001000110100001010101110000110100000000100001001011111000110111000110001,116490322,0,0.050000,1.000000
116485253,80,01101000100010000001010101110000110100000000111000011111111010000111000001011101,116480041,0,0.040000,0.600000
116485254,78,110111010001100000010101011100001101000000001100010101111110001000111101110010,116480041,0,0.040000,0.600000
116485260,75,001100110011000000101010111000011010000000010000100101110100010111000111010,116492270,0,0.060000,0.600000
116485261,77,11001001010110000001000101110000110100000000110100001011111000110011000110010,116501516,0,0.070000,0.700000
116485267,79,0111100000001101000010101011100001101000000001110010001101101000011010010010111,116492272,0,0.066667,1.000000
116485280,79,0111100000001101000010101011100001101000000001110010011101101000011010010010111,116496900,0,0.066667,1.000000
116485287,72,011110111010000101010111100011010000000010000110011010011110100100110011,116471694,0,0.060000,0.600000
116485291,79,0111100000001101000010101011100001101000000001110010011101101000011010010010111,116506711,0,0.060000,0.800000
116485292,83,11001000001011100000110101011100001101000000001010100111110101100011010011000110000,116465088,0,0.037106,0.800000
116485293,79,0111100000001101000010101011100001101000000001110010111101101000011010010110111,116492271,0,0.046667,0.700000
116485296,83,01011010001000110100001010101110000110110000000110001001111111010000111100100101110,116486635,0,0.023333,0.700000
116485297,88,0011001000001111110000010111011100101101000000001000100111111101101001110011001110011010,116486635,0,0.020000,0.600000
116485298,74,01011001000010000010101011100001101000000001100010010101110001100111011100,116481609,0,0.040000,0.600000
116485299,75,011101001100000010101011100001101000000001000011010111101011100001001101011,116503239,0,0.080000,0.800000
116485300,76,1010110010000100000101010111000011110000000011000100101011100011001110111001,116506710,0,0.053333,0.800000
116485301,81,011010001000111100001011101110000111100000000110001001111111010000111100001011001,116470087,0,0.100000,0.500000
116485309,81,010010011000100100001010101110000110100000000110001001111111010000111110100101110,116505132,0,0.080000,0.800000
116485315,81,011010001000110100001010101110000110100000000110001001111111010000011100000101110,116488549,0,0.160000,0.800000
116485316,77,01001001100010100000101010111000011010000000001000100110111010000111101011011,116488550,0,0.035000,0.700000
116485324,75,101100110011000000101010111000011010000000010000100101110100010111100101011,116488548,0,0.070000,0.700000
116485325,82,0110101010001000000010101011100001101000100001101010011111010100011011001001011101,116488548,0,0.060000,0.600000
116485331,81,001110001000110100001010101110000110100000000110001001111111110000111100000101110,116459872,0,0.066667,1.000000
116485333,76,1110100001110000010101011100001101000000000010011010111000111100001011100011,116500008,0,0.080000,0.700000
116485334,81,001111011001001111000001010101100000110100000000100011001011111000110011100111001,116483539,0,0.070000,0.700000
116485338,80,01111010001000110000001010101110000110100000000100011001011111001110011111111001,116496905,0,0.050000,1.000000
116485347,77,11010001000110100001010101110000110100000000100001001011111000110111000110001,116481608,0,0.040000,0.800000
116485348,74,11010111000001010101111000110100000000100001001011111001110010101100001100,116506709,0,0.024000,0.600000
116485349,77,11001001010110000001000101110000110100000000100001001011110000110011000110010,116481608,0,0.035000,0.700000
116485350,75,101101110000001010101010000010100000000100001011010100001110011100100001111,116486632,0,0.015000,0.600000
116485352,78,111001001010110000001010101110000110100000000110001010111110001100110001110010,116486632,0,0.020000,0.800000
116485354,82,0100100110001001000010101011100001101000000001100010001110110100001111101001011100,116490316,0,0.040000,1.000000
116485357,75,110110001100000010101011100001101000000001000011011111100011000001001100001,116498413,0,0.040000,0.400000
116485360,81,011010001000110100001010101110000110100000000110001001111111010000111100000111110,116490325,0,0.053333,0.800000
116485362,76,0110100001000000010101011100001101000000001000011010111100011100001001100011,116505123,0,0.140000,0.800000
116485365,77,10010010101000000101000111000011010100000010000100101111100011001100111100100,116492276,0,0.024000,0.600000
116485366,75,101010011000000101010111000011010000000010000110101111000111000011111000111,116480037,0,0.100000,1.000000
116485368,83,11011000101011100000110101011100001101000000001001100111110101100011110011000110010,116478448,0,0.024000,0.600000
116485369,70,1010111010000111010111000011010000000011000010101111010110010100111111,116478448,0,0.024000,0.600000
116485371,74,00111010111010001101010111000011010000000010100100101111101111011000110100,116478448,0,0.024000,0.600000
116485375,76,1110100001100000010101011100001101000000001000011010111000011100001010100011,116495378,0,0.053333,0.800000
116485376,75,001101011101000010101011100001101000000001000011011110100011101001001100111,116495378,0,0.053333,0.800000
116485377,80,01101000100011010000101010111000011010000000011001001011111000000111100100101110,116506712,0,0.100000,1.000000
116485378,77,11010001000110100001010101110000110100000000100001001011111000110111000110001,116490328,0,0.066667,0.700000
116485380,83,01011010001000110100001010101110000110100000000110001001111111000000111100100101110,116492289,0,0.100000,1.000000
116485382,86,00110000000011111100000101010111000011010000000010001001111101011000011110110011100110,116490328,0,0.066667,0.700000
116485383,80,01101000100011010000101010111000011010000000011001001011111000000111100100101110,116492289,0,0.100000,1.000000
116485385,79,0111100000001101000010101111100001101000000001110010001101101000011011010010111,116490328,0,0.053333,0.600000
116485386,80,01101000100011010000101010111000011010000000011001001111111000000111100100001110,116494069,0,0.053333,0.800000
116485388,80,01101000100011010000101010111000011010000000011001001111111000000111100100001110,116494069,0,0.053333,0.800000
116485392,81,011010001000110100001010101110000110100000000110001001111111010000111100000101110,116492289,0,0.100000,1.000000
116485395,77,10101100100011100001010101110000110100000000110001001010111100110011100111001,116494069,0,0.053333,0.800000
116485396,81,111010001000110100001010101110000110100010000110001001111111010000111100000101110,116499998,0,0.080000,0.800000
116485398,75,000110101110100011010101110000110100000000101001001011111011110111001101001,116461656,0,0.066667,1.000000
116485399,81,011000001000010100001010101110000110100000000110001001111111010000111100000101110,116506703,0,0.026667,0.800000
116485402,82,0110100011001101000110101011100011101000000001110010011111111100001100000010111010,116506691,0,0.040000,0.400000
116485403,81,110111010001000100100001011101110100110100000010100010011101100001001110010000011,116470090,0,0.040000,0.400000
116485418,74,10101001100000010101011100001101000000001000011110111101011100001001101011,116478438,0,0.100000,1.000000
116485419,79,0111100000001101000010101011100001101000000001110010011101101000011010010010111,116475188,0,0.053333,0.800000
116485432,77,01011001100110000001010101110000110100000000100001001011101000101110001110110,116485000,0,0.100000,1.000000
116485435,70,1000111010000101010111000011010000000011000010101111000110010100111101,116471694,0,0.070000,0.700000
116485436,81,011010001000110101001010101110000110100000000110001001111111010000111000000101110,116471694,0,0.060000,0.600000
116485437,76,1010110010000100000101010111000011010000000011000100101011100011001110111001,116478448,0,0.028000,0.700000
116485438,74,10101001100100010101011100001101000000001000011010111100011100001111100011,116470078,0,0.046667,0.700000
116485440,82,0111100010001101000010101011100001101000000001100010011111110100001111001001011101,116485007,0,0.200000,1.000000
116485441,76,1111101110000001010101110000110100000000100001011011110001110010100110101111,116488544,0,0.050000,1.000000
116485443,82,0101110100010001001000010101011000001101000000001000100111110000010011100110010110,116471694,0,0.060000,0.600000
116485450,78,001011000101000000010101011100011101010000001100010010101110011100110011100010,116503234,0,0.060000,0.600000
116485459,79,0111100000001101000010101011100001101000000001110010001101101000011010010010111,116503234,0,0.080000,0.800000
116485464,80,01001001100010010001101010111000011010000000011001100110111101000011010100101110,116461673,0,0.100000,1.000000
116485465,74,10101001100100010101011100001101000000001000011010111100011100001111100011,116478435,0,0.026667,0.400000
116485469,77,11010001000100100001010101110000110100010000100001001011111000110111000111001,116490320,0,0.032000,0.800000
116485474,79,0111100000001101000010101011100001101000000001110010011101101000011010010010111,116488556,0,0.024000,0.600000
116485475,79,1101100101011000000101010111000011010000000011000000101111100011101101011100110,116490320,0,0.040000,1.000000
116485477,78,010011001000110000001010101110000110100000001100010010111110001000111001110011,116505120,0,0.035000,0.700000
116485478,78,010011001000110000001010101110000110100000001100010010111110001000111001110011,116505120,0,0.035000,0.700000
116485479,78,010011001000110000001010101110000110100000001100010010111110001000111001110011,116473643,0,0.070000,0.700000
116485481,73,1101011100001010101111000110100000000100101001011111001110010101100001100,116486650,0,0.060000,0.600000
116485482,74,10101001100000010101011100001101000000001000011010111100011100001001100011,116486650,0,0.070000,0.700000
116485484,77,01001001100010100000101010111000011010000000001000100110111010000111101011011,116463286,0,0.100000,1.000000
116485485,83,11001000001011110000110101011100001101000000001000100110110101100011011011000110010,116473643,0,0.070000,0.700000
116485486,77,01011001000100000011010101110000110100000000110000010111100101100111111101010,116463286,0,0.100000,1.000000
116485487,83,01011010001000110100001010101110000110110000000110001001111111010000111100100101110,116486650,0,0.060000,0.600000
116485489,75,111101110000001010101110000110100000000100010110111100011100101001101011111,116463286,0,0.100000,1.000000
116485492,80,10110101000001101000010101011100001101000100001100100111110011000111110010110111,116506691,0,0.040000,0.400000
116485493,86,00110010001011111100000101010111000011010000000010001001111101011000011110110011100110,116501515,0,0.100000,1.000000
116485497,74,10101001000000010101011100001101000000001000011010111101011100001001100111,116501515,0,0.100000,1.000000
116485498,80,01101000100011010000101010111000011110000000011001001111111000000111000100001110,116490326,0,0.080000,0.700000
116485499,86,00110010001011111100000101010111000011010000000010001001111101011000011110110011100110,116498414,0,0.060000,1.000000
116485511,74,10101001100000010101011100001101000000001000011010111100011001010011000101,116463291,0,0.100000,1.000000
116485512,83,00011010101000110100001010101110000110100000000110001001111111010000111100100101110,116498416,0,0.080000,0.800000
116485513,79,0110100010001101000010101011100001101000000011000100111111101010011110000010111,116498409,0,0.160000,0.800000
116485514,75,101101011101000010101011100001101000000001000011010110100011101001001100111,116486638,0,0.050000,1.000000
116485516,82,1100100000100110000001010101110000110100001000100010011011010110001101011100011001,116471689,0,0.140000,0.700000
116485517,76,0001101011101000110101011100001101000000001010010010111110111101110011010011,116498406,0,0.070000,0.700000
116485520,75,101101011101000010101011100001101000000001000011010110100011101001001100111,116492271,0,0.066667,0.700000
116485521,72,011010111010000101010111000011010000000010000110101010001110100100110011,116488550,0,0.040000,0.800000
116485524,81,011010001000110100001010101110000110100000000110001001111111010000111100000101110,116485007,0,0.200000,1.000000
116485525,77,01001000001000000010101011100100101000000001100011010111110001100011011100010,116488550,0,0.030000,0.600000
116485527,81,110111011001000100100001011101110100110100000000100010011101100001001110010000011,116500000,0,0.060000,0.600000
116485528,75,010110010000100000101010111000011010000000011000100101011100011001110111001,116470090,0,0.040000,0.400000
116485530,76,1110100001100000010101011100001101000000001000011010111000011000011011100011,116505132,0,0.080000,0.800000
116485532,76,1111101110000001010100110000110100000000100001010011110001110011100110001111,116475186,0,0.050000,0.500000
116485538,79,0111100000001101000010101011100001101000000001110010011101101000011010010010111,116481613,0,0.160000,0.800000
116485544,81,011010101000110100001010101110000110100000100110001001110111010000111101000101110,116486641,0,0.014286,0.700000
116485549,87,100110010000011111100000101010111000011010000000010001001111101011000011110110011100110,116473641,0,0.200000,1.000000
116485553,82,0011010001000110100001010101110000110100000000110001001111111010000111100100101110,116505118,0,0.046667,0.700000
116485554,80,01110100000001101000000101011100001101000000001110010011111110100001110010010111,116490322,0,0.040000,0.800000
116485555,79,0011000010011000000101010111010011010000000010001011011010110101101000100110001,116490319,0,0.080000,0.800000
116485556,78,011011001000110000101010101110000110110000000110101001011101000000111000111001,116498408,0,0.070000,0.700000
116485557,78,010011001000110000001010101110000110100000001100010010111110001000111001110011,116465087,0,0.100000,1.000000
116485559,79,1101100101011000000101010111000011010000000011000000101111100011001101011100110,116490326,0,0.100000,0.800000
116485560,75,101110111000000101010111000011010000000010000101101110001110010100110001111,116475187,0,0.020000,0.600000
116485562,70,0101011101000010001011100001101000000011000010101111000110001100111111,116503238,0,0.040000,0.600000
116485563,75,101110111000000101010111000011010000000010000101101110001110010100110001111,116486627,0,0.035000,0.700000
116485565,77,01001001100010100000101010111000011010000000001000100110111010000111101011011,116465087,0,0.100000,1.000000
116485566,80,01110100000001101000000101011100001101000000001110010011111110100001110010010111,116500012,0,0.100000,1.000000
116485567,79,1101100101011000000101010111000011010000000011000000101111100011001101011100110,116490319,0,0.100000,1.000000
116485571,74,00111010111010001101010111000011010000000010100100111011101111011100110100,116465089,0,0.200000,1.000000
116485582,80,01111010001001110000001010101110000110110000000110011101011111001110011111110101,116480043,0,0.080000,0.800000
116485588,78,001111100101100000010101011100001101000000001100110011111110000100110000110010,116503230,0,0.200000,1.000000
116485590,82,0110100010101101000010101011100001101000000001100110011111110100001111000001001100,116508508,0,0.035000,0.700000
116485593,77,01110100001100000010101011100001101000000001000011010110000011100001011100011,116465100,0,0.066667,1.000000
116485594,78,010110010001000000110101011100001101000000001100000101111000011001111111010100,116492273,0,0.046667,0.700000
116485595,77,11111011100000010101011100001101000000001000010110111100011000101001101011111,116503230,0,0.200000,1.000000
116485596,78,010110010001000000110101011100001101000000001100000101111000011001111111010100,116503230,0,0.160000,0.800000
116485599,81,011010001000110100001010101110000110100000000110001001111111010000111000000101110,116468457,0,0.160000,0.800000
116485600,82,0110100010101101000010101011100001101000000001100110011111110100001111000001001100,116465102,0,0.100000,1.000000
116485602,76,1110100001100000010101011100001101000000001000011010111000011100001001100011,116508496,0,0.100000,1.000000
116485605,76,1111101110000001010101110000110100000000100001010011110001110011100110001111,116461673,0,0.080000,0.800000
116485606,79,0111100000001101000010101011100001101000000001110010011101101000011010010010111,116461673,0,0.080000,0.800000
116485607,81,001010001000110100001010101110001110100000000110001001111111010000111110000101110,116498404,0,0.070000,0.700000
116485608,77,11110000000010100001010101110000110100000000111000001110110100011010011010111,116498404,0,0.080000,0.800000
116485609,81,011010001000110100001010101110000110100000000110001001111111010000111100000101110,116465105,0,0.080000,0.800000
116485611,75,101100110011000000101010111000011010000001010000100101110100110111000111011,116488541,0,0.070000,0.700000
116485612,77,11010001000110100001010101110000110100010000100001001011111000110111000111001,116488541,0,0.070000,0.700000
116485613,77,11011001000110000001010101110000110100000100111001001011101000100111000111001,116461673,0,0.070000,0.700000
116485614,78,110101100100001000001010101110000110100000000110001001010111000110011100111001,116461673,0,0.080000,0.800000
116485625,80,10110110010001100000010101011100001101000000001100010010111110001001110001110010,116476985,0,0.053333,0.800000
116485628,81,010010011000000100001010101110000110100000000111001001111111010000111110100101110,116470081,0,0.080000,0.800000
116485629,76,1110100001100000010101011100001101000000001000011000111000011100001011100011,116492279,0,0.053333,0.800000
116485630,76,1010110010000100000101010111000011010000000011000100101011100011001110111001,116470081,0,0.080000,0.800000
116485631,82,0011010001000110100001010001110000110100000000110001001111111010000111100100101110,116468454,0,0.040000,0.600000
116485635,83,11001000001011100000110101011100001101000000001010100111110101100011010011000111000,116488554,0,0.070000,0.700000
116485637,75,010101001100000010101011100001101000000001000001010111101011100001001101011,116492287,0,0.060000,0.600000
116485638,70,1000111010000101010111000011010000000011000010101111000110011100111101,116495376,0,0.120000,0.600000
116485639,76,0110100001000000010101011100001101000000001000011010111100011100001001100011,116480043,0,0.100000,1.000000
116485642,77,10010010101000000101010111000011010100000010000100101111100011001100111100100,116470086,0,0.028000,0.600000
116485647,75,111101110000001010101110000110100100000100001111011110001110011100110011111,116490325,0,0.046667,0.700000
116485655,82,1011010001000111100001010101110000110100000010110001001011111010000111100001011101,116503248,0,0.050000,0.500000
116485659,77,01001001100010100000101010111000011010000000001000100110111010000111101011011,116485008,0,0.100000,0.500000
116485666,79,0111100000001101000010101011100001101000000001110010011001101000011010010010111,116495383,0,0.080000,0.800000
116485667,77,01011001000100000011010101110000110100000000110000010111100101100111111101010,116471687,0,0.040000,0.600000
116485668,80,01110100000000101000010101011100001101000000001110010011111110100001110010010111,116481614,0,0.080000,0.600000
116485669,70,1010111010000111010111000011010000000011000011101111010110010100111111,116492281,0,0.040000,0.800000
116485670,75,010110010000100000101010111000011010000000011000100101011100011001110111001,116496906,0,0.060000,0.600000
116485671,79,1001001100010010000101010111000011010000000011100100111111101000011111010001110,116483546,0,0.053333,0.800000
116485674,81,011010001000110100001010101110000110100000000110001001101111010000111100000101110,116495373,0,0.053333,0.800000
116485675,77,01010000101000000010101011100001101001000001100010010111110001100111011100101,116496906,0,0.050000,0.500000
116485679,79,0001011101010110000001010101110000110100000000010011001011110000010011000111001,116483546,0,0.046667,0.700000
116485680,80,01110100010001101000010101011100001101000000001100010011111110100001110010010111,116508507,0,0.200000,1.000000
116485682,80,01110100010001101000010101011100001101000000001100010011111110100001110010010111,116483546,0,0.053333,0.800000
116485683,80,01110100010001101000010101011100001101000000001100010011111110100001110010010111,116468450,0,0.200000,1.000000
116485684,76,0001101011101000010101011100001100100000001000011010110100010101000001100111,116495373,0,0.040000,0.600000
116485692,81,110111011001000100100001011101110100110100000000100010011101100001001110010000011,116486633,0,0.020000,0.500000
116485693,72,010100101100000010101011101001101000000001000011010101100011001010011101,116503241,0,0.028000,0.700000
116485695,82,1101110100010001001000010101011100001101000000001000100111011000000011100100000111,116468461,0,0.026667,0.800000
116485698,70,1010111010000111010111000011010000000011000010101111010110010100111111,116492270,0,0.050000,0.500000
116485699,81,011010001000110100001010101110000110100000000110001001111111110000111000000101111,116488550,0,0.040000,0.800000
116485700,75,001101011101000010101011100001101010000001000011010110100011101001001100111,116468455,0,0.066667,1.000000
116485701,74,11010011000001010101111000110100000000100001001011111001110010101000001100,116501527,0,0.053333,0.800000
116485702,81,011110100010001100000010101011100001101000000101100110010111110011100111111110011,116490315,0,0.060000,0.600000
116485703,73,1001010011000000010101110000110100000000100001101011110001110000100110001,116468456,0,0.066667,1.000000
116485705,74,11010011000001010101111000110100000000100001001011111001110010101000001100,116486652,0,0.033333,0.500000
116485709,80,01101000100011000001010101110000110100000001111000001111111010000111000001011101,116498405,0,0.028000,0.700000
116485711,76,1110100001100000010101011100001101000000001000011010111000011100001011100111,116478436,0,0.100000,1.000000
116485715,84,010110100010001101000010101011100001101000000001100010011111110000001111001001011100,116492271,0,0.046667,0.700000
116485716,75,101010011000000101010111000011010000000010000110101111000111000010011000111,116490328,0,0.046667,0.700000
116485718,81,010010011000000100001010101110000110100000000111001001111111010000111110100101110,116468459,0,0.066667,1.000000
116485720,77,11010001000110100001010101110000110100000000100001001011111000110111000110001,116492269,0,0.046667,0.700000
116485721,79,0110100010001101000010101011100001101000000001100010011111110100011100000010111,116490328,0,0.046667,0.700000
116485723,81,100010100000001001000010101011101001101000000001110010011111110000001110010010111,116470088,0,0.040000,0.800000
116485727,75,000110101110100001010101110000110100000000101001001011111011110111001101001,116488561,0,0.060000,0.600000
116485731,76,0011010111010000101010111000011010100000010000110101101000111010010011001111,116498414,0,0.026144,0.800000
116485739,83,01111000100011011000101010111000011010000000011000100111111101000011100010010111011,116470078,0,0.066667,1.000000
116485743,82,1100100000100110000001010101110000110100001000100010011011010110001101011100011001,116508491,0,0.023333,0.700000
116485744,78,011110110010011110000010101011000011010000000010001100101111100011001110011100,116488561,0,0.040000,0.400000
116485746,76,0001101011101000110101011100001101000000001010010010111110111101110011010011,116466864,0,0.070000,0.700000
116485747,81,011010001000111100001011101110000111100000000110001001111111010000111100001011001,116485004,0,0.046667,0.700000
116485750,80,01101000100011000001010101110000110100000000111000001111111010000111000001011101,116470083,0,0.080000,0.800000
116485751,74,11010011000001010101111000110100000000100001001011111001110000101000001100,116492283,0,0.160000,0.800000
116485753,81,011010001000110100001010101010000110100000000110001001111111010000111100000101110,116498413,0,0.040000,0.400000
116485758,77,10010010101000000101010111000011010100000010000100101111100011001100111100100,116492284,0,0.024000,0.600000
116485759,81,011110001000110100001010101110000110100000000110001001111110010000111100000101110,116508493,0,0.120000,0.600000
116485761,79,0111100000001101000010101011100001111000000001110010011101101000011010010010111,116470088,0,0.050000,1.000000
116485762,78,101011101000110000001110101111000110100000000110011001111110100100110001110010,116490317,0,0.046667,0.600000
116485767,81,011010001000110100001010101110000110100000000110001001111111010000111100000101110,116490333,0,0.140000,0.700000
116485769,73,1101011100000101010111000011010000000010000100101111000111001000010000010,116476973,0,0.040000,0.600000
116485771,75,101110111000000101010111000011010000000010000101101110001110010100110001111,116488551,0,0.024000,0.600000
116485773,81,101111000100001010000101010111000011010000000011100100111011010000110100000101101,116486648,0,0.080000,0.800000
116485774,77,01000010011000000101010111000011010000000010001011011010110101101001100111001,116486648,0,0.080000,0.800000
116485775,88,0011001000001111110000010101011100001101000000001000100111110101100001111011001010011000,116503247,0,0.066667,1.000000
116485783,78,010011001000110100001010101110000110100000001100010010111110011000111001110011,116471684,0,0.066667,1.000000
116485784,74,01111011101000010101011100001111000000001000111010110100011101001001100111,116481615,0,0.035000,0.700000
116485785,83,11001000001011100000110101011100001101000000001000100110110101100011011011000110010,116465087,0,0.070000,0.700000
116485786,77,11011001000110000001010101110000110100000100111001001011101000100111000111001,116492275,0,0.028000,0.700000
116485794,76,1000110010000100000101010111000011010000000011000100101011100011001110111001,116501527,0,0.066667,1.000000
116485795,81,011010001000110100001010101010000110100000000110001001111111010000111100000101110,116498406,0,0.070000,0.700000
116485797,75,010110010000100000101010111000011010000000011000100101011100011001110111001,116471689,0,0.200000,1.000000
116485800,83,01101000101011010000101010111000011010000000001001100111111101000011110000010111001,116481609,0,0.033333,0.500000
116485803,82,1101110000010001001000010101011100101101010000001000100111011000000011100100000111,116505117,0,0.046667,0.600000
116485804,78,110110010101100001010101011100001101000000001100010111111110001010111101110010,116465087,0,0.070000,0.700000
116485806,75,101110111000000101000111000011010000000010000101101110001110010100110001111,116495377,0,0.053333,0.800000
116485813,74,01111100101100000010101010100001100000000011001100101111100001001100001100,116501530,0,0.050000,0.500000
116485815,88,0011001000001111110000010101011100001101000000101000100111110101100001111011001110011000,116488560,0,0.140000,0.700000
116485820,74,11101000011000000101010111000011010000000010000110101110000111000001110001,116506704,0,0.032000,0.800000
116485822,85,1110111010000001000010111011100001101000000001101111010110101011000110011100011111000,116481595,0,0.046667,0.700000
116485827,70,1010111010000111010011000011010000000011000010101111010110010100111111,116505123,0,0.030000,0.600000
116485836,77,11011001000110001011010101110000110100000010100001001111101010100111000111001,116480047,0,0.024000,0.600000
116485840,80,01101000100010000001010101110000110100000000111000011111111010000111000011011101,116492279,0,0.053333,0.800000
116485841,74,11110111000000101010111000011010001000010001011011110001110010100010011111,116471693,0,0.053333,0.800000
116485844,79,0011000010011000000101010111000011010000000010001011011010110101101001100111001,116500003,0,0.160000,0.800000
116485847,74,11010111000001010101111000110100000000100001001011111001110010101100001100,116505129,0,0.040000,0.600000
116485849,79,1101011101110100001010101100001110100000000101001100011100010110010100110101100,116485014,0,0.040000,0.600000
116485855,75,101110011000000101010111000011010000000010000101101110001110010100110001111,116478435,0,0.026667,0.400000
116485858,82,0101110100010001001000010101011000001101000000001000100111110000010011100110010110,116473642,0,0.098814,1.000000
116485859,78,001011000101000000010101011100001101000000001100010010111110011100111011100010,116473642,0,0.098814,1.000000
116485864,84,111001000011011100000110101011100001101000000001000100111111101100011010011000110010,116505120,0,0.035000,0.700000
116485865,82,1101110000010001001000010101011100101101000000001000100111011000000011100100000111,116503229,0,0.080000,0.400000
116485867,74,00011010111010001111010111000011010001000010000100101111001101011100110000,116503232,0,0.060000,0.600000
116485869,77,10010010101000000101010111000011010100000010000100101111100011001100111100100,116490314,0,0.053333,0.800000
116485870,77,10101100100011000001010101110000110100000000110001001010111100110011100111001,116466868,0,0.200000,1.000000
116485873,75,001101010101000010101011100001101000000001000011010110100011001001001100111,116492280,0,0.066667,1.000000
116485876,75,010101001100000010101011100001101000000001000011010111101011100001001101011,116501515,0,0.100000,1.000000
116485883,79,0111100000001101000010101011100001101000000001110010011101101000011010010010111,116501520,0,0.053333,0.800000
116485902,78,110100010000101000010101011100001101000000001100100101111100000011100100101110,116506712,0,0.100000,1.000000
116485903,82,1101110100010001001000010101011100001101000000001000100111011000000011101100000111,116500004,0,0.040000,0.600000
116485905,66,010111001001010101110000110100000000110001101010100011001110011110,116475188,0,0.066667,1.000000
116485913,75,001101011101000010101011100001101000000001000011010110100011101001001100111,116498415,0,0.022857,0.800000
116485914,74,10101001100100010101011100001101000000001000011010111100011100001111100011,116476971,0,0.080000,0.800000
116485915,78,101011101000111000001110101111000110100000000110011001111110000100110001110010,116476972,0,0.100000,1.000000
116485917,70,0101011000000101010111000011010000000010000110101101000110010000110001,116470079,0,0.100000,1.000000
116485918,78,001111100101100000010101011100001101000000001100110011111110000100110000110010,116498412,0,0.040000,0.600000
116485920,81,011010001000110100001010101110000110100000000100001001110111010000111000000101110,116508499,0,0.200000,1.000000
116485921,77,10101100100011000001010101110000110100000000110001001010111100110011100111001,116483549,0,0.200000,1.000000
116485922,74,10101001100100010101011100001101000000001000011010111100011100001101100011,116498413,0,0.040000,0.400000
116485923,78,100101110100010000001010101110000110100000000110011001011111000010011000011001,116490325,0,0.053333,0.800000
116485924,82,1011010001000110100001010101110000110100000000110001001111110010000111100100101110,116508492,0,0.200000,1.000000
116485925,79,0100100110001001000010101011100001101000000001100110011111110100001111010010111,116476974,0,0.050000,1.000000
116485927,84,011001000001111110000010101011000001101000000001000100111110101000011110110011100110,116495381,0,0.080000,0.800000
116485928,77,10010011000100100001010101110000110100000000111010011111110100001111101000111,116480036,0,0.053333,0.800000
116485929,76,1110110001100000010101011100001101000000001000011010111000011100001011100011,116492283,0,0.200000,1.000000
116485931,79,1101100101011000000101010111000011010000000011000000101111100011101101011100110,116492283,0,0.200000,1.000000
116485932,74,10101001100000010101011100001101000000001000011010111101011100001001101011,116498415,0,0.022857,0.800000
116485934,80,01101000100011010000101010111000011010000000011000100111111010000111100100101110,116496903,0,0.017143,0.600000
116485936,78,001111100101100000010101011100001101000000001100110011111110000100110000110010,116483551,0,0.100000,0.800000
116485944,80,01111010001001110000001010101110000110110000000110011101011111001110011111111001,116506699,0,0.070000,0.800000
116485950,75,101010111000000101010111000011010000000010000101101110001110010100110001111,116470090,0,0.040000,0.400000
116485951,74,11110111000000101010111000011010000000010000101101110001110010100110001110,116492273,0,0.053333,0.800000
116485954,78,001011101010110000001010101110000110100000000010011001011110000010011000111001,116483545,0,0.080000,0.800000
116485956,70,1010111010000111010111000011010000000011000110101011010110010100111111,116500008,0,0.140000,0.700000
116485957,75,110101010000100010010101011100001101000000001100110010011100001000110111011,116500008,0,0.140000,0.700000
116485958,78,001111100010110010001010101110000110100000000110011001011111000011011000111001,116490329,0,0.046667,0.700000
116485959,88,0011001000001111110000010101011100001101000000001000100111110101100001111011001110011000,116476985,0,0.100000,1.000000
116485960,79,0101100000001101000010101011100001101000000001110010011101101000011010010010111,116500008,0,0.160000,0.800000
116485961,75,101100110011000100101010111000011010000101010000100101110100010111000111011,116498416,0,0.060000,0.600000
116485963,81,001101010100011000001010101110000110100000000111000001111111010100111000001011101,116485016,0,0.160000,0.800000
116485964,74,10101001100000010101011100001101000000001000011010111100011100001001100011,116485016,0,0.160000,0.800000
116485970,79,1011011001000110000001010101010000110100000000110101001011100100100111000111001,116495374,0,0.120000,0.600000
116485971,82,0110110011001101000110101011100001101000000001110010011111111100001100000010111010,116488555,0,0.046667,0.700000
116485973,85,0011001000001111110000010101011100001101000000001000100111101011000011110110011100110,116495382,0,0.046667,0.700000
116485974,75,010101001100000010101011100001101000000001000011010111101011100001001101011,116478439,0,0.100000,1.000000
116485976,79,1101011100011000000101010111000011010000000011000000111111100011001100011000110,116501533,0,0.026667,0.400000
116485977,74,10101001100000010101011100001101000000001000011010111100011100001111100011,116501534,0,0.040000,0.600000
116485978,82,0001010001000110100001010101110000110100000000110001001111111010000111100100101110,116488559,0,0.053333,0.800000
116485980,83,01011010001000010100001010101110000111100000000110001001111111100100111000100101110,116478439,0,0.060000,0.600000
116485981,86,00110010000011111100000101010111000011010000000010001001111101011000011110110011100110,116471684,0,0.053333,0.800000
116485982,76,0111101110000001010101010000010100000000100001011011100001110011100100001111,116478439,0,0.100000,1.000000
116485983,75,101101110000001010101010000010100000000100001011010100001110011100100001111,116508495,0,0.100000,0.600000
116485986,77,11110100001100000010101011100001101000000001000011010111000011100001011100011,116501534,0,0.040000,0.600000
116485987,82,0111100010001101000010111011100001111000000001100010011111110000001111001001011001,116501534,0,0.033333,0.500000
116485988,79,1011011001000110000001010101010000110100000100110101001011100000100111000111001,116478439,0,0.100000,1.000000
116485989,83,11001000001011100000110101011100001101000000001010100111110101100011010011000110100,116508495,0,0.080000,0.600000
116485990,75,101010011000000101010111000011010000000010000110101111000111000011111000111,116501533,0,0.026667,0.400000
116485991,85,0011001000001111110000010101011100001101000000001000100111101011000011110110011100110,116501533,0,0.033333,0.500000
116485992,75,101110011000000101010111000011010000000010000101101110001110010100110001111,116495382,0,0.046667,0.700000
116485995,82,0110100010101101000010101011100001101000000001100110011111110100001111000001001100,116492290,0,0.080000,0.800000
116485996,83,00110100110101001000010101011100001101000000001100010011111110100001111001001011101,116506703,0,0.026667,0.800000
116485997,72,011110111010100101010111100011010000000010000110011010001110100100110011,116478447,0,0.200000,1.000000
116485999,81,010010011000100100001010101110000110100000000111001001111111010000111110100101110,116501523,0,0.040000,0.800000
116486000,79,0011000010011000000101010111000011010000000010001011011010110101101000100110001,116478447,0,0.200000,1.000000
116486001,75,010110010000100000101010111000011010000000011000100101011100011001110111001,116463291,0,0.070000,0.700000
116486002,74,10101001100100010101011100001101000000001000011010111100011100001111100011,116478447,0,0.200000,1.000000
116486004,79,0011000010011000000101010111000011010000000010001011011010110101101000100110001,116490336,0,0.080000,0.800000
116486008,83,01111000100011010000101010111000011010000000011000100111111101000011110010010111010,116508506,0,0.080000,0.800000
116486009,79,1011011001000110000001010101010000110100000000110101001011100000100111000111001,116461656,0,0.046667,0.700000
116486012,74,11110111000000111010111000011010000001010010101101111000010001100110001111,116501521,0,0.100000,0.500000
116486015,82,0011010000011111000000101010111000011010000000010001001111101011000011110110011001,116478453,0,0.040000,1.000000
116486016,78,010010001010000000101010111001001010000000011000110101111100011000110111100100,116481610,0,0.035000,0.700000
116486017,75,010110010000100000101010111000011010000000011000100101011100011001110111001,116506708,0,0.040000,0.800000
116486018,75,010110010000100000101010111000011010000000011000100101011100011001110111001,116475180,0,0.160000,0.800000
116486020,81,011010001010110100001010101110000110100000000110001001110111110000111000000101110,116481608,0,0.040000,0.800000
116486021,75,010110010000100000101010111000011010000000011000100101011100011001110111001,116503247,0,0.066667,1.000000
116486022,81,011010001010110100001010101110000110100000000110001001110111110000111000000101110,116478453,0,0.040000,1.000000
116486023,81,011010001010110100001010101110000110100000000110001001110111110000111000000101110,116503247,0,0.066667,1.000000
116486024,77,11010001000110100001010101110000110100000000100001001011111000110111000110001,116495375,0,0.040000,0.600000
116486026,75,110110001100000010101011100001101000000001000011011111100011000001001100001,116478442,0,0.035000,0.800000
116486032,80,01111011001001111000001010101100000110100000000100011001011111000110011100111001,116480036,0,0.066667,1.000000
116486033,74,10101001100000010101011100001101000000001000011010111100011100001001100011,116480036,0,0.066667,1.000000
116486034,80,01101000100010000001010101110000110100000000111000001111111010000111000001011101,116508489,0,0.070000,0.700000
116486035,84,111001000001011100000110101011100001101000000001000100111111101100011010011000110010,116503239,0,0.070000,0.700000
116486036,79,1101011100011000000101010111000011010000000011000000111111100011001100011000110,116503239,0,0.080000,0.800000
116486038,79,1101000100011010000100101110000110100000000110001001111111010000111100000101110,116500000,0,0.060000,0.600000
116486039,82,1010000101001100000101010111000011010000000010001001111101011000111100110011110101,116498419,0,0.100000,1.000000
116486040,81,011010001000110100001010101110000110101000000110001001111111110000111100000101110,116500000,0,0.060000,0.600000
116486042,77,01111100101100000010101011100001101000000001100110010111110000100110000110010,116470090,0,0.040000,0.400000
116486045,80,01101000100010000001010101110000110100000000111000001111111010000111000001011101,116480037,0,0.100000,1.000000
116486048,82,0110100010101101000010101011100001101000000001100110011111110100001111000001001100,116496912,0,0.040000,0.400000
116486051,80,01111010001001110000001010101110000110100000000110011001011111001010011111111001,116506701,0,0.060000,0.600000
116486061,75,101110111000000101000111000011010000000010000101101110001110010100110001111,116495384,0,0.053333,0.800000
116486071,76,0110100001100000010101011100001101000000001000011010011100011100001001100011,116503240,0,0.053333,0.800000
116486072,86,01110111101000000100001010111110000110100000000110111101011010101100011001110001111100,116478438,0,0.080000,0.800000
116486083,82,0110100010101101000010101011100001101000000000100110011111110100001111000001011100,116498405,0,0.028000,0.700000
116486085,81,011010001000110100001010101110000110100000000110001001111111010000111100000101110,116473635,0,0.053333,0.800000
116486092,81,010010011000100100001010101110000110100000000111001001111111010000111110100101110,116492284,0,0.028000,0.700000
116486093,80,01111010001001110000001010101110000110100000000110011001011111001010011111111001,116470086,0,0.035000,0.700000
116486099,77,01111101110000001010101110010110100000000100001011011110001110010100110101111,116484996,0,0.140000,0.700000
116486100,74,10101001100000010001011100001101000000001000011010111100011100001001100011,116470086,0,0.030000,0.600000
116486102,82,0011010001000110100001010101110000110100000000110001001111111010000111100100101110,116492284,0,0.028000,0.700000
116486104,74,01111011101000010101011100001111000000001000111010110100011101001001100111,116481598,0,0.050000,1.000000
116486105,82,1101110000010001001000010101011100101101000000001000100111011000000011100100000111,116486643,0,0.050000,0.500000
116486108,78,011110110010111110000010101011000001101000000001000110010111110011001110011100,116501528,0,0.140000,0.800000
116486109,81,011010001000110100001010101110000110100000000110001001111111010000111000001011101,116481598,0,0.050000,1.000000
116486110,71,01010111010000101010111000011010000000011000010101111000100011100111101,116471687,0,0.046667,0.700000
116486112,77,10011011111010000101010111000011011000000010000110101101000110010010011001111,116488543,0,0.070000,0.700000
116486113,79,0011000010011000000101010111000011010000000010001011011010110101101000100110001,116492267,0,0.080000,0.600000
116486114,82,1011010001000110100001010101110000110100000000110001001111110010000111100100101110,116500006,0,0.200000,1.000000
116486115,83,01011010000000110100001010101110000110100000000110001001101111000000011100100101110,116490314,0,0.066667,1.000000
116486119,76,1011110010110000001010101110000110100000001100110010111110000100110000110010,116481609,0,0.033333,0.500000
116486122,74,10101001100000010100011100001101000000001000011010111100011100001001100011,116492288,0,0.039293,0.800000
116486126,74,10101001100100010101011100001101000000001000011010111100011100001111100011,116473635,0,0.046667,0.700000
116486129,79,0111100000001101000010101011100001101000000001110010001101101000011010010000111,116492288,0,0.049116,1.000000
116486131,74,10101001100000010100011100001101000000001000011010111100011100001001100011,116492288,0,0.039293,0.800000
116486132,83,01001000001001100000010101011100011101000000001000110100110101101011010011001110110,116500000,0,0.060000,0.600000
116486133,77,10010010101000000101010111000011010100000010000100101111100011001100111100100,116488560,0,0.140000,0.700000
116486136,73,0101011100000010101011100001101000000010000101101110001110010100110001111,116490316,0,0.024000,0.700000
116486144,77,01011001000100000011010101110000110100000000110000010111100101100111111101010,116486636,0,0.026667,0.400000
116486145,77,11001001010110000001000101110000110100000000100001001011111000110011000110010,116501524,0,0.046667,0.700000
116486146,81,100010100000001001000010101011101001101000000001110010011111110100001110010010111,116501524,0,0.046667,0.700000
116486148,75,111101110000001010101110000110100000000100010110111100011100101001101011111,116481602,0,0.053333,0.800000
116486150,81,011010001000110100001010101110000110101000000110001001111111010000111100000101110,116481609,0,0.033333,0.500000
116486151,77,11001001010110000001000101110000110100000000100001001011111000110011000110010,116481609,0,0.033333,0.500000
116486152,82,1001000001001100000010101011100001101000000001000100111110101001011010011001110011,116488541,0,0.080000,0.800000
116486154,75,111101110000001010101110000110100000000100010110111100011100101001101011111,116481602,0,0.066667,1.000000
116486155,81,011010001000110100001010101110000110100000000110001001111111010000111100000101110,116498418,0,0.080000,0.400000
116486161,78,101011101000110000001110101111000110100000000110011001111110100100110001110010,116480041,0,0.033333,0.500000
116486162,82,1101110100010001001000010101011100001101000010001000100111011000000011110100000111,116480041,0,0.040000,0.600000
116486165,78,101011101000110000001110101111000110100000000110011001111110100100110001110010,116480041,0,0.033333,0.500000
116486169,70,0101011000000101010111000011010000000010000110101101000110010000110000,116505122,0,0.040000,0.600000
116486171,75,101100100011000111010101110000110100000010100001001111101010100111000111001,116480041,0,0.040000,0.600000
116486174,85,0011001000001111110000010101011100001101000000001000100101101011000011010110011100111,116466865,0,0.040000,0.800000
116486185,86,01110111101000000100001010101110000110100000000110111101011010101100011101110001111100,116495376,0,0.120000,0.600000
116486186,82,1100100000100110000001010101110000110100001000100010011011010110001101011100011001,116468449,0,0.120000,0.600000
116486189,74,10101001100000010101011100001101000000001000011010111100011100001001100011,116481604,0,0.100000,1.000000
116486190,79,0100100110001001000011101011100001101000000001100110011011110100001111000010111,116468455,0,0.046667,0.700000
116486194,81,011010001000110100001010101110000110110000000110001001111111010000111100000101110,116470093,0,0.028000,0.800000
116486195,81,001110100010001101000010101011100001101000000001100010011111110100001110010010111,116485015,0,0.026667,0.400000
116486196,74,10101001100000010101011100001101000000001000011010111101011100001001100011,116481607,0,0.066667,1.000000
116486197,81,001110100010001101000010101011100001101000000001100010011111110100001110010010111,116498412,0,0.066667,0.600000
116486198,79,0111100000001101000010101011100001101000000001110010011101101000011010010010111,116498412,0,0.066667,0.600000
116486199,81,001110100010001101000010101011100001101000000001100010011111110100001110010010111,116500014,0,0.026667,0.400000
116486200,74,10101001100000010101011100001101000000001000011010111101011100001001100011,116481607,0,0.066667,1.000000
116486202,81,011010001000110100001010101110000110100000000110001001111111010000011100000101110,116481607,0,0.066667,1.000000
116486203,81,001110100010001101000010101011100001101000000001100010011111110100001110010010111,116498412,0,0.066667,0.600000
116486205,81,011010001000110100001010101110000110100000000110001001111111010000011100000101110,116506696,0,0.066667,1.000000
116486207,82,0111100010001101000010101011100001101000000001100010011111110100001110001001011101,116506696,0,0.066667,1.000000
116486208,81,011010001000110100001010101110000110110000000110001001111111010000111100000101110,116506696,0,0.053333,0.800000
116486209,81,001110100010001101000010101011100001101000000001100010011111110100001110010010111,116506696,0,0.066667,1.000000
116486210,82,0111100010001101000010101011100001101000000001100010011111110100001110001001011101,116481607,0,0.066667,1.000000
116486211,79,0111100000001101000010101011100001101000000001110010011101101000011010010010111,116498412,0,0.066667,0.600000
116486212,81,001110100010001101000010101011100001101000000001100010011111110100001110010010111,116481607,0,0.066667,1.000000
116486213,79,0111100000001101000010101011100001101000000001110010011101101000011010010010111,116481607,0,0.066667,1.000000
116486215,86,01110111101000000100001010101110000110100000000110111101011010101100011001110001110100,116498412,0,0.066667,0.600000
116486216,77,11110100101100000010101011100001101000000001000010010111000011100001011101011,116495386,0,0.040000,0.600000
116486217,79,1101011100011000000101010111000011010000000011000000111111100011001100011001110,116500009,0,0.066667,1.000000
116486218,79,1101011100011000000101010111000011010000000011000000111111100011001100011001110,116481609,0,0.066667,1.000000
116486219,75,000110101110100011010101110000110100000000101001001011111011110111001101001,116505117,0,0.070000,0.700000
116486220,75,000110101110100011010101110000110100000000101001001011111011110111001101001,116478435,0,0.026667,0.400000
116486221,82,1011010001000111100001010101110000111100000000110001001011111010000111100001011101,116495386,0,0.033333,0.500000
116486222,75,001101011101000010101011100001101000000001000011010110100011101001001100111,116495386,0,0.040000,0.600000
116486224,83,00011010001000110100001010101110000110100000000110001001111111010000111100100101110,116495386,0,0.040000,0.600000
116486227,77,11110100101100000010101011100001101000000001000010010111000011100001011101011,116495386,0,0.040000,0.600000
116486228,86,00110010010011111100100101010111000011010000000010001001111101011000011110110011100110,116481609,0,0.066667,1.000000
116486229,79,1101011100011000000101010111000011010000000011000000111111100011001100011001110,116481609,0,0.066667,1.000000
116486230,74,10101001000000010101011100001101000000001000011010111001011100001001100001,116480036,0,0.053333,0.800000
116486231,77,10101100100011000001010101110000110100000000110001001010111100110011100111001,116480036,0,0.053333,0.800000
116486233,83,11001000001011100000110101011100001101000000001000100111110101100011010011000110010,116500009,0,0.053333,0.800000
116486234,77,10101100100011100001010101110000110100000000110001001010111100110011100111001,116505127,0,0.040000,0.400000
116486235,77,10101100100011100001010101110000110100000000110001001010111100110011100111001,116501532,0,0.020000,0.600000
116486237,75,001101011101000010101011100001101000000001000011011110100011101001001100111,116478435,0,0.026667,0.400000
116486238,74,10101001100000010101011100001101000000001000011010111101011100001001101011,116505127,0,0.040000,0.400000
116486239,74,10101001100000010101011100001101000000001000011010111101011100001001101011,116481609,0,0.066667,1.000000
116486240,83,01101110100010001001000010101011100001101000000001000100111011000000011100100000111,116488547,0,0.053333,0.800000
116486243,76,1110100001100000010101011100001101000000001000011010111000011100001010100011,116481610,0,0.050000,1.000000
116486244,75,001101011101000010101011100001101000000001000011010110100011101001001100111,116506697,0,0.066667,1.000000
116486246,74,10101001000000010101011100001101000000001000011010111001011100001001100001,116484999,0,0.040000,0.800000
116486247,73,1111011100000010101011100001101000000001000010110111000111001010011000111,116476982,0,0.100000,1.000000
116486248,77,01011000101000000010101011100001101001000001101010010111110000100111011100001,116506697,0,0.053333,0.800000
116486249,77,01011000101000000010101011100001101001000001101010010111110000100111011100001,116485002,0,0.053333,0.800000
116486250,78,001011000101000000010101011100001101000000001100010010101110011100110011100010,116490332,0,0.100000,1.000000
116486251,82,1011010001000111100001010101110000110100000000110001001011111010000111100001011101,116476982,0,0.100000,1.000000
116486253,75,010110010000100000101010111000011010000000011000100101011100011001110111001,116484999,0,0.040000,0.800000
116486257,84,001011010000000110100001010101110000110100000000110001001111111000000111100110101110,116505134,0,0.060000,0.600000
116486258,77,01011001100110000001010111110100110100000000100001001011101000101110001110110,116503242,0,0.080000,0.800000
116486261,82,1011010001000110100001010101110000110100000000110001001111110010000111100100101110,116503239,0,0.080000,0.800000
116486262,76,1010100001100000010101011100001101000000001000011010111000111100001010100011,116463291,0,0.070000,0.700000
116486264,80,01101000100010000001010101110000110100000000111000001111111010000111000001011101,116492269,0,0.046667,0.700000
116486265,80,11100100101011000001101010111000011010000000011000100101111100011000100011100100,116481613,0,0.200000,1.000000
116486266,82,1101110000010001001000010101011100101101000000001000100111011000000011100100000111,116481613,0,0.140000,0.700000
116486267,77,10010010101000000101010111000111010100000010000100101111100011001100111100100,116492269,0,0.040000,0.600000
116486274,78,110111010001100000010101011100001101000000001100010101111110001000111101110010,116481613,0,0.160000,0.800000
116486279,75,101010111000000101010111000011010000000010000101101110001110010100110001111,116481615,0,0.050000,1.000000
116486280,82,0011010001001110100001010101110000110100000000110001001111111010000111000001011101,116481615,0,0.050000,1.000000
116486282,75,101010111000000101010111000011010000000010000101101110001110010100110001111,116466868,0,0.200000,1.000000
116486286,81,100010100000001001010010101011101001101000000001110010011111110100001110010010111,116481615,0,0.050000,1.000000
116486287,86,00110000000011111100000101010111000011010000000010001001111101011000011110110011100110,116466868,0,0.200000,1.000000
116486288,78,001011000101010000010101011100001101000000001100010010110110011100110011100010,116481615,0,0.050000,1.000000
116486289,79,1110100101011000000101010111000011010000000011000100101111100011000100011101100,116506697,0,0.066667,1.000000
116486290,82,0000101010001101000010101011100001101000100001100100111110101000111110010010111110,116492282,0,0.046667,0.700000
116486291,83,01111000100011010000101010111000011010000000011000100111111101000011110010010111010,116476982,0,0.100000,1.000000
116486299,79,1101001101011000000101010111000011010000000011100000101111100011001101011100110,116476982,0,0.100000,1.000000
116486302,73,1110111000000101010111000011010000000010000101101111000101000010011000101,116498416,0,0.080000,0.800000
116486307,77,01011001000100010011010101110000110100000000110000010111100101100111111101010,116486629,0,0.060000,0.600000
116486309,86,00110010010011111100100101010111000011010000000010001001111101011000011110110011100110,116498416,0,0.070000,0.700000
116486311,79,1101100100001000000101010111000011010010000011000100111111100010001100011000111,116476982,0,0.080000,0.800000
116486314,73,1111011100000010101011100001101000000001000010110111000111001010011000111,116506707,0,0.080000,0.800000
116486315,77,01111100101100000010101011100001101000000001100110010111110000100110000110010,116483543,0,0.100000,1.000000
116486316,76,1010110010000100000101010111000011010000000011000100101011100011001110111001,116506698,0,0.070000,0.700000
116486317,80,01101000100001010000101010111100011010000000011001001111111000000111100100001110,116506707,0,0.070000,0.700000
116486321,74,11101000011000000101010111000011010000000010000110101110000111000001110001,116503244,0,0.100000,1.000000
116486322,82,1101110000010001001000010101011100101101000000001000100111011000000011100100000111,116506710,0,0.053333,0.800000
116486323,78,110111010001100000010101011100001101000000001100010101111110001000111101110010,116483548,0,0.100000,1.000000
116486324,81,011010001000110100000010101110000110100000000110001001111111010000111000000101110,116490321,0,0.028000,0.700000
116486325,77,01011000101000000010101011100001101001000001101010010111110000100111011100001,116483549,0,0.200000,1.000000
116486327,82,1010000101001100000111010111000011010000000010001001111101011000111100110011110101,116483551,0,0.100000,1.000000
116486328,79,1101000110011010000101010111000011010000000011000100111111010000111000100101111,116492273,0,0.053333,0.800000
116486329,80,01111010001001110000001010101110000110100000000110011001011111001010011111111001,116500013,0,0.100000,1.000000
116486331,79,0011111000101100100010101011100001101000000001100110010111110000110110001110010,116500013,0,0.100000,0.800000
116486335,78,011011001000110000001010101110000110100000000110101001011101000100111000111001,116505126,0,0.053333,0.800000
116486336,73,1110111000000101010111000011010000000010000101101111000101000010011001111,116480045,0,0.066667,1.000000
116486337,73,1110111000000101010111000011010000000010000101101111000101000010011001111,116480045,0,0.066667,1.000000
116486338,77,10010010101000000101010111000011010100000010000100101111100011001100111100100,116508505,0,0.053333,0.800000
116486339,79,0100100110001001000010101011100001101000000001100110011111110100001111010010111,116483551,0,0.100000,1.000000
116486340,78,110110010101100000010101011100001101000000001100010111111110001010111101110010,116481598,0,0.040000,0.800000
116486341,83,11001000001011100000110101011100001101000000001000100110110101100011011011000110010,116508502,0,0.053333,0.800000
116486342,77,11110100001100000010101011100001101000000001000011010111000011100001011100011,116478442,0,0.035000,0.800000
116486343,78,010110000001100000110101011100001101000000001101000101111000011001111101010100,116471682,0,0.030000,0.600000
116486350,73,1101011100000101010111000011010000000010000100101111000111001000010000010,116484996,0,0.200000,1.000000
116486357,74,10101001100000010101011110001101000000001100011010111101011100001001101011,116501519,0,0.022857,0.800000
116486359,81,011010001000110101001010101110000110100000000110001001111111010000111000000101110,116492284,0,0.024000,0.600000
116486361,75,001101011101000010101011100001101000000001000011011110100011101001001100111,116486642,0,0.160000,0.800000
116486364,74,11101000011000000101010111000011010000000010000110101110000111000001110001,116508503,0,0.160000,0.800000
116486367,79,0111100000001101000010101011100001101000000001110010011101101000011010010010111,116486642,0,0.160000,0.800000
116486370,79,0100100110001001000010101011100001101000000001100110011111110100001111010010111,116483551,0,0.100000,0.800000
116486372,78,010001001010110000001010101110000110100000001100010010101110001000111001110001,116500013,0,0.080000,0.800000
116486373,70,1010111010000111010111000011010000000011000110101011010110010100111111,116500013,0,0.080000,0.800000
116486377,79,0110100010001101000010101011100001101010000011000100111111101000011110000010111,116483551,0,0.070000,0.600000
116486380,74,10101001100000010101011100001101000000001000011010111100011100001001100011,116503230,0,0.200000,1.000000
116486381,79,1101000110011010000101010111000011010000000011000100111111010000111000100101111,116484998,0,0.200000,1.000000
116486384,84,111001000001011100000110101001100011101000000001000100111111101100011010011010110010,116484998,0,0.120000,0.600000
116486385,78,011110110010011110000110101011000001101100000001000110010111110001001110011100,116481596,0,0.040000,0.600000
116486386,81,011010001000110100001010101110000110100000000110001001111111010000111000000101111,116505126,0,0.053333,0.800000
116486387,80,01101000100010000001010101110000110100000000111000011111111010000111000001011101,116480043,0,0.100000,1.000000
116486388,79,1011011001000110000101010101110000110110000000110101001011101000000111000111001,116485002,0,0.046667,0.700000
116486389,77,01010000101000000010101011100001101001000001100010010111110001100111011100101,116481611,0,0.053333,0.800000
116486391,80,01101000100011010000101010111000011010000000011001001011111000000111100100101110,116506699,0,0.066667,1.000000
116486392,80,01101000100011010000100010111000011010000001011001001011111000000111100100101110,116506699,0,0.046667,0.700000
116486393,78,110101100100001000001010101110000110100000000110001001010111000110011100111001,116484999,0,0.050000,1.000000
116486394,71,01110111000001010101110000110100000000100001011011100011100101001100011,116485002,0,0.066667,1.000000
116486396,86,00110010010011111100100101010111000011010000000010001001111101011000011110110011100110,116476987,0,0.080000,0.800000
116486397,80,01111011001011111000001010101100000110100000000100011001011111000110011100111001,116476971,0,0.080000,0.800000
116486398,80,01110100010001101000010101011100001101000000001100010011111110100001110010010111,116481596,0,0.053333,0.800000
116486400,78,111010010101100000010101011100001101000000001100010010111110001100100011101100,116484999,0,0.050000,1.000000
116486401,82,0011010001000110100011010101110000110100000000110101001111111010000111000001011101,116505121,0,0.053333,0.800000
116486402,80,11100100101011000000101010111000011010000000011000100101111100011000100011100100,116484999,0,0.050000,1.000000
116486403,80,01101000100011010000101010111000011010000000011001001011111000000111100100101110,116476987,0,0.100000,1.000000
116486404,80,01111011001011111000001010101100000110100000000100011001011111000110011100111001,116484999,0,0.050000,1.000000
116486405,79,1011011001000110000101010101110000110110000000110101001011101000000111000111001,116484999,0,0.050000,1.000000
116486408,79,1101100101011000000101010111000011010010000011000000101111100011101101011100110,116485000,0,0.080000,0.800000
116486409,79,1101100101011000000101010111000011010010000011000000101111100011101101011100110,116505135,0,0.140000,0.700000
116486410,77,11010001000110100001010101110000110100000000100001001011111000110111000111001,116478438,0,0.100000,1.000000
116486411,79,0110101010001101000010001011100001101000100001100100111110011000111110010110111,116485000,0,0.100000,1.000000
116486412,77,11010001000110100001010101110000110100000000100001001011111000110111000111001,116485000,0,0.100000,1.000000
116486414,83,01011010000000110100001010101110000110100000000110001001101111000000011100100101110,116483540,0,0.040000,0.800000
116486415,73,1111011100000010101011100001101000000001000010110111000111001010011000111,116485000,0,0.100000,1.000000
116486417,86,00110000000011111100000101010111000011010000000010001001111101011000011110110011100110,116483540,0,0.040000,0.800000
116486418,78,110101100100001000000101010111000011010000000011000100101010000110011100111001,116485000,0,0.100000,1.000000
116486419,76,1111101110000001010100110100110100000000100001010011110001110011100110001111,116485001,0,0.160000,0.800000
116486423,78,010011001000110100001010101110000110100000001100010010111110011000111001110011,116485001,0,0.200000,1.000000
116486424,75,101010011000000101010111000011010000000010000110101111000111000010011000111,116485001,0,0.200000,1.000000
116486426,78,001011101010110010001010101110000110100000000110011001011111000011011000111001,116465102,0,0.080000,0.800000
116486427,74,10101001100000010001011100001101000000001000011010111100011100001001100011,116503231,0,0.028000,0.700000
116486428,78,110100010000101000010101011100001101000000001100100101111100000011100100101110,116485002,0,0.066667,1.000000
116486429,80,11100100101011000000101010111000011010000000011000100101111100011000100011100100,116481596,0,0.053333,0.800000
116486430,79,0000100110001001000010101011100001101000000001100110011111110100001111010010111,116506699,0,0.066667,1.000000
116486432,82,1101110100010001001000010101011100001101000000001000100111011000000011100100000111,116508496,0,0.100000,1.000000
116486434,79,0111100000001101000010101011100001101000000001110010011001101000011010010010111,116505126,0,0.053333,0.800000
116486435,83,01011010001000110100001010101110000110100000000110001001111111000000111000100101110,116485002,0,0.066667,1.000000
116486436,73,1111011100000010101011100001101000000001000010110111000111001010011000111,116468455,0,0.053333,0.800000
116486439,70,1010111010000101011111000011010000000011001010101111100110011100101100,116501530,0,0.060000,0.600000
116486442,77,11010011000110100001010101110000110100000000100001001011111000110111000111001,116486641,0,0.022857,0.800000
116486443,80,01111010001001110000001010101110000110100000000110011001011111001010011111111001,116473635,0,0.053333,0.800000
116486444,80,01110100000001101000000101011100001101000000001110010011111110100001110010010111,116485004,0,0.053333,0.800000
116486446,86,00110010010011111100100101010111000011010000000010001001111101011000010110110011100110,116490328,0,0.066667,0.600000
116486447,76,1110100001100000010101011100001101000000001000011010111000011100001010100011,116490328,0,0.066667,0.700000
116486448,81,011010001000110100001010101110000110100000000110001001111111010000111100000101110,116485004,0,0.066667,1.000000
116486461,79,0011000010011000000101010111000011010000000010001011011010110101101000100110001,116498401,0,0.100000,1.000000
116486463,82,0110100000001101000010101011110001101000000001100010011111110100001110000010111011,116498401,0,0.080000,0.800000
116486464,81,010010011000100100001010101110000110100000000111001001111111010000111110100101110,116486640,0,0.040000,0.400000
116486469,75,010110010000100000101010111000011010000000011000100101011100011001110111001,116490319,0,0.100000,1.000000
116486471,79,1101100101011000000101010111000011010000000011000000101111100011001101011100110,116495375,0,0.066667,0.600000
116486475,77,01011001000100000011010101110000110100000000110000010111100101100111111101010,116505128,0,0.053333,0.800000
116486478,79,0111100000001101000010101011100001101000000001110010111101101000011010010010111,116495375,0,0.066667,0.600000
116486483,75,101010011000000101010111000011010000000010000110101111000011000010011000111,116485000,0,0.100000,1.000000
116486484,74,10101001100000010101011100001101000000001000011110111101011100001001101011,116485000,0,0.100000,1.000000
116486485,78,111110000000110100001010101110000110100000000111001001110110100001101101001011,116503247,0,0.066667,1.000000
116486486,73,1101011100000101010111100011010000000010000100101111100111001010110000110,116498419,0,0.080000,0.800000
116486491,75,101010111000000101010111000011010000000010000101111110001110010100110001111,116478448,0,0.028000,0.700000
116486495,77,11010011000100100001011101110000110100000000110001001100110100001010010010111,116490313,0,0.033333,0.500000
116486497,77,11011001010110000001010101110000110100000000110000010110110001100110101110011,116486652,0,0.040000,0.600000
116486498,87,011101111010000001000010101011100001101000000001101111010110101011000110011100011111001,116486652,0,0.040000,0.600000
116486499,80,01101000100011010100101010111000011110000000011001001111111000000111000100001110,116485008,0,0.200000,1.000000
116486503,74,00111010111010001101010111000011010000000010100100111011101111011100110100,116485008,0,0.200000,1.000000
116486505,77,01011000101000000010101011100101101000000001100011010100110001100111011100010,116501532,0,0.025000,0.500000
116486507,81,011010001000110100001010101110000110100000000110001001111111010000111100000101110,116485008,0,0.200000,1.000000
116486508,76,1011110010110000001010101110000110100000001100110010111110000100110000110010,116490313,0,0.033333,0.500000
116486509,81,011010001000110100001010101110000110100000000110001001111111010000111100000101110,116476974,0,0.030000,0.400000
116486512,80,10101100100001000000101010111000011010000000010000100101011100011001110011100111,116486652,0,0.040000,0.600000
116486513,77,10010011000100100001011101110000110100000000110001001100110100001010010010111,116486652,0,0.033333,0.500000
116486514,82,0110100011001101000110101011100001101000000001110010011111111100001100000010111010,116501532,0,0.030000,0.600000
116486517,81,011010001000110100001010101110000110100000000110001001111111010000111100000101110,116481595,0,0.053333,0.800000
116486518,81,011010001000110100001010101110000110100000000110001001111111010000011100000101110,116485009,0,0.100000,1.000000
116486520,83,11001000001011110000110101011100001101000000001000100110110101100011011011000110010,116481608,0,0.035000,0.700000
116486521,83,00110100110101001000010101011100001101000000001101010011111110100001111001001011101,116485009,0,0.100000,1.000000
116486522,73,0111101101000010101011100001101000000001000011010110100011101001001101111,116485009,0,0.040000,0.400000
116486524,76,1010110010000100000101010111000011010000000011000100101011100011001110111001,116485009,0,0.100000,1.000000
116486525,75,111101110000001010101110000110100000000100001001011110001110010100110001111,116485009,0,0.100000,1.000000
116486526,71,11110111000000101010111000011010000000010000101101100011100101001100011,116485015,0,0.033333,0.500000
116486531,82,1101110000010001001000010101011100101101000000001000100111011000000011100100000111,116485009,0,0.100000,1.000000
116486533,80,01111000100011010000101010111000011010000100011100100111011010000110100100101111,116485010,0,0.053333,0.800000
116486537,77,11001001010110000001000101110000110100000000100001001011111000110011000110010,116490317,0,0.053333,0.700000
116486538,71,11110110000001010101110000110100000000100001011011100011100101000100011,116485010,0,0.066667,1.000000
116486547,82,0111100010001101000010101011100001101000000001100010011111110100001111001001011101,116485010,0,0.066667,1.000000
116486555,76,1001001100010010000101010111000011010000001110001001101111010000111101001111,116490317,0,0.040000,0.600000
116486557,83,01011010001000110100001010101110000110110000000110001001111111010000111100100101110,116486627,0,0.030000,0.600000
116486558,83,01011010000000110100001010101110000110100000000110001001111111000000011100100101110,116492271,0,0.046667,0.700000
116486559,82,0110101010001001000010101011100001101000100001101010011111010100011011001001011101,116475186,0,0.050000,0.500000
116486560,76,1011010001000000110101011100001101000000001100000101111000011001111111010100,116478437,0,0.028000,0.800000
116486563,75,101010011000000101010111000011010000000010000110100111000111000010011000111,116465087,0,0.080000,0.800000
116486565,77,11010001000110100001010101110000110100000000100001001011111000110111000111001,116486627,0,0.035000,0.700000
116486567,83,01011010001000110100001010101110000110110000000110001001111111010000111100100101110,116505124,0,0.046667,0.700000
116486570,81,110101100100001000000101010111000011010000000010000100101011100011001110011100111,116495378,0,0.053333,0.800000
116486572,83,11001000001011100000110101011100001101000000001000100111110101100011010011000110010,116495378,0,0.046667,0.700000
116486574,73,0111101110100001010101111000110100000000100001100110100011101001001100110,116495378,0,0.046667,0.700000
116486577,79,0111100000001101000010101011100001101000000001110010011101101000011010010010111,116486638,0,0.050000,1.000000
116486578,80,01101000100001010000101010111100011010000000011001001111111000000111100100001110,116492269,0,0.040000,0.600000
116486579,73,0111101110100001010101111000110100000000100001100110100011101001001100110,116492269,0,0.040000,0.600000
116486580,79,0111100000001101000010101011100001101000000001110010011101101000111010010010111,116492271,0,0.066667,0.700000
116486581,80,01110100010001101000010101011100001101000000001100010011111110100001110010010111,116485013,0,0.066667,1.000000
116486582,80,11100100101011000001101010111000011010000000011000100101111100011000100011100100,116485013,0,0.053333,0.800000
116486583,80,01110100010001101000010101011100001101000000001100010011111110100001110010010111,116485013,0,0.066667,1.000000
116486584,81,011010001000110100001010101110000110100000000110001001111111110000111000000101111,116485013,0,0.066667,1.000000
116486588,84,010110000010001000000101010111000011110000000010001100111101011000111100110011010101,116485014,0,0.066667,1.000000
116486589,80,01111010001001110000001010101110000110110000000110011101011111001110011111110101,116485014,0,0.066667,1.000000
116486590,79,1110100101011000000101010111000011010000000011000100101111100011000100011101100,116501513,0,0.040000,0.600000
116486592,78,001011000101000000010101011100001101000000001100010010111110011100111011100010,116485014,0,0.040000,0.600000
116486593,81,011010001000110100001010101110000110100000000110001001111111010000111100000101100,116505129,0,0.040000,0.600000
116486594,82,0110101010001001000010101011100001101000100001101010011111010100011011001001011101,116501513,0,0.033333,0.500000
116486595,72,011010111010000101010111000011010000000010000110101010001110100100110011,116476984,0,0.050000,0.500000
116486596,82,1101110100010001001000010101011100001101000000001000100111011000000011100100000111,116485014,0,0.066667,1.000000
116486600,80,01101000100011010000101010111000011010000000011000100111111010000111100100101110,116485009,0,0.040000,0.400000
116486601,85,1110111010000001000010101011100001101000000001101111010110101011000110011100011111000,116492279,0,0.053333,0.800000
116486602,74,11101000011000000101010111000011010000000010000110101110000111000001110001,116481608,0,0.040000,0.800000
116486603,80,01101000100011010000101010111000011010000000011000100111111010000111110100101110,116485015,0,0.066667,1.000000
116486604,85,1110111010000001000010101011100001101000000001101111110110101011000110011100011111000,116492279,0,0.053333,0.800000
116486605,74,01101011101000010101011100001101000000001000011010110100011101001001100011,116486641,0,0.022857,0.800000
116486606,76,1011011100000010101011000001100000000001000010100111100011100111001100011111,116485009,0,0.040000,0.400000
116486607,76,1011011100000010101011000001100000000001000010100111100011100111001100011111,116485009,0,0.040000,0.400000
116486609,80,01101000100011010000101010111000011010000000011000100111111010000111100100101110,116485009,0,0.040000,0.400000
116486610,74,01101011101000010101011100001101000000001000011010110100011101001001100011,116506694,0,0.066667,1.000000
116486613,85,1110111010000001000010101011100001101000000001101111010110101011000110011100011111000,116485009,0,0.040000,0.400000
116486614,81,011110010011100110000010101011100001101000000000100110010111110001100111111110010,116485015,0,0.066667,1.000000
116486615,70,0101011101000010001011100001101000000011000010101111000110001100111111,116485016,0,0.200000,1.000000
116486616,79,0011000010011000000101010111000011010000000010001011011010110101101001100111001,116503249,0,0.080000,0.800000
116486618,77,11010001000110100001010101110000110100000000100001001011111000110111000111001,116485016,0,0.200000,1.000000
116486619,79,1101011101110100001010101100001110100000000101001100011100010110010100110101100,116485016,0,0.200000,1.000000
116486620,70,0101011101000010001011100001101000000011000010101111000110001100111111,116485016,0,0.200000,1.000000
116486621,77,11010001000110100001010101110000110100000000100001001011111000110111000111001,116492290,0,0.080000,0.800000
116486622,74,11010111000001010101111000110100000000100001001011111001110010101100001100,116476971,0,0.080000,0.800000
116486623,78,111010010101100000010101011100001101000000001100010010111110001100100011101100,116465090,0,0.040000,0.800000
116486624,77,11010001000110100001010101110000110100000000100001001011111000110111000111001,116465090,0,0.040000,0.800000
116486661,73,1111011100000010101011100001101000000001100010110111000111001010011000111,116486651,0,0.045788,1.000000
116486663,73,1111011100000010101011100001101000000001100010110111000111001010011000111,116498402,0,0.040000,0.800000
116486665,77,01011001100110000001010111110100110100000000100001001011101000101110001110110,116471674,0,0.060000,0.600000
116486689,78,001011101010110000001010101110000110100000000010011001011110000010011000111001,116501521,0,0.100000,0.500000
116486694,81,010010011000100100001010101110000110100000000111101001111111010000111110100101110,116490315,0,0.070000,0.700000
116486703,80,01101000100010000001010101110000110100000000111000001111111010000111000001011101,116468461,0,0.026667,0.800000
116486723,78,110111010001100000010101011100001101000000001100010101111110001000111101110010,116490319,0,0.100000,1.000000
116486727,82,1101110100010001001000010101011100011101000000001000100111011000000011100100000111,116492286,0,0.060000,0.600000
116486728,83,10110100010101101000010101011100001101000000001100110011111110100001111000001001100,116498401,0,0.100000,1.000000
116486756,78,101011001000110000010101011100001101000000001100010010101111001100111001110010,116492286,0,0.070000,0.700000
116486760,73,0111101110100001010101111000110100000000100001100110100011101001001100110,116466865,0,0.035000,0.700000
116486783,70,1010111010000101010111000011010000000011000000101111000100011100111101,116488545,0,0.100000,1.000000
116486786,77,11011001000110000001010101110000100100000000100001000011101001100101000111101,116495374,0,0.120000,0.600000
116486793,82,1001000001001100000010101011100001101000000001000100111110101001011010011001110011,116492270,0,0.100000,0.600000
116486795,81,001101000110011010000101010111010011010000000110001001111111010000111010101010101,116465105,0,0.060000,0.600000
116486809,85,0011011000011111110000010101011100001101000000001000100111101011000011010110011100111,116490314,0,0.066667,1.000000
116486810,82,0110100010101101000010101011100001101000000001100110011111110100001111000001001100,116499999,0,0.032000,0.800000
116486817,86,01110111101000000100001010101110000110100000000110111101011010101100011101111001111100,116468449,0,0.140000,0.700000
116486826,82,1011010001000111100001010101110000111100000010111001001011111010000111100001011101,116492268,0,0.140000,0.700000
116486852,82,1100100000100110000001010101110000110100001000100010011011010110001101011100011001,116500006,0,0.160000,0.800000
116486855,81,011010001000111100001011101110000111100000000110001001111111010000111100001011001,116490315,0,0.060000,0.600000
116486865,80,01001011101000110000001010101010000110100000000110011001011111000010011000011001,116488562,0,0.046667,0.700000
116486873,79,1001001100010010000101010111000011010000000011100100111111101000111111010001110,116488562,0,0.053333,0.800000
116486875,83,11101100010101110000001010101110000110100000000100110011111010110001111001100011001,116488562,0,0.053333,0.800000
116486877,79,0010111010101100000010101011100001101000000000100110010111100000100110001110011,116480043,0,0.080000,0.800000
116486880,74,00011010111010001101010111000011010000000010100100101111101111011100110100,116488562,0,0.046667,0.700000
116486882,78,010010001010000000101010111001001010000000011000110101111100011000110111100100,116500002,0,0.033333,0.500000
116486883,80,11100100101011000000101010111000011010000000011000100101111100011000100011100100,116496905,0,0.053333,1.000000
116486884,80,11100100101011000000101010111000011010000000011000100101111100011000100011100100,116485010,0,0.053333,1.000000
116486886,80,11100100101011000001101010111000011010000000011000100101111100011000100011100100,116471693,0,0.053333,0.800000
116486887,75,111101110000001010101010000110100000000100001011011100001110011100100001111,116500006,0,0.160000,0.800000
116486888,87,011101111010000001000010101111100001101000000001101111010110101011000110011100011111000,116485004,0,0.040000,0.800000
116486891,82,0011010001000110100001010101110000110100000000110001011111111010000111100000101110,116498402,0,0.040000,0.800000
116486894,84,111011000101011100000010101011100011101000000001000100111110100100011110011001110010,116478448,0,0.024000,0.600000
116486897,77,01110100001100000010101011100001101000000001000011010110000011100001011100011,116471674,0,0.080000,0.800000
116486898,76,1111101110000001010100110000110100000000100001010011110001110011100110001111,116471674,0,0.070000,0.700000
116486900,78,010011001000110100001010101110000110100000001100010010111110011000111001110011,116475183,0,0.080000,0.700000
116486903,70,1010111010000101011111000011010000000011001010101111100110011100101100,116465089,0,0.120000,0.600000
116486906,79,0100100110001001000010101011100001101000000001100110011111110100001111010010111,116486628,0,0.060000,0.600000
116486907,75,001101011101000010101011100001101000000001000011010110100011101001001100111,116476976,0,0.050000,0.800000
116486910,77,11011001000110000001010101110000110100000000100001000011101001100101000111101,116501514,0,0.200000,1.000000
116486921,82,1011010001000110100001010101110000110100000000110001001111111000000111100100101110,116492287,0,0.060000,0.600000
116486922,83,11001000001011100000110101011100001101000000001000100111110101100011010011000110010,116492287,0,0.070000,0.700000
116486923,86,00110010000011111100000101010111000011010000000010001001111101011000011110110011100110,116470078,0,0.053333,0.800000
116486924,81,101111000100001010000101010111000011010000000011100100111011010000110100000101111,116490326,0,0.053333,0.800000
116486928,81,011010001010110100001010101100000110100000000110001001110111110000111000000101110,116488550,0,0.035000,0.700000
116486932,78,001111100101100000010101011100001101000000001100110011111110000100110000110010,116496910,0,0.200000,1.000000
116486933,77,10011011111010000101010111000011011000000010000110101101000110010010011001111,116496910,0,0.160000,0.800000
116486935,74,10101001100000010101011100001101000000001000011010111101011100001001101011,116503233,0,0.080000,0.800000
116486936,79,0100100110001001000010101011100001101000000001100110011111110100001111010010111,116498403,0,0.200000,1.000000
116486937,86,00110010010011111100100101010111000011010000001010001001111100011000001110110011100110,116496910,0,0.140000,0.700000
116486938,72,110100101100000010101011101001101000000001000011010111100011001010011101,116496910,0,0.160000,0.800000
116486939,79,0111100000001101000010101011100001101000000001110010011101101000011010010010111,116503233,0,0.080000,0.800000
116486947,81,011010001000110100001010101110000110101000000110001001111111010000111100000101110,116488545,0,0.080000,0.800000
116486949,75,101110111000000101010111000011010000000010000101101110101110010100110001111,116471684,0,0.053333,0.800000
116486953,82,1010000101001100000111010111000011010000000010001001111101011000111100110011110101,116459871,0,0.100000,1.000000
116486954,80,01101000100010000001010101110000110000000000111000001111111010000111000001011101,116459872,0,0.066667,1.000000
116486955,80,01110100010001101000010101011100001101000000001100010011111110100001110010010111,116459872,0,0.066667,1.000000
116486956,75,010101001100000010101011100001101000000001000011010111101011100001001101011,116459872,0,0.066667,1.000000
116486957,79,1001001100010010000101010111000011010000000011100100111111101000011111010001110,116459872,0,0.066667,1.000000
116486958,79,1101000110011010000101010111000011010000000011000100111111010000111000100101111,116459872,0,0.066667,1.000000
116486959,77,01011001000100000011010101110000110100000000110000010111100101100111111101010,116496912,0,0.040000,0.400000
116486960,80,10110101000001101000010101011100001101000100001100100111110011000111110010110111,116459872,0,0.066667,1.000000
116486961,77,01111100101100000010101011100001101000000001100110010111110000100110000110010,116459872,0,0.066667,1.000000
116486963,78,110101100100001000000101010111000011010000000011000100101010000110011100111001,116496912,0,0.040000,0.400000
116486965,79,1010110010000100000010101011100001101000000001000010010101110001100111010110011,116496912,0,0.050000,0.500000
116486968,76,1011010111000001010101111000110100000000100001001011101001110010101100001100,116459872,0,0.066667,1.000000
116486973,81,011010001000110100001010101110000110100000000110001001111111010000111000000101110,116476974,0,0.020000,0.400000
116486976,76,1110100001100000010101011100001101000000001000011010111000011100001010100011,116490316,0,0.040000,1.000000
116486994,79,0011000010011000000101010111010011010000000010001011011010110101101000100110001,116492288,0,0.039293,0.800000
116486995,86,01110111101000000100001010101110000110100000000110111101011010101100011001110001110100,116492288,0,0.049116,1.000000
116487002,70,1010111010000101010111000011010000000011000000101111000100011100111101,116465102,0,0.100000,1.000000
116487004,88,0011001000001111110000010101011100001101000000001000100111110101101001111011001111011000,116490333,0,0.140000,0.700000
116487006,83,11001000001011100000110101011100001101000000001000100110110101100011011011000110010,116488545,0,0.080000,0.800000
116487008,75,010110010000100100101010111000011010000000011000100101011100011001110111001,116495374,0,0.120000,0.600000
116487009,82,1101110100010001001000010101011100001101000000001000100111011000000011100100000111,116488546,0,0.053333,0.800000
116487011,75,011010111000001010101111000110100000000100001001011101001110010101100001100,116488546,0,0.046667,0.700000
116487013,80,01101000100011010000101010111000011010000000011000100111110010000111100100101110,116470083,0,0.080000,0.800000
116487015,83,01011010001000110100001010101110000110110000000110001001111111010000111100100101110,116485004,0,0.053333,0.800000
116487018,70,0101011000000101010111000011010000000010000110101101000110010000110001,116476974,0,0.020000,0.400000
116487019,79,0110100010001101000010101011100001101000000001100010011111110100011100010010111,116508500,0,0.200000,1.000000
116487020,76,1011110010110000001010101110000110100000001100110010111110000100110000110010,116461656,0,0.066667,1.000000
116487022,75,101010011000000101010111000011010000000010000110101111000111000010011000111,116461656,0,0.066667,1.000000
116487023,72,110100101100000010101011101001101000000001000011010111100011001010011101,116461656,0,0.066667,1.000000
116487024,75,101010011000000101010111000011010000000010000110101111000111000010011000111,116503228,0,0.080000,0.800000
116487026,75,101110111000000101010111000011010000000010000101101110001110010100110001111,116461656,0,0.066667,1.000000
116487028,75,101110111000000101010111000011010000000010000101101110001110010100110001111,116503228,0,0.080000,0.800000
116487030,84,110010000010111100001101010111000011010000000010001001101101011000110110110001100101,116461656,0,0.066667,1.000000
116487031,80,01101000100011010000101010111000011110000000011001001111111000000111000000001110,116503228,0,0.070000,0.700000
116487032,80,01110100010001101000010101011100001111000000001110010011111110100001100010010111,116461656,0,0.066667,1.000000
116487033,79,1010110010000100000010101011100001101000000001000010010101110001100101010110011,116503242,0,0.080000,0.800000
116487041,77,11011001000110000001010101110000100100000000100001000011101001100101000111101,116501519,0,0.022857,0.800000
116487044,79,1101011101110100001010101100001110100000000101001100011100010110010100110101100,116490318,0,0.046667,0.700000
116487047,75,101100110011000000101010111000011010000000010000100101110100010111100101011,116500012,0,0.080000,0.800000
116487049,75,101110011000000101010111000011010000000010000101101110001110010100110001111,116478445,0,0.053333,0.800000
116487053,77,01110100101100000010101011100001101000000001000110010111110000100110000110010,116494067,0,0.040000,0.400000
116487055,79,1110100101011000000101010111000011010000000011000100101111100011000100011101100,116494067,0,0.040000,0.400000
116487056,81,011110010011100110000010101011100001101000000000100110010111110001100111111110010,116490323,0,0.046667,0.700000
116487058,77,01111101110000001010101110000110100000001100001011011110001110010100110101111,116470078,0,0.046667,0.700000
116487061,70,0101011101000010001011100001101000000011000010101111000110001100111111,116505130,0,0.070000,0.700000
116487062,79,0100100110001001000010101011100001101000000001100110011111110100001111010010111,116473642,0,0.079051,0.800000
116487064,83,11001000001011110000110101011100001101000000001000100110110101100011011011000110010,116485007,0,0.160000,0.800000
116487084,70,0101011000000101010110000011010000000010000110101101000110010000110001,116465105,0,0.070000,0.700000
116487086,79,1101011100011000000101010111000011010000000011000000111111100011001100011000110,116506710,0,0.080000,1.000000
116487087,75,110100001100000010101011100001101000000001000011011111100011000001001100001,116495377,0,0.066667,1.000000
116487088,77,00110010000100000010101011100001101011000001000010010101110001100111001110011,116486630,0,0.060000,0.600000
116487096,77,01011001100110000001010001110100110100000000100001001011101000101110001110110,116503253,0,0.046667,0.700000
116487098,82,1101110100010001001000010101011100001101000000011000100111011000000011100100000111,116465089,0,0.120000,0.600000
116487100,75,010110010000100000101010111000011010000000011000100101011100011001110111001,116501529,0,0.080000,0.800000
116487101,83,11001000001011100000110101011100001101000000001000100110110101100011011011000110010,116486633,0,0.024000,0.600000
116487103,77,10101100100011000001010101110000110100000000110001001010111100110011100111001,116488552,0,0.140000,0.700000
116487110,75,001101011101000010101011100001101000000001000011010110100011101001001100111,116465089,0,0.140000,0.700000
116487111,77,01011001100110000001010101110000110100000000100001001011101000101110001110110,116483545,0,0.100000,1.000000
116487112,75,001101011101000010101011100001101000000001000011010110100011101001001100111,116486640,0,0.040000,0.400000
116487113,75,001101011101000010101011100001101000000001000011010110100011101001001100111,116465089,0,0.140000,0.700000
116487125,79,1001001100010010000101010111000011010000000011100100111111101000011111010001110,116465089,0,0.140000,0.700000
116487128,79,0110101010001101000010001011100001101000100001100100111110011000111110010110111,116492275,0,0.024000,0.600000
116487130,78,011010001000110100001010101110000110100000000100001001011111000110111000111001,116496904,0,0.053333,0.800000
116487135,79,0101100101010000000101010111000001010001100011100100101111100011001110011111110,116475180,0,0.120000,0.600000
116487136,79,1011011001000110000001010101010000110100000000110101001011100000100111000111001,116495379,0,0.028000,0.700000
116487138,82,0100010100000001101000010101011101001101000000101110010011111110100001110010010110,116471689,0,0.120000,0.600000
116487139,82,1101110100010001001000010101011100001101000000001000100111011000000011100100000111,116486636,0,0.026667,0.400000
116487140,82,0100010100000001101000010101011101001101000000101110010011111110100001110010010110,116461655,0,0.070000,0.700000
116487142,75,001101011101000010101011100001101000000001000011010110100011101001001100111,116465087,0,0.080000,0.800000
116487143,81,011010001000110100001010101110000110100000000110001001111111010000111100000101110,116498419,0,0.100000,1.000000
116487146,75,111110111000001010101110000110100000000100001011011110001110010100110101111,116470090,0,0.040000,0.400000
116487148,77,11011001000110001101010101110000110100000010100001001111101010100111000111001,116476971,0,0.060000,0.600000
116487155,87,011101111010000001000010101011100001101000000001001111010110101011000110011100011111000,116492269,0,0.046667,0.700000
116487159,81,011010001010110100001010101110000110100000000110001001110111110000111000000101110,116501516,0,0.080000,0.800000
116487160,77,01001001100010100000101010111000011010000000001000100110111010000111101011011,116505135,0,0.140000,0.700000
116487161,77,01001001100010100000101010111000011010000000001000100110111010000111101011011,116485000,0,0.080000,0.800000
116487165,79,1101011100011000000101010111000011010000010011000000111111100011001100011000111,116470092,0,0.040000,0.600000
116487166,76,0110100001100000010101011100001101000000001000011010111100011100001001100011,116503247,0,0.066667,1.000000
116487169,75,101010011000000101010111000011010000000010000110101111000111000010011000111,116505135,0,0.160000,0.800000
116487177,80,01111000100011010000101010111000011010000100011100100111011010000110100100101111,116470092,0,0.040000,0.600000
116487180,75,001001011101000010101011100001101000000001000011010110100011101001101000111,116470093,0,0.040000,1.000000
116487187,77,01011001100110000001010101110000110100000000100001001011101000101110001110110,116483540,0,0.040000,0.800000
116487189,77,11001001010110000001000101110000110100000000110100001011111000110011000110010,116466864,0,0.070000,0.700000
116487192,83,11011000101011100000110101011100001101000000001001100111110101100011110011000110010,116490320,0,0.060000,0.800000
116487195,78,001111100101100000010101011100001101000000001100110011111110000100110000110010,116483539,0,0.080000,0.800000
116487200,80,01110100000001101000000101011100001101000000001110010011111110100001110010010111,116486630,0,0.100000,1.000000
116487202,79,1100100101011000000101010111000011010000100011000110101111100011000100011100100,116508501,0,0.070000,0.700000
116487206,82,0011010001000110100001010101110000110100000000110001001111111010000111100100101110,116490319,0,0.100000,1.000000
116487207,81,011010001000110100001010101110000110100000000110001001111111010000111000001011101,116486630,0,0.080000,0.800000
116487210,74,00111010111010001101010111000011010000000010100100101111101111011000110100,116486640,0,0.040000,0.400000
116487211,86,00110010000011111100000001010111000011010000000010001001111101011000011110110011100110,116465089,0,0.200000,1.000000
116487212,82,0011010001000110100001010101110000110100000000110001011111111010000111100000101110,116488552,0,0.140000,0.700000
116487216,82,0110100011001101000110101011100001101000000001110010011111111100001100000010111010,116485013,0,0.040000,0.800000
116487220,80,01111000100011010000101010111000011010000100011100100111011010000110100100101111,116470083,0,0.070000,0.700000
116487221,76,1110100001100000010101011100001101000000001000011010111000011100001010100011,116476972,0,0.100000,1.000000
116487222,78,011011001000110000101010101110000110110000000110101001011101000000111000111001,116485008,0,0.100000,0.500000
116487233,81,011010001000110100001010101110000110100000000110001001111111110000111000000101111,116503230,0,0.200000,1.000000
116487234,79,0011011001000110000101010101110000110110000000110101001011001000000111000111001,116492276,0,0.024000,0.600000
116487236,78,011110110010111110000010101011000001101000000001000110010111110011001110011100,116486641,0,0.020000,0.700000
116487238,80,01101000100011000001010101110000110100000000111000001111111010000111000001011101,116503231,0,0.032000,0.800000
116487239,83,01101000101011010000101010111000011010000000011001100111111101000011110000010011001,116498405,0,0.032000,0.800000
116487245,88,0011001000001111110000010101011100001101000000001000100111110101100001111011001110011000,116480039,0,0.026667,0.800000
116487246,80,01101000100001010000101010111000011010000000011001001011111000000111100100101110,116492278,0,0.032000,0.800000
116487247,77,11011001000110000001010101110001110100000000100001001011101000100111000111001,116478437,0,0.028000,0.600000
116487249,78,110111010001100000010101011100001101000000001100010101111110001000111101110010,116481609,0,0.040000,0.600000
116487251,80,01101000100001010000101010111000011010000000011001001011111000000111100100101110,116463291,0,0.080000,0.700000
116487253,78,011011001000110000101010101110000110110000000110101001011101000000111000111001,116478437,0,0.024000,0.600000
116487255,78,110011010001100000010101011100001101000000001100010101111110001000111101110010,116480036,0,0.053333,0.800000
116487257,87,001100100100111111001001010101110000110100000000100010011111010110000111101100111001101,116461673,0,0.070000,0.700000
116487259,76,1011111010110000001010101110000110100000001100110010111110000100110000110010,116488541,0,0.070000,0.700000
116487260,74,10101001100000010101011100001101000000001000011010111100011100001001100011,116488541,0,0.080000,0.800000
116487261,77,11010001000110100001010101110000110100000000100001001011111000110111000110001,116498410,0,0.060000,0.600000
116487262,78,011111001011000000101010111000011010000000010001100101111100001001100001100100,116488541,0,0.080000,0.800000
116487271,82,1101110100010001001000010101011100001101000010001000100111011000000011110100000111,116466865,0,0.050000,1.000000
116487272,70,1010111010000101010111000010010000000011000010101111000100011100111101,116466865,0,0.050000,1.000000
116487277,76,0001101011101000110101011100000101000000001010010010111110111101110011010011,116488554,0,0.060000,0.600000
116487278,74,01101011101000010101011100001101000000000000110101001000111010010011001110,116466865,0,0.050000,1.000000
116487279,70,1010111010000101010111000010010000000011000010101111000100011100111101,116466865,0,0.050000,1.000000
116487280,75,101110111000000101010111000011010000000010000101101110001110010100110001111,116488554,0,0.080000,0.800000
116487284,78,110101100100001000000101010111000011010000000011000100101010000110011100111001,116500012,0,0.080000,0.800000
116487294,80,01101000100001010000101010111100011010000000011001001111111000000111100100001110,116488560,0,0.140000,0.700000
116487295,83,01011010000000110100001010101110000110100000000110001001111111000000111100100101110,116488560,0,0.160000,0.800000
116487298,81,011010101000100100001010101110000110100010000110010011111010100011111001001011111,116488560,0,0.140000,0.700000
116487300,88,0011001000001111110000010111011100101101000000001000100111110101101001110011001110011010,116488560,0,0.160000,0.800000
116487303,77,11011001000110000011010101110000110100000100111001001011101000100011000111001,116488554,0,0.060000,0.600000
116487304,81,100010100000001101000010101011101001101010000001110010011111110100001110010010111,116488554,0,0.060000,0.600000
116487305,75,111101001100000010101011100001111000000001000011010111000011100011001100011,116498405,0,0.028000,0.700000
116487312,79,1111000010011010000101010111000011010000000011000100101111010000111100000101110,116496904,0,0.053333,0.800000
116487315,81,011010001000110100001010101110000110100000000110001001111111010000111100000101110,116486650,0,0.070000,0.700000
116487322,80,01111000100011010000101010111000011010000100011100100111011010000110100100101111,116476985,0,0.046667,0.700000
116487323,79,1010110010000100000010101011100001101000000001000010010101110001100111011110011,116473642,0,0.079051,0.800000
116487328,81,011010001000110100001010101110000110100000000110001001111111010000111000001011101,116490329,0,0.053333,0.800000
116487337,79,0111100000001101000010101011100001111000000001110010011101101000011010010010111,116476985,0,0.046667,0.700000
116487340,75,101010111000000101010111000011010000000010000101101110001110010100110001111,116488555,0,0.040000,0.600000
116487342,83,01011010001000110100001010101110000110110000000110001001111111010000111100100101110,116488555,0,0.040000,0.600000
116487343,82,1001000001001100000010101011100001101000000001000100110111101001011010001001110011,116508490,0,0.200000,0.800000
116487344,79,0010110001010000000101010111000011010000000011000100101111100111001100111000101,116471687,0,0.046667,0.700000
116487345,79,1111000010011010000101010111000011010000000011000100101111010000111100000101110,116508490,0,0.160000,0.800000
116487346,79,1111000010011010000101010111000011010000000011000100101111010000111100000101110,116476976,0,0.050000,0.800000
116487349,82,0111100010001101000010111011100001111000000001100010011111110000001111001001011001,116468448,0,0.200000,1.000000
116487350,75,101110111000000101010111000011010000000010000101101110001110010100110001111,116468448,0,0.200000,1.000000
116487352,78,110111010001100000010101011100001101000000001100010101111110001000111101110010,116468448,0,0.160000,0.800000
116487353,78,110111010001100000010101011100001101000000001100010101111110001000111101110010,116508490,0,0.200000,0.800000
116487355,75,001101011101000010101011100001101000000001000011010110100011101001001100111,116488547,0,0.053333,0.800000
116487357,79,1111000010011010000101010111000011010000000011000100101111010000111100000101110,116501526,0,0.160000,0.800000
116487359,88,0011001000001111110000010101011100001101100000001000100111110101100001111011001110011000,116501526,0,0.140000,0.700000
116487360,75,111100000110000001010101110000110100000000100001101011101001110000101110001,116481614,0,0.080000,0.600000
116487361,79,1101011100011000000101010111000011010000010011000000111111100011001100011000111,116468448,0,0.200000,1.000000
116487362,79,0111100000001101000010101011100001101000000001110010011101101000011010010010111,116471687,0,0.046667,0.700000
116487363,75,111100000110000001010101110000110100000000100001101011101001110000101110001,116471687,0,0.046667,0.700000
116487364,75,001101011101000010101011100001101000000001000011011110100011101001001100101,116471687,0,0.046667,0.700000
116487365,79,1110110010000110000010101011100001100000000011100010010101100001100111001110011,116495383,0,0.040000,0.600000
116487371,78,101101100100110000001010101110000110100000000110001001011111000100111000111001,116468454,0,0.066667,1.000000
116487372,77,11010001000110100001010101110000110100000000100001001011111000110111000110001,116488557,0,0.040000,0.600000
116487373,79,0100100110001001000011101011100001101000000001100110011011110100001111010010111,116496913,0,0.120000,0.600000
116487374,80,01111000100011010000101010111000011010000100011100100111011010000110100100101111,116468454,0,0.066667,1.000000
116487376,72,110101110100001010101110000110100000100110000101001110001100111001111010,116490326,0,0.046667,0.700000
116487378,80,01101000100011010000101010111000011010000000011000100111111010000111100100101110,116501524,0,0.053333,0.800000
116487389,81,011010101000110100001010101110000110100000100110001001110111010000111101000101110,116486635,0,0.023333,0.700000
116487390,82,0110100010001101000010101011100001101000000001100010011111110100001111000001011100,116480039,0,0.026667,0.800000
116487391,82,0110100011001101000110101011100001101000000001110010011111111100001100000010111010,116483540,0,0.035000,0.700000
116487392,80,01101000100001010000101010111000011010000000011001001011111000000111100100101110,116470078,0,0.066667,1.000000
116487393,81,011010001000110100001010101110000110100000000110001001111111010000111100000101110,116494068,0,0.100000,1.000000
116487394,75,101010011000000101010111000011010000000010000110101111000111000010011000111,116483549,0,0.200000,1.000000
116487399,74,10101001100000010101011100001101000000001000011010111100011100001111100011,116483539,0,0.080000,0.800000
116487400,74,11111011100000010101011100001101000000001000010110111000111001010011000111,116466864,0,0.080000,0.800000
116487402,83,11001000001011100000110101011100001101000000001010100111110101100011010011000110000,116508498,0,0.060000,0.600000
116487404,80,01101000100001000001010101110000110100000000111000001111111010000111000001011101,116483539,0,0.080000,0.800000
116487406,86,01110111101000000100001010101110000110100000000110111101011010101100011001110001110100,116470081,0,0.100000,1.000000
116487407,79,1101100101011000000101010111000011010000000011000000101111100011001101011100110,116490321,0,0.032000,0.800000
116487408,82,1101110100010001001000010101011100001101000000001000100111011000000011100100100111,116470081,0,0.100000,1.000000
116487410,72,110101110100001010101110000110100000000110000101001110001100111001111010,116470081,0,0.100000,1.000000
116487411,80,01101000100001010000101010111100011010000000011001001111111000000111100100001110,116470081,0,0.100000,1.000000
116487414,80,01101000100010000001010101110000110100000000111000001111111010000111000001011101,116486644,0,0.080000,0.800000
116487421,82,1101110100010001001000010101011100001101000010001000100111011000000011110100000111,116506695,0,0.100000,0.800000
116487427,73,1011101110000001010101110000110100000000100001011011100111001010011000111,116488547,0,0.080000,0.800000
116487429,73,1011101110000001010101110000110100000000100001011011100111001010011000111,116501521,0,0.120000,0.600000
116487434,79,0011100000001101000010101011100001000000000001110010011101101000011010010010101,116492283,0,0.140000,0.700000
116487435,75,101110111000000101010111000011010001000010000101101110001110010100110001111,116508492,0,0.200000,0.800000
116487437,74,11010011000001010101111000110100000000100001001011111001110000101000001100,116492283,0,0.160000,0.800000
116487438,78,110100010001000000010101011100001101000000001100010111111110001010111101110010,116498413,0,0.040000,0.400000
116487441,77,10101100100011000001010101110000110100000000110001001010111100110011100111001,116465090,0,0.040000,0.800000
116487442,77,11010001000110100001010101110000110100000000100001001011111000110111000111001,116492284,0,0.028000,0.700000
116487443,80,01110100000000101000010101011100001101000000001110010011111110100001110010010111,116484996,0,0.160000,0.800000
116487444,75,001101011101000010101011100001101000000001000011011110100011101001001100111,116492281,0,0.035000,0.700000
116487445,70,1010111010000111010111000011010000000011000010101111010110010100111111,116505134,0,0.060000,0.600000
116487446,79,0111100000001101000010101011100001111000000001110010011101101000011010010010111,116490331,0,0.053333,0.800000
116487447,79,1010110010000100000010101011100001101000000001000010010101110001100111011110011,116508491,0,0.026667,0.800000
116487449,79,0111100000001101000010101011100001111000000001110010011101101000011010010010111,116470088,0,0.050000,1.000000
116487450,78,110101100100001000000101010111000011010000000011000100101010000110011100111001,116490317,0,0.066667,0.800000
116487454,83,01011010001000110100001010101110000110100000000110001001111111000000111100100101110,116498416,0,0.080000,0.800000
116487456,74,11010011000001010101111000110100000000100001001011111001010010101100001100,116490332,0,0.080000,0.800000
116487460,73,1010000110000001010101110000110100000000100001001011110011100001001100011,116470093,0,0.040000,1.000000
116487461,77,11011001000110000001010101110001110100000000100001001011101000100111000111001,116470093,0,0.040000,1.000000
116487462,80,10101100100001000000101010111000001010000000011000100101011100010001110011100110,116488551,0,0.020000,0.500000
116487463,75,101010011000000101010111000011010000000010000110101111000111000010011000111,116488551,0,0.024000,0.600000
116487465,83,01011010000000110100001010101110000110100000000110001001101111000000011100100101110,116498412,0,0.040000,0.600000
116487467,80,11100100101011000000101010111000011010000000011000100101111100011000100011100100,116488558,0,0.016000,0.400000
116487468,78,010011001000110100001010101110000110100000001100010010111110011000111001110011,116498412,0,0.040000,0.600000
116487471,74,10101001100000010101011100001101000000001000011010111100011100001001100011,116486645,0,0.040000,0.800000
116487472,79,0100100110001001000010101011100001101000000001100110011111110100001111010010111,116488551,0,0.024000,0.600000
116487473,76,1010110010000100000101010111000011010000000011000100101011100011001110111001,116496901,0,0.160000,0.800000
116487474,81,101111000100001010000101010111000011010000000011100100111011010000110100000101101,116488543,0,0.060000,0.800000
116487475,83,00011010101000110100001010101110000110100000000110001001111111010000111100100101110,116496901,0,0.160000,0.800000
116487478,81,011010001000111100001011101110000111100000000110001001111111010000111100001011001,116492272,0,0.046667,0.700000
116487483,75,111010111000001010101111000110100000000100001001011111001110010101100001100,116503233,0,0.070000,0.700000
116487485,79,1101011101110100001010101100001110100000000101001100011100010110010100110101100,116492272,0,0.046667,0.700000
116487486,79,0011000010011000000101010111000011010000000010001011011010110101101001100111001,116496901,0,0.160000,0.800000
116487487,81,011010101000110100001010101110000110100000100110001001110111010000111101000101110,116496901,0,0.140000,0.700000
116487489,77,11111011100000010101011100001101000000001010010110111100011100101001101011111,116471674,0,0.100000,1.000000
116487499,77,11010001010110100001010101110000110100000000100001001011111000110111000111001,116496902,0,0.160000,0.800000
116487500,73,1101011100000100010111100011010000000010000100101111100111001010110000110,116486626,0,0.011111,0.500000
116487503,77,11010001000110100001010101110000110100000000100001000011111000110111000111001,116471689,0,0.160000,0.800000
116487504,81,011010001000110100001010101110000110100000000110001001111111010000111000001011101,116476974,0,0.020000,0.400000
116487506,77,11010001010110100001010101110000110100000000100001001011111000110111000111001,116476974,0,0.020000,0.400000
116487507,72,110101110100001010101110000110100000000110000101001110001100111001111010,116488559,0,0.053333,0.800000
116487509,81,011010001000110100001010101110000110110000000110001001111111010000111100000101110,116488559,0,0.046667,0.700000
116487510,80,01111010001000110000001010101110000110100000000100011001011111001110011111111001,116486649,0,0.017143,0.600000
116487511,72,110101110100001010101110000110100000000110000101001110001100111001111010,116471684,0,0.066667,1.000000
116487512,78,011111001011000000101010111000011010000000010001100101111100001001100001100100,116481615,0,0.040000,0.800000
116487513,74,10101001100000010101011100001101000000001000011010111100011100001001100011,116505119,0,0.053333,0.800000
116487514,82,1101110100010001001001010101011100001101000000001000100111011000000011100100000111,116488559,0,0.046667,0.700000
116487515,80,01111011001101111000001010101100100100100000000100011001011111000110011100110001,116496907,0,0.060000,0.600000
116487516,79,1110110010001000000110101011100000001000000001100010010111110000100110001110010,116488549,0,0.120000,0.600000
116487518,77,11011001000110000001010101110000110100000100111001001011101000100111000111001,116496907,0,0.080000,0.800000
116487531,82,1101110100010001001000010101011100001101000000001000100111011000000011100100000111,116481610,0,0.050000,1.000000
116487532,77,10101100100011000001010101110000110100000000110001001010111100110011100111001,116471687,0,0.066667,1.000000
116487533,79,1101011100011000000001010111000011010000000011000000111111100011001100011000110,116471687,0,0.066667,1.000000
116487535,82,0110100010101101000010101011100001101000000001100110011111110100001111000001001100,116471687,0,0.046667,0.700000
116487538,78,010011001000110000001010101110000110100000001100010010111110001000111001110011,116485009,0,0.040000,0.400000
116487542,80,01111010001001110000001010101110000010110000000110011101011111001110011111111101,116486636,0,0.026667,0.400000
116487546,79,0110100010001101000010101011100001101000000011000100111111101000011110000010111,116486627,0,0.030000,0.600000
116487548,73,1111011100000010101011100001101000000001000010110111000111001010011000111,116478450,0,0.016000,0.400000
116487549,82,1101110100010001001000010101011100001101000010001000100111011000000011110100000111,116508501,0,0.070000,0.700000
116487551,79,0110100010001101000010101011100001101000000011000100111111101000011110000010111,116466865,0,0.035000,0.700000
116487553,76,1011110010110000001010101110000110100000001100110010111110000100110000110010,116468457,0,0.140000,0.700000
116487554,75,101100110011000000101010111000011010000000010000100101110100010111100111111,116488560,0,0.160000,0.800000
116487555,79,1101011101110100001010101100001110100000000101001100011100010110010100110101100,116495376,0,0.120000,0.600000
116487558,75,110101010010100010010101011100001101000000001100110010011100001000100111011,116471694,0,0.100000,1.000000
116487560,84,111001000001011100000110101011100011101000000001000100111111101100011010011000110010,116488560,0,0.120000,0.600000
116487561,80,01101000101011010000101010111000011010000000011001100111111010000111100000100110,116470078,0,0.053333,0.800000
116487564,79,0111100000001101000010101011100001101000000001110010011101101000011010010010111,116470093,0,0.040000,1.000000
116487565,77,01001000101000000010101011100101101000000001100011010111110001100011011110010,116490335,0,0.100000,0.500000
116487569,81,011010001000110100001010101110000110100000000110001001111111010000111100000101110,116480047,0,0.032000,0.800000
116487570,81,011010001000111100001011101110000111100000000110001001111111010000111100001011001,116495382,0,0.046667,0.600000
116487572,80,01101000100011010000101010111000011010000000011001001011111000000111100000111110,116473635,0,0.066667,1.000000
116487581,81,011010101000110100001010101110000110100010000110010011111010100011111001001011111,116468450,0,0.039293,0.700000
116487582,70,1010111010000111010111000011010000000011000110101011010110010100111111,116485003,0,0.030000,0.600000
116487584,80,01101100100011000000101000101000011010001100011010100101110100010011100011100110,116505120,0,0.025000,0.500000
116487586,78,111101100101111100000101101100000110100000000100011001011111000110011100111001,116473643,0,0.050000,0.500000
116487587,83,11001000001011100000110101011100011101000000001000100110110101100011011011000110010,116463286,0,0.040000,0.400000
116487590,81,110111010001000100100001011101110100110100000010100010011101100001001110010000011,116503232,0,0.060000,0.600000
116487597,73,1101011100000101010111000011010000000010000100101111000111001000010000010,116486651,0,0.045788,1.000000
116487599,77,10010010101000000101010111000011010100000010000100101111100011001100111100100,116506700,0,0.053333,0.800000
116487600,74,10101001100100010101011100001101000000001000011010111100011100001111100011,116468459,0,0.033333,0.500000
116487605,78,110100010001000000010101011100001101000000001100010111111110001010111101110010,116466865,0,0.040000,0.800000
116487606,75,101010011000000101010111000011010000000010000110101111000111000010011000111,116494071,0,0.050000,1.000000
116487608,75,001101011101000010101011100001101000000001000011010110100011101001001100111,116485004,0,0.066667,1.000000
116487609,77,11010001000110100001010101110000110100000000100001001011111000110111000110001,116490319,0,0.100000,1.000000
116487613,80,01111010001000110000001010111110000110100000000110011001011111001110011111111001,116486647,0,0.053333,0.800000
116487614,75,110101001100000010101011100001101000000001000011010111101011100011001100011,116492285,0,0.066667,1.000000
116487619,80,10101100100001000000101010111000011010000000010000100101011100011001110011100110,116492285,0,0.066667,1.000000
116487625,80,01001011101000110000001010101110000110100000000110011001011111000010011000011001,116483541,0,0.053333,0.800000
116487626,75,101010011000000101010111000011010000000010000110101111000111000010011000111,116490313,0,0.066667,0.600000
116487628,81,011010001000110100001010101110000110101000000110001001111111010000111100000101110,116492285,0,0.053333,0.800000
116487631,75,110101001100000010101011100001101000000001000011010111101011100001001100011,116478441,0,0.066667,1.000000
116487633,79,0110100010001101000010101011100001101000000011000100111111101000011110000010111,116481596,0,0.046667,0.700000
116487635,78,110100010001000000010101011100001101000000001100010111111110001010111101110010,116475183,0,0.066667,1.000000
116487638,72,110100101100000010101011101001101000000001000011010111100011001010011101,116490331,0,0.053333,0.800000
116487639,80,01111010001000110000001010111110000110100000000110011001011111001110011111111001,116471697,0,0.080000,0.600000
116487641,75,101010011000000101010111000011010000000010000110101111000111000010011000111,116471697,0,0.060000,0.600000
116487645,79,0000100110001001000010101011100001101000000001100110011111110100001111010010111,116475187,0,0.033333,1.000000
116487646,75,101100110011000010101010111000011010000000010000100101110100010111100101011,116490313,0,0.033333,0.500000
116487649,73,1101011100000101010111100011010000000010000100101111100111001010110000110,116476976,0,0.035000,0.700000
116487651,81,110101100100001000000101010111000011010000000010000100101011100011001110011100111,116481610,0,0.040000,1.000000
116487652,80,01101000100011010000101010111000011010000000011001000011111000000111100100101110,116476987,0,0.100000,1.000000
116487654,75,111101110000001010101110000110100000000100001011011110001110011100110001111,116470088,0,0.050000,1.000000
116487656,76,1010110010000100000101010111000011010000000011000100101011100011001110111001,116496911,0,0.200000,1.000000
116487657,79,1110100101011000000101010111000011010000000011000100101111100011000100011101100,116496911,0,0.200000,1.000000
116487659,74,10101001100000010101011100001101000000001000011010111101011100001001101011,116459871,0,0.080000,0.800000
116487661,79,1100100101011000000101010111000011010000000011000110101111100011000100011100100,116476976,0,0.050000,1.000000
116487665,75,110100001100000010101011100001101000000001000011010011100011100001001100011,116501521,0,0.120000,0.600000
116487673,78,101011001000110000001010101110000110100000000100001001001101000100111000111001,116492273,0,0.053333,0.800000
116487677,78,100100101010000001010101110000110101000000101001001011111000110011001111001001,116501523,0,0.035000,0.700000
116487680,78,101011001000110000001010101110000110100000000100001001001101000100111000111001,116505118,0,0.066667,0.700000
116487681,75,001101011101000010101011100001101010000001000011010110100011101001001100111,116500006,0,0.160000,0.800000
116487682,74,11111011100000010101011100001101000000001000010110111000111001010011000111,116465100,0,0.066667,1.000000
116487683,66,010111001001010101110000110100000000110001101010100011001110011110,116505118,0,0.053333,0.600000
116487687,80,01101000100011000001010101110000110100000000111000001111111010100111000001011101,116485012,0,0.050000,1.000000
116487688,82,1011010001000111100001010101110000110100000010110001001011111010000111100001011101,116501513,0,0.033333,0.500000
116487689,82,0011010001000110100001010101110000110100000000110001001111111010000111100100101110,116476984,0,0.100000,1.000000
116487690,77,01110100001100000010101011100001101000000001000011010110000011100001011100011,116501513,0,0.040000,0.600000
116487691,79,1001001100010010000101010111000011010000000011100100111111101000011111010001110,116492282,0,0.053333,0.800000
116487692,79,0100100110001001000010101011100001101000000001100110011111110100001111010010111,116488548,0,0.070000,0.700000
116487693,79,1001001100010010000101010111000011010000000011100100111111101000011111010001110,116503244,0,0.100000,1.000000
116487694,86,00110010010011111100100101010111000011010000000010001001111101011000011110110011100110,116466868,0,0.160000,0.800000
116487695,77,11010001000100100001010101110000110100010000101001001011111000110111000111001,116505121,0,0.053333,0.800000
116487698,87,011101111010000001000010101011100001101000000001001111010110101011000110011100011111000,116476987,0,0.100000,1.000000
116487699,74,10101001100000010101011100001101000000001000011010111101011100001001100111,116476987,0,0.100000,1.000000
116487700,81,010010011000100100001010101110000110100000000111001001111111010000111110100101110,116490332,0,0.100000,1.000000
116487701,81,010010011000100100001010101110000110100000000111001001111111010000111100100101110,116471687,0,0.046667,0.700000
116487702,83,01011010000000110100001010101110000110100000000110001001111111000000011100100101110,116501531,0,0.060000,0.600000
116487704,86,00110000000011111100000101010111000011010000000010001001111101011000011110110011100110,116494071,0,0.050000,1.000000
116487706,81,011010001000110101001010101110000110100000000110001001111111010000111000001101110,116488555,0,0.046667,0.700000
116487707,72,011010111010000101010111000011010000000010000110101010001110100100110011,116478450,0,0.016000,0.400000
116487708,80,01111011001011111000001010101100000110100000000100011001011111000110011100111001,116500012,0,0.070000,0.700000
116487709,78,010011001000110100001010101110000110100000001100010010111110011000111001110011,116465087,0,0.070000,0.700000
116487711,76,1111101110000001010101110000110100000000100001011011110001110010100110011111,116488555,0,0.040000,0.600000
116487713,81,010010001000110100001010101110000110100000000110001001111111010000111100000101110,116508501,0,0.080000,0.800000
116487714,76,1111101110000001010101110000110100000000100001011011110001110010100110011111,116465087,0,0.080000,0.800000
116487715,74,10101001100000010101011100001101000000001000011010111101011100001001100011,116492278,0,0.032000,0.800000
116487717,77,01001000101000000010101011100101101000000001100011010111110001100011011110010,116503238,0,0.040000,0.600000
116487719,80,01110100010001101000010101011100001101100000101100010011111110100001110110010111,116486632,0,0.015000,0.600000
116487720,87,011101111010000001000010101111100001101000000001101111010110101011000110011100011111000,116486642,0,0.140000,0.700000
116487725,81,010010011000000100001010101110000110100000000111001001111111010000111110100101110,116483541,0,0.053333,0.800000
116487726,74,10101001100100010101011100001101000000001000011010111100011100001111100011,116500006,0,0.160000,0.800000
116487727,75,101100110011000000101010111000011010000000010000100101110100010111100111111,116503253,0,0.032000,1.000000
116487728,78,011011001000110000001010101110000110100000000110101001011101001100111000111001,116498401,0,0.100000,1.000000
116487729,84,111001000001011100000110101011100011101000000001000100111111101100011010011000110010,116495378,0,0.040000,0.600000
116487731,75,101010011000000101010111000011010000100010000110101111000111000010011000111,116471687,0,0.040000,0.600000
116487733,81,101110100010101001000010101011000001101000000001010100111110000010011100110010110,116478443,0,0.022222,1.000000
116487735,74,10101001000000010111011100001101000000001000011010111101011000001001100011,116500007,0,0.033333,0.500000
116487736,75,011101001100000010101011100001101000000001000011010111101011100001001101011,116501523,0,0.040000,0.800000
116487737,79,0011000010011000000101010111000011010000000010001011011010110101101000100110001,116478447,0,0.200000,1.000000
116487739,77,10010011000100100001011101110000110100000000110001001100110100001010010010111,116478447,0,0.200000,1.000000
116487740,79,1101100101011000000101010111000011010000000011000000101111100111001101011100110,116508489,0,0.070000,0.700000
116487741,75,111101110000001010101010000010100000000000001011011100001110011100100001111,116488544,0,0.030000,0.600000
116487742,79,0101100010100000001000101110010110100000000110000101011111000110011101110001010,116476982,0,0.070000,0.700000
116487743,82,0110100011001101000110101011100001101000000001110010011111111100001100000010111010,116501525,0,0.032000,0.800000
116487745,75,101010011000000101010111000011010000000010000110101111000111000010011000111,116480035,0,0.100000,1.000000
116487746,86,00110010000011111000000101010111000011010000000010001101111101011000011110110011100110,116476974,0,0.020000,0.400000
116487747,80,01101000100010000001010101110000110100000000111000001111111010000111000001011101,116463291,0,0.070000,0.700000
116487750,74,00011010111010001111010111000011010001000010000100101111001101011100110000,116478435,0,0.026667,0.400000
116487751,82,0100100110001001000010101011100001101000000001100010011111110100001111101001011101,116484996,0,0.160000,0.800000
116487754,78,011011001000110000001010101110000110100000000110101001011101000100111000111001,116505130,0,0.100000,1.000000
116487755,87,011101111010000001000010101111100001101000000001101111010110101001000110011100011111000,116496913,0,0.120000,0.600000
116487767,66,010111001001010101110000110100000000110001101010100011001110011110,116498411,0,0.140000,0.700000
116487768,82,0110100010101101000010101011100001101000000001100110011111110100001111000001011100,116465102,0,0.100000,1.000000
116487769,79,0111100000001101000010101011100001101000000001110010011101101000011010010010111,116465102,0,0.100000,1.000000
116487770,81,011010001000110100001010101110000110100000000110001001111111010000111000000101110,116496904,0,0.053333,0.800000
116487771,74,10101001100000010101011100001101000000001000011010111100011100001001100010,116508496,0,0.100000,1.000000
116487772,77,11010001100110100001010101110000110100000001100010011111101000011100000010111,116480043,0,0.000000,0.000000
116487773,82,0111100010001101000010101011100001101000000011100010011111110100001111001001011101,116488562,0,0.046667,0.700000
116487777,78,110110010001100000010101011100001101000000000110010010111010001001110001110010,116486639,0,0.053333,0.800000
116487778,75,101010011000000101010111000011010000000010000110101111000101000010011000111,116480042,0,0.066667,1.000000
116487779,77,01011000101000000010111011100001101001000001101010010111110001100111011100001,116484998,0,0.140000,0.700000
116487780,76,1010100110000001010101110000110100000000100001101011110001010000100110001111,116485000,0,0.100000,1.000000
116487781,66,010111001001010101110000110100000000110001101010100011001110011110,116480042,0,0.053333,0.800000
116487782,82,1101110100010001001000010101011100001101000010001000100111011000000011110100000111,116478438,0,0.080000,0.800000
116487784,82,1101110100010001001000010101011100001101000010001000100111011000000011110100000111,116494067,0,0.040000,0.400000
116487785,81,010010011000100100001010101110000110100000000110001001111111010000111110100101110,116480047,0,0.040000,1.000000
116487786,81,010010011000100100001010101110000110100000000110001001111111010000111110100101110,116480047,0,0.040000,1.000000
116487788,75,001101011101000010101011100001101000000001000011010110100011101001001100111,116501531,0,0.060000,0.600000
116487790,82,0110100010101101000010101011100001101000000001100110011111110100001111000001011100,116468450,0,0.049116,0.800000
116487794,78,001011000101000000010101011100001101010000001100010010101110011100110011100010,116471694,0,0.060000,0.600000
116487795,78,001011000101000000010101011100001101010000001100010010101110011100110011100010,116471694,0,0.060000,0.600000
116487796,73,0011010111010000101010111000011010000000010000110111101000111100100110011,116468456,0,0.053333,0.800000
116487797,78,001011101010110000001010101110000110100000000010011001011110000010011000111001,116505122,0,0.040000,0.600000
116487798,79,1011011001000110000001010101010000110100000000110101001011100000100111000111001,116505122,0,0.040000,0.600000
116487800,80,01101000100011010000101010111000011010000000011001001011111000000111100100101110,116498418,0,0.080000,0.400000
116487803,74,10101001100000010101111100001101000000001000011010111100011001010011000101,116485001,0,0.080000,0.400000
116487808,74,10101001100000010100111100001101000000001000011010111100011001010011000101,116485001,0,0.080000,0.400000
116487813,83,01011010000000110100001010101110000110100000000110001001111111000000011100100101110,116495379,0,0.032000,0.800000
116487814,87,011101111010000001000010101011100001101000000001101111010110101011000110011100011111001,116486640,0,0.040000,0.400000
116487817,80,01101000100010000011010101110000110100000000111000001111111010000111000001011101,116485015,0,0.026667,0.400000
116487818,84,010110000010001000000101010111010011010010000010001000111111011000111100110011010101,116500014,0,0.026667,0.400000
116487819,81,011010001000110100001010101110000110100000000110001001111111010000111100000101110,116473636,0,0.032000,0.800000
116487820,81,010010011000000100001010101110000110100000000111001001111111010000111110100101110,116473636,0,0.053333,0.800000
116487822,84,111001000001011100000110101011100011101000000001000100111111101100011010011010110010,116471687,0,0.040000,0.600000
116487823,76,1111011100000010101011100001101001000001000011110111100011100111001100111111,116481610,0,0.050000,1.000000
116487824,79,0110110010001100000010101011100001101000000001000010101111010001010111101010010,116476976,0,0.050000,0.800000
116487825,84,010110000010001000000101010111000011110000000010001000111101011000111100110011010101,116481610,0,0.050000,1.000000
116487829,75,110100001100000010101011100001101000000001000011010011100011100001001110011,116476976,0,0.050000,0.800000
116487830,84,010110000010001000000101010111000011110000000010001000111101011000111100110011010101,116476976,0,0.050000,0.700000
116487831,80,01101000100011010000101010111000011010000000011000100111111010000111100100101110,116481611,0,0.066667,1.000000
116487832,79,0011000010011001000101010111000011010000000010001011011010110101101000100110001,116503232,0,0.070000,0.700000
116487834,81,001111011001011111000001010101100000110100000000100011001011111000110011100111001,116503242,0,0.070000,0.700000
116487835,72,011010111010000101010111000011010000000010000110101010001110100100110011,116503233,0,0.080000,0.800000
116487837,82,0011010001000110100001010101110000110100000000110001011111111010000111100000101110,116505134,0,0.060000,0.600000
116487838,82,0011010001000110100001010101110000110100000000110001011111111010000111100000101110,116465090,0,0.040000,0.800000
116487840,78,010011001000110000001010101110000110100000001100010010111110001000111001110011,116492269,0,0.040000,0.600000
116487841,80,01111010001001110000001010101110000110100000000110011001011111001010011111111001,116492269,0,0.046667,0.700000
116487843,78,100101110100010000001010101110000110100000000110011001011111000010011000011001,116492269,0,0.046667,0.700000
116487844,73,1111011100000010101011100001101000000001000010110111000111001010011000111,116468461,0,0.026667,0.800000
116487846,81,100010100000001001010010101011101001101000000001110010011111110100001110010010111,116485013,0,0.046667,0.700000
116487848,83,00011010101000110100001010101110000110100000000110001001111111010000111100100101110,116480039,0,0.026667,0.800000
116487849,84,111001000001011100000110101001100011101000000001000100111111101100011010011010110010,116486629,0,0.060000,0.600000
116487850,82,0111100010001101000010111011100001101000000001100010010111110100001111001001011101,116486629,0,0.070000,0.700000
116487852,75,111101110000001010101110000110100100000100001111011110001110011100110011111,116486629,0,0.070000,0.700000
116487857,75,101110111000000101000111000011010000000010000101101110001110010100110001111,116470081,0,0.070000,0.700000
116487862,83,00110100110101001000010101011100001101000000001100010011111110100001111001001011101,116483539,0,0.100000,1.000000
116487863,75,101110111000000101000111000011010000000010000101101110001110010100110001111,116483539,0,0.070000,0.700000
116487865,78,111110000000110100001010101110000110100000000111001001110110100001101101001011,116483539,0,0.080000,0.800000
116487867,83,00110100110101001000010101011100001101000000001100010011111110100001111001001011101,116470081,0,0.080000,0.800000
116487869,74,11101000011000000101010111000011010000000010000110101110000111000001110001,116483539,0,0.100000,1.000000
116487872,73,1001001100000010101011100001101000000001100010010111110101110010001110110,116480047,0,0.032000,0.800000
116487873,81,011010001000110100001010101110000110000000000110001001111111010000111101000101110,116483539,0,0.070000,0.700000
116487874,77,01011001000100000011010101110000110100000000110000010111100101100111111101010,116483540,0,0.035000,0.700000
116487875,75,010101001100000010101011100001101000000001000011010111101011100001001101011,116470081,0,0.080000,0.800000
116487876,77,01011001000100000011010101110000110100000000110000010111100101100111111101010,116470081,0,0.070000,0.700000
116487878,74,10101001100000010101011100001101000000001000011010111101011100001001101011,116483539,0,0.080000,0.800000
116487879,81,011110100010001100000010101011100001101000000101100110010111110011100111111110011,116470081,0,0.070000,0.700000
116487880,75,101010011000000101010111000011010000000010000110101111000111000010011000111,116466864,0,0.080000,0.800000
116487881,81,011110100010001100000010101011100001101000000101100110010111110011100111111110011,116483540,0,0.035000,0.700000
116487882,81,011010001000110100001010101110000110000000000110001001111111010000111101000101110,116483540,0,0.050000,1.000000
116487883,82,0110101010001001000010101011100001101000100001101010011111010100011011001001011101,116470081,0,0.070000,0.700000
116487884,80,01001001100010010001101010111000011010000000011001100110111101000011110100101110,116470081,0,0.070000,0.700000
116487885,75,101010011000000101010111000011010000000010000110101111000111000010011000111,116483540,0,0.050000,1.000000
116487886,73,1001001100000010101011100001101000000001100010010111110101110010001110110,116483540,0,0.050000,1.000000
116487888,74,10101001100000010101011100001101000000001000011010111101011100001001100011,116483540,0,0.040000,0.800000
116487890,88,0011001000001111110000010101011100001101000000001000100111110101100001111011001110011000,116486647,0,0.066667,1.000000
116487893,79,0111100000001101000010101011100001111000000001110010011101101000011010010010111,116503238,0,0.040000,0.600000
116487897,79,1101100100011000000101010111000011010010000011000100111111100010001100011000111,116486647,0,0.053333,0.800000
116487898,86,00110010010011111100100101010111000011010000000010001001111101011000011110110011100110,116492285,0,0.053333,0.800000
116487899,79,0111100000001101000010101011100001111000000001110010011101101000011010010010111,116483541,0,0.046667,0.700000
116487900,84,011001001001111110010010101011100001110000000010001001111101011000011110110011100110,116508497,0,0.000000,0.500000
116487905,81,100101000100110000001010101110000110100000100100010011011010111100101001100111001,116501518,0,0.160000,0.800000
116487906,79,0011000010011000000101010111010011010000000010001011011010110101101000100110001,116468459,0,0.033333,0.500000
116487909,81,101111000100011000001010101111000110100000000111000001111111010100111000001111101,116475183,0,0.046667,0.700000
116487910,73,1101011100000101010111000011010000000010000100101111000111001000010000010,116506698,0,0.070000,0.700000
116487911,77,11011001010110000001010101110000100100000000100001000011101001100101000111101,116506698,0,0.060000,0.600000
116487912,82,0100100110001001000010101011100001101000000001100010011110110100001111101001011100,116488542,0,0.080000,0.800000
116487913,82,0110100011001101000110101011000001101000000001110010011111111100001100000010111010,116506698,0,0.060000,0.600000
116487914,77,11011001010110000001010101110000100100000000100001000011101001100101000111101,116483543,0,0.060000,0.600000
116487915,82,0110100011001101000110101011000001101000000001110010011111111100001100100010111010,116484999,0,0.030000,0.600000
116487917,73,1101011100000101010111000011010000000010000100101111000111001000010000010,116506699,0,0.066667,1.000000
116487918,82,0100100110001001000010101011100001101000000001100010011110110100001111101001011100,116483543,0,0.100000,1.000000
116487919,70,0101001100000010101011100001101000000001000011010111100010010110101001,116484999,0,0.040000,0.800000
116487920,75,001101011101000010101011100001101000000001000011011110100011101001001100111,116496907,0,0.100000,1.000000
116487929,83,00110100110101001000010101011100001101000000001100010011111110100001111001001011101,116501516,0,0.080000,0.800000
116487941,78,001011101010110000001010101110000110100000000010011001011110000010011000111001,116498408,0,0.080000,0.800000
116487944,86,00110010010011111100100101010111000011010000000010001001111101011000011110110011100110,116503244,0,0.080000,0.800000
116487947,78,010100001010000000101010111000011010010000011000100101111100011001110111000010,116490334,0,0.046667,0.700000
116487948,79,1110100101011000000101010111000011010000000011000100101111100011000100011101100,116483545,0,0.100000,1.000000
116487949,82,0111100010001101000010111011100001101000000001100010011111110100001111001001011101,116490317,0,0.046667,0.700000
116487952,80,01101000100010000001010101110000110100000000111000011111111010000111000001011101,116503244,0,0.100000,1.000000
116487953,80,11100100101011000000101010111000011010000000011000100101111100011000100011100100,116498408,0,0.100000,1.000000
116487955,78,010110010001000000110101011100001101000000001100000101111000011001111111010100,116483545,0,0.100000,1.000000
116487958,81,011010001000110100001010101110000110100000000110001001111111010000111000001011101,116483546,0,0.066667,1.000000
116487959,78,011011001000110000001010101110000110100000000110111001011101000100111000111001,116468450,0,0.160000,0.800000
116487961,81,011010001000110100001010101110000110100000000110001001111111010000111000001011101,116471689,0,0.160000,0.800000
116487963,81,011010001000110101001010101110000110100000000110001001111111010000111000001101110,116478450,0,0.016000,0.400000
116487964,78,111001001010110000001010101110000110100000000110001010111110001100110001110010,116490318,0,0.066667,1.000000
116487970,78,111001001010110000001010101110000110100000000110001010111110001100110001110010,116506710,0,0.066667,1.000000
116487972,80,01110100010001101000010101011101001101100000101100010011111110100001110110010111,116492286,0,0.050000,0.500000
116487974,82,1111000001000100000101010111000010010000000010001001111101011001111100110011110101,116495377,0,0.053333,0.800000
116487975,77,10011011111010000101010111000011011000000010000110101101000110010010011001111,116500012,0,0.070000,0.700000
116487978,81,011010001000110100000010101110000110100000000110001001111111010000111000000101110,116508494,0,0.080000,0.800000
116487980,82,0011010001000110100001010101110000110100000000110101001111111010000111000001011101,116495379,0,0.032000,0.800000
116487981,75,101110111000000101010111000011010000000010000101101110001110010100110001111,116471700,0,0.050000,1.000000
116487982,88,0011001000001111110000010101011100001101000000001000100111110101100001111011001110011000,116480044,0,0.060000,0.600000
116487986,82,0011010001000110100001010101110000110100000000110101001111111010000111000001011101,116490320,0,0.100000,1.000000
116487988,75,111010111000001010101111000110100000000100001001011111001110010101100001100,116483549,0,0.200000,1.000000
116487989,72,011010111010000101010111000011010000000010000110101010001110100100110011,116483549,0,0.200000,1.000000
116487990,80,01101000100011000001010101110000110100000000111000001111111010000011000001011101,116483549,0,0.200000,1.000000
116487991,81,010111010001000100110001011101110000110110000000100010011101100001001110010000011,116483549,0,0.200000,1.000000
116487993,72,011010111010000101010111000011010000000010000110101010001110100100110011,116470093,0,0.040000,1.000000
116487994,75,111010111000001010101111000110100000000100001001011111001110010111100001100,116483549,0,0.160000,0.800000
116487995,81,011010001000110100001010101110000110100000000110001001111111010000111100000101110,116508499,0,0.200000,1.000000
116487996,81,010111010001000100110001011101110000110110000000100010011101100001001110010000011,116483549,0,0.200000,1.000000
116487997,75,001101011101000010101011100001101000000001000011010110100011101001001100111,116483549,0,0.200000,1.000000
116487999,79,0011100000001101000010101011100001100000000001110010011101101000011010010010101,116500013,0,0.070000,0.800000
116488000,74,00111010111010001101010111000011010000000010100100111011101111011100110110,116498420,0,0.035000,0.700000
116488001,77,11011001000110000001010101110000100100000000100001000011101001100101000111101,116483550,0,0.050000,1.000000
116488002,74,00111010111010001101010111000011010000000010100100111011101111011100110100,116483551,0,0.070000,0.700000
116488004,79,1101011100011000000101010111000011010000000011000000111111100011001100011000110,116498420,0,0.040000,0.800000
116488006,74,00111010111010001101010111000011010000000010100100111011101111011100110100,116483550,0,0.050000,1.000000
116488007,77,11011001000110000001010101110000100100000000100001000011101001100101000111101,116483550,0,0.050000,1.000000
116488008,81,110111011001000100100001011101110100110100000000100010011101100001001110010000011,116483551,0,0.060000,0.600000
116488009,79,0100100110001001000010100011100001101010000001000100111111101000011111010010111,116494071,0,0.035000,0.700000
116488012,79,0100100110001001000010100011100001101010000001000100111111101000011111010010111,116500009,0,0.046667,0.700000
116488013,76,0111101110000001010101010000010100000000100001011011100001110111100100001111,116483551,0,0.060000,0.600000
116488014,83,01011010001000010100001010101110000111100000000110001001111111100100111000100101110,116492273,0,0.046667,0.700000
116488015,79,0100100110001001000010101011100001101000000001100110011111110100001111010010111,116494071,0,0.050000,1.000000
116488016,77,11110000000010100001010101110000110100000000111000001110110100011010010010111,116501531,0,0.060000,0.600000
116488017,80,01101000100011000001010101110000110100000000111000001111111010000111000001011101,116503238,0,0.046667,0.700000
116488019,76,0111101110000001010101010000010100000000100001011011100001110111100100001111,116500013,0,0.060000,0.700000
116488020,76,1111101110000001010101110000110100000000100001010011110001110011100110001111,116481596,0,0.053333,0.800000
116488021,75,001101011101000010101011100001101010000001000011010110100011101001001100111,116500009,0,0.053333,0.800000
116488024,78,011011001000110000001010101110000110100000000110101001011101000100111000111001,116501531,0,0.060000,0.600000
116488025,79,0100100110001001000010101011100001101000000001100110011111110100001111010010111,116500013,0,0.080000,1.000000
116488028,83,01101000101011010000101010111000011010000000001001100111111101000011110000010111001,116470086,0,0.030000,0.600000
116488029,76,1011110010110000001010101110000110100000001100110010111110000100110000110010,116484996,0,0.200000,1.000000
116488031,81,011010001000110100001010101110000110100000000110001001111111010000111000001011101,116484996,0,0.200000,1.000000
116488032,77,01011001100110000001010101110000110100000000100001001011001000101110001110110,116503246,0,0.080000,0.800000
116488033,79,1110110010001100000010101011100001101000000101000010010011010001001110011110010,116505118,0,0.040000,0.600000
116488034,81,110111011001000100100001011101110100110100000000100010011101100001001110010000011,116484996,0,0.200000,1.000000
116488036,88,0011001000001111110000010111011100101101000000001000100111110101101001110011001110011010,116463291,0,0.060000,0.600000
116488044,78,010010001010000000101010111001001010000000011000110101111100011000110111100100,116486642,0,0.120000,0.600000
116488051,79,0110100010001101000000101011100001101000000011000100111111101000011100000010111,116508503,0,0.160000,0.800000
116488055,82,0110100010101101000010101011100001101000000000100110011111110100001111000001011100,116498405,0,0.028000,0.700000
116488058,79,0111100000001101000010101011100001101000000001110010011101101000011010010010111,116468457,0,0.160000,0.800000
116488059,81,011010001000110100001010101110000110100000000110001001010111010000111000000101110,116485002,0,0.066667,1.000000
116488061,83,01011010000000110100001010101110000110100000000110001001101111000000011100100101110,116485000,0,0.100000,1.000000
116488063,83,01011010000000110100001010101110000110100000000110001001101111000000011100100101110,116503240,0,0.053333,0.800000
116488065,76,1111101110000001010100110000110100000000100001010011110001110011100110001111,116495386,0,0.033333,0.500000
116488066,75,101010011000000101010111000011010000000010000110101111000111000010011000111,116505127,0,0.040000,0.400000
116488069,79,0110100010001101000000101011100001101000000011000100111111101000011100000010111,116485001,0,0.200000,1.000000
116488070,81,011010001000110100001010101110000110100000000110001001111111010000111100000101110,116485001,0,0.200000,1.000000
116488072,81,011010001000110100001010101110000110100000000110001001111111010000111100000101110,116485001,0,0.200000,1.000000
116488073,78,010011001000110100001010101110000110100000001100010010111110011000111001110011,116485001,0,0.200000,1.000000
116488075,79,0110100010001101000000101011100001101000000011000100111111101000011100000010111,116485001,0,0.200000,1.000000
116488076,76,0011010111010000101010111000011010100000010000110101101000111010010011001111,116485001,0,0.200000,1.000000
116488077,86,00110010000011111000000101010111000011010000000010001001111101011000011110110011100110,116485002,0,0.066667,1.000000
116488078,80,01111010001001110000001010101110000110100000000110011001011111001010011111111001,116490316,0,0.032000,1.000000
116488083,77,11010011000110100001010101110000110100000000100001001011111000110111000111001,116501530,0,0.060000,0.600000
116488084,77,11010011000110100001010101110000110100000000100001001011111000110111000111001,116473635,0,0.053333,0.800000
116488085,74,10101001000000010101011100001101000000001000001010111101011100001001100011,116490316,0,0.032000,1.000000
116488086,77,11010011000110100001010101110000110100000000100001001011111000110111000111001,116485003,0,0.050000,1.000000
116488089,81,100010100000001001000010101011101001101000000001110010011111110100001110010010111,116501530,0,0.060000,0.600000
116488091,81,101110100010101001000010101011000001101000000001010100111110000010011100110010110,116473635,0,0.046667,0.700000
116488092,70,1010111010000101011111000011010000000011001010101111100110011100101100,116485003,0,0.050000,1.000000
116488093,81,100010100000001001000010101011101001101000000001110010011111110100001110010010111,116501522,0,0.032000,0.800000
116488095,79,0111100000001101000010101111100001101000000001110010001101101000011011010010111,116485004,0,0.040000,0.800000
116488097,76,1011110010110000001010101110000110100000001100110010111110000100110000110010,116470083,0,0.070000,0.700000
116488098,88,0011001000001111110000010111011100101101000000001000100111110101101001110011001110011010,116470083,0,0.060000,0.600000
116488100,77,01111101110000001010101110010110100000000100001011011110001110010100110101111,116490319,0,0.080000,0.800000
116488102,79,1101100101011000000101010111000011010000000011000000101111100011001101011100110,116490319,0,0.100000,1.000000
116488103,79,0011000010011000000101010111000011010000000010001011011010110101101000100110001,116498401,0,0.100000,1.000000
116488105,77,10010011000100100001011101110000110100000000110001001100110100001010010010111,116498401,0,0.080000,0.800000
116488106,82,1101110100010001001000010101011100001101000000001000100111011000000011100100000111,116490319,0,0.100000,1.000000
116488109,75,010101001100000010101011100001101000000001000011010111101011100001001101011,116508500,0,0.200000,1.000000
116488110,77,10010010101000000101010111000011010100000010000100101111100011001100111100100,116485007,0,0.200000,1.000000
116488111,75,001101011101000010101011100001101000000001000011010110100111101001001100111,116485007,0,0.200000,1.000000
116488112,74,10101001100000010101011100001101000000001000011010111101011100001001100011,116508500,0,0.200000,1.000000
116488113,81,011010000000110100001010101111000110100000000110001001111111010000111000001011101,116470078,0,0.046667,0.700000
116488114,78,001011101010110000001010101110000110100000000010011001011110000010011000111001,116485008,0,0.200000,1.000000
116488115,79,0111100000001101000010101011100001101000000001110010001101101000011010010010111,116485008,0,0.200000,1.000000
116488116,72,011010111010000101010111000011010000000010000110101010001110100100110011,116485008,0,0.200000,1.000000
116488117,82,0111100010001101000010101011100001101000000001100010011111110100001110001001011101,116476974,0,0.030000,0.400000
116488118,85,0010110000010001000000101010111000011110000000010001000111101011000111100110011010101,116490313,0,0.033333,0.500000
116488120,77,10101100100011000001010101110000110100000000110001001010111100110011100111001,116481617,0,0.100000,1.000000
116488122,77,11011001100110000001010101110000110100000000100001001011101000101110001110110,116495378,0,0.053333,0.800000
116488123,75,111101110000001010101110000110100000000100001011011110001110011100110101111,116495378,0,0.053333,0.800000
116488124,80,01101000100011010000101010111000011010000000011000100111111010000111100100101110,116498402,0,0.040000,0.800000
116488125,81,101111000100001010000101010111000011010000000011100100111011010000110100000101111,116492267,0,0.060000,0.600000
116488126,81,100101000100110000001010101110000110100000000100010011011010111100101001100111001,116486651,0,0.045788,1.000000
116488127,81,101111000100011000001010101110000110100000000111000001111111010100111000001111101,116470088,0,0.046382,1.000000
116488128,75,010101001100000010101011100001101000000001000011010111101011100001001101011,116485014,0,0.066667,1.000000
116488129,79,0100100110001001000010101011100001101000000001100110011111110100001111010010111,116485014,0,0.066667,1.000000
116488130,82,0011010001000110100001010101110000110100000000110001001111111010000111100100101110,116492268,0,0.200000,1.000000
116488131,81,011110010011100110000010101011100001101000000000100010010111110001100111111110010,116506708,0,0.032000,0.700000
116488132,85,1110111010000001000010101011100001101000000001101111010110101011000110011100011111000,116481608,0,0.040000,0.800000
116488134,76,1011011100000010101011000001100000000001000010100111100011100111001100011111,116485015,0,0.066667,1.000000
116488136,74,01101011101000010101011100001101000000001000011010110100011101001001100011,116485009,0,0.040000,0.400000
116488137,85,1110111010000001000010101011100001101000000001101111010110101011000110011100011111000,116485015,0,0.066667,1.000000
116488138,76,1011011100000010101011000001100000000001000010100111100011100111001100011111,116483540,0,0.030000,0.600000
116488141,80,01101000100011010000101010111000011010000000011000100111111010000111100100101110,116485015,0,0.066667,1.000000
116488142,85,1110111010000001000010101011100001101000000001101111010110101011000110011100011111000,116500014,0,0.026667,0.400000
116488143,85,1110111010000001000010111011100001101000000001101111010110101011000110011100011111000,116481608,0,0.035000,0.700000
116488146,74,11101000011000000101010111000011010000000010000110101110000111000001110001,116478453,0,0.040000,1.000000
116488147,79,0011000010011000000101010111000011010000000010001011011010110101101001100111001,116503249,0,0.080000,0.800000
116488148,78,010001001010110000001010101110000110100000001100010010101110001000111001110001,116498409,0,0.160000,0.800000
116488149,77,11010001000110100001010101110000110100000000100001001011111000110111000111001,116492290,0,0.080000,0.800000
116488150,78,010001001010110000001010101110000110100000001100010010101110001000111001110001,116492290,0,0.070000,0.700000
116488152,78,010001001010110000001010101110000110100000001100010010101110001000111001110001,116505121,0,0.053333,0.800000
116488153,77,11010001000110100001010101110000110100000000100001001011111000110111000111001,116485016,0,0.200000,1.000000
116488154,77,11010001000110100001010101110000110100000000100001001011111000110111000111001,116492290,0,0.080000,0.800000
116488155,78,010001001010110000001010101110000110100000001100010010101110001000111001110001,116503249,0,0.070000,0.700000
116488156,78,111010010101100000010101011100001101000000001100010010111110001100100011101100,116476987,0,0.100000,1.000000
116488157,79,1101011101110100001010101100001110100000000101001100011100010110010100110101100,116492290,0,0.060000,0.600000
116488159,79,0011000010011000000101010111000011010000000010001011011010110101101001100111001,116485016,0,0.200000,1.000000
116488160,77,11010001000110100001010101110000110100000000100001001011111000110111000111001,116465090,0,0.040000,0.800000
116488161,77,11010001000110100001010101110000110100000000100001001011111000110111000111001,116492290,0,0.080000,0.800000
116488162,79,1101011101110100001010101100001110100000000101001100011100010110010100110101100,116485016,0,0.200000,1.000000
116488163,70,0101011101000010001011100001101000000011000010101111000110001100111111,116498409,0,0.140000,0.700000
116488164,74,11010111000001010101111000110100000000100001001011111001110010101100001100,116485016,0,0.200000,1.000000
116488165,70,0101011101000010001011100001101000000011000010101111000110001100111111,116498409,0,0.140000,0.700000
116488166,70,0101011101000010001011100001101000000011000010101111000110001100111111,116465090,0,0.030000,0.600000
116488167,70,0101011101000010001011100001101000000011000010101111000110001100111111,116485016,0,0.200000,1.000000
116488168,77,11010001000110100001010101110000110100000000100001001011111000110111000111001,116485016,0,0.200000,1.000000
116488169,80,11101110100001100000101010111000011000000000111000100101011000011001110011100111,116486641,0,0.017143,0.600000
116488170,81,011010001000110100001010101110000110100000000110001001111111010000111000000101111,116492276,0,0.032000,0.800000
116488173,80,01101000100010000001010101110000110100000000111000001111111010000111000001011101,116496909,0,0.030000,0.600000
116488175,79,0111100000001101000010101011100001101000000001110010001101101000011010010010111,116486626,0,0.022222,1.000000
116488176,74,10101001010000010101011100001101000000001000011010111101011100001001100011,116486649,0,0.022857,0.600000
116488177,82,0111100010001101000010111011100001111000000001100010011111110000001111001001011001,116478443,0,0.011111,0.500000
116488178,82,0001010001000110100001010101110000110100000000110001001111111010000111100100101110,116471700,0,0.050000,1.000000
116488180,74,10101001010000010101011100001101000000001000011010111101011100001001100011,116486641,0,0.022857,0.800000
116488181,79,0011000010011000000101010111000011010000000010001011011010110101101001100111001,116486649,0,0.022857,0.600000
116488183,70,0100011000000101010111000011010000000010000110101101000110010000110001,116498408,0,0.100000,1.000000
116488184,81,011010001000110100001010101110000110100000000110001001111111010000111000000101110,116486627,0,0.050000,1.000000
116488187,81,011010001000110100001010101110000110100000000110001001111111010000111000000101110,116498410,0,0.060000,0.600000
116488188,78,111011001000110000001010101110000110100000000100001001001101000100111000111001,116498408,0,0.100000,1.000000
116488189,78,010011001000110100001010101110000110100000001100010010111100011000111001110011,116483545,0,0.080000,0.800000
116488190,83,11001000001011110000110101011100001101000000001000100110110101100011011011000110010,116486627,0,0.050000,1.000000
116488193,70,0100011000000101010111000011010000000010000110101101000110010000110001,116481617,0,0.100000,1.000000
116488194,75,101010111000000101010111000011010000000010000101101110001110010100110001111,116486627,0,0.050000,1.000000
116488195,75,101010111000000101010111000011010000000010000101101110001110010100110001111,116492271,0,0.046667,0.700000
116488197,78,001011000101010000010101011100001101000000001100010010110110011100110011100010,116486627,0,0.050000,1.000000
116488198,75,101010111000000101010111000011010000000010000101101110001110010100110001111,116486627,0,0.050000,1.000000
116488201,82,1011010001000110100001010101110000110100000000110001001111110010000111100100101110,116466864,0,0.080000,0.800000
116488202,81,011010001000110100001010101110000110100000000110001001111111110000111000000101111,116480035,0,0.100000,1.000000
116488207,73,1101011100000101010111000011010000000010000100101111000111001000010000010,116480035,0,0.100000,1.000000
116488208,86,01110111101000000100001010101110000110100000000110111101001010101100011001110001111100,116500001,0,0.080000,0.800000
116488211,79,1101000110011010000101010111000011010000000011000100111111010000111000000101110,116486629,0,0.100000,1.000000
116488214,74,10101001100000010101011100001101000000001000011010111100011100001001100011,116486629,0,0.100000,1.000000
116488215,82,1101110100010001001000010101011100001101000010001000100111011000000011110100000111,116486629,0,0.100000,1.000000
116488217,79,0011000010011001000101011111000011010000000010001011011010110101101000100110001,116488552,0,0.120000,0.600000
116488218,79,0111100000001101000010101011100001101000000001110010011101101000011010010010111,116490324,0,0.030000,0.600000
116488219,81,011010001000110100001010101110000110100000000110001001111111110000111000000101111,116486629,0,0.100000,1.000000
116488226,81,011010001000110100001010101110000110100000000110001001110111010000111000000101110,116488552,0,0.140000,0.700000
116488228,82,1101110100010001001000010101011100001101000010001000100111011000000011110100000111,116486629,0,0.100000,1.000000
116488234,80,01111011001001111000011010101100000110110000000100011001011111000010011100111001,116486630,0,0.060000,0.600000
116488236,75,001101011101000010101011100001101000000001000011010110100011101001001100111,116486630,0,0.100000,1.000000
116488238,82,1001000001001100000010101011100001101000000001000100110100101001011010011001110011,116468456,0,0.053333,0.800000
116488243,79,0100100110001001000010100011100001101010000001000100111111101000011111010010011,116506701,0,0.050000,0.500000
116488246,80,01111010001000110000001010101110000110100000000100011001011111001110011111111001,116478442,0,0.032000,0.800000
116488248,82,0011010001000110100001010101110000110100000000110101001111111010000111000001011101,116506701,0,0.060000,0.600000
116488251,81,011010101000110100001010101110000110100000100110001001110111010000111101000101110,116508500,0,0.160000,0.800000
116488252,88,0011001000001111110000010101011100001101000000001000100111110101100001111011001110011000,116486632,0,0.025000,1.000000
116488254,74,00011010111010001101010111000011010000000010100100101111101111011100110100,116498407,0,0.032000,0.700000
116488255,75,001101011101000010101011100001101000000001000011011110100011101001001100111,116486632,0,0.025000,1.000000
116488257,80,01001011101000110000001010101010000110100000000110011001011111000010011000011001,116486632,0,0.025000,1.000000
116488258,74,00011010111010001101010111000011010000000010100100101111101111011100110100,116498407,0,0.028000,0.700000
116488259,73,0011010111010000101010111000011010000000010000110111101000111100100110011,116498407,0,0.040000,0.800000
116488260,76,1110100101100000010101011100001101000000001000011010111000011100001011100011,116486632,0,0.025000,1.000000
116488261,80,01001001100010010001101010111000011010000000011001100110111101000011110100101110,116501525,0,0.032000,0.800000
116488264,77,10010010101000000101010111000011010100000010000100101111100011001100111100100,116486632,0,0.025000,1.000000
116488265,74,11101000011000000101010111000011010000000010000110101110000111000001110001,116486632,0,0.025000,1.000000
116488267,82,0111100010001101000010111011100001101000000001100010011111110100001111001001011101,116486632,0,0.025000,1.000000
116488269,80,01101000100010000001010101110000110100000000111000011111111010000111000001011101,116461655,0,0.100000,1.000000
116488270,79,1110100101011000000101010111000011010000000011000100101111100011000100011101100,116485007,0,0.200000,1.000000
116488274,76,1111101110000001010101110000110100000000100001010011110001110011100110001111,116486629,0,0.080000,0.800000
116488275,78,011011001000110000001010101110000110100000000110101001011101000100111000111001,116486633,0,0.040000,1.000000
116488276,77,11010001000110100001010101110000110100000000100001001011111000110111000111001,116486640,0,0.040000,0.400000
116488277,79,0111100100001101000010101011100001101000000001110010011101101000011010010010111,116485010,0,0.066667,1.000000
116488278,82,1101110100010001001000010101011100001101000010001000100111011000000011110100000111,116488552,0,0.120000,0.600000
116488279,76,1110100001100000010101011100001101000000001000011010111000011000011011100011,116486633,0,0.040000,1.000000
116488280,75,101100110011000000101010111000011010000000010000100101110100010111100111111,116501525,0,0.040000,1.000000
116488281,75,111101111000001010101110010110100000000100001001011110001110010100110001111,116486634,0,0.040000,1.000000
116488282,72,011110111010100101010111100011010000000010000110011010001110100100110011,116503253,0,0.046667,0.700000
116488283,81,101110100010001101000010101001000001101000000001000010011011110100000110010010111,116486634,0,0.040000,1.000000
116488284,72,011110111010100101010111100011010000000010000110011010001110100100110011,116506702,0,0.040000,0.600000
116488285,75,111101111000001010101110010110100000000100001001011110001110010100110001111,116486634,0,0.040000,1.000000
116488287,79,1110100010001101000010101001100001101000000001000010010111110001101110001110011,116486634,0,0.040000,1.000000
116488288,75,001101011101000010101011100001101000000001000011011110100011101001001100111,116481614,0,0.060000,0.600000
116488289,71,11110111000000101010111000011010000000010000101100100011100101001100011,116486634,0,0.040000,1.000000
116488290,81,011010001000110100001010101110000110100000000110001001111111010000111100000101110,116486634,0,0.040000,1.000000
116488291,71,11110111000000101010111000011010000000010000101100100011100101001100011,116503253,0,0.032000,1.000000
116488293,74,11110111000000101010111000011010000000010000101101110001110010100110001111,116503243,0,0.120000,0.600000
116488298,79,1101100101011000000101010111000011010000000011000000101111100011001101011100110,116508493,0,0.120000,0.600000
116488299,79,0111100000001101000010101111100001101000000001110010001101101000011011010010111,116486643,0,0.050000,0.500000
116488300,75,001101011101000010101011100001101010000001000011010110100011101001001100111,116506703,0,0.023333,0.700000
116488301,76,1111010011000000101010111000011110000000010000110101110000111000110011000111,116506703,0,0.023333,0.700000
116488302,74,00111010111010001101010111000011010000000010100100101111101111011000110100,116505134,0,0.070000,0.700000
116488303,76,1110100001100000010101011100001101000000001000011010111000011100001011100011,116478445,0,0.053333,0.800000
116488305,86,01111111101000000100001010101110000110100000000110111101011010101100011001110001111100,116486643,0,0.060000,0.600000
116488306,79,0111100000001101000010101111100001101000000001110010001101101000011011010010111,116468461,0,0.023333,0.700000
116488307,88,0011001000001111110000010111011100101101000000001000100111111101101001110011001110011010,116492281,0,0.030000,0.600000
116488311,78,110111010001100000010101011100001101000000001100010101111110001000111101110010,116468461,0,0.026667,0.800000
116488312,82,0010010001000110111001010111110000110100000000111001001111111010000110000001011101,116486636,0,0.066667,1.000000
116488315,81,011010001000110100001010101110000110101000000110001001111111010000111100000101110,116468456,0,0.046667,0.700000
116488317,80,01101000100011010000101010111000011010000000011001001011111000000111100100101110,116481600,0,0.066667,1.000000
116488318,73,1101011100000101010111100011010000000010000100101111100110010101100001100,116501527,0,0.053333,0.800000
116488319,78,110101100100001000000101010111000011010000000011000100101010000110011100111001,116481602,0,0.053333,0.800000
116488320,82,0010010001000110111001010111110000110100000000111001001111111010000110000001011101,116500009,0,0.040000,0.600000
116488321,75,001101011101000010101011100001101000000001000011011110100011101001001100111,116481600,0,0.066667,1.000000
116488322,78,110110010101100000010101011100001101000000001100010111111110001010111101110010,116471693,0,0.066667,1.000000
116488323,77,11111011100000010101011100001101000000001000010110111100011100101001101011111,116471693,0,0.066667,1.000000
116488324,73,1111011100000010101011100001101000000001000010010111100011001010011000111,116471693,0,0.066667,1.000000
116488325,75,010110010000100000101010111000011010000000011000100101011100011001110111001,116503244,0,0.100000,1.000000
116488327,75,101101011101000010101011100001101000000001000011010110100011101001001100111,116492271,0,0.066667,0.700000
116488328,77,11111011100001010101011100001101000000001000010110111100011100101001101011111,116500011,0,0.040000,1.000000
116488329,70,1010111010000111010111000011010000000011000010101111010110010100111111,116492271,0,0.053333,0.600000
116488330,75,101101011101000010101011100001101000000001000011010110100011101001001100111,116471684,0,0.053333,0.800000
116488331,79,1110110010000110000010101011100001100000000011100010010101100001100111001110011,116486638,0,0.050000,1.000000
116488334,77,11111011100001010101011100001101000000001000010110111100011100101001101011111,116492269,0,0.040000,0.600000
116488335,80,01101000100010000001010101110000110100000000111000001111111010000111000001011101,116486638,0,0.050000,1.000000
116488336,80,01101000100010000001010101110000110100000000111000001111111010000111000001011101,116486638,0,0.050000,1.000000
116488337,80,10101100100001000000101010111000011010000000010000100101011100011001110011100110,116485013,0,0.066667,1.000000
116488338,82,0111100010001101000010111011100001101000000001100010011111110000001111001001011001,116488545,0,0.080000,0.800000
116488339,80,01101000100011000001010101110000110100000000111000001111111010000111000001011101,116486639,0,0.066667,1.000000
116488340,81,011010001000110100001010101110000110100000000110001001111111010000011100000101110,116480041,0,0.040000,0.600000
116488342,82,0011010001000110100001010001110000110100000000110001001111111010000111100100101110,116498416,0,0.070000,0.700000
116488344,80,10111010001000100100001010101100000111100010000100010011111000001001110011001011,116480044,0,0.040000,0.400000
116488345,76,1010110010000100000101010111000011010000000011000100101011100011001110111001,116480044,0,0.060000,0.600000
116488346,81,011010001000110100001010101110000110101000000110001001111111010000111100000101110,116508502,0,0.053333,0.800000
116488348,77,01110100001100000010101011100001101000000001000011010110000011100001011100011,116480044,0,0.060000,0.600000
116488350,70,1010111010000101010111000011010000010011000010101111010110010100111111,116488548,0,0.060000,0.600000
116488351,80,01111000100011010000101010111000011010000100011100100111011010000110100100101111,116498418,0,0.080000,0.400000
116488352,77,01001001100010100000101010111000011010000000001000100110111010000111101011011,116486639,0,0.066667,1.000000
116488353,79,1001001100010010000101010111000011010000000011100100111111101000011111010001110,116498401,0,0.100000,1.000000
116488354,83,01011010000000110100001010101110000110100000000110001001111111000000011100100101110,116488552,0,0.140000,0.700000
116488355,80,01110100010001101000010101011100001101000000001100010011111110100001110010010111,116488552,0,0.140000,0.700000
116488357,88,0011001000001111110000010101011100001101000000001000100111110101100001111011001110011000,116500010,0,0.080000,0.800000
116488360,75,000110101110100011010101110000110100000000101001001011111011110111001101001,116481606,0,0.070000,0.700000
116488361,82,0111100010001101000010111011100001101000000001100010011111110000001111001001011001,116486640,0,0.100000,1.000000
116488362,78,001011101010110000001010101110000110100000000010011001011110000010011000111001,116498401,0,0.080000,0.800000
116488363,79,1101100101011000000101010111000011010000000011000000101111100011001101011100110,116486633,0,0.024000,0.600000
116488364,81,011010001000110100001010101110000110100000000110001001111111010000111000001011101,116486640,0,0.040000,0.400000
116488365,82,0100100110001001000010101011100001101000000001100010011110110100001111101001011100,116466868,0,0.200000,1.000000
116488366,78,100100101010000001010101110000110101000000101001001011111000110011001111001001,116466865,0,0.035000,0.700000
116488368,70,1010111010000101010111000010010000000011000010101111000100011100111101,116492280,0,0.053333,0.800000
116488369,82,0011010001000110100001010101110000110100000000110001001111111010000111100100101110,116486626,0,0.013333,0.600000
116488370,75,110101010010100010010101011100001101000000001100110010011100001000100111011,116490316,0,0.032000,0.800000
116488371,76,0111110010110000001010101010000110000000000110011001011111000010011000011001,116488554,0,0.060000,0.600000
116488372,76,0001101011101000110101011100000101000001001010010010110110111101110011010011,116486626,0,0.013333,0.600000
116488374,81,011010001000110100001010101110000110100000000110001001111111010000111000000101110,116478443,0,0.013333,0.600000
116488375,81,011010101000110100001010101110000110100000000110001001111111010000111100000101110,116486641,0,0.028571,1.000000
116488376,82,0110101010001001000010101011100001101000100001101010011111010100011011001001011101,116481615,0,0.035000,0.700000
116488377,81,011010001000110100001010101110000110101000000110001001111111010000111100000101110,116488554,0,0.070000,0.700000
116488379,75,101110110110000001010101110000110100000000100101101001111001100100110110001,116486641,0,0.022857,0.800000
116488380,81,011010101000110100001010101110000110100000000110001001111111010000111100000101110,116485001,0,0.080000,0.400000
116488382,88,0011001000001111110000010111011100101101000000001000100111110101101001110011001110011010,116498410,0,0.050000,0.500000
116488384,77,11010001000110100001010101110000110100000000100001001011111000110111000110001,116459871,0,0.080000,0.800000
116488386,70,0101011000000101010111000011011000000010000110101101000110010000110001,116499997,0,0.046667,0.700000
116488387,70,1000111010000101010111000011010000000011000010101111000110011100111101,116498405,0,0.032000,0.800000
116488389,86,01100111101000000100001010101110000110100000000110111101011010101100011101111001111100,116486642,0,0.200000,1.000000
116488390,74,10101001100000010101111100001101000000001000011010111100011001010011000101,116486642,0,0.200000,1.000000
116488391,74,10101001100000010101011100001101000000001000011010111100011100001001100011,116486642,0,0.160000,0.800000
116488392,75,101010011000000101010111000011010000000010000110100111000111000010011000111,116508503,0,0.200000,0.800000
116488394,83,01011010001000110100001010101110000110110000000110001001111111010000111100100101110,116499997,0,0.046667,0.700000
116488395,83,01011010000000110100001010101110000110100000000110001001111111000000111100100101110,116473641,0,0.200000,1.000000
116488398,81,011010001000110100001010101110000110100000000110001001111111010000111000001011101,116501531,0,0.060000,0.600000
116488401,81,011010001000110100001010101110000110100000000110001001111111010000111000001011101,116506703,0,0.026667,0.800000
116488402,82,1011010001000110100001010101110000110100000000110001001111110010000111100100101110,116501531,0,0.060000,0.600000
116488404,81,011010001000110100001010101110000110100000000110001001111111010000111000001011101,116486643,0,0.100000,1.000000
116488405,79,0100100110001001000010101011100001101000000001100110011111110100001111110010111,116486643,0,0.100000,1.000000
116488406,79,0111100000001101000010101011100001111000000001110010011101101000011010010010111,116486643,0,0.100000,1.000000
116488407,79,0100100110001001000010101011100001101000000001100110011111110100001111010010111,116501531,0,0.060000,0.600000
116488408,77,01011001000100000011110101110000110100000000110000010111100001100111111101010,116500007,0,0.033333,0.500000
116488409,81,011010001000110100001010101110000110100000000110001001111111010000111000001011101,116501526,0,0.160000,0.800000
116488410,75,111101110000001010101110000110100100000100001111011110001110011100110011111,116486643,0,0.100000,1.000000
116488411,79,1010110010000100000010101011100001101000000001000010010101110001100111011110011,116501531,0,0.060000,0.600000
116488412,81,011010001000110100001010101110000110100000000110001001111111010000111000001011101,116501526,0,0.160000,0.800000
116488416,82,1011010001000110100001010101110000110100000000110001001111110010000111100100101110,116486643,0,0.100000,1.000000
116488417,82,1011010001000110100001010101110000110100000000110001001111110010000111100100101110,116486635,0,0.026667,0.800000
116488418,79,0100100110001001000010101011100001101000000001100110011111110100001111010010111,116486643,0,0.100000,1.000000
116488419,79,0100100110001001000010101011100001101000000001100110011111110100001111010010111,116501526,0,0.160000,0.800000
116488420,82,1011010001000110100001010101110000110100000000110001001111110010000111100100101110,116486643,0,0.100000,1.000000
116488421,75,111101110000001010101110000110100000000100001011011110001110011100110101111,116506703,0,0.026667,0.800000
116488423,75,101010011000000101010111000011010000000010000110101111000101000010011000111,116468448,0,0.160000,0.800000
116488424,75,101010011000000101010111000011010000000010000110101111000101000010011000111,116486644,0,0.100000,1.000000
116488426,75,101110111000000101010111000011010000000010000101101110001110010100110001111,116486644,0,0.100000,1.000000
116488427,77,01011000101000000010111011100001101001000001101010010111110001100111011100001,116495378,0,0.040000,0.600000
116488428,75,101100100011000000101010111000101010000000010000001011101000100111000111001,116471687,0,0.040000,0.600000
116488429,79,0011110000001101000010101011100001100000000001110010011101101000011010010010001,116486644,0,0.100000,1.000000
116488432,74,11110111001001101010111000011010000000010010101101111000010001100110001111,116481614,0,0.100000,0.600000
116488433,82,1001000001001100000010101011100001101000000001000100110111101001011010001001110011,116508490,0,0.160000,0.800000
116488434,77,01011000101000000010111011100001101001000001101010010111110001100111011100001,116501526,0,0.120000,0.600000
116488436,77,10110110010001100000010101010100001101000000001101010010111000000011100011100,116495383,0,0.070000,0.700000
116488437,82,0111100010001101000010101011100001101000000001100010011111110100001111001001011101,116481614,0,0.100000,0.600000
116488438,84,010110000010001000000101010111000011110000000010001000111101011000111100110011010101,116481614,0,0.100000,0.600000
116488441,75,001101011101000010101011100001101000000001000011010110100011101001001100111,116468448,0,0.160000,0.800000
116488442,79,1101011100011000000101010111000011010000010011000000111111100011001100011000111,116468448,0,0.140000,0.700000
116488445,82,1101110100010001001000010101011100001101000000001000100111011000000011100100100111,116481608,0,0.040000,0.800000
116488446,83,01111000100011010000101010111000011010000000011000100111111101000011110010010111010,116486645,0,0.040000,1.000000
116488447,88,0011001000001110110000010111011100101101000000001000100111110101101001110011001110011010,116506704,0,0.040000,0.600000
116488449,77,01010000101000000010101011100001101001000001100010010111110001100111011100101,116506694,0,0.053333,0.800000
116488450,82,0011010001000110100001010101110000110100000000110001001111111010000111100100101110,116486645,0,0.040000,1.000000
116488451,72,110101110100001010101110000110100000000110000101001110001100111001111010,116481595,0,0.053333,0.800000
116488452,82,1011000101011100000010101011100001101000000011001100111110101100011110011100110100,116506704,0,0.028000,0.700000
116488453,73,1011101110000001010101110000110100000000100001011011100111001010011000111,116496914,0,0.100000,0.800000
116488454,78,111011001000110000001010101110000110100000000100001001001101000100111000111001,116486646,0,0.100000,1.000000
116488455,86,00110010010011111100100101010111000011010000000010001001111101011000011110110011100110,116496914,0,0.070000,0.700000
116488456,81,011010001000100101001010101110000110100000000110001001111111010000111000001101110,116496914,0,0.070000,0.700000
116488459,82,0110100010001001010010101011100001101000000001100010011111110100001110000011011101,116496914,0,0.070000,0.700000
116488460,79,0100100110001001000010100011100001101010000001000100111111101000011111010010011,116486646,0,0.100000,1.000000
116488461,86,00110000000011111100000101010111000011010000000010001001111101011000011110110011100110,116503250,0,0.028000,0.700000
116488462,80,01101000100010000001010101110000110100000000111000001111111010000111000001011101,116486646,0,0.100000,1.000000
116488463,80,01101000100001010000101010111000011010000000011001001011111000000111100100101110,116486646,0,0.080000,0.700000
116488465,86,00110000000011111100000101010111000011010000000010001001111101011000011110110011100110,116486646,0,0.080000,0.700000
116488466,79,1100100101011000000101010111000011010000000011000110101111100011000100011100100,116486646,0,0.100000,1.000000
116488467,73,1011101110000001010101110000110100000000100001011011100111001010011000111,116486646,0,0.070000,0.700000
116488468,79,1100100101011000000101010111000011010000000011000100101111100011000100011100100,116486646,0,0.100000,1.000000
116488469,86,00110010010011111100100101010111000011010000000010001001111101011000011110110011100110,116503250,0,0.024000,0.600000
116488470,70,1010111010000101011111000011010000000011001010101111100110011100101100,116496914,0,0.070000,0.700000
116488471,80,01101000100001010000101010111000011010000000011001001011111000000111100100101110,116486646,0,0.080000,0.700000
116488474,85,0011011000011111110000010101011100001101000000001000100111101011000011010110011100111,116483541,0,0.053333,0.800000
116488475,73,1111011100000010101111100001101000000001000010110111000111001010011000111,116508497,0,0.046667,0.700000
116488477,81,011010001000110100001010101110000110100000000110001001111111010000111100000101110,116483541,0,0.053333,0.800000
116488481,77,01010000101000000010101011100001101001000001100010010111110001100111011100001,116490313,0,0.066667,0.500000
116488483,79,0011000010011000000101010111000011010000000010001011011010110101101001100111001,116506705,0,0.080000,0.800000
116488484,81,011010101000110100001010101110000110100000100110001001110111010000111101000101110,116486648,0,0.100000,1.000000
116488485,77,11111011100000010101011100001101000000001010010110111100011100101001101011111,116486648,0,0.100000,1.000000
116488486,80,10110101000001101000010101011100001001000100001100100111110011000111110010110111,116486648,0,0.100000,1.000000
116488487,82,1111000001000100000101010111000010010000000010001001111101011001111100110011110101,116486648,0,0.100000,1.000000
116488488,81,011010101000110100001010101110000110100000100110001001110111010000111101000101110,116486648,0,0.100000,1.000000
116488489,76,1010110010000100000101010111000011010000000011000100101011100011001110111001,116486648,0,0.100000,1.000000
116488492,79,1100100101011000000101010111000011010000100011000110101111100011000100011100100,116506705,0,0.070000,0.700000
116488493,79,0011000010011000000101010111010011010000000010001011011010110101101000100110001,116486648,0,0.100000,1.000000
116488494,82,1101110000010001001000010101011100101101000000001000100111011000000011100100000111,116486648,0,0.100000,1.000000
116488495,79,0110100010001101000010101011100001101000000011000100111111101000011110000010111,116486641,0,0.028571,0.700000
116488497,75,111101001100000010101011100001111000000001000011010111000011100011001100011,116486649,0,0.028571,1.000000
116488500,86,01110111101000000100001010101110000110100000000110111101011010101100011001110001110100,116470087,0,0.120000,0.600000
116488502,75,111101001100000010101011100001111000000001000011010111000011100011001100011,116465090,0,0.035000,0.700000
116488504,79,1011011001000110000001010101010000110100000000110101001011100000100111000111001,116492281,0,0.030000,0.600000
116488506,74,01101011101001010101011100001101000000001000011010110100011101001000100111,116496900,0,0.053333,0.800000
116488507,81,011010001000110100001010101110000110100000000110001001111111010000111000000101111,116486650,0,0.100000,1.000000
116488508,70,1010111010000101010111000010010000000011000010101111000100011100111101,116506706,0,0.060000,0.600000
116488510,80,01101000100011010000001010111000011110000000011001001111111000000111000100001110,116486650,0,0.100000,1.000000
116488511,81,011010001000110100001010101110000110100000000110001000111111010000111100000101110,116500009,0,0.066667,1.000000
116488513,79,1101000110011010000101010111000011010000000011000100111111010000111000001101110,116485012,0,0.050000,1.000000
116488514,77,10111101110000001010101110000110100000000100001010011110001110011100110001111,116490331,0,0.066667,1.000000
116488516,80,01101000100011010000101010111000011010000000011000100111111010000111100100101110,116486651,0,0.045788,1.000000
116488517,75,101100110011000000101010111000011010000000010000100101110100010111100111111,116490314,0,0.066667,1.000000
116488519,80,01101000100011010000101010111000011010000000011000100111111010000111100100101110,116486651,0,0.045788,1.000000
116488520,75,101010011000000101010111000011010000000010000110101111000111000010011000111,116501532,0,0.030000,0.600000
116488521,78,001011000101000000010101011100001101000000001100010010101110011100110011100010,116508508,0,0.030000,0.700000
116488523,82,1101110100010001001000010101011100001101000000001000100111011000000011100100000111,116486652,0,0.066667,1.000000
116488524,75,110101001100000010101011100001101000000001000011010111101011100001001100011,116485008,0,0.120000,0.600000
116488525,80,10101100100001000000101010111000011010000000010000100101011100011001110011100110,116486652,0,0.066667,1.000000
116488526,79,0111100000001101000010101011100001111000000001110010011101101000011010010010111,116508508,0,0.025000,0.600000
116488528,82,0011010001000110100001010101110000110100000000110101001111111010000111000001011101,116485008,0,0.120000,0.600000
116488529,79,0111100000001101000010101011100001111000000001110010011101101000011010010010111,116501532,0,0.025000,0.500000
116488530,73,0111101110100001010101111000110100000000100001100110100011101001001100110,116508508,0,0.025000,0.600000
116488531,80,01111010001000110000001010111110000110100000000110011001011111001110011111111001,116503248,0,0.050000,0.500000
116488532,75,110101001100000010101011100001101000000001000011010111101011100001001100011,116501532,0,0.030000,0.600000
116488533,82,0011010001000110100001010101110000110100000000110101001111111010000111000001011101,116485008,0,0.120000,0.600000
116488536,79,0111100000001101000010101011100001111000000001110010011101101000011010010010111,116485008,0,0.100000,0.500000
116488537,79,0111100000001101000010101011100001111000000001110010011101101000011010010010111,116486652,0,0.066667,1.000000
116488538,75,110101001100000010101011100001101000000001000011010111101011100011001100011,116486652,0,0.066667,1.000000
116488539,78,001011000101000000010101011100001101000000001100010010101110011100110011100010,116490313,0,0.040000,0.600000
116488540,80,01111010001100110000001010111110000110100000000110011001011111001110011111111001,116485008,0,0.100000,0.500000
116488564,79,0011100000001101000010101011100001100000000001110010011101101000011010010010101,116501528,0,0.080000,0.800000
116488565,83,01011010000000110100001010101110000110100000000110001001101111000000011100100101110,116476976,0,0.050000,0.800000
116488568,80,01111010001001110000001010101110000110110000000110011101011111001110011111111101,116481610,0,0.040000,0.800000
116488570,77,01011000101000000010101011100001101001000001101010010111110000100111011100001,116492267,0,0.060000,0.600000
116488572,78,010011001000110000001010101110000110100000001100010010111110001000111001110011,116498402,0,0.035000,0.700000
116488576,81,011010001000110100001010101110000110100000000110001001111011010000111100000101110,116503243,0,0.120000,0.600000
116488598,78,110101100100001000000101010111000011010000000011000100101010000110011100111001,116480036,0,0.053333,0.800000
116488606,81,011010001000110100001010101110000110100000000110001001111111010000111000001011101,116492286,0,0.070000,0.700000
116488611,75,010110010000100000101010111000011010000000011000100101011100011001110111001,116492286,0,0.070000,0.700000
116488637,71,11000111010000101010111000011010000000011000010101111000110011100111101,116470081,0,0.080000,0.800000
116488638,80,01111010001001110000001010101110000110100000000110011001011111001010011111111001,116483539,0,0.080000,0.800000
116488642,76,1110100001100000010101011100001101000000001000011010111000011100001001100011,116483539,0,0.080000,0.800000
116488644,77,10010011000100100001010101110000110100000000111010011111110100001111101000111,116470081,0,0.080000,0.800000
116488645,79,1101100101011000000101010111000011010000000011000000101111100011001101011100110,116486635,0,0.026667,0.800000
116488648,79,0101100000001101000010101011100001101000000001110010011101101000011010010010111,116488542,0,0.080000,0.800000
116488651,82,1011000001000110100001010101110000110100000000110001001111111000000111100100101110,116506707,0,0.080000,0.800000
116488652,77,11011001000110000001010101110000100100000000100001000011101001100101000111101,116490329,0,0.046667,0.700000
116488655,82,0011010001000110100001010101110000110100000000110001001111111010000111100100101110,116475186,0,0.080000,0.600000
116488656,79,0100100110001001000010101011100001101001000001101110011011110100101111010010111,116498409,0,0.160000,0.800000
116488657,79,1101101101011000000101010111000011010100000011100000101111100011001101011100110,116506698,0,0.080000,0.800000
116488670,73,1111011100000010101011100001101000000001000010110111000111001010011000111,116498401,0,0.100000,1.000000
116488671,73,0111101110100001010101111000110100000000100001100110100011111001001100110,116506697,0,0.053333,0.800000
116488672,79,0111100000001101000010101011100001101000000001110010011101101000011010010010111,116508503,0,0.160000,0.800000
116488674,79,1101011101110100001010101100001110100000000101001100011100010110010100110101100,116486626,0,0.013333,0.600000
116488676,79,0111100000001101000010101011100001101000000001110010011101101000011010010010111,116501522,0,0.040000,1.000000
116488678,87,010101111010000001000010101011100001101000000001101111011110101011000110011100011111001,116468450,0,0.049116,0.800000
116488679,86,01110111101000000100001010101110000110100000000110111101011010101100011101110001111100,116508503,0,0.160000,0.800000
116488683,77,01001001100010010000111010111000011010000000011001001101111010000111100001011,116488560,0,0.140000,0.700000
116488684,79,0100100110001001000010101011100001101000000001100110011111110100001111010010111,116486642,0,0.160000,0.800000
116488691,82,1011010001000111100001010101110000111100000010110001001011111010000111100001011101,116492268,0,0.140000,0.700000
116488700,86,01101011000000001000010101011100001101000000001101111011010101011000110011100011111000,116490325,0,0.053333,0.800000
116488701,78,001111100101100000010101011100001101000000001100110011111110000100110000110010,116503234,0,0.080000,0.800000
116488703,74,11101000011000000101010111000011010000000010000110101110000111000001110001,116471693,0,0.066667,1.000000
116488706,78,010110001010000001101010111000011010010000011010100101111100001001110111000010,116475183,0,0.040000,0.600000
116488707,74,11110111000000101010111000011010000000010000101101110001110010100110001111,116501520,0,0.053333,0.800000
116488709,80,01111011001001111000001010101100000110100000000100011001011111000110011100111001,116486651,0,0.036630,0.800000
116488715,77,10101100100011000001010101110000110100000000110001001010111100110011100111001,116475180,0,0.160000,0.800000
116488727,77,10101100100011000001010101110000110100000000110001001010111100110011100111001,116501516,0,0.080000,0.800000
116488746,81,011010001000110101001010101110000110100000000110001001111111010000111001001101110,116468450,0,0.140000,0.700000
116488771,80,01101000100010000001010101110000110100000000111000001101111010000111000001011101,116506711,0,0.060000,0.800000
116488773,75,101100110011000000101010111000011010000000010000100101110101010111000111001,116490322,0,0.050000,1.000000
116488774,79,0110100010001101000010101011100001101000000011000100111111101000011110000010111,116488546,0,0.046667,0.700000
116488778,80,11110000000110100001010101010000110100000000110001001111111010000111001001011101,116471684,0,0.046667,0.700000
116488792,83,01011010001000010100001010101110000111100000000110001001111111100100111000100101110,116496904,0,0.046667,0.700000
116488793,82,0110101010001001000010101011100001101000100001101010011111010100011011001001011101,116499997,0,0.066667,1.000000
116488794,76,1110110001100000010101111100001101000000001000011010111000011100001011100011,116486642,0,0.140000,0.700000
116488795,76,1110110001100000010101111100001101000000001000011010111000011100001011100011,116499997,0,0.046667,0.700000
116488797,74,10101001100000010101011100001101000000001000011010111100011100001001100011,116490323,0,0.053333,0.800000
116488798,81,011010001000110101001010101110000110100000000110001001111111010000111000001101110,116490323,0,0.046667,0.700000
116488799,74,10101001100000010101011100001101000000001000011010111101011100001001101011,116499997,0,0.053333,0.800000
116488800,80,01110100010001101000010101011100001111000000001110010011111110100001110010010111,116459872,0,0.066667,1.000000
116488808,82,0110100010101101000010101011100001101000000001100110011111110100001111000001001100,116490316,0,0.032000,1.000000
116488812,82,0011010101000110100011010101110000110100000000110101001111111010000111000001011101,116483546,0,0.046667,0.700000
116488816,75,010110010000100000101010111000011010000000011000100101011100010001110111001,116486650,0,0.070000,0.700000
116488818,81,011010001000110100001010101110000110100000000110001001111111010000011100000101110,116485002,0,0.066667,1.000000
116488819,83,01011010001000110100001010101110000110100000000110001001111111000000111000100101110,116492275,0,0.032000,0.800000
116488820,76,1011110010110000001010101110000110100000001100110010111110000100110000110010,116471682,0,0.028000,0.500000
116488821,82,0110100011001101000110101011100011101000000001110010011111111100011100000010111010,116508496,0,0.070000,0.700000
116488823,77,10101100100011000001010101110000110100000000110001001010111100110011100111001,116465102,0,0.100000,1.000000
116488826,83,11001000001011100000110101011100001101000000001010100111110101100011010011000110000,116490333,0,0.120000,0.600000
116488827,72,110100101100000010101011101001101000000001000011010111100011001010011101,116490333,0,0.120000,0.600000
116488828,82,0001010001000110100001010101110000110100000000110001001111111010000111100100101110,116496909,0,0.030000,0.600000
116488829,78,010110010001100000110101011100001101000000001101000101111000011001111101010100,116480047,0,0.028000,0.700000
116488831,74,00111010111010001101010111000011010000000010100100101111101111011000110100,116480037,0,0.080000,0.800000
116488833,72,011010111010000101010111000011010000000010000110101010001110100100110011,116495382,0,0.066667,0.700000
116488834,70,1010111010000111010111000011010000000011000010101111010110010100111111,116485009,0,0.040000,0.400000
116488841,77,11010001000110100001010101110000110100000000100001001011111000110111000110001,116480037,0,0.100000,1.000000
116488851,74,01011001000110000010101011100001101000000001100010011110100001001101011100,116488543,0,0.080000,0.800000
116488854,76,1111101110000001010101110000110100000000100001011011110001110010100110011111,116495378,0,0.053333,0.800000
116488858,82,1101110100010001001000010101011100001101000000001000100111011000000011100100000111,116495378,0,0.053333,0.800000
116488861,82,1011010001000110100001010101110000110100000000110001001111110010000111100100101110,116495378,0,0.053333,0.800000
116488868,81,011010001000110100001010101110000110100000000110001001111111010000111100000101110,116461655,0,0.100000,1.000000
116488870,76,1111101110000001010101110000110100000000100001010011110001110011100110001111,116490326,0,0.053333,0.800000
116488872,77,11011001000110000001010101110000100100000000100001000011101001100101000111101,116508502,0,0.053333,0.800000
116488873,83,01011010001000010100001010101110000111100000000110001001111111000100111000100101110,116500005,0,0.022857,0.800000
116488874,81,001101000110011010000101010111010011010000000110001001111111010000111010101010101,116473639,0,0.140000,0.700000
116488875,87,011101111010000001000010101111100001101000000001101111010110101011000110011100011111000,116490318,0,0.053333,0.800000
116488876,75,111101110000001010101010000010100000000100001011011100001100011100100001111,116498416,0,0.060000,0.600000
116488878,76,1010110010000100000101010111000011110000000011000100101011100011001110111001,116500012,0,0.070000,0.700000
116488883,75,101110111000000101000111000011010000000010000101101110001110010100110001111,116494067,0,0.040000,0.400000
116488885,70,1000111010000101010111000011010000000011000010101111000110010100111101,116488544,0,0.050000,1.000000
116488886,78,010010001010000000101010111001001010000000011000110101111100011000110111100100,116505130,0,0.070000,0.700000
116488889,78,010010001010000000101010111001001010000000011000110101111100011000110111100100,116473642,0,0.059289,0.600000
116488891,73,1110011100000010101011100001101000000001000110110111000111001010011000111,116492278,0,0.032000,0.800000
116488892,77,11111011100000010101011100001101000000001000010110111100011000101001101011111,116492278,0,0.032000,0.800000
116488917,80,01101000100001010000101010111100011010000000011001001111111000000111100100001110,116486632,0,0.017500,0.700000
116488919,79,1101011100011000000101010111000011010000000011000000111111100011001100011000110,116481609,0,0.040000,0.600000
116488920,74,11110111000000111010111000011010000001010010101101111000010001100110001111,116486636,0,0.026667,0.400000
116488921,84,010110100000001101000010101011100001101000000001100010011111110000000111001001011101,116461673,0,0.100000,1.000000
116488922,74,10101001100100010101011100001101000000001000011010111100011100001111100011,116468456,0,0.046667,0.700000
116488923,79,0011000010011000000101010111000011010000000010001011011010110101101000100110001,116468456,0,0.053333,0.800000
116488924,83,11001000001011110000110101011100001101000000001000100110110101100011011011000110010,116505125,0,0.032000,0.800000
116488925,74,10101001100100010101011100001101000000001000011010111100011100001111100011,116490318,0,0.070000,0.800000
116488927,77,01111101110000001010101110010110100000000100001011011110001110010100110101111,116461673,0,0.100000,1.000000
116488928,76,1110110001100000010101111100001101000000001000011010111000011100001011100011,116501527,0,0.053333,0.800000
116488929,78,110110010101100000010101011100001101000000001100010111111110001010111101110010,116486636,0,0.026667,0.400000
116488930,81,011010001000110100001010101110000110100000000110001001111111010000111100000101110,116481602,0,0.053333,0.800000
116488931,74,10101001100100010101011100001101000000001000011010111100011100001111100011,116481602,0,0.046667,0.700000
116488932,74,10101001100100010101011100001101000000001000011010111100011100001111100011,116486636,0,0.026667,0.400000
116488941,75,001101011101000010101011100001101000000001000011011110100011101001001100111,116465089,0,0.140000,0.700000
116488949,78,011111011100000010101011100001101000000001000010110111100011100101001101011111,116503239,0,0.080000,0.800000
116488950,74,11101000011000000101010111000011010000000010000110101110000111000001110001,116501529,0,0.080000,0.800000
116488951,80,11000010001101000010101011100011101000000001100010011111110100001110000001011100,116463291,0,0.060000,0.600000
116488952,80,01101000100001010000101010111000011010000000011001001011111000000111100100101110,116481613,0,0.160000,0.800000
116488953,78,110100010001101000010101011100001101000000001000010010111110001101110001100011,116492290,0,0.080000,0.800000
116488954,74,10101001100000010101011100001101000000001000011010111100011001010011000101,116503239,0,0.080000,0.800000
116488955,85,0011001000001111110000010101011100001101000000001000100101101011000011010110011100111,116508504,0,0.046382,1.000000
116488956,79,0110101010001101000010101011100001101000100001100100111110011000111110010110111,116492269,0,0.053333,0.800000
116488957,79,1010110010100100000010101011100001101000000001000010010101110001100111001110011,116498409,0,0.200000,1.000000
116488958,80,01111011001001111000001010101100000100100000000100011001011111000110011100111001,116503231,0,0.024000,0.600000
116488959,78,111010010101100000010101011100001101000000001100010010101110001100100011101100,116481613,0,0.160000,0.800000
116488961,81,011010001000110100001010101110000110100000000110001001111111010000111000001011101,116501529,0,0.080000,0.800000
116488962,75,010101001100000010101011100001101000000001000011010111101011100001001101011,116503231,0,0.032000,0.800000
116488963,79,0110100010001101000010101011100001101000000011000100111111101010011110000010111,116492290,0,0.070000,0.700000
116488964,76,0001101011101000110101011100001101000000001010010010111110111101110011010011,116461655,0,0.080000,0.800000
116488966,80,10110001000001101000010101011100001101000100001100100110100011000111110010110111,116485007,0,0.160000,0.800000
116488968,72,010100101100000010101011101001101000000001000011010101100011001010011101,116498419,0,0.080000,0.800000
116488970,83,10111100010001101000010101011100001101000000001100010011111110100000111001001011101,116508500,0,0.200000,1.000000
116488971,80,01101000100011010000101010111000011110000000011001001111111000000111000100001110,116480037,0,0.080000,0.800000
116488973,74,10101001100000010101011100001101000000001000011010111100011100001001100011,116498419,0,0.100000,1.000000
116488976,74,10101001100000010101011100001101000000001000011010111100011100001001100011,116492275,0,0.032000,0.800000
116488977,72,011010111010000101010111000011010000000010000110101010001110100100110011,116501516,0,0.080000,0.800000
116488980,80,01101000100001010000101010111100011010000000011001001111111000000111101100001110,116501516,0,0.070000,0.700000
116488988,79,0111101100100111100000101010110000010010000000010001100101111100011001110011101,116496907,0,0.050000,0.700000
116488997,77,01111100101100000010101011100001100000000001100110010111110000100110000110010,116486649,0,0.014286,0.500000
116488998,77,01111100101100000010101011100001101000000001100110010111110000100110000110010,116503246,0,0.080000,0.800000
116488999,77,01111100101100000010101011100001101000000001100110010111110000100110000110010,116486649,0,0.017143,0.600000
116489000,82,0011010001000110100001010101110000110100000000110101001111111010000111000001011101,116485000,0,0.100000,1.000000
116489001,74,10101001100000010101011100001101000000001000011010111101011100001001100011,116488553,0,0.066667,1.000000
116489002,77,11111011100000000101011100001101000000001000010110111100011100101001101011111,116485000,0,0.080000,0.800000
116489003,78,110101100100001000001010111110000110100000000110001001010111000110011100111001,116506692,0,0.060000,0.600000
116489004,76,1111101110000001010101110000110100000000100001010011110001110011100110001111,116470092,0,0.046667,0.700000
116489006,84,001100100100111111001001010101110000110100000010100010011111000110000011101101110011,116473641,0,0.140000,0.700000
116489007,86,00110010000011111000000101010111000011010000000010001101111101011000011110110011100110,116473641,0,0.200000,1.000000
116489011,78,001011001000011000010101011100001101000000001100010010101110001100111001110011,116459871,0,0.080000,0.800000
116489013,84,010110000010001000000101010111010011010000000010001000111111011000111100110011010101,116459871,0,0.070000,0.700000
116489015,80,01111011001001111000001010101100000100100000000100011001011111000110011100111101,116459871,0,0.060000,0.600000
116489016,81,011110100010001100000010101011100001101000000101100110010111110011100111111110011,116473641,0,0.160000,0.800000
116489017,79,0110101010001101000010101011100001101000100001100100111110011000111110010110111,116459871,0,0.100000,1.000000
116489019,84,111001000001011100000110101011100011101000000001000100111111101100011010011000110010,116459871,0,0.060000,0.600000
116489024,86,00110010000011111000000101010111000011010000000010001001111101011000011110110011100110,116483548,0,0.060000,0.600000
116489027,73,1111011100000010101011100001101000000001110010110111000111001010011000111,116501515,0,0.100000,1.000000
116489029,79,1101100101011000000101010111000011010000000011000000101111100011001101011100110,116471697,0,0.060000,0.600000
116489030,77,11110000000010100001010101110000110100000000111000001110110100011010010010111,116481613,0,0.160000,0.800000
116489031,79,0100100110001001000010101011100001101000000001100110011111110100001111010010111,116465088,0,0.046382,1.000000
116489032,77,10101100100011000001010101010000110100000000110001001010111100110011100111001,116486638,0,0.040000,0.800000
116489035,80,01101000100001010001101010111100011010000000011001001111111000000111100100001110,116471697,0,0.070000,0.600000
116489036,77,01011001100110000001010101110100110100000000100001001011101000101110001110110,116471697,0,0.060000,0.600000
116489038,77,01011001000100000011010101110000110100000000110000010111100101100111111101010,116501529,0,0.070000,0.700000
116489042,78,011111001011000000101010111000011010000000011000100101111100001001100001100100,116465089,0,0.200000,1.000000
116489044,81,011010001000110100001010101110000110100000000110001001111111010000111100000101110,116465089,0,0.200000,1.000000
116489046,78,010011001000110100001010101110000110100000001100010010111110011000111001110011,116465089,0,0.200000,1.000000
116489053,82,0011010001000110100001010101110000110100000000110001001111111010000111100100101110,116485008,0,0.120000,0.600000
116489071,77,11111011100000010101011100001101000000001000010110111100011000101001101011111,116486627,0,0.035000,0.700000
116489073,88,0011001000001111110000010111011100101101000000001000100111110101101001110011001110011010,116503230,0,0.140000,0.700000
116489078,80,01101000100011000001010101110000110100000000111000001111111010000111000001011101,116468457,0,0.160000,0.800000
116489080,81,011010001000110100001010101110000110100000000110001001111111010000111000000101110,116506699,0,0.066667,1.000000
116489083,83,11001000001011100000110101011100001101000000001000100111110101100011010011000110010,116492277,0,0.030000,0.600000
116489084,76,1011010111000001010101111000110100000000100001001011101001110010101100001100,116461673,0,0.070000,0.700000
116489086,77,11010001000110110001010101110000110100000000100001000011111000110111000111001,116465105,0,0.100000,1.000000
116489087,75,010110010000100000101010111000011010000000011000100101011100011001110111001,116498404,0,0.080000,0.800000
116489088,78,110101100100001000001010101110000110100000000110001001010111000110011100111001,116498404,0,0.080000,0.800000
116489089,79,0111100000001101000010101011100001101000000001110010011101101000011010010010111,116488541,0,0.080000,0.800000
116489090,76,0110100001100000010101011100001101000000001000011010111100011100001001100011,116498404,0,0.080000,0.800000
116489094,82,1011010001000111100001010101110000111100000010110001001011111010000111100001011101,116490324,0,0.025000,0.500000
116489099,81,011010001000110100001010101110000110100000000110001001111111010000111000000101110,116470078,0,0.053333,0.800000
116489104,74,10101001100000010101011100001101000000001000011010111101011100001001100011,116508498,0,0.060000,0.600000
116489105,79,1101011100011000000101010111000011010000000011000000111111100011001100011000110,116466865,0,0.050000,1.000000
116489107,77,11111011100000010101011100001101000001001000010110111100011100101001101011111,116466865,0,0.050000,1.000000
116489108,85,0011001000001111110000010101011101001101000000001000100101101011000011010110011100111,116466865,0,0.050000,1.000000
116489111,75,101110111000000101010111000011010000000010000101101110001110010100110001111,116498408,0,0.100000,1.000000
116489112,79,1011110001010000010101110111000011010000000011000100101111100011011110111000110,116486627,0,0.030000,0.600000
116489113,81,011010101000110100001010101110000110100000000110001001111111010000111100000101110,116466865,0,0.050000,1.000000
116489116,77,10010010101000000101010111000011010100000010000100101111100011001100111100100,116495376,0,0.100000,0.500000
116489119,75,101010111000000101010111000011010000000010000101111110001110010100110001111,116481615,0,0.040000,0.800000
116489120,88,0011001000001111110000010111011100101101000000001000100111110101101001110011001110011010,116468449,0,0.120000,0.600000
116489125,78,111100000000101000010101011100001101000000001110010011101101000110100100101111,116468457,0,0.160000,0.800000
116489128,81,110010000010111100001101010111000011010000000010001011011010110001101101100011001,116473635,0,0.046667,0.700000
116489131,74,10101001000000010101011100001101000000001000011010111001011100001001100001,116468457,0,0.160000,0.800000
116489142,77,11110000100110100001010101110000110100000000110001010111101000011110000010111,116488550,0,0.040000,0.800000
116489146,81,010010011000100100001010101110000110100000000110001001111111010000111110100101110,116505120,0,0.040000,0.800000
116489147,79,1101000110011010000101010111000011010000000011000100111111010000111000000101110,116505120,0,0.040000,0.800000
116489154,75,101010111000000101010111000011010000000010000101101110001110010100110001111,116492286,0,0.070000,0.700000
116489156,79,0111100010001101000010101011100001101000000001110010011101101000011010010010111,116492286,0,0.070000,0.700000
116489171,80,01110100000000101000010101011100001101000000001110010011111110100001110010010111,116486644,0,0.080000,0.800000
116489172,80,01110100000000101000010101011100001101000000001110010011111110100001110010010111,116500006,0,0.200000,1.000000
116489173,82,1100100000100110000001010101110000110100001000100010011011010110001101011100011001,116470087,0,0.120000,0.600000
116489174,81,110101100100001000000101010111000011010000000010000100100011100011001110011100111,116492281,0,0.035000,0.700000
116489175,76,1100101011000000101010111000011010000000011000100101111100011000100011101100,116488550,0,0.040000,0.800000
116489176,70,1010111010000111010111000011010000000011000110101011010110010100111111,116468450,0,0.200000,1.000000
116489184,85,0011010111010110100001010101110010110100000000110001001111111010000111100100111110111,116506706,0,0.060000,0.600000
116489194,80,01111010001001110000001010111110000110100000000110011001011111001110011110111001,116468454,0,0.066667,1.000000
116489195,83,00110100110101101000010101011100001101000000001100010011111110100001111001001011101,116468454,0,0.066667,1.000000
116489196,74,01111011101000010101011100001111000000001000111010110100011101001001100111,116468454,0,0.066667,1.000000
116489197,73,1101011100000101010111000011110000000010000100101111000111001000010000010,116488556,0,0.024000,0.600000
116489198,86,00110000000011111100000101010111000011010000000010001001111101011000011110110011100110,116468454,0,0.066667,1.000000
116489200,78,001111100010110010001010101110000110100000000110011001011111000011011000111001,116506709,0,0.024000,0.600000
116489201,76,1111101110000001010101110000110100000000100001010011110001110011100110001111,116468454,0,0.066667,1.000000
116489202,78,010011001000110100001010101110000110100000001100010010111110011000111001110011,116468454,0,0.066667,1.000000
116489203,78,001011101010110000001010101110000110100000000010011001011110000010011000111001,116468454,0,0.066667,1.000000
116489204,81,011010001000110101001010101111000110100000000110001001111111010000111000000101110,116480038,0,0.040000,0.600000
116489205,76,1011110010110000001010101110000110100000001100110010111110000100110000110010,116468454,0,0.066667,1.000000
116489206,79,0111100000001101000010101011100001101000000001110010001101101000011010010010111,116468454,0,0.066667,1.000000
116489207,83,01011010001001010100001010101110000111100000000110001001111111100100111000100101110,116468454,0,0.066667,1.000000
116489208,75,101100110011000100101010111000011010000101010000100101110100010111000111011,116480038,0,0.040000,0.600000
116489209,84,111010000010111000001101010111000011010000000010001101111101011000010100110001100101,116488550,0,0.035000,0.700000
116489210,72,110101110100001010101110000110100000100110000101001110001100111001111010,116490326,0,0.046667,0.700000
116489211,82,0110100010001101000010101011100001101000000001100010011111110000001110000010111011,116503232,0,0.080000,0.800000
116489212,76,1110100001100000010101011100001101000000001000011010111000011000011011100011,116468455,0,0.066667,1.000000
116489213,81,011010001000110100001010101110000110100000000110001001111111010000111100000101110,116473642,0,0.079051,0.800000
116489214,81,011110100010001100000010101011100001101000000101100110010111110011100111111110011,116468456,0,0.066667,1.000000
116489220,75,011101001100000010101011100001101000000001000011010111101011100001001101011,116488543,0,0.080000,0.800000
116489222,70,1010111010000101011111000011010000000011001010101111100110011100101100,116490328,0,0.040000,0.600000
116489223,80,01111011001011111000001010101100000110100000000100011001011111000110011100111001,116492269,0,0.040000,0.600000
116489224,75,101110111000000101010111000011010000000010000111101110001110010100111001111,116492269,0,0.046667,0.700000
116489225,81,010010011000100100001010101110000110100000000111001001111111010000111110100101110,116468462,0,0.050000,1.000000
116489227,83,11001000001011100000110101011100001101000000001000100110110101100011011011000110010,116490321,0,0.028000,0.700000
116489228,83,01101000110011010001101010111000011010000000011100100111111111000011000000101110101,116490324,0,0.030000,0.600000
116489229,78,011110110010011110000110101011000001101100000001000110010111110001001110011100,116495385,0,0.120000,0.600000
116489231,75,111010111000001010101111000110100000000100001001011111001110010101100001100,116470088,0,0.040000,0.800000
116489235,79,0100100110001001000010101011100001101000000001101110011011110100101111010010111,116494068,0,0.100000,1.000000
116489239,86,01110111101000000100001010101110000110100000000110111101011010101100011101110001111100,116490329,0,0.053333,0.800000
116489240,81,010010011000100100001010101110000110100000000111001001111111010000111110100101110,116470078,0,0.066667,1.000000
116489241,77,11010001000110100001010101110000110100000000100001001011111000110111000110001,116470079,0,0.100000,1.000000
116489242,78,101101100100110000001010101110000110100000000110001001011111000100111000111001,116476973,0,0.100000,0.600000
116489243,83,01101110100010001001000010101011100001101000000001000100111011000000011100100000111,116476973,0,0.040000,0.600000
116489246,79,1110100101011000000101010111000011010000000011000100101111100011000100011101100,116494068,0,0.100000,1.000000
116489247,77,10010011000100100001011101110000110100000000110001001100110100001010010010111,116470093,0,0.032000,0.800000
116489248,83,00011010101000110100001010101110000110100000000110001001111111010000111100100101110,116476973,0,0.100000,0.600000
116489250,80,01111011001001111000001010101100000110100000000100011001011111000110011100111001,116468461,0,0.023333,0.700000
116489252,76,0001101011101000110101011100001101000000001010010010111110111101110011010011,116486628,0,0.060000,0.600000
116489253,76,1011110010110000001010101110000110100000001100110010111110000100110000110010,116484996,0,0.140000,0.700000
116489254,83,01011010000000110100001010101110000110100000000110001001111111000000011100100101110,116484996,0,0.160000,0.800000
116489255,81,011010001000110100001010101010000110100000000110001001111111010000111100000101110,116490325,0,0.046667,0.700000
116489256,77,01111101110000001010101110000110100000001100001011011110001110010100110101111,116505118,0,0.040000,0.600000
116489257,75,111101110000001010101010000010100000000100001011011100001100011100100001111,116492281,0,0.030000,0.600000
116489258,81,011110001000110100001010101110000110100000000110001001111110010000111100000101110,116490330,0,0.040000,0.600000
116489259,81,011110001000110100001010101110000110101000000110001001111110010000111100000101110,116470087,0,0.120000,0.600000
116489260,73,0111101110100001010101111000110100000000100001100110100011101001001100110,116492281,0,0.030000,0.600000
116489261,82,0011010001001110100001010101110000110100000000110001001111111010000111000001011101,116505134,0,0.060000,0.600000
116489262,70,1010111010000111010111000011010000000011000010101111010110010100111111,116503242,0,0.070000,0.700000
116489263,75,111101110000001010101010000010100000000100001011011100001100011100100001111,116505134,0,0.050000,0.500000
116489264,79,0111100000001101000010101011100001101000000001110010011101101000110010010010111,116503242,0,0.080000,0.800000
116489265,74,00011010111010001111010111000011010001000010000100101111001101011100110000,116508493,0,0.120000,0.600000
116489266,76,1110100001100000010101011100001101000000001000011010111000011100001011100111,116490330,0,0.040000,0.600000
116489270,79,0111100000001101000010101011100001101000000001110010011001101000011010010010111,116470090,0,0.100000,1.000000
116489271,73,1111011100000010101011100001101000001001001010110111000111001010011000111,116470090,0,0.100000,1.000000
116489272,87,011101111010000001000010101111100001101000000001101111010110101001000110011100011111000,116506691,0,0.040000,0.400000
116489273,88,0011001000001111110000010101011100001101000000001000100111110101100001111011001110011000,116470090,0,0.100000,1.000000
116489276,73,1111011100000010101011100001101000000001000010110111000111001010011000111,116506691,0,0.100000,0.400000
116489277,81,011010001000110100001010101110000110100000000110001001111111110000111000000101111,116506691,0,0.040000,0.400000
116489278,85,1110111010000001000010101011100001101000000001101111010110101011000110011100011111000,116498419,0,0.100000,1.000000
116489280,75,111101110000001010101110000110100000000100001011011110001110011100110101111,116498419,0,0.100000,1.000000
116489282,79,0100100110001001000010101011100001101000000001101110011011110100101111010010111,116470093,0,0.040000,1.000000
116489283,81,011110100010001100000010101011100001101000000001100110010111110011100111111110011,116488551,0,0.024000,0.600000
116489284,73,1010000110000001010101110000110100000000100001001011110011100001001100011,116476973,0,0.040000,0.600000
116489285,80,11100100101011000000101010111000011010000000011000100101111100011000100011100100,116488551,0,0.024000,0.600000
116489286,81,011010001000110100001010101110000110100000000110001001111111010000111000000101110,116470093,0,0.040000,1.000000
116489287,81,011010001000110100001010101110000110100000000110001001111111010000111100000101110,116488551,0,0.024000,0.600000
116489288,82,1101110000010001001000010101011100101101000000001000100111011000000011100100000111,116471674,0,0.100000,1.000000
116489289,83,11001000001011100000110101011100001101000000001000100110110101100011011011000110010,116503253,0,0.053333,0.800000
116489295,79,0111100000001101000010101011100001101000000001110010111101101000011010010010111,116490334,0,0.053333,0.800000
116489296,75,111101110000001010101110000110100000000100001011011110001110011100110101111,116459872,0,0.040000,0.600000
116489300,77,11010001000110100001010101110000110100010000100001001011111000110111000111001,116468462,0,0.035000,0.700000
116489301,80,01101000100011010000101010111000011010000000011001000011111000000111100100101110,116492285,0,0.066667,1.000000
116489306,72,110101110100001010101110000110100000001000011010110100011101001000100110,116496912,0,0.040000,0.400000
116489307,77,10101100100011000001010101110000110100010000110001001010111100110011100111001,116468462,0,0.035000,0.700000
116489308,74,11110011000000111010111000011010000001010010101101111000010001100110001111,116492285,0,0.046667,0.700000
116489310,81,011010001000110100001010101110000110100000000110001001111111010000111100000101110,116492285,0,0.066667,1.000000
116489312,82,0100100110001001000010101011100001101000000001100010011110110100001111101001011100,116500012,0,0.080000,0.800000
116489317,81,011010001000110100001010101110000110110000000110001001111111010000111100000101110,116481615,0,0.035000,0.700000
116489318,77,10011011111010000101010111000011011000000010000110101101000110010010011001111,116471684,0,0.066667,1.000000
116489319,86,00110010000011111100000101010111000011010000000010001001111101011000011110110011100110,116486649,0,0.017143,0.600000
116489320,82,0111100010001101000010111011100001111000000001100010011111110000001111001001011001,116488559,0,0.040000,0.600000
116489321,74,01111011101000010101011100001111000000001000111010110100011101001001100111,116471684,0,0.066667,1.000000
116489322,80,01111011001001111000011010101100000110110000000100011001011111000010011100111001,116505119,0,0.040000,0.600000
116489323,82,1101110100010001001001010101011100001101000000001000100111011000000011100100000111,116503252,0,0.046667,0.700000
116489324,80,01110100010001101000010101011100001111000000001110010011111110100001110010010111,116486641,0,0.014286,0.700000
116489328,81,001101000100011000000101010111000011010000100011000100111111100010001001011100010,116471684,0,0.066667,1.000000
116489330,86,00110010000011111100000101010111000011010000000010001001111101011000011110110011100110,116488559,0,0.053333,0.800000
116489331,77,10010010101000000101010111000010110100000010000100101111100011001100111100100,116488559,0,0.040000,0.600000
116489332,78,010011001000110100001010101110000110100000001100010010111110011000111001110011,116481615,0,0.035000,0.700000
116489333,82,1101110100010001001001010101011100001101000000001000100111011000000011100100000111,116503252,0,0.046667,0.700000
116489334,78,011111001011000000101010111000011010000000010001100101111100001001100001100100,116486641,0,0.017143,0.800000
116489335,78,011111001011000000101010111000011010000000010001100101111100001001100001100100,116488559,0,0.053333,0.800000
116489338,78,111101100101111100000101101100000110100000000100011001011111000110011100111001,116492270,0,0.040000,0.400000
116489343,81,011010001000110100001010101110000110100000000110001001111111010000111100000101110,116500001,0,0.080000,0.800000
116489344,72,111010000110000001010101110000110100000000100001101011100011100000111000,116486634,0,0.032000,0.800000
116489345,79,1101011100011000000001010111000011010000000011000000111111100011001100011000110,116508490,0,0.140000,0.700000
116489346,75,101110110110000001010101110000110100000000100101101001111001100100110110001,116471687,0,0.066667,1.000000
116489347,82,1001000001001100000010101011100001101000000001000100111110101001011010011001110011,116471687,0,0.046667,0.700000
116489349,82,0100100110001001000010101011100001101000000001100010011111110100001111101001011100,116478441,0,0.066667,1.000000
116489365,77,01001001100010100000101010111000011010000000001000100110111010000111101111011,116488560,0,0.140000,0.700000
116489368,79,0100100110001001000010101011100001101000000001100110011111110100001111010010111,116481604,0,0.100000,1.000000
116489369,77,10010010101000000101010111000011010100000010000100101111100011001100111100100,116488560,0,0.140000,0.700000
116489370,77,10101100100011000001010101110000110100000000110001001010111100110011100111001,116481604,0,0.100000,1.000000
116489372,74,10101001100100010101011100001101000000001000011010111100011100001111100011,116488560,0,0.140000,0.700000
116489379,75,001101011101000010101011100101101000000001000011010110100011101001001100111,116473642,0,0.069170,0.700000
116489380,82,0011010001000110100001010101110000110100100000110101001111111010000111000001011101,116492267,0,0.060000,0.600000
116489382,77,01001001100010100000101010111000011010000000001000100110111010000111101011011,116465088,0,0.037106,0.800000
116489385,82,0011010001000110100001010101110000110100100000110101001111111010000111000001011101,116490322,0,0.040000,0.800000
116489387,82,0011010001000110100001010101110000110100100000110101001111111010000111000001011101,116481617,0,0.080000,0.800000
116489388,77,11010011010110100001010101110000110100000000100001001011111000110111000110001,116508504,0,0.046382,1.000000
116489390,72,110101110100001010101110000110100000100110000101001110001100111001111010,116505124,0,0.046667,0.700000
116489395,73,1010000010000001010101110000110100000000100001001011110011100001001100011,116481613,0,0.160000,0.800000
116489396,82,0011010001000110100001010101110000110100100000110101001111111010000111000001011101,116495380,0,0.046667,0.700000
116489401,75,111101110000001010101010000110100000010100001011011110001110011100110001111,116471700,0,0.050000,1.000000
116489402,79,1110100010001101000010101001100001101000000001000010010111110001101110001110011,116495382,0,0.053333,0.600000
116489407,81,011010001000110100001010101110000110100000000110001001111111010000111100000101110,116492288,0,0.049116,1.000000
116489408,78,110110010101000001010101011100001101000000001100010111111110001010111101110010,116485003,0,0.030000,0.600000
116489410,77,11010001000110100001010101110000110100000000100001001011111000110111000110001,116473635,0,0.053333,0.800000
116489413,82,1010000101001100000101010111000001010000000010001001111101011000111100110011110101,116490324,0,0.025000,0.500000
116489414,74,11110111000000101010111000011010000000010000101101110001110010100110001111,116485003,0,0.030000,0.600000
116489418,75,101100110011000000101010111000011010000000010000100101110100010111100111111,116473635,0,0.066667,1.000000
116489419,78,110110010101000001010101011100001101000000001100010111111110001010111101110010,116473635,0,0.066667,1.000000
116489420,80,11100100101011000000101010111000011010000000011000100101111100011010100011100100,116473635,0,0.053333,0.800000
116489422,75,001101011101000010101011100001101000000001000011010110100011101001001100111,116473636,0,0.040000,1.000000
116489425,88,0011001000001111110000010101011100001101000000001000100111110101100001111011001110011000,116500001,0,0.080000,0.800000
116489426,75,011010111000001010001111000110100000000100001001011101001110010101100001100,116473636,0,0.040000,1.000000
116489427,73,0110110011000100101010111000011010000101010000100101110100010111000111011,116490315,0,0.050000,0.500000
116489428,75,101010011000000101010111000011010000000010000110101111000111000010011000111,116473636,0,0.040000,1.000000
116489429,75,101100110011000000101010111000011010000000010000100101110100010111100111111,116473636,0,0.040000,1.000000
116489430,82,1101110100010001001000010101011100001101000000011000100111011000000011100100000111,116486634,0,0.028000,0.700000
116489431,82,1101110100010001001000010101011100001101000000011000100111011000000011100100000111,116503238,0,0.040000,0.600000
116489434,78,010001001010110000001010101110000110100000001100010010101110001000111001110001,116500003,0,0.140000,0.700000
116489440,84,111001000001011100000110101011100001101000000001000100111111101100011010011000110010,116500012,0,0.070000,0.700000
116489441,80,11100100101011000001101010111000011010000000011000100101111100011000100011100100,116473639,0,0.160000,0.800000
116489443,83,11001000001011100000110101011100001101000000001010100111110101100011010011000111000,116501519,0,0.022857,0.800000
116489444,77,01010001000110100001010101110000110100010000100001001011111000110111000111001,116501519,0,0.022857,0.800000
116489445,74,10101001000000010101011100001101000000001000011010111101011100001001100011,116496912,0,0.040000,0.400000
116489446,81,011010101000110110001010101110000110100010000110010011111010100011111001001011111,116471689,0,0.120000,0.600000
116489449,80,01111010001001110000001010111110000110100000000110011001011111001110011111111001,116488550,0,0.035000,0.700000
116489450,73,1111011100000010101011100001101000000001100010110111000111001010011000111,116473642,0,0.098814,1.000000
116489451,74,00011010111010001111010111000011010001000010000100101111001101011100110000,116490336,0,0.060000,0.600000
116489453,79,0000100110001001000010101011100001101000000001100110011111110100001111010010111,116475183,0,0.053333,0.800000
116489455,75,101100110011000000101010111000011010000000010000100101110100010111100111111,116490314,0,0.066667,1.000000
116489457,76,1111101110000001010101110000110101000000100001011011110001110010100110011111,116468459,0,0.033333,0.500000
116489463,79,1110110010001100000000101011100001101000000001000010010011010001001110011110010,116500013,0,0.070000,0.800000
116489464,79,1110110010001100000010101011100001101000000001000010010011010001001110011110010,116508506,0,0.080000,0.800000
116489466,75,101110111000000101010111000011010000000010000101101110001110010101110001111,116498420,0,0.040000,0.800000
116489467,81,011010001000110100001010101110000110101000000110001001111111010000111100000101110,116498408,0,0.080000,0.800000
116489468,74,10101001100000010101011100001101000000001000011010111100011100001001100011,116488554,0,0.080000,0.800000
116489469,81,011010001000110100001010101110000110100000000110001001111111010000111000000101110,116468449,0,0.140000,0.700000
116489470,75,110101001100000010101011100001101000000001000011010111100011100001001100011,116466865,0,0.040000,0.800000
116489473,79,0001011101010110010001010101110000110100000000110011001011111000011011000111001,116498404,0,0.070000,0.700000
116489476,76,0110100001100000010101011100001101000000001000011010111100011100001001100011,116475180,0,0.200000,1.000000
116489482,81,101111000100001010000101010101000011010000000011100100111011010000110100000101111,116498414,0,0.026144,0.800000
116489489,78,001011000101000000010101011100001101000000001100010010111110011100111011100010,116501520,0,0.053333,0.800000
116489491,77,01111100101100000010101011100001101000000001100110010111110000100110000110010,116490331,0,0.066667,1.000000
116489492,70,1010111010000111010111000011010000000011000010101111010110010100111111,116505126,0,0.046667,0.700000
116489493,79,0110100010001101000010101011100001101000000011000100011111101000011110000010111,116501520,0,0.046667,0.700000
116489498,77,11010001000100100001010101110000110100010000100001001011111000110111000111001,116475188,0,0.046667,0.700000
116489501,82,0110101010001001000010101011100001101000100001101010011111010100011011001001011101,116500005,0,0.022857,0.800000
116489502,74,11101001100000010101011100001101000000001000011010111100011001010011000101,116508504,0,0.050000,1.000000
116489503,82,0111100010001101000010101011100001101000000001100010011111110100001111001001011101,116470079,0,0.100000,1.000000
116489504,81,011010001000110100001010101110000110100000000110001001111111010000111100000101110,116483549,0,0.200000,1.000000
116489505,84,011001000001111110000010101011000001101000000001000100111110101000011110110011100110,116498413,0,0.040000,0.400000
116489506,75,011010111000001010101111000110100000000100001001011101001110010101100001100,116490324,0,0.025000,0.500000
116489507,82,1001000001001100000010101011100001101000000001000100110111101001011010011001110011,116500005,0,0.028571,1.000000
116489510,78,010011001000110100001010101110000110100000001100010010111110011000111001110011,116492288,0,0.039293,0.800000
116489511,77,11011001000110000001010101110000100100000000100001000011101001100101000111101,116503235,0,0.046667,0.700000
116489512,81,101111000100001010000101010111000011010000000011100100111011010000110100000101111,116481610,0,0.050000,1.000000
116489513,74,10101001010000010101011100001101000000001000011010111101011100001001100011,116501521,0,0.120000,0.600000
116489516,76,1110100001100000010101011100001101000000001000011000111000011100001011100011,116500002,0,0.040000,0.600000
116489517,79,1101011100011000000101010111000011010000000011000000111111100011001100011000110,116495381,0,0.100000,1.000000
116489521,78,110101100100001000000101010111000011010000000011000100101010000110011100111001,116503236,0,0.100000,1.000000
116489522,77,11011001000110000001010101110010110100000000101001001011100000100111000011101,116488552,0,0.120000,0.600000
116489524,79,0111100000001101000010101011100001101000000001110010011101101000011010010010111,116506697,0,0.066667,1.000000
116489525,77,10010010101000000101010111000011010100000010000100101111100011001100111100100,116490334,0,0.046667,0.700000
116489526,70,1010111010000101010111000011010000000011000010100111000100011100111101,116500008,0,0.100000,0.800000
116489527,78,001111100010110010001010101110000110100000000110011001011111000011011000111001,116503236,0,0.080000,0.800000
116489528,77,11010001000110100001010101110000110100000000100001001011111000110111000111001,116476982,0,0.100000,1.000000
116489531,81,100100000101110000011010101110000110100000000100010011011010110001101101000110010,116486651,0,0.036630,0.800000
116489536,79,0000100110001001000010101011100001101000000001100110011111110100001111010010111,116505121,0,0.066667,1.000000
116489537,86,01111111101000000100001010101110000110100000000110111101011010101100011001110001111100,116478445,0,0.053333,0.800000
116489538,70,1010111010000111010111000011010000000011000110101011010110010100111111,116492282,0,0.046667,0.700000
116489539,79,1101011101110100001010101100001110100000000101001100011100010110010100110101100,116488548,0,0.060000,0.600000
116489541,81,011010001000110100001010101110000110100000000110001001111111010000111100000101110,116486641,0,0.022857,0.800000
116489542,83,00011010101000110100001010101110000110100000000110001001111111010000111100100101110,116505121,0,0.066667,1.000000
116489543,80,01101000100001010000101010111000011010000000011001001011111000000111100100101110,116476987,0,0.100000,1.000000
116489544,86,00110010010011111100100101010111000011010000000010001001111101011000011110110011100110,116501526,0,0.140000,0.700000
116489547,81,011010101000110100001010101110000110100000100110001001110111010000111101000101110,116478437,0,0.033333,1.000000
116489548,75,101100110011000100101010111000011010000001010000100101110100010111000111011,116490319,0,0.070000,0.700000
116489549,78,010011001000110100001010101110000110100000001100010010111110011000111001110011,116478437,0,0.033333,1.000000
116489550,81,011010001000110101001010101110000110100000000110001001111111010000111000001101110,116478437,0,0.033333,1.000000
116489551,79,1101100100011000000101010111000011010010000011000100111111100010001100011000111,116478437,0,0.033333,1.000000
116489553,75,101100110011000000101010111000011010000001010000100101110100010111000111011,116490319,0,0.080000,0.800000
116489554,77,01001000101000000010101011100101101000000001100011010111110001100011011110010,116492278,0,0.028000,0.700000
116489555,77,11010001000100100001010101110000110100010000100001001011111000110111000111001,116490319,0,0.080000,0.800000
116489556,88,0011001000001111110000010101011100001101000000001000100111110101100001111011001110011000,116501524,0,0.053333,0.800000
116489557,78,110100010001001000010101011100001101000100001000010010111110001101110001110011,116478437,0,0.033333,1.000000
116489558,75,010110010000100000101010111000011010000000011000100101011100011001110111001,116478437,0,0.032000,0.700000
116489559,81,011010001000110101001010101110000110100000000110001001111111010000111000001101110,116478437,0,0.028000,0.600000
116489561,75,011101001100000010101011100001101000000001000011010111101011100001001101011,116486632,0,0.020000,0.800000
116489562,81,010010011000100100001010101110000110100000000111001001111111010000111110100101110,116503245,0,0.080000,0.800000
116489563,82,0011010001000110100001010101110000100100000000110001001111111010000111100100101110,116496906,0,0.050000,0.500000
116489564,82,1101110100010001001001010101011100001101000000001000100111011000000011100100000111,116471689,0,0.140000,0.700000
116489566,83,11001000001011110000110101011100001101000000001000100110110101100011011011000110010,116501523,0,0.035000,0.700000
116489567,79,0110100010001101000010101011100001101000000001100010011111110100011100010010111,116478448,0,0.040000,1.000000
116489569,84,010110000010001000000101010111000011110000000010001000111101011000111100110011010101,116490336,0,0.070000,0.700000
116489572,75,010110010000100000101010111000011010000000011000100101011100010001110111001,116478453,0,0.040000,1.000000
116489573,80,01001001100010010001101010111000011010000000011001100110111101000011110100101110,116481608,0,0.035000,0.700000
116489574,79,1001001100010010000101010111000011010000000111100100111111101000011111010001110,116506708,0,0.032000,0.700000
116489575,79,0110010010001100000010101011100001101000001001000010101111010001000111101010010,116478453,0,0.040000,1.000000
116489576,86,01110111101000000100001010101110000110100000000110111101011010101100011001110001110100,116475183,0,0.100000,0.800000
116489577,78,001111100101100000010101011100001101000000001100110011111110000100110000110010,116500001,0,0.080000,0.800000
116489578,80,01111011001011111000001010101100000110100000000100011001011111000110011100111001,116501521,0,0.160000,0.500000
116489579,77,01001001100010100000101010111000011010000000001000100110111010000111101011011,116496900,0,0.053333,0.800000
116489580,78,001111100101100000010101011100001101000000001100110011111110000100110000110010,116506695,0,0.200000,1.000000
116489582,76,1111101110000001010101110000110100000000100001011011110001110010100110011111,116486628,0,0.060000,0.600000
116489584,81,011010001000110100001010101110000110100000000110001001111111010000111100000101110,116480036,0,0.066667,1.000000
116489586,75,111101001100000010101011100001111000000001000011010111000011100011001100011,116480037,0,0.100000,1.000000
116489587,78,101011101000110000001110101111000110100000000110011001111110000100110001110010,116480038,0,0.066667,1.000000
116489588,75,110100001100000010101011100001101000000001000011010011100011100001001110011,116473639,0,0.200000,1.000000
116489589,79,1101000110011010000101010111000011010000000011000100111111010000111000000101110,116492278,0,0.032000,0.800000
116489590,75,110100001100000010101011100001101000000001000011010011100011100001001110011,116480039,0,0.026667,0.800000
116489593,75,001101011101000010101011100001101000000001000011011110100011101001001100111,116480041,0,0.040000,0.600000
116489594,78,001011101010110000001010101110000110100000000010011001011110000010011000111001,116508502,0,0.053333,0.800000
116489595,80,01111010001000110000001010101110000110100000000100011001011111001110011111111001,116480042,0,0.066667,1.000000
116489596,83,00110100110101001000010101011100001101000000001100010011111110100001111001001011101,116480042,0,0.066667,1.000000
116489598,75,001101011101000010101011100001101000000001000011010110100011101001001100111,116488562,0,0.053333,0.800000
116489602,70,1010111010000101010111000010010000000011000010101111000100011100111101,116481595,0,0.066667,1.000000
116489603,75,111101110000001010101110000110100100000100001111011110001110011100110011111,116481595,0,0.046667,0.700000
116489604,81,110111011001000100100001011101110100110100000000100010011101100001001110010000011,116501531,0,0.050000,0.500000
116489605,81,010010011000100100001010101110000110100000000110001001111111010000111100100101110,116494071,0,0.050000,1.000000
116489606,78,011111011100000010101011100001101000000011000010110111100011100101001101011110,116494071,0,0.040000,0.800000
116489608,81,011010001000110100001010101110000110100000000110001001111111010000111000001011101,116501526,0,0.160000,0.800000
116489610,79,0011000010011000000101011111000011010000000010001011011010110101101000100111001,116506692,0,0.060000,0.600000
116489611,74,10101001100000010100011100001101000000001000011010111100011100001001100011,116492288,0,0.039293,0.800000
116489614,81,010010011000100100001010101110000110100000000111001001111111010000111110100101110,116501527,0,0.066667,1.000000
116489615,83,11001000001011100000110101011100001101000000001010100111110101100011010011000110000,116481602,0,0.066667,1.000000
116489616,75,111101110000001010101110000110100000000100010110111100011100101001101011111,116481609,0,0.040000,0.600000
116489617,83,10111100010001101000010101011100001101000000001100010011111110100000111001001011101,116481604,0,0.100000,1.000000
116489618,81,011010001000110101001010101110000110100000000110001001111111010000111000001101110,116501527,0,0.053333,0.800000
116489619,77,10010010101000000101010111000011010100000010000100101111100011001100111100100,116501527,0,0.053333,0.800000
116489620,79,0100100110001001000011101011100001101000000001100110011011110100001111000010111,116481604,0,0.100000,1.000000
116489623,79,1101100101011000000101010111000011010000000011000000101111100011001101011100110,116495379,0,0.032000,0.800000
116489626,82,0111100010001101000010101011100001101000000001100010011111110100001110001001011101,116481607,0,0.066667,1.000000
116489627,83,00011010001000110100001010101110000110100000000110001001111111010000111100100101110,116495386,0,0.040000,0.600000
116489629,79,1101011100011000000101010111000011010000000011000000111111100011001100011001110,116490334,0,0.053333,0.800000
116489630,78,010011001000110100001010101110000110100000001100010010011110011000111001110011,116478446,0,0.080000,0.800000
116489631,83,11001000001011100000110101011100001101010000001000100110110101100011011011000110010,116485002,0,0.046667,0.700000
116489632,82,0111100010001101000010111011100001101000000001100010011111110100001111001001011101,116481611,0,0.053333,0.800000
116489634,79,0110110010001100000010101010100001111000000001101010010111000001001110001110010,116481613,0,0.200000,1.000000
116489635,81,100010100000001001010010101011101001101000000001110010011111110100001110010010111,116468449,0,0.120000,0.600000
116489637,75,111010000110000001010101110000110100000000100001101011000001110000101100011,116483545,0,0.100000,1.000000
116489638,79,0111100100111000100000101010111000011010000000001001100101111100011001111111101,116490334,0,0.046667,0.700000
116489640,74,11010011000001010101111000110100000000100001001011111001110010101000001100,116490334,0,0.046667,0.700000
116489641,83,01111000100011010000101010111000011010000000011000100111111101000011110010010111010,116506697,0,0.066667,1.000000
116489643,79,1110100101011000000101010111000011010000000011000100101111100011000100011101100,116471697,0,0.100000,0.600000
116489645,80,01101000100011000001010101110000110101000000111000001111111010000111000001011101,116498416,0,0.070000,0.700000
116489647,74,01101011101000010101011100001101000000001100011010110100011101001001100011,116486629,0,0.080000,0.800000
116489648,74,11110111000000101010111000011010000000010000101101110001110010100110001111,116486629,0,0.080000,0.800000
116489649,77,01011001000100010011010101110000110100000000110000010111100101100111111101010,116486640,0,0.040000,0.400000
116489650,77,01011001100110000001010101110000110100000000100001001011101000101110001110110,116483539,0,0.100000,1.000000
116489652,75,110100001100000010101011100001101000000001000011010111100011100001001100011,116483539,0,0.100000,1.000000
116489653,86,00110010010011111100100101010111000011010000000010001001111101011000011110110011100110,116470081,0,0.070000,0.700000
116489654,77,01011001100110000001010101110000110100000000100001001011101000101110001110110,116466864,0,0.080000,0.800000
116489656,74,10101001100000011101011100001101000000001000011010111101011100001001101011,116470081,0,0.070000,0.700000
116489657,75,110100001100000010101011100001101000000001000011010011100011100001001110011,116483539,0,0.080000,0.800000
116489659,81,010010011000100100001010101110000110100000000111001001111111010000111110100101110,116470081,0,0.080000,0.800000
116489663,76,0110110010001100000010100010100001101000100001101010010110100010011100011100,116501518,0,0.120000,0.600000
116489667,75,001101011101000010101011100001101000000001000011011110100011101001001100111,116480035,0,0.053333,1.000000
116489668,78,111110111000000101010111000011010000000010000101101111000111001010011010111110,116508505,0,0.066667,1.000000
116489669,76,1010110010000100000101010111000011010000000011000100101011100011001110111001,116506707,0,0.080000,0.800000
116489670,76,1010110010000100000101010111000011010000000011000100101011100011001110111001,116485002,0,0.066667,1.000000
116489671,73,1111011100000010101011100001101000000001000010110111000111001010011000111,116485002,0,0.066667,1.000000
116489672,80,01101000100001010000101010111100011010000000011001001011111000000111100100001110,116488542,0,0.070000,0.700000
116489673,73,1111011100000010101011100001101000000001000010110111000111001010011000111,116506699,0,0.066667,1.000000
116489674,77,01111100101100000010101011100001101000000001100110010111110000100110000110010,116506698,0,0.070000,0.700000
116489675,77,01111100101100000010101011100001101000000001100110010111110000100110000110010,116465102,0,0.100000,1.000000
116489677,76,1110100001100000010101011100001101000000001000011010111000011100001010100011,116478442,0,0.060000,0.800000
116489680,81,011110100010011100000010101011100001101000000011100110011111110011100111111110011,116483546,0,0.066667,1.000000
116489682,76,0111101110000001010101010000010100000000100001011011100001110011100100001111,116468450,0,0.120000,0.600000
116489683,71,10101110000101010111100011010000000010000100101111100111001010110000110,116478442,0,0.050000,0.700000
116489685,75,000110101110100011010101110000110100000000101001001011111011110111001101001,116471689,0,0.140000,0.700000
116489686,76,1110100001100000010101011100001101000000001000011010111000011100001010100011,116483546,0,0.066667,1.000000
116489688,81,011010001000110100001010101110000110100000000110001001111111010000111100000101110,116468450,0,0.160000,0.800000
116489690,74,01111011101000110101011100001111000000001000111010110100011101001001100111,116471689,0,0.120000,0.600000
116489691,79,0110010010001100000010101011100001101000001001000010101111010001000111101010010,116503245,0,0.070000,0.700000
116489692,81,011010001000110100001010101110000110100000000110001001111111010000111100000101110,116471682,0,0.060000,0.600000
116489693,77,10010010101000000101010111000011010100000010000100101111100011001100111100100,116471682,0,0.050000,0.500000
116489694,78,011011001000110000101010101110000110110000000110101001011101000000111000111001,116471682,0,0.050000,0.500000
116489697,77,01011001100110000001010101110000110100000000100000001011101000101110001110110,116490324,0,0.030000,0.600000
116489700,82,1111000001000100000101010111000010010000000010001001111101011001111100110011110101,116478450,0,0.016000,0.400000
116489701,75,111010111000001010101111000110100000000100001001011111001110010101100001100,116508498,0,0.100000,0.500000
116489702,79,0011100000001101000010101011100001100000000001110010011101101000011010010010101,116490321,0,0.028000,0.700000
116489703,83,11001000001011100000110101011100001101000000001000100110110101000011011011000110010,116508498,0,0.060000,0.600000
116489704,81,011101000100111010000101010110000011010000000011100100111111101001011100100101111,116476972,0,0.040000,0.800000
116489705,81,010111010001000100110001011101110000110110000000100010011101100001001110010000011,116496908,0,0.033333,0.600000
116489706,81,011101000100111010000101010110000011010000000011100100111111101001011100100101111,116508499,0,0.200000,0.800000
116489707,77,01011000101000000010101011100001101001000001101010010111110000100111011100001,116483549,0,0.200000,1.000000
116489709,77,01011000101000000010101011100001101001000001101010010111110000100111011100001,116483549,0,0.200000,1.000000
116489710,77,01011001100110000001010101110000110100000000100001001011101000101110001110110,116498420,0,0.040000,0.800000
116489711,79,0111100000001101000010101011100001101000000001110010011101101000011010010010111,116498420,0,0.040000,0.800000
116489712,81,110111010001000100100001011101110100110100000010100010011101100001001110010000011,116483550,0,0.050000,1.000000
116489713,78,011011001000110000001010101110000110100000000110101001011101000100111000111001,116501531,0,0.060000,0.600000
116489714,76,0111101110000001010101010000010100000000100001011011100001110011100100001111,116481596,0,0.040000,0.600000
116489715,76,1011011100000010101011000001100000000001000010100111100011100111001100011111,116481596,0,0.040000,0.600000
116489716,78,010011001000110100001010101110000110100000001100010010011110011000111001110011,116494071,0,0.040000,0.800000
116489717,81,010010011000000100001010101110000110100000000111001001111111010000111110100101110,116501531,0,0.060000,0.600000
116489719,79,0100100110001001000010101011100001101000000001101110011011110100001111010010111,116503253,0,0.032000,1.000000
116489723,79,1001000100010010000101010111000011010000000011100100111111101000011111010001110,116484998,0,0.200000,1.000000
116489724,79,1001001100010010000101010111000011010000000011100100111111101000011111010001110,116484998,0,0.200000,1.000000
116489726,79,0100100110001001000010101011100001101000000001100110011111110100001111010010111,116500013,0,0.100000,1.000000
116489727,78,010001001010110000001010101110000110100000001100010010101110001000111001110001,116484998,0,0.160000,0.800000
116489728,79,1101000110011010000101010111000011010000000011000100111111010000111000100101111,116500013,0,0.100000,1.000000
116489730,79,1001000100010010000101010111000011010000000011100100111111101000011111010001110,116484998,0,0.200000,1.000000
116489731,77,11001001010110000001000101110000110100000000110100001011111000110011000110010,116484998,0,0.200000,1.000000
116489733,70,1010111010000111010111000011010000000011000110101011010110010100111111,116484998,0,0.200000,1.000000
116489734,74,10101001100000010101011100001101000000001000011010111100011100001001100011,116501514,0,0.200000,1.000000
116489737,78,110110010101100000010101011100001101000000001100010111111110001010111101110010,116500013,0,0.100000,1.000000
116489738,80,01110100010001101000010101011100001101000000001100010011111110100001110010010111,116484998,0,0.200000,1.000000
116489739,84,111001000001011100000110101001100011101000000001000100111111101100011010011010110010,116483551,0,0.060000,0.600000
116489740,78,110110010101100000010101011100001101000000001100010111111110001010111101110010,116500013,0,0.100000,1.000000
116489741,77,11001001010110000001000101110000110100000000110100001011111000110011000110010,116500013,0,0.080000,0.800000
116489742,84,111001000001011100000110101001100011101000000001000100111111101100011010011010110010,116484998,0,0.120000,0.600000
116489744,78,010001001010110000001010101110000110100000001100010010101110001000111001110001,116501514,0,0.160000,0.800000
116489745,80,01110100010001101000010101011100001101000000001100010011111110100001110010010111,116500013,0,0.100000,1.000000
116489746,79,1011011001000110000101010101110000110110000000110101001011101000000111000111001,116496904,0,0.040000,0.600000
116489747,78,001011101010110000001010101110000110100000000010011001011110000010011000111001,116484999,0,0.050000,1.000000
116489749,78,110101100100001000000101010111000011010000000011000100101010000110011100111001,116485000,0,0.100000,1.000000
116489751,79,0110101010001101000010001011100001101000100001100100111110011000111110010110111,116503247,0,0.046667,0.700000
116489753,79,1101100101011000000101010111000011010010000011000000101111100011101101011100110,116485000,0,0.080000,0.800000
116489756,76,1111101110000001010101110000110100000000100001010011110001110011100110001111,116505128,0,0.066667,1.000000
116489757,74,10101001100000010101011100001101000000001000011010111100011100001111100011,116490321,0,0.032000,0.800000
116489758,76,1111101110000001010101110000110100000000100001010011110001110011100110001111,116495381,0,0.100000,1.000000
116489759,83,01011010000000110100001010101110000110100000000110001001101111000000011100100101110,116470092,0,0.046667,0.700000
116489761,76,1111101110000001010101110000110100000000100001010011110001110011100110001111,116478438,0,0.100000,1.000000
116489765,80,10101100100001000000101010111000001010000000011000100101011100010011110011100110,116505135,0,0.140000,0.700000
116489766,73,1111011100000010101011100001101000000001000010110111000111001010011000111,116485000,0,0.100000,1.000000
116489768,77,11010001000110000001010101110000110100000000100001001011111000110111000111001,116485000,0,0.080000,0.800000
116489771,76,1111101110000001010100110000110100000000100001010011110001110011100110001111,116485001,0,0.200000,1.000000
116489773,76,0011010111010000101010111000011010100000010000110101101000111010010011001111,116495386,0,0.033333,0.500000
116489777,83,01011010001000110100001010101110000110100000000110001001111111000000111000100101110,116506707,0,0.053333,0.800000
116489779,78,110100010000101000010101011100001101000000001100100101111100000011100100101110,116505126,0,0.053333,0.800000
116489780,77,01111101110000001010101110010110100000000100001011011110001110010100110101111,116485002,0,0.053333,0.800000
116489781,78,001011101010110010001010101110000110100000000110011001011111000011011000111001,116480043,0,0.080000,0.800000
116489782,78,110100010000101000010101011100001101000000001100100101111100000011100100101110,116485002,0,0.066667,1.000000
116489783,79,0111100000001101000010101011100001101000000001110010011001101000011010010010111,116505126,0,0.053333,0.800000
116489784,82,1101110100010001001000010101011100001101000000001000100111011000000011100100000111,116483543,0,0.070000,0.700000
116489785,74,10101001100000010001011100001101000000001000011010111100011100001001100011,116506707,0,0.046667,0.700000
116489787,78,110100010000101000010101011100001101000000001100100101111100000011100100101110,116485002,0,0.066667,1.000000
116489788,79,0000100110001001000010101011100001101000000001100110011111110100001111010010111,116484999,0,0.040000,0.800000
116489789,82,1101110100010001001000010101011100001101000000001000100111011000000011100100000111,116508496,0,0.100000,1.000000
116489790,80,00100100110001001000011101011100001101000000001100110011011110100001111010010111,116506699,0,0.053333,0.800000
116489791,79,0000100110001001000010101011100001101000000001100110011111110100001111010010111,116485002,0,0.066667,1.000000
116489792,83,01011010001000110100001010101110000110100000000110001001111111000000111000100101110,116485002,0,0.066667,1.000000
116489793,81,011010001000111100001011101110000111100000000110001001111111010000111100001011001,116501522,0,0.028000,0.700000
116489795,80,01101000100011010000101010111000011010000000011001001011111000000111100100101110,116492289,0,0.100000,1.000000
116489797,80,01101000100011010000101010111000011010000000011001001011111000000111100100101110,116490328,0,0.066667,0.700000
116489798,81,011010001000110100001010101110000110100000000110001001111111010000111100000101110,116470083,0,0.080000,0.800000
116489804,77,11010001000110100001010101110000110100000000100001001011111000110111000110001,116478435,0,0.026667,0.400000
116489806,81,010010011000100100001010101110000110100000000111001001111111010000111110100101110,116500009,0,0.066667,1.000000
116489809,75,010110010000100000101010111000011010000000011000100101011100011001110111001,116490319,0,0.100000,1.000000
116489810,83,01011010000000110100001010101110000110100000000110001001111111000000011100100101110,116490319,0,0.100000,1.000000
116489811,75,010110010000100000101010111000011010000000011000100101011100011001110111001,116490319,0,0.100000,1.000000
116489812,83,00110100110101101000010101011100001101000000001100010011111110100001111001001011101,116498401,0,0.100000,1.000000
116489813,81,011010001000110100001010101110000110100000000110001001111111010000111100000101110,116490319,0,0.100000,1.000000
116489816,79,0111100000001101000010101011100001101000000001110010111101101000011010010010111,116500004,0,0.066667,0.600000
116489817,78,111110000000110100001010101110000110100000000111001001110110100001101101001011,116470092,0,0.046667,0.700000
116489819,84,010110000010001000000101010111000011110000000010001000111101011000111100110011010101,116485000,0,0.080000,0.800000
116489820,75,001100110011000000101010111000011010000000010000100101110100010111000111010,116495375,0,0.066667,0.600000
116489821,77,01011001000100000011010101110000110100000000110000010111100101100111111101010,116505128,0,0.053333,0.800000
116489822,77,01011000101000000010101011100001101001000001101010010111110000100111011100001,116495381,0,0.080000,0.800000
116489825,75,101010011000000101010111000011010000000010000110101111000011000010011000111,116470092,0,0.046667,0.700000
116489828,79,0111100000001101000010101011100001101000000001110010111101101000011010010010111,116470092,0,0.046667,0.700000
116489832,84,010110000010001000000101010111000011110000000010001000111101011000111100110011010101,116485000,0,0.080000,0.800000
116489833,81,011010001000110100001010101110000110100000000110001001111111010000111100000101110,116508500,0,0.200000,1.000000
116489835,82,0111100010001101000010101011100001101000000001100010011111110100001111001001011101,116485007,0,0.200000,1.000000
116489836,81,101110100010001101000010101001000001101000000001000010011011110100000110010010111,116485007,0,0.200000,1.000000
116489838,76,1111101110000001010101110000110100000000100001011011110001110010100110101111,116485007,0,0.200000,1.000000
116489839,81,011010001000110101001010101110000110100000000110001001111111010000111000000101110,116485007,0,0.200000,1.000000
116489841,81,011010001000110101001010101110000110100000000110001001111111010000111000001101110,116485007,0,0.200000,1.000000
116489842,73,1101011100000101010111100011010000000010000100101111100111001010110000110,116500000,0,0.060000,0.600000
116489843,81,011010001000110100001010101110000110100000000110001001111111010000111100000101110,116485007,0,0.200000,1.000000
116489844,75,111110111000001010101110000110100000000100001011011110001110010100110101111,116508500,0,0.200000,1.000000
116489846,70,0101011101000010001011100001101000000011000010101111000110001100111111,116506691,0,0.040000,0.400000
116489847,80,11011110001010100010101110111000011010000000011000100101111100011011110111000110,116500000,0,0.060000,0.600000
116489849,82,0110100011001101000110101011100001101000000001110010011111111100001100000010111010,116476974,0,0.030000,0.400000
116489850,80,10101100100001000000101010111000010010000000010000100101011100011001110011100111,116485008,0,0.160000,0.800000
116489852,76,1111101110000001010101110000110100000000100001011011110001110010100110011111,116500014,0,0.026667,0.400000
116489853,76,1111101110000001010101110000110100000000100001010011110001110011100110001111,116485009,0,0.100000,1.000000
116489854,88,0011001000001111110000010101011100001101000000001000100111110101100001111011001110011000,116470079,0,0.100000,1.000000
116489855,76,1111101110000001010101110000110100000000100001010011110001110011100110001111,116485015,0,0.026667,0.400000
116489856,82,0011010001001110100001010101110000110100000000110001001111111010000111000001011101,116485015,0,0.026667,0.400000
116489857,88,0011001000001111110000010101011100001101000000001000100111110101100001111011001110011000,116485009,0,0.100000,1.000000
116489858,71,11110111000000101010111000011010000000010000101101100011100101001100011,116485009,0,0.100000,1.000000
116489860,75,110101010010100010010101011100001101000000001100110010011100001000100111011,116485009,0,0.040000,0.400000
116489861,74,10101001100000010100011100001101000000001000011010111101011100001001100011,116485009,0,0.100000,1.000000
116489863,75,110101010010100010010101011100001101000000001100110010011100001000100111011,116485015,0,0.026667,0.400000
116489865,79,1101100101011000000101010111000011010000000011000000101111100011001101011100110,116481617,0,0.100000,1.000000
116489866,86,00110010010011111100100101010111000011010000000010001001111101011000010110110011100110,116485013,0,0.040000,0.800000
116489867,77,11010001000110100001010101110000110100000000100001001011111000110111000111001,116486627,0,0.035000,0.700000
116489868,75,101110111000000101010111000011010000000010000101101110001110010100110001111,116492271,0,0.046667,0.700000
116489870,83,01011010001000110100001010101110000110110000000110001001111111010000111100100101110,116498410,0,0.050000,0.500000
116489872,76,1011110010110000001010101110000110100000001100110010111110000100110000110010,116486627,0,0.030000,0.600000
116489873,79,1101100101011000000101010111000011010000000011000000101111100011001101011100110,116492271,0,0.046667,0.700000
116489874,78,010110010001000000110101011100001101000000001100000101111000011001111111010100,116492271,0,0.040000,0.600000
116489875,82,0110101010001001000010101011100001101000100001101010011111010100011011001001011101,116475186,0,0.050000,0.500000
116489878,79,1101100101011000000101010111000011010000000011000000101111100011001101011100110,116486627,0,0.035000,0.700000
116489879,77,11010001000110100001010101110000110100000000100001001011111000110111000111001,116486627,0,0.035000,0.700000
116489880,82,0110101010001001000010101011100001101000100001101010011111010100011011001001011101,116492271,0,0.040000,0.600000
116489883,77,11011001100110000001010101110000110100000000100001001011101000101110001110110,116492273,0,0.053333,0.800000
116489884,77,11011001100110000001010101110000110100000000100001001011101000101110001110110,116485012,0,0.050000,1.000000
116489886,75,111101110000001010101110000110100000000100001011011110001110011100110101111,116486651,0,0.045788,1.000000
116489887,76,1110100001100000010101011100001101000000001000011010111000011100001010100011,116485012,0,0.050000,1.000000
116489889,81,100101000100110000001010101110000110100000000100010011011010111100101001100111001,116494067,0,0.040000,0.400000
116489890,73,0111101110100001010101111000110100000000100001100110100011101001001100110,116490314,0,0.053333,0.800000
116489891,81,110101100100001000000101010111000011010000000010000100101011100011001110011100111,116488543,0,0.080000,0.800000
116489892,80,01101000100011010000101010111000011010000000011000100111111010000111100100101110,116495378,0,0.053333,0.800000
116489894,83,01011010001000110100001010101110000110110000000110001001111111010000111100100101110,116485012,0,0.050000,1.000000
116489896,75,111101110000001010101110000110100000000100001011011110001110011100110101111,116495378,0,0.053333,0.800000
116489897,79,1101100100011000000101010111000011010010000011000100111111100010001100011000111,116485012,0,0.050000,1.000000
116489898,79,1101100100011000000101010111000011010010000011000100111111100010001100011000111,116505124,0,0.046667,0.700000
116489899,81,101111000100001010000101010111000011010000000011100100111011010000110100000101111,116486651,0,0.045788,1.000000
116489901,75,111101110000001010101110000110100000000100001011011110001110011100110101111,116495378,0,0.053333,0.800000
116489902,81,101111000100001010000101010111000011010000000011100100111011010000110100000101111,116495378,0,0.053333,0.800000
116489903,83,11001000001011100000110101011100001101000000001000100111110101100011010011000110010,116498402,0,0.035000,0.700000
116489904,75,111101110000001010101110000110100000000100001011011110001110011100110101111,116486651,0,0.045788,1.000000
116489905,80,01101000100011010000101010111000011010000000011000100111111010000111100100101110,116495378,0,0.053333,0.800000
116489906,81,110101100100001000000101010111000011010000000010000100101011100011001110011100111,116486651,0,0.045788,1.000000
116489908,70,0101011101000010001011100001101000000011000010101111000110001100111111,116501513,0,0.033333,0.500000
116489909,75,101010111000000101010111000011010000000010000101101110001110010100110001111,116476984,0,0.050000,0.500000
116489910,70,0101011101000010001011100001101000000011000010101111001110001100111111,116478433,0,0.046667,0.700000
116489911,77,11010001000110100001010101110000110100000000100001001011111000110111000111001,116505129,0,0.040000,0.600000
116489912,70,0101011101000010001011100001101000000011000000101111000110001100111111,116492270,0,0.050000,0.500000
116489913,75,101010111000000101010111000011010000000010000101101110001110010100110001111,116505129,0,0.040000,0.600000
116489914,79,1101011101110100001010101100001110100000000101001100011100010110010100110101100,116501513,0,0.040000,0.600000
116489916,70,0101011101000010001011100001101000000011000010101111000110001100111111,116485014,0,0.066667,1.000000
116489917,80,01101000100011010000101010111000011010000000011000100111111010000111100100101110,116503241,0,0.053333,0.800000
116489919,74,10101001010000010101011100001101000000001000011010111101011100001001100011,116496905,0,0.100000,1.000000
116489922,77,11111011100000010101011100001101000000001000000110111100011100101001101011111,116496900,0,0.066667,1.000000
116489923,81,011010001010110100001010101110000110100000000110001001110111110000111000000101110,116486628,0,0.060000,0.600000
116489924,86,01110111101000000100001010101110000110100000000110111101001010101100011001110001111100,116496900,0,0.066667,1.000000
116489925,82,0110100011001101000110101011100001101000000001110010011111111100001100000010111010,116501521,0,0.160000,0.600000
116489926,77,11010001000110100001010101110000110100010000100001001011111000110111000111001,116496900,0,0.053333,0.800000
116489927,75,111010111000001010101111000110100000000100001001011111001110010101100001100,116486628,0,0.050000,0.500000
116489930,83,01011010001000110100001010101110000110100000000110001001111111000000111000100101110,116466864,0,0.080000,0.800000
116489931,74,10101001100100010101011100001101000000001000011010111100011100001111100011,116505118,0,0.040000,0.600000
116489934,79,0011000010011000000101010111000011010000000010001011011010110101101000100110001,116494068,0,0.100000,1.000000
116489935,78,111010001000110100001010100110000110100000000100000001011111000110111000111001,116494068,0,0.080000,0.800000
116489940,79,1100100101011000000101010111000011010000000011000110101111100011000100011100100,116503231,0,0.032000,0.800000
116489941,74,11010111000001010101111000110100000000100001001011111001110010101100001100,116492275,0,0.028000,0.700000
116489942,75,101110111000000101010111000011010000000010000101101110001110010100110001111,116486632,0,0.025000,1.000000
116489943,82,0111100010001101000010111011100001101000000001100010011111110100001111001001011101,116486632,0,0.025000,1.000000
116489945,78,110110010101000001010101011100001101000000001100010111111110001010111101110010,116486643,0,0.050000,0.500000
116489947,75,101100110011000000101010111000011010000001010000000101110100010111000111011,116481598,0,0.035000,0.700000
116489948,82,0110100011001101000110101011100011101000000001110010011111111100001100000010111010,116486643,0,0.070000,0.700000
116489949,76,1110100001100000010101011100001101000000001000011010111000011100001001100011,116486635,0,0.033333,1.000000
116489950,77,11011001000110000001010101110000100100000000100001000011101001100101000111101,116486635,0,0.033333,1.000000
116489953,75,001101011101000010101011100001101000000001000011011110100011101001001100111,116490313,0,0.040000,0.600000
116489954,78,110101100100001000000101010111000011010000000011000100101010000110011100111001,116478435,0,0.026667,0.400000
116489955,81,011010001000110100001010101110000110101000000110001001111111010000111100000101110,116480036,0,0.046667,0.700000
116489956,73,1101011100000101010111100011010000000010000100101111100110010101100001100,116481600,0,0.053333,0.800000
116489958,81,011101000100111010000101010110000011010000000011100100111111101001011100100101111,116501527,0,0.053333,0.800000
116489959,82,0010010001000110111001010111110000110100000000111001001111111010000110000001011101,116486636,0,0.066667,1.000000
116489962,82,1100100000100110000001010101110000110100001000100010011011010110001101011100011001,116471693,0,0.053333,0.800000
116489963,72,111101100000010101011100001101000000001000010110111000111001010001000110,116503244,0,0.100000,1.000000
116489964,76,1010110010000100000101010111000011010000000011000100101011100011001110111001,116480041,0,0.040000,0.600000
116489965,82,0011010001000110100001010001110000110100000000110001001111111010000111100100101110,116488545,0,0.080000,0.800000
116489966,77,01110100001100000010101011100001101000000001000011010110000011100001011100011,116498416,0,0.080000,0.800000
116489970,76,1110100001100000010101011100001101000000001000011010111000011100001010100011,116480041,0,0.040000,0.600000
116489971,81,011010001000110100001010101110000110100000000110001001111111010000011100000101110,116486639,0,0.066667,1.000000
116489972,76,1111101110000001010101110000110100000000100001010011110001110011100110001111,116508502,0,0.066667,1.000000
116489973,78,110101100100001000000101010111000011010000000011000100101010000110011100111001,116505122,0,0.040000,0.600000
116489974,78,110101100100001000000101010111000011010000000011000100101010000110011100111001,116486639,0,0.066667,1.000000
116489975,80,01101000100011000001010101110000110100000000111000001111111010000111000001011101,116480044,0,0.060000,0.600000
116489976,82,0100100110001001000010101011100001101000000001100010011110110100001111101001011100,116486639,0,0.066667,1.000000
116489977,83,11001000001011100000110101011100001101000000001010100111110101100011010011000111000,116488545,0,0.080000,0.800000
116489978,70,1010111010000101010111000011010000010011000010101111010110010100111111,116480044,0,0.050000,0.500000
116489979,76,1011110010110000001010101110000110100000001100110010111110000100110000110010,116486639,0,0.066667,1.000000
116489980,80,01111000100011010000101010111000011010000100011100100111011010000110100100101111,116481606,0,0.070000,0.700000
116489981,70,1010111010000101010111000011010000010011000010101111010110010100111111,116486639,0,0.066667,1.000000
116489982,77,10101100100011000001010101110000110100000000110001001010111100110011100111001,116486640,0,0.040000,0.400000
116489983,75,101010011000000101010111000011010000000010000110101111000111000011111000111,116486633,0,0.024000,0.600000
116489987,74,10101001100000010101011100001101000000001000011010111100011100001001100011,116459871,0,0.080000,0.800000
116489988,73,1101011100000100010111100011010000000010000100101111100111001010110000110,116486642,0,0.200000,1.000000
116489989,75,101110111000000101010111000011010000000010000101101110001110010100110001111,116486642,0,0.160000,0.800000
116489991,76,1110100001100000010101011100001101000000001000011010111000011100001011100011,116486642,0,0.160000,0.800000
116489992,76,1110110001100000010101111100001101000000001000011010111000011100001011100011,116486642,0,0.140000,0.700000
116489993,77,11010001000110100001010101110000110100000000100011001011111000110111000111001,116508503,0,0.200000,0.800000
116489994,75,101110111000000101010111000011010000000010000101101110001110010100110001111,116459871,0,0.080000,0.800000
116489995,74,10101001100000010101011100001101000000001000011010111100011100001001100011,116473641,0,0.200000,1.000000
116489997,79,0100100110001001000010101011100001101000000001100110011111110100001111010010111,116486643,0,0.100000,1.000000
116489998,81,011010001000110100001010101110000110100000000110001001111111010000111000001011101,116486643,0,0.100000,1.000000
116489999,79,1010110010000100000010101011100001101000000001000010010101110001100111011110011,116486643,0,0.100000,1.000000
116490000,79,0111100000001101000010101011100001101000000001110010011001101000011010010010111,116486644,0,0.100000,1.000000
116490001,76,0001101011101000110101011100001101000000001010010010111110111101110011010011,116485015,0,0.026667,0.400000
116490002,80,01101000100001010000101010111000011010000000011001001011111000000111100100101110,116486646,0,0.100000,1.000000
116490003,81,011010001000100101001010101110000110100000000110001001111111010000111000001101110,116496914,0,0.070000,0.700000
116490004,79,1100100101011000000101010111000011010000000011000110101111100011000100011100100,116486646,0,0.100000,1.000000
116490005,80,01101000100001010000101010111000011010000000011001001011111000000111100100101110,116496914,0,0.080000,0.800000
116490006,78,111011001000110000001010101110000110100000000100001001001101000100111000111001,116496914,0,0.080000,0.800000
116490007,86,00110000000011111100000101010111000011010000000010001001111101011000011110110011100110,116486646,0,0.080000,0.700000
116490009,73,1011101110000001010101110000110100000000100001011011100111001010011000111,116496914,0,0.080000,0.800000
116490010,80,01101000100010000001010101110000110100000000111000001111111010000111000001011101,116496914,0,0.080000,0.800000
116490011,86,00110000000011111100000101010111000011010000000010001001111101011000011110110011100110,116486646,0,0.100000,1.000000
116490012,79,0100100110001001000010101011100001101000000001101110011011110100101111010010111,116483541,0,0.053333,0.800000
116490013,79,0011000010011000000101010111000011010000000010001011011010110101101001100111001,116486648,0,0.100000,1.000000
116490014,77,01000010011000000101010111000011010000000010001011011010110101101001100111001,116486648,0,0.100000,1.000000
116490015,81,101111000100001010000101010111000011010000000011100100111011010000110100000101101,116506705,0,0.080000,0.800000
116490018,81,011010001000110100001010101110000110100000000110001001111111010000111000000101111,116463286,0,0.040000,0.400000
116490019,77,11010001000110100001010101110000110100010000100001001011111000110111000111001,116486650,0,0.100000,1.000000
116490021,77,11010001000110100001010101110000110100010000100001001011111000110111000111001,116486650,0,0.100000,1.000000
116490022,83,11001000001011110000110101011100001101000000001000100110110101100011011011000110010,116506706,0,0.060000,0.600000
116490023,83,11001000001011110000110101011100001101000000001000100110110101100011011011000110010,116486650,0,0.100000,1.000000
116490024,83,11001000001011110000110101011100001101000000001000100110110101100011011011000110010,116486650,0,0.100000,1.000000
116490025,80,01111010001000110000001010101110000110100000000100011011011111001110011111111001,116486650,0,0.080000,0.800000
116490026,80,01111010001000110000001010101110000110100000000100011001011111001110011111111001,116486650,0,0.100000,1.000000
116490028,82,0110100010101101000010101011100001101000000001100110011111110100001111000001001100,116463286,0,0.040000,0.400000
116490029,75,110100001100000000101011100001101000000011000011010111100011100001001100011,116486650,0,0.100000,1.000000
116490032,76,1111101110000001010101110000110100000000100001011011110001110010100110011111,116492273,0,0.053333,0.800000
116490033,77,01001001100010100000101010111000011010000000001000100110111010000111101011011,116485012,0,0.040000,0.800000
116490034,80,01101000100011010000101010111000011010000000011000100111111010000111100100101110,116486651,0,0.045788,1.000000
116490035,77,11011001000110000001010101110001110100000000100001001011101000100111000111001,116486651,0,0.045788,1.000000
116490036,77,10010010101000000101010111000011010100000010000100101111100011001100111100100,116486651,0,0.045788,1.000000
116490037,79,0110100010001101000010101011100001101000000011000100111111101000011110000010111,116486651,0,0.045788,1.000000
116490038,77,10010010101000000101010111000011010100000010000100101111100011001100111100100,116490314,0,0.053333,0.800000
116490039,75,110101001100000010101011100001101000000001000011010111101011100001001100011,116486652,0,0.066667,1.000000
116490041,81,011010001000110100001010101110000110100000000110001001111111010000111000001011101,116465105,0,0.080000,0.800000
116490042,77,01001001100010100000101010111000011010000000001000100110111010000111101011011,116465105,0,0.070000,0.700000
116490043,75,101110011000000101010111000011010000000010000101101110001110010100110001111,116488556,0,0.024000,0.600000
116490044,77,11110100001100000010101011100001101000000001000011010111000011100001011100011,116498404,0,0.080000,0.800000
116490045,75,101110011000000101010111000011010000000010000101101110001110010100110001111,116498404,0,0.080000,0.800000
116490046,78,110101100100001000000101010111000011010000000011000000101010000110011100111001,116465105,0,0.080000,0.800000
116490047,80,01110100010001101000010101011100001101000000001100010011111110100001110010010111,116488541,0,0.100000,1.000000
116490048,80,01110100010001101000010101011100001101000000001100010011111110100001110010010111,116488541,0,0.100000,1.000000
116490049,78,111010010101100000010101011100001101000000001100010010111110001100100011101100,116461673,0,0.080000,0.800000
116490051,75,101110011000000101010111000011010000000010000101101110001110010100110001111,116495375,0,0.066667,0.600000
116490053,79,1110100101011000000101010111000011010000010011000100101111100011000100011101100,116468461,0,0.023333,0.700000
116490054,83,11011000101011100000110101011100001101000000001001100111110101100011110011000110010,116488542,0,0.100000,1.000000
116490055,80,11101110100001100000101010111000011000000000111000100101011000011001110011100111,116483543,0,0.060000,0.600000
116490056,74,00111010111010001101010111001011010000000010100100101111101111011000110100,116483543,0,0.060000,0.600000
116490058,82,0010010001000110110001010111110000110100000000111001001111111010000110000001011101,116488542,0,0.060000,0.600000
116490059,79,0111100000001101000010101011100001101000000001110010001101101000011010010010111,116488542,0,0.100000,1.000000
116490060,81,011110100010001100000010101011100001101000000001100110010111110011100111111110011,116488542,0,0.100000,1.000000
116490062,83,11001000001011100000110101011100001101000000001010100111110101100011010011000110000,116492267,0,0.070000,0.700000
116490066,80,11100100101011000001101010111000011010000000011000100101111100011000100011100100,116492271,0,0.040000,0.600000
116490067,75,110101001100000010101011100001101000000001000011010111100011100001001100011,116506700,0,0.066667,1.000000
116490068,78,010110001010000000101010111000011010010000011010100101111100001001110111000010,116488543,0,0.070000,0.700000
116490069,77,11010001000100100001010101110000110100000000100001001011111000110111000111001,116478448,0,0.028000,0.700000
116490071,80,01101000100011010000101010111000011010000000011000100111111010000111100000101110,116488544,0,0.050000,1.000000
116490072,86,01110111101000000100001010101110000110100000000110111101001010101100011001110001111100,116488544,0,0.050000,1.000000
116490074,76,0101100100001000001010101110000110100000000110001001010111000110011101110010,116505130,0,0.100000,1.000000
116490075,76,0101100100001000001010101110000110100000000110001001010111000110011101110011,116488544,0,0.050000,1.000000
116490076,77,11010001000110100001010101110000110100000000100011001011111000110111000111001,116505130,0,0.100000,1.000000
116490077,78,011110110010111110000010101011000001101000000001000110010111110011001110011100,116478448,0,0.024000,0.600000
116490078,73,1111011100000010101011100001101000000001100010110111000111001010011000111,116488544,0,0.050000,1.000000
116490080,75,101010011000000101010111000011010000000010000110101111000111000011111000111,116495374,0,0.140000,0.700000
116490081,77,01001001100010100000101010111000011010000000001000100110111010000111101011011,116483548,0,0.050000,0.500000
116490083,75,010110010000100100101010111000011010000000011000100101011100011001110111001,116481595,0,0.080000,0.700000
116490084,70,1010111010000111010111000011010000000011000010101111010110010100111111,116471689,0,0.140000,0.700000
116490085,83,11011000101011100000110101011100001101000000001001100111110101100011110011000110010,116480044,0,0.060000,0.600000
116490086,74,00011010111010001111010111000011010001000010000100101111001101011100110000,116495374,0,0.060000,0.500000
116490087,75,010101001100000010101011100001101000000001000011010111101011100001001101011,116471700,0,0.050000,1.000000
116490088,76,0110100001000000010101011100001101000000001000011010111100011100001001100011,116483548,0,0.060000,0.600000
116490089,75,101010011000000101010111000011010000000010000110101111000111000011111000111,116490321,0,0.032000,0.800000
116490090,72,110100101100000010101011101001101000000001000011010111100011001010011101,116488545,0,0.100000,1.000000
116490091,75,101010011000000101010111000011010000000010000110101111000111000011111000111,116490321,0,0.032000,0.800000
116490092,79,1011011001000110000001010101010000110100000000110101001011100000100111000111001,116488545,0,0.100000,1.000000
116490093,74,10101001010000010101011100001101000000001000011010111101011100001001100011,116480044,0,0.060000,0.600000
116490095,81,100010100000001001000010101011101001101000000001110010011111110100001110010010111,116488546,0,0.066667,1.000000
116490097,75,001101011101000010101011100001101000000001000011011110100011101001001100111,116488546,0,0.066667,1.000000
116490099,76,0110110010001100000010100010100001101000100001101010010110100010011100011100,116488546,0,0.066667,1.000000
116490100,75,110101001100000010101011100001101000000001000011010111100011100001001100011,116488546,0,0.066667,1.000000
116490101,80,01001011101000110000001010101110000110100000000110011001011111000010011000011001,116506708,0,0.080000,0.800000
116490102,83,01011010001000110100001010101110000110100000000110001001111111000000111100100101110,116488546,0,0.066667,1.000000
116490104,76,1110100001100000010101011100001101000000001000011010111000011100001010100011,116488546,0,0.066667,1.000000
116490105,80,01101000100011000001010101110000110100000000111000001111111010100111000001011101,116505133,0,0.046667,0.700000
116490106,77,11011001100110000001010101110000110100000000100001011011101000101110001110110,116481610,0,0.050000,1.000000
116490107,77,01011000101000000010111011100001101001000001101010010111110001100111011100001,116486644,0,0.060000,0.600000
116490108,81,011010001000110100001010101110000110100000000110001001111111010000111000000101110,116481614,0,0.080000,0.600000
116490109,80,01101000100011000001010101110000110100000000111000001111111010100111000001011101,116505131,0,0.040000,0.800000
116490110,77,01011001100110000001010101110000110100000000100001001011101000101110001110110,116486644,0,0.080000,0.800000
116490111,77,01011000101000000010111011100001101001000001101010010111110001100111011100001,116498411,0,0.070000,0.600000
116490112,82,1101110000010001001000010101011100101101000000001000100111011000000011100100000111,116505133,0,0.040000,0.600000
116490113,82,0110100010101101000010101011100001101000000001100110011111110110001111000001011100,116471687,0,0.046667,0.700000
116490114,82,0011010001000110100001010101110000110100000000110001001111111010000111100100101110,116495383,0,0.066667,0.800000
116490115,80,01101000100011000001010101110000110100000000111000001111111010100111000001011101,116498411,0,0.100000,0.800000
116490116,82,1101110100010001001000010101011100001101000010001000100111011000000011110100000111,116471687,0,0.040000,0.600000
116490117,77,01011001100110000001010101110000110100000000100001001011101000101110001110110,116495383,0,0.066667,0.800000
116490118,82,1101110100010001001000010101011100001101000010001000100111011000000011110100000111,116471687,0,0.040000,0.600000
116490119,78,111010010101100000010101011100001101000000001100010010111110001100100011101100,116500008,0,0.160000,0.800000
116490120,83,00011010101000110100001010101110000110100000000110001001111111010000111100100101110,116488548,0,0.100000,1.000000
116490122,75,010101001100000010101011100001101000000001000011010111101011100001001101011,116476985,0,0.080000,0.800000
116490123,79,0110100010001101000010101011100001101000000011000100111111101010011110000010111,116498416,0,0.070000,0.700000
116490125,83,00011010101000110100001010101110000110100000000110001001111111010000111100100101110,116496902,0,0.160000,0.800000
116490126,85,0011001000001111110000010101011100001101000000001000100101101011000011010110011100111,116465102,0,0.100000,1.000000
116490128,78,111010010101100000010101011000001101000000001100010010111110001100100011101100,116480043,0,0.080000,0.800000
116490129,76,0101100100001000001010101110000110100000000110001001010111000110011101110010,116488549,0,0.200000,1.000000
116490130,76,1110100001100000010101011100001101000000001000011010111000011000011011100011,116505132,0,0.080000,0.800000
116490133,77,11010001000100100001010101110000110100010000100001001011111000110111000111001,116485003,0,0.030000,0.600000
116490134,79,1101011100011000000101010111000011010000000011000000111111100011001100011001110,116488549,0,0.160000,0.800000
116490135,84,010110000010001000000101010111000011110000000010001000111101011000111100110011010101,116501515,0,0.046667,0.800000
116490136,78,001011000101000000010101011100001101000000001100010010101110011100110011100010,116470090,0,0.040000,0.400000
116490137,83,11001000001011100000110101011100001101000000001000100111110101100011010011000110010,116490326,0,0.046667,0.700000
116490140,80,01101000100001010000101010111100011010000000011001001111111000000111100100001110,116471685,0,0.053333,0.800000
116490141,77,01011000101000000010101011100001101001000001101010010111110000100111011100001,116468449,0,0.120000,0.600000
116490142,73,1011110111010000101010111100011010000000010000110011010011110100100110011,116476971,0,0.080000,0.800000
116490144,77,10101100100011100001010101110000110100000000110001001010111100110011100111001,116488550,0,0.050000,1.000000
116490147,75,001101011101000010101011100001101000000001000011010110100011101001001100111,116488549,0,0.160000,0.800000
116490148,77,10101100100011100001010101110000110100000000110001001010111100110011100111001,116481615,0,0.040000,0.800000
116490149,78,011011001000110000001010101110000110100000000110101001011101000100111000111001,116490336,0,0.080000,0.800000
116490151,71,11110111000000101010111000011010000000010000101101100011100101001100011,116506704,0,0.032000,0.800000
116490152,80,11000010001101000010101011100011101000000001100010011111110100001110000001011100,116485015,0,0.026667,0.400000
116490153,84,111001000001011100000110101011100011101000000001000100111111101100011010011000110010,116488551,0,0.028000,0.700000
116490155,75,110100001100000010101011100001101000000001000011010011100011100001001100011,116485015,0,0.026667,0.400000
116490157,77,01011001100110000001010101110000110100000000100001001011101000101110001110110,116500010,0,0.080000,0.800000
116490159,75,101100110011000100101010111000011010000101010000100101110100010111000111011,116486633,0,0.020000,0.500000
116490161,81,011010001000111100001011101110000111100000000110001001111111010000111100001011001,116486629,0,0.060000,0.600000
116490164,81,011010001000110101001010101110000110100000000110001001111111010000111000000101110,116486633,0,0.024000,0.600000
116490165,79,1100100101011000000101010111000011010000000011000110101111100011000100011100100,116481606,0,0.080000,0.800000
116490166,76,1111101110000001010100110000110100000000100001010011110001110011100110001111,116500010,0,0.070000,0.700000
116490168,78,110101100100001000001010101110000110100000000110001001010111000110011100111001,116488553,0,0.066667,1.000000
116490169,81,011110100010001100000010101011100001101000000001100110010111110011100111111110011,116488553,0,0.066667,1.000000
116490170,78,110101100100001000001010101110000110100000000110001001010111000110011100111001,116503247,0,0.066667,1.000000
116490173,83,00010100110101001000010101011100001101000000001100010011111110100001111001001011101,116506694,0,0.066667,1.000000
116490175,78,110111010001100000010101011100001101000000001100010101111111001000111101110010,116488553,0,0.066667,1.000000
116490177,79,1100100101011000000101010111000011010000000011000110101111100011000100011100100,116495375,0,0.040000,0.600000
116490178,77,11110000000010100001010101110000110100000000111000001110110100011010011010111,116488554,0,0.100000,1.000000
116490179,75,111101110000001010101110000110100000000100001011011110001110011100110101111,116488554,0,0.100000,1.000000
116490180,75,001101011101000010101111100001101000000001000011010110100011101001001100111,116501530,0,0.060000,0.600000
116490181,76,0110100001100000010101011100001101000000001000011010111100011100001001100011,116466865,0,0.040000,0.800000
116490182,88,0011001000001111110000010101011100001101000000001000100111110101100001111011001110011000,116486626,0,0.013333,0.600000
116490183,87,011101111010000001000010101111100001101000000001101111010110101011000110011100011111000,116466865,0,0.035000,0.700000
116490184,79,0100100110001001000011101011100001101000000001100110011011110100001111000010111,116466868,0,0.160000,0.800000
116490185,78,111100000000101000010101011100001101000000001110010011101101000110100100101111,116488554,0,0.100000,1.000000
116490186,77,01011000101000000010111011100001101001000001101010010111110001100111011100001,116488554,0,0.100000,1.000000
116490187,81,100010100000001101000010101011101001101010000001110010011111110100001110010010111,116488554,0,0.100000,1.000000
116490188,86,00110010000011111000000101010111000011010000000010001101111001011000011110110011100110,116488554,0,0.100000,1.000000
116490189,79,0100100110001001000011101011100001101000000001100110011011110100001111000010111,116501522,0,0.032000,0.800000
116490190,76,0110100001100000010101011100001101000000001000011010111000011100001010101011,116488554,0,0.100000,1.000000
116490191,70,0101011000000101010111000011010000000010000110101101000110010000110001,116466865,0,0.040000,0.800000
116490192,73,0011010111010000101010111000011010000000010000110111101000111100100110011,116466865,0,0.040000,0.800000
116490193,77,11110000000010100001010101110000110100000000111000001110110100011010011010111,116501530,0,0.060000,0.600000
116490195,81,100010100000001101000010101011101001101000000001110010011111110100001110010010111,116488554,0,0.100000,1.000000
116490196,81,001101000110011010000101010111010011010000000110001001111111010000111010101010101,116466865,0,0.030000,0.600000
116490198,70,0100011000000101010111000011010000000010000110101101000110010000110001,116488555,0,0.066667,1.000000
116490199,80,11100100101011000001101010111000011010000000011000100101111100011000100011100100,116488555,0,0.066667,1.000000
116490201,82,0110100011001101000110101011100001101000000001110010011111111100001100000010111010,116475187,0,0.023333,0.700000
116490202,75,101010111000000101010111000011010000000010000101101110001110010100110001111,116488555,0,0.066667,1.000000
116490203,79,1010110010000100100010101011100001101000000001000010010101110001100111001110011,116488555,0,0.066667,1.000000
116490204,76,0101010111000000101010111000011010000000010000101101110001110010100110001111,116488555,0,0.066667,1.000000
116490205,77,10101100100011000001010101110000110100000000110001001010111100110011100111001,116488555,0,0.066667,1.000000
116490206,75,101010111000000101010111000011010000000010000101101110001110010100110001111,116501524,0,0.053333,0.800000
116490209,70,0100011000000101010111000011010000000010000110101101000110010000110001,116501524,0,0.053333,0.800000
116490210,75,101010111000000101010111000011010000000010000101101110001110010100110001111,116488555,0,0.066667,1.000000
116490211,86,00110010010011111100100101010111000011010000000010001001111101011000011110110011100110,116488555,0,0.066667,1.000000
116490212,72,011110111010000101010111000011010000000010000110011010001110100100110011,116488555,0,0.066667,1.000000
116490213,82,0011010001000110100001010101110000110100000000110001001111111010000111100100101110,116475187,0,0.020000,0.600000
116490214,76,1111101110000001010101110000110100000000100001010011110001110011100110001111,116490319,0,0.100000,1.000000
116490215,73,1111011100000010101011100001101000000001100010110111000111001010011000111,116486634,0,0.032000,0.800000
116490216,77,11010001000110100001010101110000110100010000100001001011111000110111000111001,116488556,0,0.040000,1.000000
116490217,84,010110000010001000000101010111000011010000000010001000111111011000111100110011010101,116488556,0,0.040000,1.000000
116490218,81,010010011000100100001010101110000110100000000111001001111111010000111110100101110,116488556,0,0.040000,1.000000
116490219,87,100110010000011111100010101010111000011010000000010001001111101011000011110110011100110,116483540,0,0.035000,0.700000
116490220,80,01111011001011111000001010101100000110100000000100011001011111000110011100111001,116466864,0,0.070000,0.700000
116490221,80,10101100100001000000101010111000011010000000010000100101011100011001110011100110,116490320,0,0.040000,1.000000
116490222,80,10101100100001000000101010111000011010000000010000100101011100011001110011100110,116483540,0,0.040000,0.800000
116490223,82,0110100011001101000110101011000001101000000001110010011111111100001100000010111010,116488556,0,0.024000,0.600000
116490224,78,111110000000110100001010101110000110100000000111001001110110100001101101001011,116466864,0,0.080000,0.800000
116490225,70,1010111010000111010111000011010000000011000010101111010110010100111111,116486628,0,0.050000,0.500000
116490226,70,0101011000000101010110000011010000000010000110101101000110010000110001,116466864,0,0.070000,0.700000
116490227,75,101010011000000101010111000011010000100010000110101111000111000010011000111,116488556,0,0.040000,1.000000
116490228,78,111110000000110100001010101110000110100000000111001001110110100001101101001011,116506709,0,0.024000,0.600000
116490229,83,11001000001011110000110101010100001101000000001000100110110101100011011011000110010,116503251,0,0.060000,0.600000
116490230,77,11010001000110100001010101110000110100000000100001001011111000110111000111001,116496913,0,0.120000,0.600000
116490231,80,01101000100010000001010101110000110100000000111000001111111010000111000001011101,116503251,0,0.060000,0.600000
116490232,82,0111100010001101000010111011100001111000000001100010011111110000001111001001011001,116488557,0,0.066667,1.000000
116490233,75,101010111000000101010111000011010000000010000101101110001110010100110001111,116496913,0,0.120000,0.600000
116490234,75,101100110011000000101010111000011010000001010000100101110100010111000111011,116488557,0,0.066667,1.000000
116490235,82,0111100010001101000010111011100001111000000001100010011111110000001111001001011001,116496913,0,0.100000,0.500000
116490236,81,011010001000110100001010101110000110100000000110001001111111010000111100000101110,116488557,0,0.066667,1.000000
116490237,82,0111100010001101000010101011100001101000000001100010011111110100001110001001011101,116488557,0,0.066667,1.000000
116490239,75,101110111000000101010111000011010000000010000101101110001110010100110001111,116488557,0,0.066667,1.000000
116490240,78,110111010001100000010101011100001101000000001100010101111110001000111101110010,116488557,0,0.066667,1.000000
116490241,81,011110001000110100001110101110000110100000000110001001111110010000111100000101100,116486645,0,0.040000,0.700000
116490242,80,01101000100011010000101010111000011010000000011000100111111010000111100100101110,116495382,0,0.046667,0.700000
116490243,81,011010001000110100001010101110000110100000000110001001111111110000111000000101111,116488558,0,0.040000,1.000000
116490244,75,101110111000000101010011000011010000000010000101101110001110010100111001111,116501533,0,0.026667,0.400000
116490246,73,1111011100000010101011100001101000000001000010110111000111001010011000111,116501533,0,0.026667,0.400000
116490247,75,101010111000000101010111000011010000000010000101101110001110010100110001111,116476973,0,0.040000,0.600000
116490249,80,01101000100011010000101010111000011010000000011000100111111010000111100100101110,116496908,0,0.046667,1.000000
116490252,77,01110100001100000010101011100001101000000001000011010110000011100001011100011,116488558,0,0.040000,1.000000
116490254,81,011010001000110100001010101110000110110000000110001001111111010000111100000101110,116481615,0,0.035000,0.700000
116490255,73,1010000110000001010101110000110101000000100001001011110011100001001100011,116488559,0,0.066667,1.000000
116490256,82,0001010001000110100001010101110000110100000000110001001111111010000111100100101110,116471684,0,0.053333,0.800000
116490257,82,0001010001000110100001010101110000110100000000110001001111111010000111100100101110,116503252,0,0.053333,0.800000
116490259,80,11100100101011000000101010111000011010000000011000100101111100011000100011100100,116488559,0,0.066667,1.000000
116490260,74,10101001100000010101011100001101000000001000011010111100011100001001100011,116488559,0,0.066667,1.000000
116490261,75,101010011000000101010111000011010000000010000110101111000111000011111000111,116503252,0,0.053333,0.800000
116490262,83,01011010001000010100001010101110000111100000000110001001111111100100111000100101110,116471684,0,0.046667,0.700000
116490263,78,011111001011000000101010111000011010000000010001100101111100001001100001100100,116471684,0,0.053333,0.800000
116490264,80,01111011001001111000011010101100000110110000000100011001011111000010011100111001,116488559,0,0.066667,1.000000
116490267,77,01001001100010100000101010111000011010000000001000100110111010000111101111011,116495376,0,0.100000,0.500000
116490269,81,101111000100001010000101010111000011010000000011100100111011010000110100000101111,116495376,0,0.120000,0.600000
116490272,74,10101001100000010101011100001101000000001000011010111100011100001001100011,116501527,0,0.066667,1.000000
116490273,75,101010111000000101010111000011010000000010000101101110001110010100110001111,116501527,0,0.066667,1.000000
116490274,75,101100100011000000101010111000111010000000010000001011101000100111000111001,116495376,0,0.120000,0.600000
116490275,78,010110001010000000101010111001011010000000011000010101111100011001110111000101,116488560,0,0.200000,1.000000
116490276,83,10111100010001101000010101011100001101000000001100010011111110100000111001001011101,116492287,0,0.060000,0.600000
116490277,75,010101001100000010101011100001101000000001000011010111101011100001001101011,116488560,0,0.160000,0.800000
116490278,77,11001001010110000001000101110000110100000000100001001011111000110011000110010,116488560,0,0.200000,1.000000
116490279,77,01011000101000000010101011100001101001000001101010010111110000100111011100001,116508503,0,0.140000,0.700000
116490281,77,01001001100010100000101010111000011010000000001000100110111010000111101111011,116495376,0,0.100000,0.500000
116490282,75,101010111000000101010111000011010000000010000101101110001110010100110001111,116488560,0,0.200000,1.000000
116490284,75,010101001100000010101011100001101000000001000011010111101011100001001101011,116470088,0,0.050000,1.000000
116490285,82,0001010001000110100001010101110000110100000000110001001111111010000111100100101110,116490326,0,0.053333,0.800000
116490286,87,100110010000011111100000101010111000011010000000010001001111101011000011110110011100110,116492287,0,0.060000,0.600000
116490287,79,1101011100011000000101010111000011010000000011000000111111100011001100011000110,116488561,0,0.100000,1.000000
116490288,81,001101010100011000001010101110000110100000000111000001111111010100111000001011101,116490326,0,0.053333,0.800000
116490289,78,111010000000110100001010101110000110100000001110010011111110100001110010010011,116490326,0,0.046667,0.700000
116490290,77,10010010101000000101010111000011010100000010100100101111100011001100111100100,116498417,0,0.080000,0.800000
116490291,82,0011010001000110100001010101110000110100100000110101001111111010000111000001011101,116498417,0,0.080000,0.800000
116490292,77,01001001100010100000101010111000011010000000001000100110111010000111101011011,116488561,0,0.100000,1.000000
116490293,74,01101011101000010101011100001101000000001000011010110100011101001001100011,116490326,0,0.053333,0.800000
116490294,77,01001001100010100000101010111000011010000000001000100110111010000111101011011,116465088,0,0.040000,0.800000
116490297,80,01001011101000110000001010101110000110100000000110011001011111000010011000011001,116492287,0,0.060000,0.600000
116490298,77,10010010101000000101010111000011010100000010100100101111100011001100111100100,116488561,0,0.100000,1.000000
116490299,80,01001011101000110000001010101110000110100000000110011001011111000010011000011001,116465088,0,0.050000,1.000000
116490300,75,111101110000001010101010010110100000000100001011011110001110011100110001111,116498414,0,0.050000,0.700000
116490301,73,1010000010000001010101110000110100000000100001001011110011100001001100011,116490326,0,0.053333,0.800000
116490302,77,01001001100010100000101010111000011010000000001000100110111010000111101011011,116498417,0,0.080000,0.800000
116490303,78,010011001000110100001010101110000110100000001100010010111110011000111001110011,116506699,0,0.053333,0.800000
116490304,75,101100110011000000101010111000011010000000010000100101110100010111100111111,116496904,0,0.066667,0.800000
116490305,77,10010010101000000101010111000011010100000010000100101111100011001100111100100,116488562,0,0.066667,1.000000
116490306,77,11010001000110100001010101110000110100000000100001001011111000110111000110001,116488562,0,0.066667,1.000000
116490307,77,11011001000110000001010101110000100100000000100001000011101001100101000111101,116496904,0,0.066667,0.700000
116490308,79,0100100100011001000011101011100001101000000001100110011011110100001111010010111,116496904,0,0.046667,0.700000
116490310,75,101100110011000000101010111000011010000000010000100101110100010111100111111,116488562,0,0.066667,1.000000
116490311,80,01101000100011010000101010111000011010000000011001001011111000000111100000111110,116480043,0,0.100000,1.000000
116490354,79,1101101101011000000101010111000011010000000011000000101111100011001101011100110,116490314,0,0.066667,1.000000
116490355,77,01111100101100000010101011100001101000000001100110010111110000100110000110010,116505133,0,0.046667,0.700000
116490359,75,111101110000001010101110000110100100000100001111011110001110011100110011111,116490315,0,0.060000,0.600000
116490362,80,11100100101011000000101010111000011010000000011000100101111100011000100011100100,116468462,0,0.040000,0.800000
116490363,73,1111011100000010101011100001101000000001100010110111000111001010011000111,116505133,0,0.046667,0.700000
116490365,79,0011000010011000000101010111000011010000000010001011011010110101101000100111001,116490315,0,0.070000,0.700000
116490367,83,00110100110101101000010101011100000101000000001100010011111110100001111001001001101,116468462,0,0.035000,0.700000
116490373,81,010010011000100100001010101110000110100000000111101001111111010000111110100101110,116496907,0,0.100000,1.000000
116490386,81,011101000100111010000101010110000011010000000011100100111111101001011100100101111,116485014,0,0.040000,0.600000
116490395,75,101110111000000101010111000011010000000010000111101110001110010100111001111,116501522,0,0.040000,1.000000
116490396,81,100010100000001001000010101011101001101000000001110010011111110100001110010010111,116465087,0,0.070000,0.700000
116490401,78,010011001000110100001010101110000110100000001100010010111110011000111001110011,116480042,0,0.053333,0.800000
116490407,74,11110111000000101010111000011010000000010000101101110001110010100110001111,116483546,0,0.053333,0.800000
116490422,76,0110110010001100000010101010100001101000000001101010010111000001001110001100,116490329,0,0.046667,0.700000
116490424,83,00110100110101101000010101011100000101000000001100010011111110100001111001001001101,116481613,0,0.140000,0.700000
116490425,78,001011101010110000001010101110000110100000000010011001011110000010011000111001,116492269,0,0.040000,0.600000
116490426,79,1010110010100100000010101011100001101000000001000010010101110001100111001110011,116490329,0,0.053333,0.800000
116490430,78,001011101010110000001010101110000111100000000010011001011110000010011000111001,116490329,0,0.040000,0.600000
116490432,79,0110100010001101000010101011100001101000000011000100111111101000011110000010111,116486644,0,0.060000,0.700000
116490435,82,0110100010101101000010101011100001101000000001100110011111110100001111000001001100,116486644,0,0.060000,0.800000
116490440,83,01001000001001100000010101011100011101000000001000110100110101101011010011001110110,116481614,0,0.070000,0.700000
116490447,82,0110100011001101000110101011000001101000000001110010011111111100001100000010111010,116481614,0,0.060000,0.600000
116490449,75,001110101110100011010101110000010100000000101001001011111011110111001101000,116481614,0,0.060000,0.600000
116490451,81,101111000100001010000101010111000011010000000011100100111011010000110100000101111,116481614,0,0.060000,0.600000
116490455,81,011010001000110100001010101110000110100000000110001001111111010000111100000101110,116503236,0,0.100000,1.000000
116490463,73,1111011100000010101011100001101000000001100010110111000111001010011000111,116485013,0,0.046667,1.000000
116490467,76,0110100001100000010101011100001101000000001000011010111000011100001010101011,116492271,0,0.046667,0.700000
116490468,77,01001001100010100000101010111000011010000000001000100110111010000111101011011,116465088,0,0.037106,0.800000
116490471,73,1111011100000010101011100001101000000001100010110111000111001010011000111,116492271,0,0.046667,0.700000
116490472,82,1101110100010001001000010101011100001101000000001000100111011000000011100100000111,116475187,0,0.020000,0.600000
116490481,86,01110111101000000100001010101110000110100000000110111101011010101100011001110001111100,116468456,0,0.053333,0.800000
116490484,74,11110011000000111010111000011010000001010010101101111000010001100110001111,116486652,0,0.033333,0.500000
116490487,75,111010111000001010101111000110100000000100001001011111001110010101100001100,116486647,0,0.033333,0.800000
116490490,79,0010111010101100000010101011100001101000000000100110010111100000100110001110011,116488562,0,0.046667,0.700000
116490491,80,01110100000000101000010101011100001101000000001110010011111110100001110010010111,116496904,0,0.053333,0.800000
116490494,83,01011010001000110100001010101110000110110000000110001001111111010000111100100101110,116475183,0,0.046667,0.700000
116490500,81,011010001000111100001010101110000110100000000110001001111111010000111100000101110,116471693,0,0.066667,1.000000
116490504,79,0100100110001001000010101011100001101000000001101110011011110100101111010010111,116476984,0,0.050000,0.500000
116490505,84,111011000101011100000010101011100011101000000001000100111110100100011110011001110010,116476984,0,0.060000,0.600000
116490508,77,01111101110000001010101110000110100000001100001011011110001110010100110101111,116501516,0,0.070000,0.700000
116490509,86,00110010010011111100100101010111000011010000000010001001111101011000011110110011100110,116476984,0,0.060000,0.600000
116490510,74,11101000011000000101010111000011010000000010000110101110000111000001110001,116501516,0,0.080000,0.800000
116490511,78,110101100100001000000101010111000011010000000011000100101010000110011100111001,116492272,0,0.066667,1.000000
116490512,80,01110100010001101000010101011100001101000000001100010011111110000001110010010111,116471674,0,0.080000,0.800000
116490517,82,0110100010001101000010101011100001101000000001100010011111110100001110000010111011,116486628,0,0.060000,0.600000
116490518,79,0100100110001001000010101011100001101000000001100110011111110100001111010010111,116486628,0,0.060000,0.600000
116490519,73,0111101110100001010101111000110100000000100001100110100011101001001100110,116484998,0,0.160000,0.800000
116490521,74,10101001100000010101011100001101000000001000011010111100011001010011000101,116498408,0,0.100000,1.000000
116490523,74,00111010111010001101010111000011010000000010100100101111101111011000110100,116470090,0,0.040000,0.400000
116490526,84,111001000001011100000110101011100011101000000001000100111111101100011010011000110010,116498407,0,0.024000,0.600000
116490527,79,0011000010011000000101010111000011010000000010001011011010110101101001100111001,116485003,0,0.030000,0.600000
116490534,77,01001001100010100000101010111000011010000000001000100110111010000111101011011,116492267,0,0.060000,0.600000
116490535,87,011101111010000001000010101111100001101000000001101111010110101001000110011100011111000,116486638,0,0.040000,0.800000
116490536,75,101010011000000101010111000011010000000010000110101111000111000010011000111,116496901,0,0.160000,0.800000
116490539,81,011010001000111100001011101110000111100000000110001001111111010000111100001011001,116492274,0,0.060000,0.600000
116490546,79,0111100000001101000010101011100001101000000001110010011101101000011010010010111,116459871,0,0.100000,1.000000
116490547,80,01110100010001101000010101011100001101000000001100010011111110100001110010010111,116496912,0,0.040000,0.400000
116490548,74,10101001100000110101011100001101000000001000011010111101011100001001101011,116459872,0,0.066667,1.000000
116490553,79,0111100000001101000010101011100001101000000001110010111101101000011010010110111,116498413,0,0.040000,0.400000
116490554,77,01010000101000000010101011100001101001000001100010010111110001100111011100001,116486632,0,0.017500,0.700000
116490556,75,101010011000000101010111000011010000000010000110101111000101000010011000111,116498413,0,0.040000,0.400000
116490562,77,01111101110000001010101110000110100000001100001011011110001110010100110101111,116476974,0,0.020000,0.400000
116490570,77,11010001000110100001010101110000110100000000100001001011111000110111000110001,116486650,0,0.070000,0.700000
116490573,75,110100001100000010101011100001101000000001000011010011100011100001001100011,116506706,0,0.070000,0.700000
116490575,74,10101001000000010101011100001101000000001000011010111001011100001001100001,116486650,0,0.070000,0.700000
116490577,78,010011001000110100001010101110000110100000001100010010111110011000111001110011,116473643,0,0.070000,0.700000
116490578,74,10101001100000010101011100001101000000001000011010111100011100001111100011,116473643,0,0.080000,0.800000
116490579,76,1110100001100000010101011100001101000000001000011010111000011000011011100011,116473643,0,0.080000,0.800000
116490591,75,010110010000100100101010111000011010000000011000100101011100011001110111001,116478448,0,0.024000,0.600000
116490592,76,0110100001000000010101011100001101000000001000011010111100011100001001100011,116488544,0,0.050000,1.000000
116490596,77,10010010101000000101000111000011010100000010000100101111100011001100111100100,116480047,0,0.024000,0.600000
116490604,70,0101011000000101010111000011010000000110000110101101000110010000110001,116498406,0,0.070000,0.700000
116490613,75,101100110011000000101010111000011010000001010000100101110100010111000111111,116498416,0,0.070000,0.700000
116490614,78,110110010101100000010101011100001001000000001100010111111110001010111101110010,116488545,0,0.080000,0.800000
116490618,82,1001000001001100000010111011100001101000000001000100110111101001011010011001110011,116488545,0,0.080000,0.800000
116490623,78,110110010101100000010101011100001001000000001100010111111110001010111101110010,116473639,0,0.160000,0.800000
116490624,79,0111100000001101000010101011100001101000000001110010001101101000011010010010111,116473639,0,0.200000,1.000000
116490627,75,101110111000000101000111000011010000000010000101101110001110010100110001111,116494067,0,0.040000,0.400000
116490628,75,101110111000000101001111000011010000000010000101101110001110010100110001111,116494067,0,0.040000,0.400000
116490634,81,011010000000110100001010101111000110100000000110001001111111010000111000001011101,116480037,0,0.080000,0.800000
116490635,74,10101001100100010101011100001101000100001000011010111100011100001111100011,116470078,0,0.040000,0.600000
116490669,70,0100011000000101010111000011010000000010000110100101000110010000110001,116485012,0,0.050000,1.000000
116490673,74,10101001100000010101011100001101000000001000011010111100011100001001100011,116492287,0,0.060000,0.600000
116490674,79,1010110010000100000010101011100001101000000001000010010101110001100111001110011,116492287,0,0.060000,0.600000
116490675,80,10110101000001101000010101011100001101000100001100100111110011000111110010110111,116501515,0,0.080000,0.800000
116490676,74,10101001000000010101011100001101000000001000011010111101011100001001100111,116492287,0,0.060000,0.600000
116490677,74,10101001000000010101011100001101000000001000011010111101011100001001100111,116475186,0,0.060000,0.600000
116490682,79,1001001100010010000101010111000011010000000011100100111111101000011111010001110,116463291,0,0.080000,0.700000
116490683,79,1001001100010010000101010111000011010000000011100100111111101000011111010001110,116478447,0,0.160000,0.800000
116490684,78,111010010101100000010101011100001101000000001100010010111110001100100011101100,116492269,0,0.046667,0.700000
116490687,82,0110100010101101000010101011100001101000000001100110011111110100001111000001001100,116495379,0,0.032000,0.800000
116490688,80,01101000100011010000101010111000011110000000011001001111111000000111000100001110,116498419,0,0.080000,0.800000
116490690,74,10101001100000010101011100001101000000001000011010111100011100001001100011,116496902,0,0.160000,0.800000
116490691,78,011110100001100000010101011100001101000000001000011010111000011100001011100011,116492269,0,0.046667,0.700000
116490693,77,10011011111010000101010111000011011000000010000110101101000110010010011001111,116501516,0,0.070000,0.700000
116490713,74,10101001100000010101011100001101000000001000011010111100011100001001100011,116473641,0,0.200000,1.000000
116490714,80,01101000100011010000101010111000011010000000011001001011111000000111100100101110,116459871,0,0.080000,0.800000
116490730,77,11010001000110100001010101110000110100000100100001001011111000110111000111001,116492271,0,0.040000,0.600000
116490731,77,11010001000110100001010101110000110100010000100001001011111000110111000111001,116508504,0,0.040000,0.800000
116490733,74,10101001000000010111011100001101000000001000011010111101011000001001100011,116508504,0,0.046382,0.800000
116490735,74,10101001100100010101011100001101000000001000011010111100011100001111100011,116492271,0,0.040000,0.600000
116490736,82,0100010100000001101000010101011101001101000000101110010011111110100001110010010110,116470088,0,0.046382,0.700000
116490737,77,01011001100110000001010101110100110100000000100001001011101000101110001110110,116475186,0,0.050000,0.500000
116490739,77,01110100101100000010101011100001101000000001000110010111110000100110000110010,116465088,0,0.046382,1.000000
116490741,74,10101001100000010100011100001101010000001000011010111100011100001001100011,116492271,0,0.046667,0.700000
116490743,75,111110111000001010101110000110100000000100001011011110001110010100110101101,116481613,0,0.160000,0.800000
116490745,81,011010001000110100001010101110000110100000000110001001111101000000111000000101111,116492271,0,0.046667,0.700000
116490746,73,1111011100000010101011100001101000000001100010110111000111001010011000111,116492271,0,0.046667,0.700000
116490747,81,011010001000110100001010101110000110100000000110001001110111010000111000000101110,116481617,0,0.100000,1.000000
116490751,80,01110100010001101000010101011100001101000000001100010011111110100001110010010111,116501529,0,0.080000,0.800000
116490753,78,001011101010110000001010101110000110100000000010011001011110000010011000011001,116465089,0,0.200000,1.000000
116490755,74,00111010111010001101010111000011010000000010100100111011101111011100110100,116465089,0,0.200000,1.000000
116490756,81,011010001000111100001011101110000111100000000110001001111111010000111100001011001,116465090,0,0.030000,0.600000
116490761,78,011110110010111110000010101011000001101000000001000110010111110011001110011100,116490321,0,0.028000,0.700000
116490762,77,11001001010110000001000101110000110000000000100001001011111000110011000110010,116496909,0,0.025000,0.500000
116490764,77,11001001010110000001000101110000110100000000100001001011111000110011000010010,116480043,0,0.080000,0.800000
116490765,82,0011010000011111000000101010111000011010000000010001001111101011000011110110011001,116485002,0,0.066667,1.000000
116490766,79,1110110010001100000010101011100001101000000001000010010010010001001110011110010,116488541,0,0.080000,0.800000
116490767,77,11110000000010100001010101110000110100000000111000001110110100011010011010111,116465105,0,0.100000,1.000000
116490768,77,11011001000110000001010101110000110100000100111001001011101000100111000111001,116498404,0,0.070000,0.700000
116490769,81,001010001000110100001010101110001110100000000110001001111111010000111110000101110,116488541,0,0.070000,0.700000
116490770,76,1111101110000001010101110000110100000000100001010011110001110011100110001111,116465105,0,0.100000,1.000000
116490771,75,101100110011000000101010111000011010000001010000100101110100110111000111011,116465105,0,0.100000,1.000000
116490772,77,11110000000010100001010101110000110100000000111000001110110100011010011010111,116488541,0,0.080000,0.800000
116490773,77,11010001000110110001010101110000110100000000100001000011111000110111000111001,116498404,0,0.070000,0.700000
116490774,77,10101100100011000001010101110000110100000000110001001010111100110011100111001,116465105,0,0.100000,1.000000
116490775,86,00110010010011111100100101010111000011010000000010001001111101011000011110110011100110,116498404,0,0.070000,0.700000
116490776,81,011010001000110100001010101110000110100000000110001001111111010000111100000101110,116465105,0,0.100000,1.000000
116490777,78,011111001011000000101010111000011010000000010001100101111100001001100001100100,116465105,0,0.080000,0.800000
116490783,79,1001001100010010000101010111000011010000000011100100111111101000011111010001110,116496902,0,0.160000,0.800000
116490784,81,110111011001000100100001011101110100110100000000100010011101100001001110010000011,116490327,0,0.060000,0.600000
116490805,77,11011001000110000001010101110000110100000000100001000011101001100101000111101,116506711,0,0.080000,0.800000
116490807,77,11011001000110000001010101110000110100000000100001000011101001100101000111101,116490329,0,0.053333,0.800000
116490813,79,1101011100011000000101010111000011010000010011000000111111100011001100011000111,116478440,0,0.028000,0.700000
116490815,74,11110111001001101010111000011010000000010010101101111000010001100110001111,116466864,0,0.100000,1.000000
116490816,74,10101001100000010101011100001101000000001000011010111101011100001001101011,116495376,0,0.120000,0.600000
116490817,74,10101001100000010101011100001101000000001000011010111101011100001001101011,116488560,0,0.160000,0.800000
116490818,79,0100100110001001000010101011100001101000000001101110011011110100101111010010111,116466868,0,0.200000,1.000000
116490819,75,001101010101000010101011100001101000000001000011010110100011001001001100111,116466868,0,0.200000,1.000000
116490821,72,011110111010000101010110000011010000000010000110011010001110100100110011,116466868,0,0.200000,1.000000
116490822,79,1101000110011010000101010111000011010000000011000100111111010000111000000101110,116478443,0,0.013333,0.600000
116490823,75,110100001100000000101011100001101000000001000011010111100011100001001100011,116466868,0,0.200000,1.000000
116490839,76,1011110010110000001010101110000110100000001100110010111110000100110000110010,116503229,0,0.080000,0.400000
116490841,86,00110010000011111100000101010111000011010000000010001001111101011000011110110011100110,116473643,0,0.080000,0.800000
116490847,76,1110100001100000010101011100001101000000001000011000111000011100001011100011,116492281,0,0.035000,0.700000
116490848,79,1110110010001100000010101011100001101000000001000010010011010001001110011110010,116481615,0,0.040000,0.800000
116490849,82,1001000001001100000010101011100001101000000001000100110110101101010010011001110011,116468449,0,0.200000,1.000000
116490850,77,01010000101000000010101011100001101001000001100010010111110001100111011100101,116495373,0,0.046667,0.700000
116490851,82,0110101010001101000010101011100001101000100001100100111110101000111110010010111110,116496906,0,0.050000,0.500000
116490852,79,0001011101010110000001010101110000110100000000010011001011110000010011000111001,116468450,0,0.200000,1.000000
116490853,80,01110100010001101000010101011100001101000000001100010011111110100001110010010111,116468450,0,0.200000,1.000000
116490857,82,0110100011001101000110101011000001101000000001110010011111111100001100000010111010,116463286,0,0.040000,0.400000
116490864,82,1010000101001100000111010111000011010000000010001001111101011000111100110011110101,116508491,0,0.023333,0.700000
116490865,75,101110111000000101010111000011010000000010000101101110001110010100110001111,116468461,0,0.026667,0.800000
116490867,76,1011110010110000001010101110000110100000001100110010111110000100110000110010,116496913,0,0.120000,0.600000
116490868,74,01111011101000010101011100001111000000001000111010110100011101001001100111,116468454,0,0.066667,1.000000
116490870,79,0111100000001101000010101011100001101000000001110010001101101000011010010010111,116468455,0,0.066667,1.000000
116490871,75,111010111000001010101111000110100000000100001001011111001110010101100001100,116473642,0,0.069170,0.700000
116490872,82,0110100011001101000110101011000001101000000001110010011111111100001100000010111010,116485003,0,0.066667,0.600000
116490873,81,011010001000110100001010101110000110100000000110001001111111110000111000000101111,116468455,0,0.066667,1.000000
116490874,70,0101011000000101010111000011010000000010000110101101000110010000110001,116488550,0,0.040000,0.800000
116490875,75,001101011101000010101011100001101010000001000011010110100011101001001100111,116488550,0,0.035000,0.700000
116490876,79,0110100010001101000010101011100001101000000001100010011111110100011100010010111,116485003,0,0.066667,0.600000
116490877,82,0110100010001101000010101011100101101000000001100010011111110000001110000010111011,116468455,0,0.053333,0.800000
116490878,82,0110100010001101000010101011100001101000000001100010011111110000001110000010111011,116468455,0,0.066667,1.000000
116490879,77,11111011100000010101011100001101000000001000010110111100011100101001101011111,116488550,0,0.040000,0.800000
116490880,79,1010110010000100000010101011100001100000000001000010010101110001100101001110011,116508506,0,0.070000,0.700000
116490881,75,001101011101000010101011100001101010000001000011010110100011101001001100111,116485003,0,0.066667,0.600000
116490882,79,0100100110001001000010101011100001101000000001100110011111110100001111010010111,116490336,0,0.080000,0.800000
116490883,79,0011000010011000000101010111000011010000000010001011011010110101101000100110001,116468455,0,0.066667,1.000000
116490884,82,1001000001001100000010101011100001101000000001000100110110101101010010011001110011,116503232,0,0.080000,0.800000
116490885,82,1101110100010001001000010101011100001101000000001000100111011000000011100100000111,116468455,0,0.066667,1.000000
116490886,76,1110100001100000010101011100001101000000001000011000111000011100001011100011,116488550,0,0.040000,0.800000
116490887,77,01010000101000000010101011100001101001000001100010010111110001100111011100101,116490336,0,0.070000,0.700000
116490888,81,011010001000110100001010101110000110100000000110001001111111110000111000000101111,116468455,0,0.066667,1.000000
116490889,76,1110100001100000010101011100001101000000001000011000111000011100001011100011,116508506,0,0.080000,0.800000
116490890,77,11110100001100000010101011100001101000000001000011000111000011100001011100011,116473642,0,0.079051,0.800000
116490891,75,111101110000001010101110000110100000000100010110111100011100101001101011111,116488550,0,0.040000,0.800000
116490892,81,011110100010001100000010101011100001101000000101100110010111110011100111111110011,116486652,0,0.033333,0.500000
116490893,74,11010011000001010101111000110100000000100001001011111001110010101000001100,116468456,0,0.066667,1.000000
116490894,81,011110100010001100000010101011100001101000000101100110010111110011100111111110011,116481602,0,0.046667,0.700000
116490895,73,1001001100000010101011100001101000000001100010010111110101110010001110110,116468456,0,0.066667,1.000000
116490896,86,01110111101000000100001010101110000110100000000110111101001010101100011001110001111100,116468456,0,0.066667,1.000000
116490897,76,0110100001100000010101011100001101000000001000011010111100011100001001100011,116468456,0,0.066667,1.000000
116490898,73,1001010011000000010101110000110100000000100001101011110001110000100110001,116501527,0,0.053333,0.800000
116490899,74,11010011000001010101111000110100000000100001001011111001110010101000001100,116481602,0,0.046667,0.700000
116490901,81,011110100010001100000010101011100001101000000101100110010111110011100111111110011,116468456,0,0.066667,1.000000
116490903,80,01111010001001110000001010101110000110100000000110011001011111001010011111111001,116486636,0,0.026667,0.400000
116490904,80,01111011001001111000011010101100000110110000000100011001011111000010011100111001,116481609,0,0.033333,0.500000
116490905,75,101010111000000101010111000011010000000010000101101110001110010100110001111,116486636,0,0.026667,0.400000
116490908,75,010110010000100000101010111000011010000000011000100101011100011001110111001,116485013,0,0.046667,1.000000
116490909,79,0100100110001001000010101011100001101000000001101110011011110100001111010010111,116492271,0,0.046667,0.700000
116490910,79,0011000010011000000101010111010011010000000010001011011010110101101000100110001,116495380,0,0.046667,0.700000
116490911,75,001101011101000010101011100001101010000001000011010110100011101001001100111,116481613,0,0.140000,0.700000
116490912,86,00110010000011111000000101010111010011010000000010001001111101011000011110110011100110,116501517,0,0.033333,0.500000
116490914,77,11010001000110100001010101110000110100000000100001001011111000110111000110001,116468460,0,0.066667,1.000000
116490915,84,100011010001000110100001010101110000110100000000110001001111111010000111100100101110,116468460,0,0.046667,0.700000
116490916,77,01011001000100000011010101110000110100000000110000010111100101100111111101010,116506690,0,0.040000,0.600000
116490917,75,101110111000000101010111000011010000000010000111101110001110010100111001111,116492269,0,0.046667,0.700000
116490918,81,011010101000110100001010101110000010100000100110001001110111010000111101000101110,116481613,0,0.120000,0.600000
116490919,79,0111100000001101000010101001100001101000000001110010011101101000011010010010111,116481613,0,0.140000,0.700000
116490921,81,010011001000110000010101011100001101000000001110000011111110100001110000010111011,116468460,0,0.066667,1.000000
116490922,75,001101011101000010101011100001101000000001000011010110100011101001001100111,116492269,0,0.046667,0.700000
116490924,76,1111101110000001010101110000110100000000100001010011110001110011100110001111,116468460,0,0.066667,1.000000
116490925,79,0110100010001101000010101011100001101000000001100010011111110100011100000010111,116492269,0,0.046667,0.700000
116490926,79,1100100101011000000101010111000011010000000011000110101111100011000100011100100,116481613,0,0.160000,0.800000
116490927,75,101010111000000101010111000011010000000010000101101110001110010100110001111,116492269,0,0.046667,0.700000
116490928,75,011011010100000010101011100001010000000011000000101111100011001101011100110,116468461,0,0.033333,1.000000
116490929,82,1010000101001100000101010111000011010000000010001001111101011000111100110011110101,116468462,0,0.050000,1.000000
116490930,74,11010011000001010101111000110100000000100001001011111001110010101000001100,116468462,0,0.050000,1.000000
116490931,74,11010011000001010101111000110100000000100001001011111001110010101000001100,116499999,0,0.028000,0.700000
116490932,79,0100100110001001000010101011100001101000000001100110011011110100001111010010111,116499999,0,0.032000,0.800000
116490933,77,10010010101000000101010111000011010100000010000100101111100011001100111100100,116468462,0,0.050000,1.000000
116490936,75,111010111000001010101111000110100000000100001001011111001110010101100001100,116470078,0,0.066667,1.000000
116490940,80,01101000100001010000101010111000011010000000011001001011111000000111100100101110,116473642,0,0.079051,0.800000
116490941,77,11110100001100000010101011100001101000000001000011010111000011100001011100011,116470078,0,0.066667,1.000000
116490942,80,01101000100001010000101010111000011010000000011001001011111000000111100100101110,116470078,0,0.066667,1.000000
116490943,79,1101100101011000000101010111000011010000000011000000101111100011001101011100110,116478448,0,0.028000,0.700000
116490944,81,100010100000001001000010101011101001101000000001110010011111110000001110010010111,116490329,0,0.046667,0.700000
116490947,77,10010010101000000101010111000011010100000010000100101111100011001100111100100,116470078,0,0.066667,1.000000
116490948,72,011010111010000101010111000011010000000010000110101010001110100100110011,116470078,0,0.066667,1.000000
116490949,80,10101100100001000000101010111000011010000000010000100101011100011001110011100110,116470079,0,0.040000,1.000000
116490951,79,1101100101011000000101010111000011010000000011000000101111100011001101011100110,116494068,0,0.100000,1.000000
116490952,82,0011010001000110100001010101110000110100000000110101001111111010000111000001011101,116470079,0,0.100000,1.000000
116490953,75,101100110011000000101010111000011010000001010000100101110100010111000111011,116496902,0,0.140000,0.700000
116490954,75,101100110011000000101010111000011010000001010000100101110100010111000111011,116496902,0,0.140000,0.700000
116490955,80,01101000100001000001010101110000110100000000111000001111111010000111000001011101,116470081,0,0.100000,1.000000
116490956,80,01111000100011010000101010111000011010000100011100100111011010000110100100101111,116470083,0,0.100000,1.000000
116490957,76,1110110001100000010101011100001101000000001000011010111000011100001011100011,116490325,0,0.053333,0.800000
116490958,78,111101100101111100000101101100000110100000000100011001011111000110011100111001,116470084,0,0.200000,1.000000
116490959,79,0110100010001101000010101011100001100000000011000100111111101000011100000010111,116470084,0,0.200000,1.000000
116490960,76,1110110001100000010101011100001101000000001000011010111000011100001011100011,116470084,0,0.200000,1.000000
116490961,78,111101100101111100000101101100000110100000000100011001011111000110011100111001,116492283,0,0.100000,0.500000
116490962,80,01111010001000110000001010101110000110100000000100011001011111001110011111111001,116470084,0,0.200000,1.000000
116490963,79,1101100101011000000101010111000011010000000011000000101111100011001101011100110,116508493,0,0.120000,0.600000
116490964,75,110101111000001010101110010110100000000100001001011110001110010100110001111,116503249,0,0.070000,0.700000
116490965,70,0101011000000101010111000011010000000010000110101101000110010000110001,116492281,0,0.035000,0.700000
116490966,76,1110100001100000010101011100001101000000001000011010111000011100001011100111,116492281,0,0.035000,0.700000
116490967,81,011010001010110100001010101110000110100000000110001001110111110000111000000101110,116492281,0,0.035000,0.700000
116490968,82,1101110100010001101001010101011100001101000000001000100111011000000011100100000111,116470087,0,0.200000,1.000000
116490969,81,011010001010110100001010101110000110100000000110001001110111110000111000000101110,116492281,0,0.035000,0.700000
116490970,73,0011011110100001010101110000110100000000100001101011010001110100100110011,116492281,0,0.035000,0.700000
116490971,79,1010110010000100000010101011100001101000000001000010010101110001100111001110011,116508493,0,0.200000,0.600000
116490972,78,010011001000110100001010101110000110100000001100010010111110011000111001110011,116492281,0,0.030000,0.600000
116490973,70,1010111010000111010111000011010000000011000010101111010110010100111111,116490330,0,0.040000,0.600000
116490974,79,1011011001000110000001010101010000110100000000110101001011100000100111000111001,116492281,0,0.030000,0.600000
116490975,81,011010001000110101001010101110000110100000000110001001111111010000111000001101110,116492281,0,0.030000,0.600000
116490977,70,1010111010000111010111000011010000000011000010101111010110010100111111,116508493,0,0.120000,0.600000
116490978,78,111011001000110000001010101110000110100000000100001001001101000100111010111001,116492281,0,0.035000,0.700000
116490979,75,001101011101000010101011100001101000000001000011011110100011101001001100111,116470087,0,0.200000,1.000000
116490980,78,110110010101000001010101011100001101000000001100010111111110001010111101110010,116490330,0,0.040000,0.600000
116490981,79,0111100000001101000010101011100001111000000001110010011101101000011010010010111,116465088,0,0.050000,0.800000
116490982,78,110101100100001000000101010111000011010000000011000100101010000111011100111001,116465088,0,0.040000,1.000000
116490983,78,010110010001000000110101011100001101000000001100000101111001011001111111010100,116498414,0,0.026144,0.800000
116490984,75,101100100011000111010101110000110100000010100001001111101010100111000111001,116470088,0,0.050000,1.000000
116490985,74,01101011101000010101011100001101000000001100011010110100011101001001100011,116496911,0,0.200000,1.000000
116490986,80,01111000100011010000101010111000011010000100011100100111011010000110100100101111,116470088,0,0.050000,1.000000
116490989,79,0111100000001101000010101011100001111000000001110010011101101000011010010010111,116470088,0,0.050000,1.000000
116490990,79,1010110010000100000010101011100001101000000001000010010101110001100111011110011,116496911,0,0.200000,1.000000
116490991,83,01011010001000010100001010101110000111100000000110001001111111000100111000100101110,116465088,0,0.050000,0.800000
116490992,72,010100101100000010101011101001101000000001000011010101100011001010011101,116488561,0,0.060000,0.600000
116490993,72,010100101100000010101011101001101000000001000011010101100011001010011101,116498417,0,0.080000,0.800000
116490994,73,1111011100000010101011100001101000010001100010110111000111001010011000111,116470088,0,0.050000,1.000000
116490995,77,10101100100001000001010101110000110100000000110001001010111000110011101110010,116470088,0,0.050000,1.000000
116490996,77,11011001000110001101010101110000110100000010100001001111101010100111000111001,116470088,0,0.050000,1.000000
116490998,80,01101000100010000001010101110000110100000000111000011111111010000111000001011101,116508504,0,0.050000,1.000000
116490999,80,01111011001011111000001010101100000110100000000100011001011111000110011100111001,116478442,0,0.028000,0.700000
116491000,76,1111101110000001010101110000110100000000100001010011110001110011100110001111,116501525,0,0.040000,1.000000
116491007,72,011110111010000101010111100011010000000010000110011010001110100100110011,116490332,0,0.080000,0.800000
116491011,82,0111100010001101000010101011100001101000000001100010011111110100001111001001011101,116478442,0,0.032000,0.800000
116491015,80,01101000100011000001010111110000110100000000111000001111111010000111000001011101,116503247,0,0.053333,0.800000
116491016,75,110100001100000000101011100001101000000011000011010111100011100001001100011,116485000,0,0.070000,0.700000
116491018,79,1101011101110100001010101100001110100000000101001100011100010110010100110101100,116485000,0,0.070000,0.700000
116491019,79,1101011101110100001010101100001110100000000101001100011100010110010100110101100,116495381,0,0.070000,0.700000
116491020,88,0011001000001111110000010101011100001101000000001000100111110101000001111011001110011000,116495381,0,0.100000,1.000000
116491021,77,01111100101100000010101011100001101000000001100110010111110000100110000110010,116495381,0,0.100000,1.000000
116491022,81,101111000100001010000101010111000011010000000011100100111011010000110100000101111,116506692,0,0.070000,0.700000
116491023,76,1110100001100000010101011100001101000000001000011010111000011100001010100011,116488553,0,0.066667,1.000000
116491024,81,011010101000110100001010101110000110100000100110001001110111010000111101000101110,116470092,0,0.066667,1.000000
116491025,83,01011010000000110100001010101110000110100000000110001001111111000000011100100101110,116470092,0,0.066667,1.000000
116491026,82,0011010001000110100001010101110000110100000000110001001111111010000111100100101110,116470092,0,0.066667,1.000000
116491027,75,110100001100000000101011100001101000000011000011010111100011100001001100011,116470092,0,0.066667,1.000000
116491028,75,110100001100000010101011100001101000000001000011010011100011100001001110011,116503247,0,0.066667,1.000000
116491029,81,011010001000110100001010101110000110100000000110001001111111010000111000001011101,116485000,0,0.100000,1.000000
116491030,77,01011001100110000001010101110000110100000000100001001011101000101110001110110,116500002,0,0.040000,0.600000
116491031,81,101111000100001010000101010111000011010000000011100100111011010000110100000101111,116500002,0,0.040000,0.600000
116491032,80,01101000100011010000101010111000011010000000011001001011111000000111100100101110,116500002,0,0.040000,0.600000
116491033,77,01111100101100000010101011100001101000000001100110010111110000100110000110010,116495381,0,0.100000,1.000000
116491034,81,011010001000110100001010101110000110100000000110001001111111010000111100000101110,116506692,0,0.070000,0.700000
116491035,76,1110100001100000010101011100001101000000001000011010111000011100001010100011,116495381,0,0.100000,1.000000
116491036,76,1111101110000001010101110000110100000000100001011011110001110010100110101111,116470092,0,0.066667,1.000000
116491037,73,1101011100000101010111000011010000000010000100101111000111001000010000010,116488558,0,0.016000,0.400000
116491038,81,011010001000110100001010101110000110100000000110001001111111010000111100000111110,116488551,0,0.024000,0.600000
116491039,81,011010101000110100001010101110000110100000100110001001110111010000111101000101110,116496910,0,0.160000,0.800000
116491041,79,0011000010011000000101010111000011010000000010001011011010110101101001100111001,116492272,0,0.066667,1.000000
116491043,81,101111000100001010000101010111000011010000000011100100111011010000110100000101101,116492267,0,0.060000,0.600000
116491048,86,00110010010011111100100101010111000011010000000010001001111101011000011110110011100110,116486633,0,0.024000,0.600000
116491049,76,0110100001000000010101011100001101000000001000011010111100011100001001100011,116506697,0,0.066667,1.000000
116491052,76,0110100001000000010101011100001101000000001000011010111100011100001001100011,116488562,0,0.053333,0.800000
116491054,77,11010001010110100001010101110000110100000000100001001011111000110111000111001,116478446,0,0.100000,1.000000
116491055,77,11010001010110100001010101110000110100000000100001001011111000110111000111001,116506697,0,0.066667,1.000000
116491056,81,011010001000110101001010101110000110100000000110001001111111010000111000000101110,116478446,0,0.080000,0.800000
116491057,81,010010011000100100001010101110000110100000000111001001111111010000111110100101110,116490334,0,0.053333,0.800000
116491059,80,01110100010001101000010100011100001101000000001100010011111110100001110010010111,116486633,0,0.020000,0.500000
116491063,77,01011001000010000001010101110000110100000000100001001010111000110011100111011,116503247,0,0.040000,1.000000
116491065,82,1101110000010001001000010101011100101111000000001000100111011000000011100100000111,116492285,0,0.046667,0.700000
116491066,80,01111011001001111000011010101100010110110000000100011001011111000010011100111001,116468462,0,0.025000,0.500000
116491067,72,110101110100001010101110000110100000000110000101001110001100111001111010,116486649,0,0.017143,0.600000
116491068,72,110101110100001010101110000110100000000110000101001110001100111001111010,116503252,0,0.053333,0.800000
116491069,74,10101001100000010101011100001101000000001000011010111100011100001001100011,116486641,0,0.017143,0.800000
116491070,78,011111001011000000101000111000011010000000010001100101111100001001100001100100,116471684,0,0.053333,0.800000
116491071,74,10101001100000010101011100001101000000001000011010111100011100001001100011,116486649,0,0.017143,0.600000
116491072,82,0110101010001101000010101011100001101000100001100100111110101000111110010010111110,116471685,0,0.066667,1.000000
116491075,72,011110111010000101010111100011010000000010000110011010011110100100110011,116501526,0,0.140000,0.700000
116491082,81,001110100010001101000010101011100001101000000001100010011111110100001110010010111,116498406,0,0.080000,0.800000
116491083,80,01110100010001101000010101011100001101000000001100010011111110100001110010010111,116461655,0,0.100000,1.000000
116491085,76,1000110010000100000101010111000011010000000011000100101011100011001110111001,116498406,0,0.080000,0.800000
116491086,80,01110100010001101000010101011100001101000000001100010011111110100001110010010111,116486636,0,0.026667,0.400000
116491088,82,0110100010101101000010101011100001101000000001100110011111110100001111000001001100,116481609,0,0.040000,0.600000
116491089,75,111101110000001010100110000110100000000100001011011110001110011100110101111,116471689,0,0.200000,1.000000
116491091,82,1101110000010001001000010101011100101101000000001000100111011000000011100100000111,116495377,0,0.053333,0.800000
116491092,79,0011000010011000100101010111000011010000000010001011011010110101101001100111001,116495377,0,0.053333,0.800000
116491096,75,101100110011000000101010111000011010000000010000100101110100010111100111111,116495376,0,0.120000,0.600000
116491104,81,011010001000110101001010101110000110100000000110001001111111010000111000000101110,116471693,0,0.053333,0.800000
116491112,81,011010101000110100001010101110000110100000100110001001110111010000111101000101110,116494068,0,0.080000,0.800000
116491113,72,011010111010000101010111000011010000000010000110101010001110100100110011,116476972,0,0.100000,1.000000
116491118,79,1101100100011000000101010111000011010010000011000100111111100010001100011000111,116470079,0,0.080000,0.800000
116491122,81,011010001000111100001011101110000111100000000110001001111111010000111100001011001,116494068,0,0.070000,0.700000
116491125,82,1001000001001100000010101011100001101000000001000100110111101001011010011001110011,116470079,0,0.040000,1.000000
116491126,81,100010100000001001000010101011101001101000000001110010011111110100001110010010111,116494068,0,0.080000,0.800000
116491128,74,00111010111010001101010111000011010000000010100100101111101111011000110100,116470079,0,0.080000,0.800000
116491131,79,0110110010001100000010101011100001101000000001000010101111010001010111101010010,116496908,0,0.066667,1.000000
116491133,78,011001001010110000001000101110000110100000000110100001011111000110011000110010,116473635,0,0.066667,1.000000
116491134,77,11011001000110000001010101110000100100000000100001000011101001100101000111101,116492288,0,0.039293,0.800000
116491138,79,1010110010000100000010101011100001101000000001000010010101110001100111001110011,116506692,0,0.070000,0.700000
116491139,79,1101011101110100001010101100001110100000000101001100011100010110010100110101100,116500003,0,0.120000,0.600000
116491140,82,0011010101000110100011010101110000110100000000110101001111111010000111000001011101,116490318,0,0.053333,0.800000
116491141,79,0110101010001101000010101011100001101000100001100100111110011000111110010110111,116505117,0,0.053333,0.700000
116491142,81,101110100010001101000010101001000001101000000001000010011011110100000110010010111,116508501,0,0.060000,0.600000
116491143,81,101110100010001101000010101001000001101000000001000010011011110100000110010010111,116506710,0,0.046667,0.700000
116491144,73,1101011101000010101011110001101000000001100001010011100011001110011110100,116473641,0,0.200000,1.000000
116491145,79,1011011001000110000001010101010000110100000000110101001011100000100111000111001,116494070,0,0.080000,0.800000
116491157,75,111010111000001010101111000110100000000100001001011111001110010101100001100,116481598,0,0.035000,0.700000
116491160,79,0011000010011000000101010111000011010000000010001011011010110101101000100111101,116500013,0,0.080000,1.000000
116491162,77,01011000000100000011010101110000110100000000110000010111100101100111111101010,116503237,0,0.035000,0.700000
116491163,79,0011000010011000000101010111000011010000000010001011011010110101101000100111101,116481598,0,0.040000,0.800000
116491164,77,01011000000100000011010101110000110100000000110000010111100101100111111101010,116498420,0,0.035000,0.700000
116491165,75,101110111000000101010111000011010000000000000101101110001110010100110001111,116492273,0,0.046667,0.700000
116491166,74,10101001100000010101011100001101000000001000011010111101011100001001100011,116483550,0,0.040000,0.800000
116491169,82,1100100000100110000001010101110000110100001000100010010011010110001101011100011001,116481604,0,0.080000,0.800000
116491171,82,0111100010001101000010101011100001101000000001100010011111110100001111001001011101,116505127,0,0.040000,0.400000
116491173,82,0110100010101101000010101011100001101000010001100110011111110100001111000001001100,116495376,0,0.100000,0.500000
116491174,77,11011001000110000001010101110000110100000100111001001011101000100111000111001,116481604,0,0.080000,0.800000
116491175,86,01110111101000000100001010101110000110100000000110111101001010101100011001110001111100,116485001,0,0.080000,0.400000
116491176,77,11110100001100000010101011100001101000000001000011010111000011100001011100011,116466865,0,0.040000,0.800000
116491177,82,0011010001000110100001010101110000110100000000110001001111111010000111100100101110,116488554,0,0.080000,0.800000
116491180,80,01111010001001110000001010101110000110110000000110011101011111001110011111110101,116492273,0,0.046667,0.700000
116491183,87,100110010000011111100000101010111000011010000000010001001111101011000011110110011100110,116496909,0,0.030000,0.600000
116491184,74,11110111000000101010111000011010000000010000101101110001110010100110001111,116475180,0,0.200000,1.000000
116491185,79,0111100000001101000010101011100001111000000001110010011101101000011010010010111,116503234,0,0.070000,0.700000
116491187,75,110101001100000010101011100001101000000001000011010111101011100001001100011,116483541,0,0.053333,0.800000
116491190,75,110101001100000010101011100001101000000001000011010111101011100011001100011,116483541,0,0.053333,0.800000
116491191,75,101010011000000101010111000011010000000010000110101111000111000010011000111,116483541,0,0.053333,0.800000
116491196,82,0011010001000110100001010101110000110100000000110001001111111010000111100100101110,116496901,0,0.160000,0.800000
116491197,74,10101001100000010101011100001101000000001000011010111100011100001001100011,116498408,0,0.100000,1.000000
116491198,74,10101001100000010101011100001101000000001000011010111100011100001001100011,116471697,0,0.060000,0.600000
116491199,74,00011010111010001101010111000011010000000010100100101111101111011100110100,116490322,0,0.040000,0.800000
116491200,81,100101000100110000001010101110000110100000000100010011011010111100101001100111001,116471674,0,0.080000,0.800000
116491201,78,111011001000110000001010101110000110100000000100001001001101000100111000111001,116492272,0,0.066667,1.000000
116491202,75,101110111000000101000111000011010000000010000101101110001110010100110001111,116498408,0,0.080000,0.800000
116491212,75,101100100011000111010101110000110100000010100001001111101010100111000111001,116490323,0,0.040000,0.600000
116491213,73,1101011100000101010111100011010000000010000100101111100111001010110000110,116490322,0,0.040000,0.800000
116491214,74,11111011100000010101011100001101000000001000010110111000111001010011000111,116505128,0,0.040000,1.000000
116491215,80,10101100100001000000101010111000011010000000010000100101011100011000110011100111,116498411,0,0.160000,0.800000
116491216,86,00110010000011111000000101010111000011010000000010001001111101011000011110110011100110,116475188,0,0.053333,0.800000
116491217,77,11011001000110000001010101110010110100000000101001001011100000100011000011001,116490323,0,0.046667,0.700000
116491218,76,0011010111010000101010111000011010000000010000110101101000111010010011001110,116498411,0,0.160000,0.800000
116491219,79,1101100101011000000101010111000011010000000011000000101111100011101101011100110,116475188,0,0.053333,0.800000
116491220,75,101110111000000101000111000011010000000010000101101110001110010100110001111,116490323,0,0.046667,0.700000
116491223,77,10010010101000000101010111000011010100000010000100101111100011001100111100100,116503234,0,0.070000,0.700000
116491224,75,101010011010000101010111000011010000000010000110101111000111000010011000111,116476987,0,0.100000,1.000000
116491225,77,11101000011000000101010111000011010000000010000110101110000111000010111000110,116490326,0,0.053333,0.800000
116491227,82,1001000001001100000010101011100001101000000001000100110111101001011010011001110011,116490323,0,0.053333,0.800000
116491228,74,10101001100000010101011100001101000000001000011010111101011100001001101011,116499997,0,0.053333,0.800000
116491230,74,10101001100000010101011100001101000000001000011010111101011100001001101011,116459871,0,0.080000,0.800000
116491231,84,011001000001111110000010101011100001101000000001000100111110101000011110110011100110,116503235,0,0.053333,0.800000
116491232,73,1101011101000010101011110001101000000001100001010011100011001110011110100,116476976,0,0.050000,1.000000
116491233,74,11101000011000000101010111000011010000000010000110101110000111000001110001,116503235,0,0.053333,0.800000
116491235,79,1100100101011000000101010111000011010000000011000110101111100011000100011100100,116476976,0,0.050000,1.000000
116491236,74,10101001100000010100011100001101010000001000011010111100011100001001100011,116481610,0,0.050000,0.700000
116491244,79,1110110010001000000110101011100000001000000001100010010111110000100110001110010,116468462,0,0.030000,0.600000
116491245,81,011010001000110100001010101110000110100000000110001001111101010000111000000101111,116468462,0,0.040000,0.800000
116491247,79,1101001101011000000101010111000011010000000011100000101111100011001101011100110,116481611,0,0.066667,1.000000
116491248,80,10101100100001000000101010111000011010000000010000100101011100011001110011100111,116503236,0,0.100000,1.000000
116491249,74,11110111000000101010111000011010000000010001011011110001110010100110011111,116486633,0,0.024000,0.600000
116491250,75,101110111000000101010111000011010000000010000111101110001110010100111001111,116476984,0,0.050000,0.500000
116491251,81,110010000010111000001101010111000011010000000010001001111101011000110100110001101,116476984,0,0.100000,1.000000
116491253,75,110101010000100010010101011100001101000000001100110010011100001000110111011,116500008,0,0.140000,0.700000
116491254,78,011011001000110000101010101110000110110000000110101001011101000000111000111001,116490329,0,0.100000,0.600000
116491255,75,110101010000100010010101011100001101000000001100110010011100001000110111011,116500008,0,0.140000,0.700000
116491256,79,0111100000001101000010101011100001101000000001110010011101101000011010010010111,116483545,0,0.100000,1.000000
116491257,78,001111100010110010001010101110000110100000000110011001011111000011011000111001,116476985,0,0.100000,1.000000
116491258,82,1001000001001100000010101011100001101000000001000100110100101001011010011001110011,116492282,0,0.053333,0.800000
116491259,79,0100100110001001000010101011100001101000000001100110011111110100001111010010111,116503244,0,0.100000,1.000000
116491260,78,001011101010110000001010101110000110100000000010011001011110000010011000111001,116476985,0,0.100000,1.000000
116491261,78,110101100100001000000101010111000011010000000011000100101010000110011100111001,116483545,0,0.100000,1.000000
116491262,78,001111100010110010001010101110000110100000000110011001011111000011011000111001,116492282,0,0.046667,0.700000
116491263,79,0100100110001001000010101011100001101000000001101110011011110100101111010010111,116483545,0,0.100000,1.000000
116491264,81,001101010100011000001010101110000110100000000111000001111111010100111000001011101,116492280,0,0.066667,1.000000
116491266,86,00110000000011111100000101010111000011010000000010001001111101011000011110110011100110,116505126,0,0.053333,0.800000
116491267,80,01110100010001101000010101011100001101000000001100010011111110100001110010010111,116505126,0,0.053333,0.800000
116491268,75,001101010101000010101011110001101000000001000011010110100011001001001100111,116490317,0,0.046667,0.700000
116491269,85,0011001000001111110000010101011101001101000000001000100101101011000011010110011100111,116471687,0,0.040000,0.600000
116491270,83,01011010000000110100001010101110000110100000000110001001111111000000011100100101110,116471687,0,0.046667,0.700000
116491273,79,0011110000001101000010101011100001100000000001110010011101101000011010010010001,116478436,0,0.100000,1.000000
116491274,88,0011001000001111110000010101011100001101000000001000100111110101100001111011001110011000,116503238,0,0.046667,0.700000
116491275,82,0110110011001101000110101011100001101000000001110010011111111100001100000010111010,116478437,0,0.033333,1.000000
116491276,80,01101000100010000001010101110000110100000000111000001111111010000111000001011101,116492278,0,0.032000,0.800000
116491277,81,011010001000110100001010101110000110100000000110001001111111010000111100000101110,116480042,0,0.066667,1.000000
116491279,85,1110111010000001000010101011100001101000000001101111010110101011000110011100011111000,116478438,0,0.100000,1.000000
116491281,83,01011010001000010100001010101110000111100000000110001001111111100100111000100101110,116478439,0,0.100000,1.000000
116491282,75,001101011101000010101011100001101010000001000011010110100011101001001100111,116503241,0,0.028000,0.700000
116491284,70,1010111010000111010111000011010000000011000110101011010110010100111111,116490332,0,0.080000,0.800000
116491286,77,01010000101000000010101011100001101001000001100010010111110001100111011100101,116470086,0,0.028000,0.600000
116491288,79,0101100000001101000010101011100001101000000001110010011101101000011010010010111,116480044,0,0.060000,0.600000
116491289,75,101100110011000100101010111000011010000101010000100101110100010111000111011,116498416,0,0.060000,0.600000
116491290,82,0011010001000110110011010101110000110100000000110101001111111010000111000001011101,116490332,0,0.070000,0.700000
116491292,76,1110100001100000010101011100001101000000001000011010111000011100001011100111,116478450,0,0.016000,0.400000
116491293,83,10010010001000110111001010111110000110100000000111001001111111010000110000001011101,116478443,0,0.022222,1.000000
116491294,81,101111000001000110000001010101110000110100000000110011001011111001110011111111001,116478443,0,0.022222,1.000000
116491295,74,11101000011000000101010111000011010000000010000110101110000111000001110001,116478443,0,0.022222,1.000000
116491296,76,1010100110001001010101110000110100000000100001101011110001110000100110001111,116478443,0,0.022222,1.000000
116491297,81,011010001000110100001010101110000110100000000110001001111111010000111100000101110,116478443,0,0.022222,1.000000
116491298,81,101110100010101001000010101011000001101000000001010100111110000010011100110010110,116478443,0,0.022222,1.000000
116491299,71,11110110000001010101110000110100000000100001011011100011100101000100011,116478446,0,0.100000,1.000000
116491300,82,0111100010001101000010101011100001101000000001100010011111110100001110001001011101,116498418,0,0.080000,0.400000
116491301,79,0011000010011000000101010111000011010000000010001011011010110101101000100110001,116478447,0,0.200000,1.000000
116491302,68,01010011000000101010111000110100000000100001101011110001001011010100,116478448,0,0.000000,0.000000
116491304,76,1010110010000100000101010111000011010000000011000100101011100011001110111001,116490336,0,0.080000,0.800000
116491306,79,0101100010100000001000101110010110100000000110000101011111000110011101110001010,116488562,0,0.040000,0.600000
116491307,77,10101100100011000001010101110000110100000000110001001010111100110011100111001,116503236,0,0.100000,1.000000
116491308,77,01011001000100000011010101110000110100000000110000010011100101100111111101010,116481611,0,0.053333,0.800000
116491309,81,011010001010110100001010101110000110100000000110001001110111110000111000000101110,116503241,0,0.032000,0.800000
116491310,78,111001001010110000001010101110000110100000000110001010111110001100110001110010,116506708,0,0.040000,0.800000
116491311,82,1101110100010001001000010101011100001101000010001000100111011000000011110100000111,116481608,0,0.035000,0.700000
116491312,74,10101001000000010101011100001101000000001000011010111001011100001001100001,116463291,0,0.080000,0.700000
116491313,82,0100100110001001000010101011100001101000000001100010011111110100001111101001011101,116480036,0,0.066667,1.000000
116491314,82,1101110100010001001000010101011100001101000000001000100111011000000011100100000111,116480036,0,0.066667,1.000000
116491315,78,001011101010110000001010101110000110100000000010011001011110000010011000111001,116470078,0,0.046667,0.700000
116491316,75,000110101100100011010101110000110100000000101001001011111011110111001101001,116500000,0,0.060000,0.600000
116491317,76,1110100001100000010101011100001101000000001000011010111000011100001010100011,116496913,0,0.120000,0.600000
116491318,87,011101111010000001000010101111100001101000000001101111010110101001000110011100011111000,116496913,0,0.120000,0.600000
116491321,75,011101001100000010101011100001101000000001000011010111101011100001001101011,116480041,0,0.066667,1.000000
116491322,80,01101000100010000001010101110000110100000000111000011111111010000111000001011101,116505122,0,0.040000,0.600000
116491323,81,011010001000110100001010101010000110100000000110001001111111010000111100000101110,116478438,0,0.080000,0.800000
116491324,76,1110100001100000010101011100001101000000001000011010111000011100001011100111,116478438,0,0.100000,1.000000
116491326,73,1101011100000101010111000011010000000010000100101111000111001000010000010,116486639,0,0.066667,1.000000
116491327,82,0011010001000110100001010001110000110100000000110001001111111010000111100100101110,116480044,0,0.100000,1.000000
116491328,81,011110100010001100000010111011100001101000000001100110010111110011110111111110011,116481606,0,0.070000,0.700000
116491329,81,011110001000110100001010101110000110100000000110001001111110010000111100000101110,116480044,0,0.060000,0.600000
116491330,79,0010111010101100100010101011100101101000000001100110010111010000110110001110011,116480044,0,0.050000,0.500000
116491331,74,10101001100000010001011100001101000000001000011010111100011100001001100011,116495384,0,0.053333,0.800000
116491332,77,01111101110000001010101110010110100000000100001011011110001110010100110101111,116480042,0,0.053333,0.800000
116491333,81,010110100000001001000010101011100001101000000011000100110111100000001110010010111,116480042,0,0.053333,0.800000
116491336,81,010010011000100100001010101110000110100000000110001001111111010000111110100101110,116480047,0,0.040000,1.000000
116491337,72,110100101100000010101011101001101000000001000011010111100001001010011101,116480047,0,0.040000,1.000000
116491338,78,010110010001000000110101011100011101000000001100000101111000011001111111010100,116495385,0,0.120000,0.600000
116491339,81,010110101000001101000010101011100001101000100001100100111110011000111110010110111,116488551,0,0.020000,0.500000
116491342,82,1100100000100110000001010101110000111100001000100010011001010110001101011100011001,116492288,0,0.034381,0.700000
116491344,83,01011010000000110100001010101110000110100000000110001001101111000000011100100101110,116492267,0,0.080000,0.600000
116491348,82,1011010001000110100001010101110000110100000000110001001111110010000111100100101110,116485012,0,0.050000,1.000000
116491349,77,01011000101000000010111011100001101001000001101010010111110001100111011100001,116488543,0,0.060000,0.600000
116491351,86,01110111101000000100001010111110000110100000000110111101011010101100011001110001111100,116485012,0,0.040000,0.800000
116491352,71,11110110000001010101110000110100000001100001011011100011100111000100011,116488550,0,0.035000,0.700000
116491353,77,01011001000100000011010101110000110100000000110000010111100101100111111101010,116505117,0,0.070000,0.700000
116491354,82,0110101010001001000010101011100001101000100001101010011111010100011011001001011101,116501524,0,0.066667,1.000000
116491355,79,0100100110001001000011101011100001101000000001100110011011110100001111010010111,116495376,0,0.100000,0.500000
116491356,77,11101000011000000101010111000011010000000010000110101110000111000010111000110,116495376,0,0.120000,0.600000
116491357,70,1000111010000101010111000011010000000011000010101111000110011100111101,116495376,0,0.120000,0.600000
116491358,85,0011001000001111110000010101011100001101000000001000100101101011000011010110011100111,116501527,0,0.066667,1.000000
116491360,80,00100100110001001000010100011100011101000000001000100111111101000011111010010111,116501527,0,0.046667,0.700000
116491361,77,01011000101000000010101011100001101001000001101010010111110000100111011100001,116486636,0,0.026667,0.400000
116491362,76,0110110010001100000010101010100001101000000001101010010111000001001110001100,116495379,0,0.028000,0.700000
116491363,80,01110100000001101000010101011100001101000000001110010011111110100001110110110111,116495379,0,0.032000,0.800000
116491365,84,010110000010001000000101010111010011010000000010001000111111011000111100110011010101,116481607,0,0.066667,1.000000
116491366,75,101010011000000101010111000011010000000010000110101111000111000011111000111,116481607,0,0.066667,1.000000
116491367,77,10010010101000000101010111000010110100000010000100101111100011001100111100100,116506696,0,0.040000,0.600000
116491368,82,0100100110001001000010101011100001101000000001100010011111110100001111101001011101,116473636,0,0.053333,0.800000
116491369,77,10010010101000000101010111000010110100000010000100101111100011001100111100100,116481608,0,0.050000,1.000000
116491370,81,001110100010001101000010101011100001101000000001100010011111110100001110010010111,116503241,0,0.053333,0.800000
116491371,74,10101001000000010101011100001101000000001000011010111001011100001001100001,116481600,0,0.066667,1.000000
116491372,77,10101100100011000001010101110000110100000000110001001010111100110011100111001,116505117,0,0.080000,0.800000
116491373,74,10101001100000010101011100001101000000001000011010111101011100001001101011,116505127,0,0.040000,0.400000
116491374,77,11111011100000010101011100001101000001001000010110111100011100101001101011111,116501528,0,0.080000,0.800000
116491375,83,01101110100010001001000010101011100001101000000001000100111011000000011100100000111,116481610,0,0.050000,1.000000
116491376,73,1111011100000010101011100001101000000001000010110111000111001010011000111,116490334,0,0.053333,0.800000
116491377,81,010010011000100100001010101110000110100000000110001001111111010000111110100101110,116501525,0,0.040000,1.000000
116491378,83,11001000001011110000110101011100001101000000001000100110110101100011011011000110010,116503246,0,0.070000,0.700000
116491379,82,0110100011001101000110101011100011101000000001110010011111111100001100000010111010,116492269,0,0.046667,0.700000
116491380,74,10101001100100010101011100001101000000001000011010111100011100001101100011,116465089,0,0.120000,0.600000
116491381,79,1010110010000100000010101011100001101000000001000010010101110001100111011110011,116481617,0,0.100000,1.000000
116491382,80,01101000100001010000101010111000011010100000011001001011111000000111100100101110,116481617,0,0.100000,1.000000
116491383,79,1110100101011000000101010111000011010000000011000100101111100011000100011101100,116481617,0,0.100000,1.000000
116491387,70,1010111010000101011111000011010000000011001010101111100110011100101100,116481613,0,0.200000,1.000000
116491390,75,011101001100000010101011100001101000000001000011010111101011100001001101011,116481617,0,0.100000,1.000000
116491393,78,111110000000110100001010101110000110100000000111001001110110100001101101001011,116483539,0,0.080000,0.800000
116491397,73,1001001100000010101011100001101000000001100010010111110101110010001110110,116483540,0,0.050000,1.000000
116491398,75,101010011000000101010111000011010000000010000110101111000111000010011000111,116483540,0,0.050000,1.000000
116491399,79,1101000100011010000101010111000011000000000110001001111111010000111101000101110,116466864,0,0.080000,0.800000
116491400,73,1001001100000010101011100001101000000001100010010111110101110010001110110,116490321,0,0.032000,0.800000
116491402,81,011010001000110100001010101110000110000000000110001001111111010000111101000101110,116466864,0,0.100000,1.000000
116491403,81,011110100010001100000010101011100001101000000101100110010111110011100111111110011,116466864,0,0.070000,0.700000
116491404,86,00110010000011111100000101010111000011010000000010001001111101011000011110110011100110,116508497,0,0.053333,0.800000
116491405,86,00110010010011111100100101010111000011010000000010001001111101011000011110110011100110,116483541,0,0.046667,0.700000
116491406,80,01101000100011010000101010111000011010000000011001001111111000000111100100001110,116501520,0,0.053333,0.800000
116491407,78,001100100011000000101010111000011010110000010000100101011100011001110011100110,116475183,0,0.040000,0.600000
116491409,77,00010010101000000101010111000011010100000010000100101111100011001100111100100,116475183,0,0.046667,0.700000
116491410,79,0111100000001101000010101011100001101000000001110010011101101000011010010010111,116492273,0,0.053333,0.800000
116491413,76,1111101110000001010101110000110100000000100001011011110001110010100110011111,116475183,0,0.053333,0.800000
116491416,80,01101000100010100001010101110000110100000000111000001111111010000111000001011101,116490314,0,0.066667,1.000000
116491417,80,00100100110001001000011101011100001101000000001100110011011110100001111010010111,116471693,0,0.053333,0.800000
116491419,73,1101011100000101010111000011010000000010000100101111000111001000010000010,116485002,0,0.066667,1.000000
116491420,82,0100100110001001000010101011100001101000000001100010011110110100001111101001011100,116506698,0,0.070000,0.700000
116491421,83,11001000001011100000110101011100001101000000001000100111110101100011010011000110010,116483543,0,0.100000,1.000000
116491422,70,0101001100000010101011100001101000000001000011010111100010010110101001,116483543,0,0.100000,1.000000
116491423,82,0100100110001001000010101011100001101000000001100010011110110100001111101001011100,116488542,0,0.080000,0.800000
116491424,83,11001000001011100000110101011100001101000000001000100111110101100011010011000110010,116488542,0,0.070000,0.700000
116491425,82,0100100110001001000010101011100001101000000001100010011110110100001111101001011100,116483543,0,0.100000,1.000000
116491426,82,0110100011001101000110101011000001101000000001110010011111111100001100100010111010,116483543,0,0.100000,1.000000
116491427,82,0100100110001001000010101011100001101000000001100010011110110100001111101001011100,116483543,0,0.100000,1.000000
116491428,73,1101011100000101010111000011010000000010000100101111000111001000010000010,116483543,0,0.100000,1.000000
116491429,70,0101001100000010101011100001101000000001000011010111100010010110101001,116483543,0,0.100000,1.000000
116491430,77,11011001010110000001010101110000100100000000100001000011101001100101000111101,116483543,0,0.100000,1.000000
116491431,73,1101011100000101010111000011010000000010000100101111000111001000010000010,116488542,0,0.053333,0.800000
116491432,82,0110100011001101000110101011000001101000000001110010011111111100001100000010111010,116483543,0,0.100000,1.000000
116491433,77,11011001010110000001010101110000100100000000100001000011101001100101000111101,116488542,0,0.046667,0.700000
116491434,82,0110100011001101000110101011000001101000000001110010011111111100001100000010111010,116506698,0,0.060000,0.600000
116491435,79,1110100101011000000101010111000011010000000011000100101111100011000100011101100,116471693,0,0.066667,1.000000
116491436,86,00110010010011111100100101010111000011010000000010001001111101011000011110110011100110,116483545,0,0.100000,1.000000
116491437,85,0011001000001111110000010101011100001101000000001000100101101011000011010110011100111,116503244,0,0.100000,1.000000
116491438,81,011010001000100000010101011100001101000000001110000111111110100001110000010111010,116498408,0,0.100000,1.000000
116491439,74,10101001100000010101011100001101000000001000011010111100011001010011000101,116476985,0,0.080000,0.800000
116491440,82,1010000101001100000101010111000011010000000010001001111101011000111100110011110101,116483545,0,0.100000,1.000000
116491441,80,01111011001001111000011010101100000110110000000100011001011111000010011100111001,116483546,0,0.066667,1.000000
116491442,74,10001001010000010101011100001101000000001000011010111101011100001001100011,116490324,0,0.030000,0.600000
116491443,81,011010001000110100001010101110000110100000000110001001111111010000111000001011101,116471682,0,0.060000,0.600000
116491444,82,0110101010001000000010101011100001101000100001101010011111010100011011001001011101,116468450,0,0.039293,0.700000
116491445,81,011010001000110100001010101110000110100000000110001001111111010000111000001011101,116468450,0,0.160000,0.800000
116491446,76,1111101110000001010101110000110100000000100001010011110001110011100110001111,116478442,0,0.060000,0.800000
116491448,81,011010001000110100000010101110000110100000000110001001111111010000111000000101110,116490321,0,0.028000,0.700000
116491449,78,110111010001100000010101011100001101000000001100010101111110001000111101110010,116471700,0,0.050000,1.000000
116491450,81,011010001000110100001010101110000110100000000110001001111111010000111100000101110,116476973,0,0.040000,0.600000
116491451,75,111010111000001010101111000110100000000100001001011111001110010101100001100,116476973,0,0.040000,0.600000
116491452,80,01101000100011000001010101110000110100000000111000001111111010000011000001011101,116483549,0,0.200000,1.000000
116491453,80,01101000100011000001010101110000110100000000111000001111111010000011000001011101,116476972,0,0.040000,1.000000
116491454,80,01101000100011000001010101110000110100000000111000001111111010000011000001011101,116470093,0,0.040000,1.000000
116491455,75,001101011101000010101011100001101000000001000011010110100011101001001100111,116470093,0,0.040000,1.000000
116491456,72,011010111010000101010111000011010000000010000110101010001110100100110011,116488558,0,0.016000,0.400000
116491457,81,010111010001000100110001011101110000110110000000100010011101100001001110010000011,116483549,0,0.200000,1.000000
116491458,75,001101011101000010101011100001101000000001000011010110100011101001001100111,116470093,0,0.040000,1.000000
116491459,81,011010001000110100001010101110000110100000000110001001111111010000111100000101110,116508499,0,0.200000,1.000000
116491460,80,01101000100011000001010101110000110100000000111000001111111010000011000001011101,116470093,0,0.040000,1.000000
116491461,75,111010111000001010101111000110100000000100001001011111001110010111100001100,116476973,0,0.040000,0.600000
116491462,72,011010111010100101010111000011010000000010000110101010001110100100110011,116476972,0,0.046667,0.800000
116491463,81,010111010001000100110001011101110000110110000000100010011101100001001110010000011,116483549,0,0.120000,0.600000
116491464,81,010111010001000100110001011101110000110110000000100010011101100001001110010000011,116501533,0,0.026667,0.400000
116491465,74,00111010111010001101010111000011010000000010100100111011101111011100110110,116483550,0,0.050000,1.000000
116491471,74,10101001100100010101011100001101000000001000011010111100011100001111100011,116501531,0,0.050000,0.500000
116491473,74,01011001000010000010101011100001101000000001100010010101110001100111011100,116470086,0,0.035000,0.700000
116491474,83,01101000101011010000101010111000011010000000001001100111111101000011110000010111001,116481609,0,0.033333,0.500000
116491475,74,11101000011000000101010111000011010000000010000110101110000111000001110001,116486642,0,0.160000,0.800000
116491477,78,110101100100001000001010101110000110100000000110001001010111000110011100111001,116484999,0,0.050000,1.000000
116491478,80,01101000100011010000100010111000011010000001011001001011111000000111100100101110,116484999,0,0.050000,1.000000
116491479,78,011110110010011110000110101011000001101100000001000110010111110001001110011100,116485002,0,0.040000,0.600000
116491480,79,0110100010001101000000101011100001101000000011000100111111101000011100000010111,116485001,0,0.200000,1.000000
116491481,82,0010010001000110111001010111110000110100000000111001001111111000000110000001011101,116485001,0,0.160000,0.800000
116491483,81,011010001000110100001010101110000110100000000110001001111101000000111000000101111,116485001,0,0.200000,1.000000
116491484,81,011010001000110100001010101110000110100000000110001001111111010000111100000101110,116485001,0,0.200000,1.000000
116491485,75,101010011000000101010111000011010000000010000110101111000111000010011000111,116485001,0,0.200000,1.000000
116491486,80,01101000100011010000101010111000011010000000011000100111111010000111100100101110,116505127,0,0.040000,0.400000
116491488,82,0111100010001101000010101011100001101000000001100010011111110100001111001001011101,116505127,0,0.040000,0.400000
116491489,79,0110100010001101000000101011100001101000000011000100111111101000011100000010111,116505127,0,0.040000,0.400000
116491490,77,01111101110000001010101110010110100000000100001011011110001110010100110101111,116506699,0,0.053333,0.800000
116491491,74,10101001100000010001011100001101000000001000011010111100011100001001100011,116488542,0,0.070000,0.700000
116491492,78,001011101010110010001010101110000110100000000110011001011111000011011000111001,116484999,0,0.035000,0.700000
116491493,81,001111011001001111000001010101100000110100000000100011001011111000110011100111001,116473635,0,0.046667,0.700000
116491497,70,1010111010000101011111000011010000000011001010101111100110011100101100,116485003,0,0.050000,1.000000
116491498,70,1010111010000101011111000011010000000011001010101111100110011100101100,116473635,0,0.046667,0.700000
116491499,81,011010001000110100001010101110000110100000000110001001111101010000111100000101110,116485003,0,0.040000,0.800000
116491501,81,011010001000111100001011101110000111100000000110001001111111010000111100001011001,116480036,0,0.040000,0.600000
116491502,86,00110000000011111100000101010111000011010000000010001001111101011000011110110011100110,116490328,0,0.046667,0.700000
116491504,79,1101011100011100000101010111000011010000010011000000111111100011001100011000111,116485000,0,0.080000,0.800000
116491505,80,01111000100011010000101010111000011010000100011100100111011010000110100100101111,116505128,0,0.053333,0.800000
116491506,77,01001001100010100000101010111000011010000000001000100110111010000111101011011,116485000,0,0.080000,0.800000
116491507,74,10101001100000010101011100001101000000001000011110111101011100001001101011,116483548,0,0.060000,0.600000
116491508,84,010110000010001000000101010111000011110000000010001000111101011000111100110011010101,116485000,0,0.080000,0.800000
116491509,75,001100110011000000101010111000011010000000010000100101110100010111000111010,116485000,0,0.100000,1.000000
116491510,77,01001001100010100000101010111000011010000000001000100110111010000111101011011,116505128,0,0.053333,0.800000
116491511,75,101100110011000000101010111000011010000001010000100101110100010111000111011,116485000,0,0.080000,0.800000
116491513,73,1101011100000101010111100011010000000010000100101111100111001010110000110,116485007,0,0.200000,1.000000
116491514,76,1011110010110000001010101110000110100000001100110010111110000100110000110010,116485008,0,0.200000,1.000000
116491515,75,111101110000001010101110000110100000000100001001011110001110010100110001111,116486626,0,0.013333,0.600000
116491516,78,010011001000110100001010101110000110100000001100010010111100011000111001110011,116481608,0,0.035000,0.700000
116491517,88,0011001000001111110000010101011100001101000000001000100111110101100001111011001110011000,116478443,0,0.013333,0.600000
116491519,79,1110110010000110000010101011100001100000000011100010010101100001100111001110011,116508504,0,0.035000,0.700000
116491520,78,011011001000110000101010101110000110110000000110101001011101000000111000111001,116498410,0,0.050000,0.500000
116491521,77,10101100100011000001010101110000110100000000110001001010111100110011100111001,116475186,0,0.060000,0.600000
116491523,75,011101001100000010101011100001101000000001000011010111101011100001001101011,116486627,0,0.035000,0.700000
116491524,77,10101100100011000001010101110000110100000000110001001010111100110011100111001,116485013,0,0.046667,1.000000
116491525,88,0011001000001111110000010111011100101101000000001000100111110101101001110011001110011010,116490322,0,0.035000,0.700000
116491526,77,11011001100110000001010101110000110100000000100001001011101000101110001110110,116492267,0,0.060000,0.600000
116491527,82,0011010001000110100001010101110000110100000000110001001111111010000111100100101110,116485013,0,0.066667,1.000000
116491528,80,01110100010001101000010101011100001101000000001100010011111110100001110010010111,116465088,0,0.046382,1.000000
116491529,73,0111101110100001010101111000110100000000100001100110100011101001001100110,116492271,0,0.066667,0.600000
116491530,79,0111100000001101000010101011100001101000000001110010011101101000011010010010111,116486638,0,0.050000,1.000000
116491531,80,01110100010001101000010101011100001101000000001100010011111110100001110010010111,116486638,0,0.050000,1.000000
116491532,81,011010001000110100001010101110000110100000000110001001111111110000111000000101111,116492269,0,0.046667,0.700000
116491533,79,0111100000001101000010101011100001101000000001110010011101101000111010010010111,116486638,0,0.050000,1.000000
116491534,80,01110100010001101000010101011100001101000000001100010011111110100001110010010111,116508504,0,0.046382,1.000000
116491535,80,01101000100001010000101010111100011010000000011001001111111000000111100100001110,116492271,0,0.066667,0.600000
116491536,80,11100100101011000001101010111000011010000000011000100101111100011000100011100100,116486638,0,0.040000,0.800000
116491537,82,0011010001000110100001010101110000110100000000110001001111111010000111100100101110,116492269,0,0.046667,0.700000
116491538,79,0111100000001101000010101011100001101000000001110010011101101000111010010010111,116492271,0,0.066667,0.700000
116491539,81,101111000100011000001010101110000110100000000111000001111111010100111000001111101,116486638,0,0.050000,1.000000
116491540,80,01110100010001101000010101011100001101000000001100010011111110100001110010010111,116485013,0,0.066667,1.000000
116491541,83,01011010001001110100001010101110000110110000000110001001111111010000111100100101110,116486638,0,0.040000,0.800000
116491542,80,11100100101011000001101010111000011010000000011000100101111100011000100011000100,116492269,0,0.053333,0.800000
116491543,81,101111000100011000001010101110000110100000000111000001111111010100111000001111101,116492269,0,0.046667,0.700000
116491544,81,011010001000110100001010101110000110100000000110001001111111110000111000000101111,116492269,0,0.046667,0.700000
116491545,73,0111101110100001010101111000110100000000100001100110100011101001001100110,116485013,0,0.066667,1.000000
116491546,79,0111100000001101000010101011100001101000000001110010011101101000011010010010111,116492269,0,0.046667,0.700000
116491547,80,01101000100001010000101010111100011010000000011001001111111000000111100100001110,116486638,0,0.040000,0.800000
116491548,78,010001001010110000001010101110000110100000001100010010101110001000111001110001,116476987,0,0.080000,0.800000
116491549,78,010001001010110000001010101110000110100000001100010010101110001000111001110001,116492290,0,0.070000,0.700000
116491550,77,11010001000110100001010101110000110100000000100001001011111000110111000111001,116485016,0,0.200000,1.000000
116491551,74,11010111000001010101111000110100000000100001001011111001110010101100001100,116476971,0,0.080000,0.800000
116491552,79,0011000010011000000101010111000011010000000010001011011010110101101001100111001,116492290,0,0.080000,0.800000
116491553,78,010001001010110000001010101110000110100000001100010010101110001000111001110001,116485016,0,0.200000,1.000000
116491555,81,011010001000110100001010101110000110100000000110001001111111010000111000000101111,116485009,0,0.040000,0.400000
116491556,82,0111100010001101000010111011100001101000000001100010011111110100001111001001011101,116496909,0,0.030000,0.600000
116491557,78,001111100010110010001010101110000110100000000110011001011111000011011000111001,116478440,0,0.028000,0.700000
116491559,78,010011001000110100001010101110000110100000001100010010111110011000111001110011,116478440,0,0.028000,0.700000
116491560,79,0011000010011000000101010111000011010000000010001011011010110101101001100111001,116478440,0,0.032000,0.800000
116491561,80,01101000100010000001010101110000110100000000111000001111111010000111000001011101,116492276,0,0.032000,0.800000
116491562,74,10101001010000010101011100001101000000001000011010111101011100001001100011,116471700,0,0.050000,1.000000
116491564,80,11101110100001100000101010111000011000000000111000100101011000011001110011100111,116496909,0,0.025000,0.500000
116491565,74,10101001010000010101011100001101000000001000011010111101011100001001100011,116471700,0,0.050000,1.000000
116491566,82,0001010001000110100001010101110000110100000000110001001111111010000111100100101110,116471700,0,0.050000,1.000000
116491567,75,101010111000000101010111000011010000000010000101101110001110010100110001111,116498408,0,0.100000,1.000000
116491568,75,101010111000000101010111000011010000000010000101101110001110010100110001111,116485013,0,0.046667,1.000000
116491572,83,11001000001011110000110101011100001101000000001000100110110101100011011011000110010,116486627,0,0.050000,1.000000
116491573,78,111011001000110000001010101110000110100000000100001001001101000100111000111001,116486627,0,0.050000,1.000000
116491574,70,0100011000000101010111000011010000000010000110101101000110010000110001,116486627,0,0.050000,1.000000
116491575,78,010011001000110100001010101110000110100000001100010010111100011000111001110011,116483545,0,0.080000,0.800000
116491576,77,10101100100011000001010101110000110100000000110001001010111100110011100111001,116475175,0,0.200000,1.000000
116491578,75,101010111000000101010111000011010000000010000101101110001110010100110001111,116486627,0,0.050000,1.000000
116491579,79,0110100010001111000010111011100001111000000011000100111111101000011110000101100,116500001,0,0.060000,0.600000
116491583,75,101100110011000000101010111000011010000000000000100101110100010111100101011,116496900,0,0.053333,0.800000
116491584,77,11110100001100000010101011100001101000000001000011010111000011100001011100011,116486628,0,0.060000,0.600000
116491588,81,011010001000110100001010101110000110100000000110001001111111110000111000000101111,116503245,0,0.080000,0.800000
116491590,79,1101000110011010000101010111000011010000000011000100111111010000111000000101110,116488552,0,0.140000,0.700000
116491591,75,111010111000001010101111000110100000000100001001011111001110010101100001100,116486629,0,0.100000,1.000000
116491592,81,011010001000110100001010101110000110100000000110001001110111010000111000000101110,116488552,0,0.140000,0.700000
116491593,82,1101110100010001001000010101011100001101000010001000100111011000000011110100000111,116490324,0,0.025000,0.500000
116491594,74,10101001100000010101011100001101000000001000011010111100011100001001100011,116490324,0,0.030000,0.600000
116491595,82,1101110100010001001000010101011100001101000010001000100111011000000011110100000111,116486629,0,0.100000,1.000000
116491597,75,111010111000001010101111000110100000000100001001011111001110010101100001100,116486640,0,0.040000,0.400000
116491598,78,010011001000110000001010101110000110100000001100010010111110001000111001110011,116486629,0,0.100000,1.000000
116491599,79,0111100000001101000010101011100001101000000001110010011101101000011010010010111,116468463,0,0.060000,0.600000
116491600,81,011010001000110100001010101110000110100000000110001001111111010000111100000101110,116500012,0,0.080000,0.800000
116491602,75,111101110000001010101010000010100000000100001011011100001100011100100001111,116500012,0,0.060000,0.600000
116491604,72,010100101100000010101011101001101000010001000011010111100011001010011101,116486630,0,0.100000,1.000000
116491605,82,1001000001001100000010101011100001101000000001000100111110101001011010011001110011,116468457,0,0.160000,0.800000
116491608,82,1001000001001100000010101011100001101000000001000100111110101001011010011001110011,116500012,0,0.080000,0.800000
116491609,82,1101110000010001001000010101011100101101000000001000100111011000000011100100000111,116486630,0,0.100000,1.000000
116491610,79,0100100110001001000010100011100011101000000001000100111111101000011111010010111,116486630,0,0.100000,1.000000
116491611,76,0001101011101000011101011100001101000000001000011010110100011101001001100111,116500012,0,0.070000,0.700000
116491612,79,0011000010011000100101010111000011010000000010001011011010110101101001100111001,116500012,0,0.070000,0.700000
116491613,79,0111100000001101000010101011100001101000000001110010001101101000011010010010111,116500012,0,0.080000,0.800000
116491616,86,00110010010011111100100101010111000011010000000010001001111101011000011110110011100110,116476982,0,0.080000,0.800000
116491617,76,1111101110000001010101110000110100000000100001010011110001110011100110001111,116476982,0,0.100000,1.000000
116491618,79,0111100100001101000010101011100001101000000001110010011101101000011010010010111,116486633,0,0.024000,0.600000
116491619,77,11010001000110100001010101110000110100000000100001001011111000110111000111001,116500008,0,0.100000,0.800000
116491620,79,0101100101010000000101010111000001010001100011100100101111100011001110011111110,116486651,0,0.027473,0.600000
116491621,79,0110100010001101000010101011100001101010000011000100111111101000011110000010111,116503236,0,0.070000,0.700000
116491622,76,1110100001100000010101011100001101000000001000011010111000011100001001100011,116503236,0,0.100000,1.000000
116491623,79,0111100000001101000010101011100001101000000001110010111101101000011010010010111,116486633,0,0.040000,1.000000
116491624,74,11101000011000000101010111000011010000000010000110101110000111000001110001,116481611,0,0.066667,1.000000
116491625,82,1101110100010001001000010101011100001101000010001000100111011000000011110100000111,116506697,0,0.053333,0.800000
116491627,78,011011001000110000001010101110000110100000000110101001011101000100111000111001,116486633,0,0.040000,1.000000
116491628,77,11010001010110100001010101110000110100000000100001001011111000110111000111001,116486633,0,0.040000,1.000000
116491629,76,1110100001100000010101011100001101000000001000011010111000011000011011100011,116486640,0,0.040000,0.400000
116491630,84,111001000001011100000110101011100011101000000001000100111111101100011010011000110010,116486633,0,0.040000,1.000000
116491632,86,00110010010011111100100101010111000011010000000010001001111101011000011110110011100110,116500008,0,0.080000,0.700000
116491633,77,11010001000100100001010101110000110100010000100001001011111000110111000111001,116486633,0,0.020000,0.500000
116491634,79,1010110010000100000010101011100001101000000001000010010101110001100111010110011,116488552,0,0.140000,0.700000
116491635,82,0011010001000110000001010101110000110100000000110001001111111010000111100100101110,116503253,0,0.066667,1.000000
116491636,82,1101110100010001001000010101011100001101000000001000100111011000000011100100000111,116486634,0,0.040000,1.000000
116491637,72,110101110100001000101110000110100000001000011010110100011101001001100110,116498401,0,0.060000,0.600000
116491638,81,011010001000110100001010101110000110100000000110001001111111010000111100000101110,116503253,0,0.066667,1.000000
116491639,79,1011011001000110000001010101010000110100000000110101001011100000100111000111001,116486634,0,0.053333,0.700000
116491640,71,11110111000000101010111000011010000000010000101100100011100101001100011,116506702,0,0.053333,0.800000
116491641,75,111101111000001010101110010110100000000100001001011110001110010100110001111,116478441,0,0.053333,0.800000
116491642,79,1110100010001101000010101001100001101000000001000010010111110001101110001110011,116486634,0,0.040000,1.000000
116491643,74,01101011101001010101011100011101000000001000011010110100011101001000100111,116506702,0,0.040000,0.600000
116491644,72,011110111010100101010111100011010000000010000110011010001110100100110011,116506702,0,0.040000,0.600000
116491645,78,011011001000110000001010101010000111100000000110101001011100000100111000111001,116486634,0,0.040000,1.000000
116491646,81,011010001000110100001010101110000110100000000110001001111111010000111000000101110,116503253,0,0.066667,1.000000
116491647,75,111101111000001010101110010110100000000100001001011110001110010100110001111,116486634,0,0.053333,0.700000
116491648,83,01011010001000010100001010101110000111100000000110001001111111000100111000100101110,116503253,0,0.040000,0.800000
116491649,72,011110111010100101010111100011010000000010000110011010001110100100110011,116506702,0,0.040000,0.600000
116491650,81,011010001000110100001010101110000110100000000110001001111111010000111000001011101,116476984,0,0.050000,0.500000
116491651,81,011000001000010100001010101110000110100000000110001001111111010000111100000101110,116486635,0,0.033333,1.000000
116491652,79,0100100110001001000010101011100001101000000001100110011111110100001111010010111,116506703,0,0.026667,0.800000
116491653,78,001111100101100000010101011100001101000000001100110011111110000100110000110010,116468461,0,0.026667,0.800000
116491654,74,00111010111010001101010111000011010000000010100100101111101111011000110100,116506703,0,0.023333,0.700000
116491655,82,0011010001000110100001010101110000110100000000110001001111111010000111100100101110,116506703,0,0.026667,0.800000
116491656,83,01011010001000110100001010101110000110110000000110001001111111010000111100100101110,116486635,0,0.033333,1.000000
116491657,82,0010010001000110111001010111110000110100000000111001001111111010000110000001011101,116481600,0,0.040000,0.600000
116491658,73,1101011100000101010111100011010000000010000100101111100110010101100001100,116501527,0,0.053333,0.800000
116491659,78,110101100100001000000101010111000011010000000011000100101010000110011100111001,116486652,0,0.040000,0.600000
116491660,79,0011000010011000000101010111010011010000000010001011011010110101101000100110001,116481609,0,0.033333,0.500000
116491661,73,1111011100000010101011100001101000000001000010010111000111001010011000111,116481602,0,0.053333,0.800000
116491662,82,0010010001000110111001010111110000110100000000111001001111111010000110000001011101,116478435,0,0.026667,0.400000
116491663,78,010011001000110100001010101110000110100000001100010010111110011000111001110011,116498408,0,0.080000,0.800000
116491664,75,001101011101000010101011100001101000000001000011010110100011101001001100111,116483545,0,0.100000,1.000000
116491668,77,11111011100000010101011100001101000000001000010110111100011100101001101011111,116471693,0,0.066667,1.000000
116491669,77,01011001100110000001010101110000110100000000100001001011101000101110001110110,116501518,0,0.200000,1.000000
116491670,75,001101011101000010101011100001101000000001000011010110100011101001001100111,116471693,0,0.066667,1.000000
116491674,80,01111010001001110000001010101110000110100000000110011001011111001110011111111001,116498408,0,0.100000,1.000000
116491675,73,1111011100000010101011100001101000000001000010010111100011001010011000111,116483545,0,0.100000,1.000000
116491676,77,10101100100011000001010101110000110100000000110001001010111100110011100111001,116483545,0,0.100000,1.000000
116491677,74,11110111000000101010111000011010001000010001011011110001110010100010011111,116498408,0,0.080000,0.800000
116491678,78,111110111000010101010111000011010000000010000101101111000111001010011010111110,116466868,0,0.160000,0.800000
116491679,75,101101011101000010101011100001101000000001000011010110100011101001001100111,116500011,0,0.032000,0.800000
116491680,70,1010111010000111010111000011010000000011000010101111010110010100111111,116465088,0,0.037106,0.800000
116491681,82,0110100010101101000010101011100001101000000001100110011111110100001111000001001100,116486638,0,0.050000,1.000000
116491682,80,01101000100010000001010101110000110100000000111000001111111010000111000001011101,116471684,0,0.053333,0.800000
116491683,79,1110110010000110000010101011100001100000000011100010010101100001100111001110011,116465088,0,0.032468,0.700000
116491684,75,101101011101000010101011100001101000000001000011010110100011101001001100111,116492269,0,0.046667,0.700000
116491685,77,11111011100001010101011100001101000000001000010110111100011100101001101011111,116481615,0,0.050000,1.000000
116491686,70,0101011000000101010111000011010000000010000110101101000110010000110001,116481615,0,0.040000,0.800000
116491687,75,101101011101000010101011100001101000000001000011010110100011101001001100111,116468449,0,0.140000,0.700000
116491688,75,101101011101000010101011100001101000000001000011010110100011101001001100111,116508504,0,0.046382,1.000000
116491689,80,01101000100010000001010101110000110100000000111000001111111010000111000001011101,116492271,0,0.066667,0.700000
116491690,70,0101011000000101010111000011010000000010000110101101000110010000110001,116465088,0,0.046382,1.000000
116491691,80,01101000100010000001010101110000110100000000111000001111111010000111000001011101,116470088,0,0.046382,1.000000
116491692,82,0110100010101101000010101011100001101000000001100110011111110100001111000001001100,116485013,0,0.066667,1.000000
116491693,80,10101100100001000000101010111000011010000000010000100101011100011001110011100110,116486638,0,0.050000,1.000000
116491694,77,01001001100010100000101010111000011010000000001000100110111010000111101011011,116480044,0,0.050000,0.500000
116491696,80,01101000100011000000101010111000011010000100011000100111111100010001001011100010,116480039,0,0.023333,0.700000
116491697,88,0011001000001111110000010101011100001101000000001000100111110101100001111011001110011000,116486640,0,0.040000,0.400000
116491698,83,01011010000000110100001010101110000110100000000110001001111111000000011100100101110,116486629,0,0.080000,0.800000
116491699,83,11001000001011100000110101011100001101000000001000100110110101100011011011000110010,116486640,0,0.100000,1.000000
116491701,75,001101011101000010101011100001101000000001000011010110100011101001001100111,116486629,0,0.080000,0.800000
116491703,81,011010001000110100001010101110000110100000000110001001111111010000111000001011101,116498401,0,0.100000,1.000000
116491705,75,000110101110100011010101110000110100000000101001001011111011110111001101001,116500010,0,0.070000,0.700000
116491706,88,0011001000001111110000010101011100001101000000001000100111110101100001111011001110011000,116486629,0,0.080000,0.800000
116491707,81,011010001000110100001010101110000110100000000110001001111111010000111000001011101,116500010,0,0.080000,0.800000
116491708,79,1001001100010010000101010111000011010000000011100100111111101000011111010001110,116486640,0,0.100000,1.000000
116491709,82,0111100010001101000010111011100001101000000001100010011111110000001111001001011001,116498401,0,0.080000,0.800000
116491710,79,1101100101011000000101010111000011010000000011000000101111100011001101011100110,116500010,0,0.080000,0.800000
116491711,75,001101011101000010101011100001101000000001000011010110100011101001001100111,116486633,0,0.024000,0.600000
116491712,75,101100110011000000101010111000011010000000010000100101110100010111100101011,116500010,0,0.080000,0.800000
116491713,75,101010011000000101010111000011010000000010000110101111000111000011111000111,116488552,0,0.140000,0.700000
116491714,80,01110100010001101000010101011100001101000000001100010011111110100001110010010111,116500010,0,0.080000,0.800000
116491715,81,001101000110011010000101010111010011010000000110001001111111010000111010101010101,116466865,0,0.030000,0.600000
116491716,75,001101010101000010101011100001101000000001000011010110100011001001001100111,116486641,0,0.028571,1.000000
116491717,74,10101001100000010101111100001101000000001000011010111100011001010011000101,116508503,0,0.200000,0.700000
116491718,83,01011010000000110100001010101110000110100000000110001001111111000000111100100101110,116508503,0,0.160000,0.800000
116491719,88,0011001000001111110000010111011100101101000000001000100111110101101001110011001110011010,116486642,0,0.120000,0.600000
116491720,80,10110101000001101000010101011100001101000100001100100111110011000111110010110111,116486642,0,0.200000,1.000000
116491723,77,10110110010001100000010101010100001101000000001101010010111000000011100011100,116486644,0,0.100000,1.000000
116491725,75,101010011000000101010111000011010000000010000110101111000101000010011000111,116486644,0,0.100000,1.000000
116491726,80,11100100101011000000101010111000011010000000011000100101111100011000100011100100,116481614,0,0.100000,0.600000
116491727,79,1110110010000110000010101011100001100000000011100010010101100001100111001110011,116486644,0,0.100000,1.000000
116491730,82,1001000001001100000010101011100001101000000001000100110111101001011010001001110011,116495383,0,0.080000,0.800000
116491731,74,11110111001001101010111000011010000000010010101101111000010001100110001111,116495383,0,0.060000,0.600000
116491732,75,101010011000000101010111000011010000000010000110101111000101000010011000111,116488547,0,0.053333,0.800000
116491733,82,1001000001001100000010101011100001101000000001000100110111101001011010001001110011,116488547,0,0.053333,0.800000
116491734,82,1011000101011100000010101011100001101000000011001100111110101100011110011100110100,116473636,0,0.046667,0.700000
116491735,83,01111000100011010000101010111000011010000000011000100111111101000011110010010111010,116481595,0,0.053333,0.800000
116491736,82,0011010001000110100001010101110000110100000000110001001111111010000111100100101110,116481595,0,0.040000,0.800000
116491737,84,111011000101011100000010101011100011101001000001000100111110100100011110011001110010,116478453,0,0.028000,0.700000
116491738,88,0011001000001110110000010111011100101101000000001000100111110101101001110011001110011010,116506704,0,0.024000,0.600000
116491739,75,101010011000100101010111000011010000000010000110101111000111000010011000111,116486645,0,0.028000,0.700000
116491741,83,01111000100011010000101010111000011010000000011000100111111101000011110010010111010,116485015,0,0.026667,0.400000
116491742,77,01010000101000000010101011100001101001000001100010010111110001100111011100101,116470093,0,0.040000,0.800000
116491743,82,1011000101011100000010101011100001101000000011001100111110101100011110011100110100,116506694,0,0.053333,0.800000
116491745,82,1101110100010001001000010101011100001101000000001000100111011000000011100100100111,116488558,0,0.040000,0.400000
116491746,75,101010011000100101010111000011010000000010000110101111000111000010011000111,116478436,0,0.046667,0.800000
116491747,83,01111000100011010000101010111000011010000000011000100111111101000011110010010111010,116486645,0,0.040000,1.000000
116491748,72,110101110100001010101110000110100000000110000101001110001100111001111010,116478453,0,0.040000,1.000000
116491750,81,011110100010001100000010101011100001101000000001100110010111110011100111111110011,116483541,0,0.053333,0.800000
116491751,85,0011011000011111110000010101011100001101000000001000100111101011000011010110011100111,116508497,0,0.053333,0.800000
116491752,77,01010000101000000010101011100001101001000001100010010111110001100111011100001,116490313,0,0.066667,0.500000
116491754,81,011010001000110100001010101110000110100000000110001001111111010000111100000101110,116486647,0,0.066667,1.000000
116491755,80,10101100100001000000101010111000001010000000011000100101011100010001110011100110,116486647,0,0.053333,0.800000
116491756,77,01001001100010010000101010111000011010000000110111001101111010010111101001011,116483541,0,0.046667,0.700000
116491757,85,0011011000011111110000010101011100001101000000001000100111101011000011010110011100111,116483541,0,0.053333,0.800000
116491758,77,11111011100000010101011100001101000000001000010110111100011100101001101011111,116486647,0,0.066667,1.000000
116491759,77,11111011100000010101011100001101000000001000010110111100011100101001101011111,116486647,0,0.066667,1.000000
116491760,73,1111011100000010101111100001101000000001000010110111000111001010011000111,116478441,0,0.053333,0.800000
116491761,74,01111011100000010101011100001101000000001100010110111000111001010011000111,116483541,0,0.053333,0.800000
116491762,73,1111011100000010101011100001101000000001100010110111000111001010011000111,116508497,0,0.053333,0.800000
116491763,81,011010001000110100001010101110000110100000000110001001111111010000111100000101110,116508497,0,0.053333,0.800000
116491764,81,011110100010001100000010101011100001101000000001100110010111110011100111111110011,116486647,0,0.066667,1.000000
116491765,73,1111011100000010101011100001101000010001100010110111000111001010011000111,116490313,0,0.066667,0.500000
116491766,77,11111011100000010101011100001101000000001010010110111100011100101001101011111,116486648,0,0.100000,1.000000
116491767,76,1010110010000100000101010111000011010000000011000100101011100011001110111001,116506705,0,0.080000,0.800000
116491768,82,1101110000010001001000010101011100101101000000001000100111011000000011100100000111,116506705,0,0.070000,0.700000
116491769,82,1111000001000100000101010111000010010000000010001001111101011001111100110011110101,116486648,0,0.100000,1.000000
116491770,82,0100100110001001000010101011100001101000000001100010011110110100001111101001011100,116486648,0,0.100000,1.000000
116491771,82,0100100110001001000010101011100001101000000001100010011110110100001111101001011100,116506705,0,0.080000,0.800000
116491772,82,1101110000010001001000010101011100101101000000001000100111011000000011100100000111,116486648,0,0.100000,1.000000
116491773,81,011010101000110100001010101110000110100000100110001001110111010000111101000101110,116486648,0,0.100000,1.000000
116491774,79,1100100101011000000101010111000011010000100011000110101111100011000100011100100,116506705,0,0.070000,0.700000
116491775,80,10110101000001101000010101011100001001000100001100100111110011000111110010110111,116486648,0,0.100000,1.000000
116491776,81,011010101000110100001010101110000110100000100110001001110111010000111101000101110,116486648,0,0.100000,1.000000
116491777,79,0011000010011000000101010111000011010000000010001011011010110101101001100111001,116486648,0,0.100000,1.000000
116491778,79,0011000010011000000101010111010011010000000010001011011010110101101000100110001,116506705,0,0.070000,0.700000
116491779,76,1010110010000100000101010111000011010000000011000100101011100011001110111001,116486648,0,0.100000,1.000000
116491780,79,0011000010011000000101010111000011010000000010001011011010110101101001100111001,116486648,0,0.100000,1.000000
116491781,80,11001001010110000001010101110000110100001000110001101011111000110001000111001000,116486648,0,0.100000,1.000000
116491782,81,011010101000110100001010101110000110100000100110001001110111010000111101000101110,116486648,0,0.100000,1.000000
116491783,77,11111011100000010101011100001101000000001010010110111100011100101001101011111,116486648,0,0.100000,1.000000
116491784,82,0100100110001001000010101011100001101000000001100010011110110100001111101001011100,116486648,0,0.100000,1.000000
116491785,82,1111000001000100000101010111000010010000000010001001111101011001111100110011110101,116506705,0,0.070000,0.700000
116491786,84,011101111010000001000010101011100001101000000011011110101101010110001110111000111110,116470087,0,0.120000,0.600000
116491787,77,01001001100010100000101010111000011010000000001000100110111010000111101011011,116486649,0,0.028571,1.000000
116491788,77,01001001100010100000101010111000011010000000001000100110111010000111101011011,116486649,0,0.028571,1.000000
116491789,77,01111100101100000010101011100001101000000001100110010111110000100110000110010,116470087,0,0.120000,0.600000
116491790,77,01111100101100000010101011100001101000000001100110010111110000100110000110010,116498403,0,0.200000,1.000000
116491791,75,111101001100000010101011100001111000000001000011010111000011100011001100011,116471684,0,0.046667,0.700000
116491792,81,011010101000110100001010101110000110100000100110001001110111010000111101000101110,116492274,0,0.070000,0.700000
116491793,81,010010001000110100001010101110000110100000000110001001111111010000111100000101110,116496901,0,0.160000,0.800000
116491794,77,01111100101100000010101011100001101000000001100110010111110000100110000110010,116492274,0,0.080000,0.800000
116491795,77,01111100101100000010101011100001101000000001100110010111110000100110000110010,116492274,0,0.080000,0.800000
116491796,83,11001000001011110000110101011100001101000000001000100110110101100011011011000110010,116486650,0,0.100000,1.000000
116491798,80,01101000100011010000001010111000011110000000011001001111111000000111000100001110,116505120,0,0.030000,0.600000
116491799,81,011010001000110100001010101110000110100000000110001001111111010000111000000101111,116473643,0,0.080000,0.800000
116491800,81,011010001000110100001010101110000110100000000110001001111111010000111000000101111,116506706,0,0.070000,0.700000
116491802,78,011011001000110000101010101110000110110000000110101001011101000000111000111001,116498404,0,0.060000,0.600000
116491803,76,1011110010110000001010101110000110100000001100110010111110000100110000110010,116488541,0,0.100000,1.000000
116491804,83,11001000001011100000110101011100001101000000001010100111110101100011010011000110000,116488541,0,0.100000,1.000000
116491805,70,1000111010000101010111000011010000000011000010101111000110000100111101,116498404,0,0.080000,0.800000
116491806,81,010010011000100100001010101110000110100000000111101001111111010000111110100101110,116465105,0,0.080000,0.800000
116491807,79,0011100000001101000010101011100001100000000001110010011101101000011010010010101,116465105,0,0.100000,1.000000
116491808,79,0001011101010110010001010101110000110100000000110011001011111000011011000111001,116461673,0,0.100000,0.700000
116491809,77,11010001000110100001011101110000110100000000110001001011111000110111000111001,116461673,0,0.100000,0.700000
116491810,79,0111100000001101000010100111100001101000000001110010001101101000011011010010111,116498404,0,0.060000,0.600000
116491811,81,011010101000110100001010101110000110100000100110001001110111010000111101010101110,116483543,0,0.060000,0.600000
116491812,78,101011101000110000001110101111000110100000000110011001111110000100110001110010,116506698,0,0.060000,0.600000
116491813,76,0110110010001100000010101010100001101000000001101010010111000001001110001100,116488542,0,0.100000,1.000000
116491814,79,0100100110001001000010101011100001101000000001101110011011110100101111010010111,116506707,0,0.053333,0.800000
116491815,75,101100110011000000101010111000011010000000010000100101110100010111100111111,116488542,0,0.080000,0.800000
116491816,77,10101100100011000001010101110000110100000000110001001010111100110011100111001,116500002,0,0.040000,0.600000
116491818,77,11010001000110100001010101110000110100000000100001001011111000110111000110001,116492267,0,0.060000,0.600000
116491820,79,1110110010001100000010101011100001101000000001000010010011010001001110011110010,116492267,0,0.060000,0.600000
116491821,74,11101000011000000101010111000011010000000010000110101110000111000001110001,116468459,0,0.040000,0.600000
116491822,78,010010001010000000101010111001001010000000011000110101111100011001110111100100,116485012,0,0.035000,0.700000
116491823,79,0111100000001101000010101011100001101000000001110010011101101000011010010010111,116500006,0,0.200000,1.000000
116491824,80,01101000100001010100101010111000011010000000011001001011111000000111100100101110,116492267,0,0.070000,0.700000
116491825,78,010010001010000000101010111001001010000000011000110101111100011000110111100100,116488543,0,0.100000,1.000000
116491827,75,010110010000100000101010111000011010000000011000100101011100011001110111001,116500002,0,0.040000,0.600000
116491828,79,1101000110011010000101110111000011010000000011000100111111010000111000000101110,116492267,0,0.060000,0.600000
116491829,74,11101000011000000101010111000011010000000010000110101110000111000001110001,116492267,0,0.100000,0.600000
116491831,75,101010011000000101010111000011010000000010000110101111000111000011111000111,116496909,0,0.030000,0.600000
116491832,79,0110101010001101000010101011100001101000100001100100111110011000111110010110111,116471685,0,0.050000,0.800000
116491833,77,11010001000110100001010101110000110100000000100001001011111000110111000111001,116478448,0,0.028000,0.700000
116491834,84,111011000101011100000010101011100011101000000001000100111110100100011110011001110010,116471700,0,0.040000,0.800000
116491835,75,101010011000000101010111000011010000000010000110101111000111000011111000111,116478448,0,0.028000,0.700000
116491836,82,1101110100010001001000010101011100001101000000001000100111011000000011100100000111,116506708,0,0.080000,0.800000
116491837,82,0011010001000110100001010101110000110100000000110001001111111010000111100100101110,116486644,0,0.080000,0.800000
116491838,82,1101110000010001001000010101011100101101000000001000100111011000000011100100000111,116471687,0,0.040000,0.600000
116491839,77,01011001100110000001010101110000110100000000100001001011101000101110001110110,116505131,0,0.040000,0.800000
116491840,82,0110100010101101000010101011100001101000000001100110011111110110001111000001011100,116505131,0,0.040000,0.800000
116491841,77,01011001100110000001010101110000110100000000100001001011101000101110001110110,116488547,0,0.066667,1.000000
116491842,81,011010001000110100001010101110000110100000000110001001111111010000111000000101110,116481610,0,0.050000,1.000000
116491843,80,01101000100011000001010101110000110100000000111000001111111010100111000001011101,116476976,0,0.050000,0.800000
116491844,80,01101000100011000001010101110000110100000000111000001111111010100111000001011101,116488547,0,0.066667,1.000000
116491845,82,1101110100010001001000010101011100001101000010001000100111011000000011110100000111,116505133,0,0.040000,0.600000
116491846,82,0011010001000110100001010101110000110100000000110001001111111010000111100100101110,116481610,0,0.050000,1.000000
116491847,77,01011000101000000010111011100001101001000001101010010111110001100111011100001,116498411,0,0.070000,0.600000
116491848,77,01011000101000000010111011100001101001000001101010010111110001100111011100001,116481610,0,0.035000,0.700000
116491849,82,1101110100010001001000010101011100001101000010001000100111011000000011110100000111,116481614,0,0.070000,0.600000
116491850,77,11011001100110000001010101110000110100000000100001011011101000101110001110110,116505131,0,0.040000,0.800000
116491851,77,01011001100110000001010101110000110100000000100001001011101000101110001110110,116505131,0,0.040000,0.800000
116491852,80,01101000100011000001010101110000110100000000111000001111111010100111000001011101,116501528,0,0.100000,1.000000
116491853,80,01101000100011000001010101110000110100000000111000001111111010100111000001011101,116505133,0,0.046667,0.700000
116491854,81,011010001000110100001010101110000110100000000110001001111111010000111000000101110,116505131,0,0.040000,0.800000
116491855,77,11011001100110000001010101110000110100000000100001011011101000101110001110110,116498411,0,0.100000,0.800000
116491856,82,1101110100010001001000010101011100001101000010001000100111011000000011110100000111,116476976,0,0.040000,0.700000
116491857,82,1101110100010001001000010101011100001101000010001000100111011000000011110100000111,116505131,0,0.035000,0.700000
116491858,82,1101110000010001001000010101011100101101000000001000100111011000000011100100000111,116488547,0,0.066667,1.000000
116491859,80,01101000100011000001010101110000110100000000111000001111111010100111000001011101,116486644,0,0.080000,0.800000
116491860,80,01111011001011111000001010101100000110100000000100011001011111000110011100111001,116480043,0,0.080000,0.800000
116491861,75,101100110011000100101010111000011010000101110000100101110100010111000111011,116480043,0,0.060000,0.600000
116491862,78,111010010101100000010101011100001101000000001100010010111110001100100011101100,116488548,0,0.100000,1.000000
116491863,75,101100110011000100101010111000011010000101010000100101110100010111000111011,116496904,0,0.040000,0.600000
116491867,77,11011001000110000001010101110000100100000000100001000011101001100101000111101,116496902,0,0.140000,0.700000
116491871,76,0001101011101000010101011100001100000000001000011010110100010101000001100111,116496904,0,0.046667,0.700000
116491872,78,001111100010110010001010101110000110100000000110011001011111000011011000111001,116488549,0,0.200000,1.000000
116491873,80,01110100000001101000010101011100001101000000001110010011111111100001110110110111,116488549,0,0.160000,0.800000
116491874,79,0100100110001001000010101011100001101000000001100110011111110100001111010010111,116505132,0,0.080000,0.800000
116491875,81,011010001000110100001010101110000110100000000110001001111111010000011100000101110,116488549,0,0.200000,1.000000
116491876,79,0010110001010000000101010111000011010000000011000100101111100111001100111000101,116471685,0,0.066667,1.000000
116491877,81,010010011000100100001010101110000110100000000110001001111111010000111110100101110,116488549,0,0.200000,1.000000
116491878,86,00110010010011111100100101010111000011010000001010001001111100011000001110110011100110,116505132,0,0.060000,0.600000
116491879,81,010010011000100100001010101110000110100000000110001001111111010000111110100101110,116471685,0,0.066667,1.000000
116491880,86,00110010010011111100100101010111000011010000001010001001111100011000001110110011100110,116488549,0,0.200000,1.000000
116491881,75,111110111000001010101110000110100000000100001011011110001110010100110101111,116488549,0,0.200000,1.000000
116491882,77,01001001100010100000101010111000011010000000001000100110111010000111101011011,116468449,0,0.120000,0.600000
116491883,81,011010001010110100001010101110000110100000000110001001110111110000111000000101110,116476971,0,0.100000,1.000000
116491884,77,01001001100010100000101010111000011010000000001000100110111010000111101011011,116490326,0,0.046667,0.700000
116491885,81,010010011000100100001010101110000110100000000110001001111111010000111110100101110,116468449,0,0.140000,0.700000
116491886,81,110111011001000100100001011101110100110100000000100010011101100001001110010000011,116468449,0,0.120000,0.600000
116491887,75,001001011101000010101011100001101000000001000011010110100011101001101000111,116488551,0,0.040000,1.000000
116491888,75,010101001100000010101011100001101000000001000011010111101011100001001101011,116488556,0,0.040000,1.000000
116491889,74,10101001100000010101011100001101000000001000011010111101011100001001101011,116488556,0,0.040000,1.000000
116491890,81,011110100010001100000010101011100001101000000101100110010111110011100111111110011,116488556,0,0.040000,1.000000
116491891,79,0100100110001001000010101011100001101000000001100110011111110100001111010010111,116490320,0,0.040000,1.000000
116491892,73,1001010011000000010101110000110100000000100001101011110001110001100110001,116506709,0,0.024000,0.600000
116491893,82,0110101010001001000010101011100001101000100001101010011111010100011011001001011101,116488556,0,0.040000,1.000000
116491894,74,10101001100000010101011100001101000000001000011010111101011100001001100011,116483548,0,0.040000,0.600000
116491895,77,01011001000100000011010101110000110100000000110000010111100101100111111101010,116488556,0,0.040000,1.000000
116491896,74,10101001100000010101011100001101000000001000011010111101011100001001100011,116480038,0,0.040000,0.600000
116491897,75,101100110011000000101010111000011010000001010000100101110100010111000111011,116488557,0,0.066667,1.000000
116491898,77,11010001000110100001010101110000110100000000100001001011111000110111000111001,116488557,0,0.066667,1.000000
116491899,81,011010001000110100001010101110000110100000000110001001111111010000111100000101110,116503251,0,0.060000,0.600000
116491900,81,011010000000110100001010101111000110100000000110001001111111010000111000001011101,116496913,0,0.120000,0.600000
116491901,81,011010000000110100001010101111000110100000000110001001111111010000111000001011101,116496913,0,0.120000,0.600000
116491902,83,11001000001011110000110101010100001101000000001000100110110101100011011011000110010,116503251,0,0.060000,0.600000
116491903,82,0111100010001101000010101011100001101000000001100010011111110100001110001001011101,116496913,0,0.120000,0.600000
116491904,75,101110111000000101010111000011010000000010000101101110001110010100110001111,116496913,0,0.120000,0.600000
116491905,75,101110111000000101010111000011010000000010000101101110001110010100110001111,116496913,0,0.120000,0.600000
116491906,79,0100100110001001000011101011100001101000000001100110011011110100001111010010111,116503251,0,0.060000,0.600000
116491907,80,01101000100010000001010101110000110100000000111000001111111010000111000001011101,116503251,0,0.060000,0.600000
116491908,79,0100100110001001000011101011100001101000000001100110011011110100001111010010111,116488557,0,0.066667,1.000000
116491909,77,11010001000110100001010101110000110100000000100001001011111000110111000111001,116488557,0,0.066667,1.000000
116491910,77,11010001000110100001010101110000110100000000100001001011111000110111000110001,116496913,0,0.120000,0.600000
116491911,82,0111100010001101000010101011100001101000000001100010011111110100001110001001011101,116488557,0,0.040000,0.600000
116491912,81,011010001000110100001010101110000110100000000110001001111111010000111100000101110,116488557,0,0.066667,1.000000
116491913,75,101010111000000101010111000011010000000010000101101110001110010100110001111,116503251,0,0.060000,0.600000
116491914,75,101010111000000101010111000011010000000010000101101110001110010100110001111,116488557,0,0.066667,1.000000
116491915,78,110111010001100000010101011100001101000000001100010101111110001000111101110010,116488557,0,0.040000,0.600000
116491916,82,0111100010001101000010111011100001111000000001100010011111110000001111001001011001,116503251,0,0.050000,0.500000
116491917,82,0111100010001101000010111011100001111000000001100010011111110000001111001001011001,116488557,0,0.066667,1.000000
116491918,75,101100110011000000101010111000011010000001010000100101110100010111000111011,116488557,0,0.066667,1.000000
116491919,78,110111010001100000010101011100001101000000001100010101111110001000111101110010,116488557,0,0.066667,1.000000
116491920,81,010010011000100100001010101110000110100000000111101001111111010000111110100101110,116488558,0,0.040000,1.000000
116491921,87,010101111110000001000010101011100001101000100001101111011110101011000110011100011111001,116488558,0,0.040000,1.000000
116491922,79,0111100000001101000010101011100001111000000001110010011101101000011010010010111,116501533,0,0.026667,0.400000
116491923,79,0111100000001101000010101011100001111000000001110010011101101000011010010010111,116496908,0,0.040000,0.800000
116491924,81,011110001000110100001110101110000110100000000110001001111110010000111100000101100,116501533,0,0.033333,0.500000
116491925,80,01101000100011010000101010111000011010000000011000100111111010000111100100101110,116488558,0,0.040000,1.000000
116491926,77,11110000000010100001010101110000110100000000111000001110110100011010010010111,116501533,0,0.026667,0.400000
116491927,75,101110111000000101010011000011010000000010000101101110001110010100111001111,116488558,0,0.040000,1.000000
116491928,75,101010111000000101010111000011010000000010000101101110001110010100110001111,116501533,0,0.026667,0.400000
116491929,77,01110100001100000010101011100001101000000001000011010110000011100001011100011,116488558,0,0.040000,1.000000
116491930,73,1111011100000010101011100001101000000001000010110111000111001010011000111,116501533,0,0.026667,0.400000
116491931,75,101010111000000101010111000011010000000010000101101110001110010100110001111,116488558,0,0.040000,1.000000
116491932,80,01101000100011010000101010111000011010000000011000100111111010000111100100101110,116495382,0,0.046667,0.700000
116491933,81,011010001000110100001010101110000110100000000110001001111111110000111000000101111,116483549,0,0.200000,1.000000
116491934,72,110101110100001010101110000110100000000110000101001110001100111001111010,116488559,0,0.066667,1.000000
116491935,81,011010001000110100001010101110000110110000000110001001111111010000111100000101110,116488559,0,0.066667,1.000000
116491936,80,01111010001000110000001010101110000110100000000100011001011111001110011111111001,116488559,0,0.066667,1.000000
116491937,72,110101110100001010101110000110100000000110000101001110001100111001111010,116488559,0,0.066667,1.000000
116491938,80,01111010001000110000001010101110000110100000000100011001011111001110011111111001,116488559,0,0.066667,1.000000
116491939,78,011111001011000000101010111000011010000000010001100101111100001001100001100100,116503252,0,0.053333,0.800000
116491940,80,01111010001000110000001010101110000110100000000100011001011111001110011111111001,116488559,0,0.066667,1.000000
116491941,82,1101110100010001001001010101011100001101000000001000100111011000000011100100000111,116471684,0,0.046667,0.700000
116491942,82,1101110100010001001001010101011100001101000000001000100111011000000011100100000111,116503252,0,0.046667,0.700000
116491943,81,011010001000110100001010101110000110110000000110001001111111010000111100000101110,116486649,0,0.014286,0.500000
116491944,80,01111010001000110000001010101110000110100000000100011001011111001110011111111001,116503252,0,0.053333,0.800000
116491947,80,01001011101000110000001010101110000110100000000110011001011111000010011000011001,116488561,0,0.100000,1.000000
116491948,75,010101001100000010101011100001101000000001000011010111101011100001001101011,116465088,0,0.050000,1.000000
116491949,77,10010010101000000101010111000011010100000010100100101111100011001100111100100,116470088,0,0.040000,0.800000
116491950,78,111010000000110100001010101110000110100000001110010011111110100001110010010011,116488561,0,0.100000,1.000000
116491951,73,1010000010000001010101110000110100000000100001001011110011100001001100011,116488561,0,0.100000,1.000000
116491952,77,01001001100010100000101010111000011010000000001000100110111010000111101011011,116498414,0,0.060000,0.800000
116491953,74,01101011101000010101011100001101000000001000011010110100011101001001100011,116470088,0,0.050000,1.000000
116491954,75,010101001100000010101011100001101000000001000011010111101011100001001101011,116498417,0,0.100000,1.000000
116491955,80,01001011101000110000001010101110000110100000000110011001011111000010011000011001,116492287,0,0.060000,0.600000
116491956,82,0001010001000110100001010101110000110100000000110001001111111010000111100100101110,116498417,0,0.100000,1.000000
116491957,79,1101011100011000000101010111000011010000000011000000111111100011001100011000110,116498417,0,0.100000,1.000000
116491958,79,1101011100011000000101010111000011010000000011000000111111100011001100011000110,116490326,0,0.053333,0.800000
116491959,75,111010111000001010101111000110100000000100001001011111001110010101100001100,116486652,0,0.033333,0.500000
116491960,80,11101100101011000000101010101000011010000000011000000101111100011001101011100110,116490313,0,0.066667,1.000000
116491961,80,01111011001001111000001010101100000100100000000100011001011111000110011100111001,116486647,0,0.066667,0.700000
116491962,83,01001000001001100000010101011100011101000000001000110100110101101011010011001110110,116490313,0,0.066667,1.000000
116491963,83,11001000001011100000110101011100001101000000001000100111110101100011010011000110010,116486647,0,0.066667,0.800000
116491964,81,101111000100001010000101010111000011010000000011100100111011010000110100000101111,116486647,0,0.066667,1.000000
116491965,79,0111100000001101000010101011100001101000000001110010111101101000011010010010111,116490313,0,0.066667,1.000000
116491966,76,1111101110000001010101110000110000000000100001010011110001110011100110001111,116468456,0,0.046667,0.700000
116491968,80,01110100010001101000010101011100001111000000001110010011111110100001110010010111,116468456,0,0.046667,0.700000
116491970,76,1010110010000100000101010111000011010000000011000100101011100011001110111001,116475187,0,0.020000,0.600000
116491971,77,01011000101000000010111011100001101001000001101010010111110001100111011100001,116490313,0,0.066667,1.000000
116491972,75,110110000100000010101011100001101000000001000011011111100011000001001100001,116501524,0,0.053333,0.800000
116491974,85,0011011000011111110000010101011100001101000000001000100111101011000011010110011100111,116490317,0,0.053333,0.800000
116491976,77,11011001000110000001010101110000100100000000100001000011101001100101000111101,116490314,0,0.066667,1.000000
116491977,85,0011011000011111110000010101011100001101000000001000100111101011000011010110011100111,116490314,0,0.066667,1.000000
116491978,85,0011011000011111110000010101011100001101000000001000100111101011000011010110011100111,116490314,0,0.066667,1.000000
116491979,75,111101001100000010101011100001111000000001000011010111000011100011001100011,116506700,0,0.066667,0.800000
116491980,85,0011010111010110100001010101110000110100000000110001001111111010000111100100111110111,116468462,0,0.040000,0.800000
116491981,77,10010010101000000101010111000011010100000010000100101111100011001100111100100,116486651,0,0.036630,0.800000
116491982,76,0111101001100000010101011100001111000000001000011010111000011100011001100011,116468462,0,0.035000,0.700000
116491985,81,001101000110011010000101010111010011010000000110001001111111010000111010101010101,116499999,0,0.024000,0.600000
116491986,87,011101111010000001000010101011100001101000000001101111010110101011000110011100011111001,116505133,0,0.046667,0.700000
116491988,77,11001001010110000001000101110000110100000000110100001011111000110011000110010,116490315,0,0.100000,1.000000
116491989,80,11100100101011000000101010111000011010000000011000100101111100011000100011100100,116505133,0,0.046667,0.700000
116491991,81,100010100000001001000010101011101001101000000001110010011111110100001110010010111,116490315,0,0.100000,1.000000
116491992,75,001101011101000011101011100001101000000001000011010110100011101001001100111,116490315,0,0.100000,1.000000
116491993,86,01110111101000000100001010101110000110100000000110111101011010101100011001110001111100,116490315,0,0.100000,1.000000
116491994,74,11110011000000111010111000011010000001010010101101111000010001100110001111,116490315,0,0.100000,1.000000
116491995,80,11100100101011000000101010111000011010000000011000100101111100011000100011100100,116505133,0,0.046667,0.700000
116491998,86,01110111101000000100001010101110000110100000000110111101011010101100011001110001111100,116490315,0,0.100000,1.000000
116491999,81,011010001000110100001010101110000110100000000110001001111111010000111100000101110,116505133,0,0.046667,0.700000
116492004,80,01101000100011010000101010111000011010000000011001000011111000000111100100101110,116490315,0,0.100000,1.000000
116492005,76,1110100001100000010101011100001101000000001000011010111000011100001010100011,116501522,0,0.040000,1.000000
116492006,78,111001001010110000001010101110000110100000000110001010111110001100110001110010,116501522,0,0.040000,1.000000
116492007,74,10101001100000010101011100001101000000001000011010111100011100001001100011,116501522,0,0.040000,1.000000
116492009,75,010110010000100000101010111000011010000000011000100101011100011001110111001,116490316,0,0.040000,1.000000
116492010,74,11010111000001010101111000110100000000100001001011111001110010101100001100,116490316,0,0.040000,1.000000
116492011,82,0100100110001001000010101011100001101000000001100010001110110100001111101001011100,116490316,0,0.040000,1.000000
116492012,79,0001011000101000000010101011100001101000000001100010010111110011100111011100010,116490316,0,0.040000,1.000000
116492013,74,11010111000001010101111000110100000000100001001011111001110010101100001100,116486632,0,0.017500,0.700000
116492014,81,011010001010110100001010101110000110100000000110001001111111010000111100000101110,116490317,0,0.053333,0.800000
116492016,75,110100001100000010101011100001101000000001000011010011100011100001001100011,116485010,0,0.066667,1.000000
116492021,75,111101110000001010101010000010100000000100001011011100001100011100100001111,116473639,0,0.140000,0.700000
116492023,77,10010010101000000101010111000011010100000010000100101111100011001100111100100,116486630,0,0.070000,0.700000
116492024,80,01111010001001110000001010111110000110100000000110011001011111001110011111111001,116495377,0,0.053333,0.800000
116492025,76,0111110010110000011010101010000110000000000110011001011111000010011100011001,116495377,0,0.040000,0.600000
116492027,83,01011010001000010100001010101110000111100000000110001001111111000100111000100101110,116473639,0,0.160000,0.800000
116492030,81,011010001000110100001010101110000110101000000110001001111111010000111100000101110,116490318,0,0.053333,0.800000
116492031,88,0011001000001111110000010111011100101101000000001000100111110101101001110011001110011010,116500012,0,0.060000,0.600000
116492032,77,11011001000110000001010101110000100100000000100001000011101001100101000111101,116495377,0,0.053333,0.800000
116492035,75,011101001100000010101011100001101000000001000011010111101011100001001101011,116500012,0,0.080000,0.800000
116492036,70,1010111010000101010111000010010000000011000010101111000100011100111101,116475187,0,0.020000,0.600000
116492038,82,0011010001000110100011010101110000110100000000110101001111111010000111000001011101,116475187,0,0.023333,0.700000
116492039,74,10101001100000010101011100001101000000011000011010011100010100001001100011,116490319,0,0.100000,1.000000
116492040,74,01111100101100000010101010100001100000000011001100101111100001001100001100,116490319,0,0.100000,1.000000
116492041,78,110110010101100001010101011100001101000000001100010110111110001010111101110010,116488555,0,0.040000,0.600000
116492042,73,1101011100000101010111000011010000000010000100101111000111001000010000010,116490319,0,0.100000,1.000000
116492043,74,10101001000000010101011100001101000000001000011010111001011100001001100001,116475187,0,0.020000,0.600000
116492044,82,1001000001001100000010101011100001101000000001000100110111101001011000011001110011,116478441,0,0.066667,1.000000
116492045,79,1110110010001000000110101011100000001000000001100010010111110000100110001110010,116475187,0,0.020000,0.600000
116492047,80,01111011001001111000011010101100010110110000000100011001011111000010011100111001,116492278,0,0.020000,0.500000
116492048,80,10101100100001000000101010111000011010000000010000100101011100011001110011100111,116490319,0,0.100000,1.000000
116492049,84,101011010001001010100001010101110000111100000000110001001111111100100111000100101110,116488556,0,0.024000,0.600000
116492050,77,01001001100010100000101010111000011010000000001000100110111010000111101111010,116483548,0,0.040000,0.500000
116492051,77,00110010000100000010101011100001101011000001000010010101110001100111001110011,116483548,0,0.040000,0.500000
116492052,80,10101100100001000000101010111000011010000000010000100101011100011000110011100111,116483548,0,0.040000,0.600000
116492053,79,0111100000001101000010101011100001101000000001110010011101101000011010010010111,116490320,0,0.040000,1.000000
116492054,79,1101100101011000000101010111000011010000000011000000101111100011101101011100110,116490320,0,0.040000,1.000000
116492055,79,0111100000001101000010101011100001101000000001110010011101101000011010010010111,116480038,0,0.040000,0.600000
116492056,79,1101100101011000000101010111000011010000000011000000101111100011101101011100110,116486634,0,0.032000,0.800000
116492057,77,01011001100110000001010001110100110100000000100001001011101000101110001110110,116490320,0,0.040000,1.000000
116492058,75,001101011101000010101011100001101000000001000011011110100011101001001100111,116483548,0,0.040000,0.600000
116492059,79,0100100110001001000011101011100001101000000001100110011011110100001111000010111,116496905,0,0.040000,0.800000
116492060,78,110100010001101000010101011100001101000000001000010010111110001101110001100010,116490320,0,0.040000,1.000000
116492061,77,11010001000100100001010101110000110100010000100001001011111000110111000111001,116483548,0,0.040000,0.500000
116492062,77,01011001100110000001010001110100110100000000100001001011101000101110001110110,116490320,0,0.040000,1.000000
116492063,80,11000010001101000010101011100011101000000001100010011111110100001110000001011100,116490320,0,0.040000,1.000000
116492064,79,1101100101011000000101010111000011010000000011000000101111100011101101011100110,116490320,0,0.040000,1.000000
116492067,81,001110100010001101000010101011100001101000000001100010011111110100001110010010111,116483540,0,0.040000,0.800000
116492068,77,01011001100110000001010101110000110100000000100001001011101000101110001110110,116490321,0,0.040000,1.000000
116492069,70,1010111010000101011111000011010000000011001010101111100110011100101100,116508498,0,0.050000,0.500000
116492070,81,001110100010001101000010101011100001101000000001100010011111110100001110010010111,116478440,0,0.032000,0.800000
116492071,82,1001000001001100000010101011100001101000000001000100111110101000011010011001110011,116483548,0,0.060000,0.600000
116492072,83,11011000101011100000110101011100001101000000001001100111110101100011110011000110010,116505128,0,0.053333,0.800000
116492074,81,011010001000110100001010101110000110100000000110001001111111010000111100000101110,116490322,0,0.050000,1.000000
116492075,81,010110100000001101000010101011000011010000000011000100111111100000001110010010111,116481617,0,0.050000,0.500000
116492076,80,01101000100011000001010101110000110100000000111000001111111010000111000001011101,116492272,0,0.066667,1.000000
116492077,81,011010001000110100001010101110000110100000000110001001111101000000111000000101111,116481617,0,0.100000,1.000000
116492078,74,10101001100000010101011100001101000000001000011010111100011100001001100011,116492272,0,0.066667,1.000000
116492079,83,01011010001000110100001010101110000110100000000110001001111111000000111100100101110,116465088,0,0.050000,1.000000
116492081,75,101010011000000101010111000011010000000010000110101111000111000010011000111,116508504,0,0.050000,1.000000
116492082,82,0110101010001001000010101011100001101000100001101010011111010100011011001001011101,116471697,0,0.080000,0.600000
116492083,80,01111010001100110000001010111110000110100000000110011001011111001110011111111001,116471674,0,0.070000,0.700000
116492086,75,101100100011000111010101110000110100000010100001001011101010100111000111001,116471697,0,0.060000,0.600000
116492087,77,11010001000110100001010101110000110100000100100001001011111000110111000111001,116481617,0,0.080000,0.800000
116492088,83,11001000101011110000010101011100001101000000001000100110110101100011011011000110010,116503240,0,0.066667,0.800000
116492090,75,001101011101000010101111100001101000000001000011010110100011101001001100111,116503240,0,0.066667,0.700000
116492091,81,011010001000110100001010101110000110100000000110001001111111010000111100000101110,116498410,0,0.060000,0.600000
116492093,80,01101000100001000001010101110000110100000000111000001111111010000111000001011101,116490323,0,0.066667,1.000000
116492095,80,01001011101000110000001010101110000110100000000110011001011111000010011000011001,116490324,0,0.030000,0.600000
116492097,77,01110100001100000010101011100001101000000001000011010110000011100001011100011,116483546,0,0.053333,0.800000
116492099,76,1111101110000001010101110000110100000000100001010011110001110011100110001111,116468463,0,0.060000,0.600000
116492100,83,11001000001011110000110101011100001101000000001000100110110101100011011011000110010,116481606,0,0.070000,0.700000
116492101,81,101110100010101001000010101011000001101000000001010100111110000010011100110010110,116490324,0,0.050000,1.000000
116492102,80,01111011001001111000011010101100000110110000000100011001011111000010011100111001,116490324,0,0.050000,1.000000
116492103,73,0011010111010000101010111000011010000000010000110111101000111100100110011,116486629,0,0.080000,0.800000
116492105,75,101010011000000101010111000011010000000010000110101111000111000010011000111,116486629,0,0.080000,0.800000
116492108,82,0110101010001001000010101011100001101000100001101010011111010100011011001001011101,116486629,0,0.070000,0.700000
116492109,71,11110110000001010101110000110100000001100001011011100011100111000100011,116496904,0,0.046667,0.700000
116492111,79,1000110010000100000010101011100001101000010011000010010101110001100111001110011,116488562,0,0.040000,0.600000
116492114,77,01011001100110000001010101110100110100000000100001001011101000101110001110110,116490325,0,0.066667,1.000000
116492115,79,1111000010011010000101010111000011010000000011000100101111010000111100000101110,116470084,0,0.200000,1.000000
116492117,75,111101110000001010101110000110100100000100001111011110001110011100110011111,116490325,0,0.066667,1.000000
116492120,79,0011000010011000000101010111000011010000000010001011011010110101101000100110001,116500005,0,0.028571,1.000000
116492121,79,0100100110001001000010101011100001101000000001100110011111110100001111010010111,116500005,0,0.028571,1.000000
116492123,82,0110100011001101000110101011000001101000000001110010011111111100001100000010111010,116468455,0,0.030000,0.600000
116492124,79,0011000010011000000101010111000011010000000010001011011010110101101000100110001,116500005,0,0.028571,1.000000
116492126,75,111101110000001010101110000110100000000100001011011110001110011100110101111,116488550,0,0.040000,0.800000
116492127,76,1110100001100000010101011100001101000000001000011000111000011100001011100011,116473639,0,0.200000,1.000000
116492128,76,1110100001100000010101011100001101000000001000011010111000011000011011100011,116490326,0,0.066667,1.000000
116492129,79,0111100000001101000010101011100001101000000001110010011101101000011010010010111,116476971,0,0.100000,1.000000
116492130,83,10110100010001101000010101011100001101000000001100010011111110000001110000010111011,116488550,0,0.040000,0.800000
116492131,87,011101111010000001000010101111100001101000000001101111010110101001000110011100011111000,116476971,0,0.080000,0.800000
116492132,70,1010111010000111010111000011010000000011000011101111010110010100111111,116473639,0,0.160000,0.800000
116492133,75,111101110000001010101110000110100000000100010110111100011100101001101011111,116476987,0,0.100000,1.000000
116492134,70,1010111010000101011111000011010000000011001110101111100110011100101100,116492287,0,0.060000,0.600000
116492135,79,1101011100011000000101010111000011010000000011000000111111100011001100011000111,116490327,0,0.100000,1.000000
116492136,78,011101000100011000000101010111000011010000000011001100101111100111001111111100,116506699,0,0.100000,1.000000
116492137,75,101010011000000101010111000011010000000010000110101111000111000010011000111,116490327,0,0.100000,1.000000
116492138,79,1101011100011000000101010111000011010000000011000000111111100011001100011000111,116473636,0,0.032000,0.800000
116492139,77,11001001010110000001000101110000110100000000100001001011111000110011000010010,116490327,0,0.100000,1.000000
116492140,80,01111010001001110000001010101110000110110000000110011101011111001110011111111001,116506694,0,0.053333,0.800000
116492141,77,11001001010110000001000101110000110100000000100001001011111000110011000010010,116490327,0,0.100000,1.000000
116492142,81,001111011001001111000001010101100000110100000000100011001011111000110011100111001,116500001,0,0.070000,0.700000
116492143,77,11001001010110000001000101110000110100000000100001001011111000110011000010010,116490327,0,0.100000,1.000000
116492144,82,0111100010001101000010111001100001101000000001100010011111110100001111001001011101,116506699,0,0.100000,0.700000
116492145,79,1010110010000100100110101011100001101000000001000010010101110001100111001110011,116501517,0,0.040000,0.600000
116492146,79,0110100010001101000010101011100001101000000001100010011111110100011100000010111,116490328,0,0.066667,1.000000
116492147,77,11010001000110100001010101110000110100000000100001001011111000110111000110001,116495380,0,0.053333,0.800000
116492148,79,0111100000001101000010101011100001101000000001110010111101101000011010010010111,116468459,0,0.040000,0.600000
116492149,77,10101100100011000001010101110000110100000000110001001010111100110011100111001,116495380,0,0.053333,0.800000
116492150,79,0100100110001001000010101011100001101000000001100110011111110100001111010010111,116495380,0,0.053333,0.800000
116492151,75,101101110011000000101010111000011010000000010000100101110100010111100101011,116501517,0,0.040000,0.600000
116492152,82,1101110100010001001000010101011100001101000000001000100111011000000011100100000111,116490328,0,0.066667,1.000000
116492153,75,101101110011000000101010111000011010000000010000100101110100010111100101011,116485004,0,0.066667,1.000000
116492157,75,111101110000001010101110000110100100000100001111011110001110011100110011111,116490329,0,0.066667,1.000000
116492161,79,0100100110001001000010101011100001101000000001100110011111110100001111010010111,116506711,0,0.080000,0.800000
116492162,79,1110100101011000001101010111000011010000000011000100101111100011000100011101100,116506711,0,0.070000,0.700000
116492164,75,110101111000001010101110010110100000000100001001011110001110010100110001111,116492281,0,0.030000,0.600000
116492165,79,0111100000001101000010101011100001101000000001110010011101101000110010010010111,116470087,0,0.120000,0.600000
116492166,74,00111010111010001101010111000011010000000010100100101111101111011000110100,116470087,0,0.140000,0.700000
116492167,80,01110100010001101000010101011100001101000000001110010011111110100001110010010111,116503242,0,0.080000,0.800000
116492168,82,0110100011001101000110101011100011101000000001110010011111111100001100000010111010,116492281,0,0.030000,0.600000
116492169,82,0011010001001110100001010101110000110100000000110001001111111010000111000001011101,116490330,0,0.066667,1.000000
116492170,78,010001001010110000001010101110000110100000001100010010101110001000111001110001,116485010,0,0.053333,0.800000
116492171,78,101011101000110000001110101111000110100000000110011001111110100100110001110010,116490317,0,0.040000,0.600000
116492172,70,1000111010000101010111000011010000000011000010101111000110011100111101,116490331,0,0.066667,1.000000
116492174,81,011010001010110100001010101110000110100000000110001001110111110000111000000101110,116490317,0,0.053333,0.800000
116492175,78,110101100100001000000101010111000011010000000011000100101010000110011100111001,116508505,0,0.066667,1.000000
116492176,70,1000111010000101010111000011010000000011000010101111000110010100111101,116490317,0,0.066667,0.800000
116492177,79,0111100000001101000010101011100001111000000001110010011101101000011010010010111,116485010,0,0.066667,0.800000
116492179,80,01101000100010000001010101110000110101000000111000011111111010000111000001011101,116490331,0,0.066667,1.000000
116492182,80,01111000100011010000101010111000011010000100011100100111011010000110100100111111,116490317,0,0.046667,0.700000
116492183,77,10101100100001000001010101110000110100000000110001001010111000110011101110010,116485010,0,0.066667,1.000000
116492184,79,0111100000001101000010101011100001111000000001110010011101101000011010010010111,116490317,0,0.046667,0.700000
116492186,79,1101011101110100001010101100001110100000000101001100011100010110010100110101100,116503231,0,0.024000,0.600000
116492187,73,1101011100000101010111000011010000000010000100101111000111001000010000010,116506701,0,0.060000,0.600000
116492188,83,11001000001011110000110101011100001101000000001000100110110101100011011011000110010,116490332,0,0.100000,1.000000
116492189,79,1010110010000100100110101011100001101000000001000010010101110001100111001110011,116470086,0,0.024000,0.600000
116492190,74,11010011000001010101111000110100000000100001001011111001010010101100001100,116506701,0,0.060000,0.600000
116492191,75,101010011000000101010111000011010000000010000110100111000111000010011000111,116490332,0,0.100000,1.000000
116492192,80,01110100010001101000010101011100001111000000001110010011111110100001110010010111,116490332,0,0.100000,1.000000
116492193,77,11011001000110000001010101110000110100000100111001001011101000100111000111001,116490332,0,0.100000,1.000000
116492194,75,111010111000001010101111000110100000000100001001011111001110010101100001100,116490332,0,0.080000,0.800000
116492195,78,111010010101100000010101011100001101000000001100010010111110001100100011101100,116478450,0,0.016000,0.400000
116492196,79,0110100010001101000010101011100001101000000001100010011111110100011100000010111,116490332,0,0.100000,1.000000
116492197,81,001110001000110100001010101110000110100000000110001001111111110000111100000101110,116498416,0,0.080000,0.800000
116492198,74,11110111000000101010111000011010000000010000101001110001110011100110001111,116492275,0,0.032000,0.800000
116492199,79,0100100110001001000010101011100001101000000001100110011111110100001111010010111,116490332,0,0.100000,1.000000
116492200,82,1001000001001100000010101011100001101000000001000100110100101001011010011001110011,116503231,0,0.032000,0.800000
116492201,81,001010001000110100001010101110001110100000000110001001111111010000111110000101110,116488548,0,0.060000,0.600000
116492202,82,0111100010001101000010101011100001101000000001100010011111110100001111001001011101,116490332,0,0.100000,1.000000
116492203,77,11011001000110000001010101110001110100000000100001001011101000100111000111001,116490332,0,0.100000,1.000000
116492204,74,10101001100000010101011100001101000000001000011010111100011100001001100011,116490332,0,0.100000,1.000000
116492205,75,101110111000000101000111000011010000000010000101101110001110010100110001111,116503231,0,0.028000,0.700000
116492206,81,011010001000110100001010101110000110100000000110001001111111010000111100000101110,116490333,0,0.200000,1.000000
116492207,83,01011010000000110100001010101110000110100000000110001001111111000000011100100101110,116490333,0,0.200000,1.000000
116492208,77,01011001100110000001010101110000110100000000100001001011101000101110001110110,116490333,0,0.200000,1.000000
116492209,87,000110010010011111100100101010111000011010000000010001001111101011000011110110011100110,116490333,0,0.200000,1.000000
116492210,83,01011010000000110100001010101110000110100000000110001001111111000000011100100101110,116490333,0,0.200000,1.000000
116492211,83,10110100010001101000010111011100001101000100001100010011111110100001111000001011101,116490333,0,0.200000,1.000000
116492212,78,010011001000110000001010101110000110100000001100010000111110001000111001110011,116490333,0,0.200000,1.000000
116492214,75,111101110000001010101110000111100000000100001010011110001110011100110001111,116490333,0,0.200000,1.000000
116492215,88,0011001000001111110000010101011100001101000000001000100111110101100001111011001110011000,116478438,0,0.100000,1.000000
116492216,78,010011001000110000001010101110000110100000001100010000111110001000111001110011,116490333,0,0.200000,1.000000
116492217,77,00011001000100000011010101110000110100000000110000010111100101100111111111010,116490333,0,0.200000,1.000000
116492218,76,1110100010011010000101010111000011010000000011000100111111101000111001001011,116471689,0,0.160000,0.800000
116492219,73,1011001100110000001010101110000110100000010100001001011101000101110001101,116490333,0,0.200000,1.000000
116492220,81,011010101000110100001010101110000110100000100110001001110111010000111101000101110,116490333,0,0.200000,1.000000
116492222,82,0011010001000110100001010101110000110100000000110001001111111010000111100100101110,116488545,0,0.100000,1.000000
116492223,83,10111100010001101000010101011100001101000000001100010011111110100000111001001011101,116490333,0,0.200000,1.000000
116492226,76,0110100001000000010101011100001101000000001000011010111100011100001001100011,116490317,0,0.053333,0.800000
116492227,77,10010010101000000101010111000011010100000010000100101111100011001100111100100,116490334,0,0.066667,1.000000
116492228,75,101100110011000000101010111000011010000001010000100101110100110111000111011,116490334,0,0.066667,1.000000
116492229,81,010010011000100100001010101110000110100000000111001001111111010000111110100101110,116490334,0,0.066667,1.000000
116492230,86,00110010010011111100100101010111000011010000000010001001111101011000011110110011100110,116490334,0,0.066667,1.000000
116492231,75,101010011000000101010111000011010000000010000110101111000111000010011000111,116490335,0,0.120000,0.600000
116492232,73,1111011100000010101011100001101000000001100010110111000111001010011000111,116490335,0,0.200000,1.000000
116492233,75,101010011000000101010111000011010000000010000110101111000111000010011000111,116501534,0,0.040000,0.600000
116492234,75,101010111000000101010111000011010000000010000101101110001110010100110001111,116490335,0,0.200000,1.000000
116492235,75,101010011000000101010111000011010000000010000110101111000111000010011000111,116501534,0,0.040000,0.600000
116492236,74,00111010111010001101010111000011010000000010100100101111101111011000110100,116490335,0,0.200000,1.000000
116492237,73,1111011100000010101011100001101000000001100010110111000111001010011000111,116501534,0,0.040000,0.600000
116492238,79,1110100101011000000101010111000011010000000011000100101111100011000100011101100,116490335,0,0.200000,1.000000
116492239,80,11100100101011000001101010111000011010000000011000100101111100011000100011100100,116490335,0,0.200000,1.000000
116492240,75,001101011101000010101011100001101000000001000011010110100011101001001100111,116478439,0,0.040000,0.700000
116492241,73,1011010111010000101010111000011010000000010000110101010001110100100110011,116490335,0,0.200000,1.000000
116492242,77,01001000101000000010101011100101101000000001100011010111110001100011011110010,116501534,0,0.033333,0.500000
116492243,77,01011001100110000001010111110100110100000000100001001011101000101110001110110,116490335,0,0.200000,1.000000
116492244,81,011010001000111100001011101110000111100000000110001001111111010000111100001011001,116490335,0,0.200000,1.000000
116492247,81,110111010001000100100001011101110100110100000010100010011101100001001110010000011,116490336,0,0.100000,1.000000
116492249,85,1110111010000001000010101011100001101000000001101111010110101011000110011100011111000,116508506,0,0.100000,0.800000
116492250,74,00111010111010001101010111000011010000000010100100111011101111011100110100,116508506,0,0.100000,0.700000
116492252,74,00111010111010001101010111000011010000000010100100111011101111011100110100,116490336,0,0.100000,1.000000
116492254,73,1110111000000101010111000011010000000010100101101111000101000010011001101,116508506,0,0.100000,0.800000
116492255,78,011111001011000000101010111000011010000000011000100101111100001001100001100100,116490336,0,0.100000,1.000000
116492256,81,011010001000110101001010101110000110100000000110001001111111010000111000000101110,116490336,0,0.100000,1.000000
116492257,79,0111100000001101000010101011100001101000000001110010011101101000011010010010111,116490336,0,0.100000,1.000000
116492258,81,011010001000111100001011101110000111100000000110001001111111010000111100001011001,116508506,0,0.100000,0.600000
116492259,76,1010110010000100000101010111000011010000000011000100101011100011001110111001,116490336,0,0.100000,1.000000
116492260,81,010111010001000100110001011101110000110110000000100010011101100001001110010000011,116490336,0,0.100000,1.000000
116492261,81,010010011000100100001010101110000110100000000111101001111111010000111110100101110,116490336,0,0.100000,1.000000
116492262,79,0111100000001101000010101011100001101000000001110010011101101000011010010010111,116490336,0,0.100000,1.000000
116492263,81,010010011000100100001010101110000110100000000111101001111111010000111110100101110,116503232,0,0.100000,0.800000
116492264,83,00110100110101101000010101011100000101000000001100010011111110100001111001001001101,116508506,0,0.100000,0.700000
116492265,81,011010001000110101001010101110000110100000000110001001111111010000111000000101110,116503232,0,0.100000,0.700000
116492266,81,110111010001000100100001011101110100110100000010100010011101100001001110010000011,116490336,0,0.100000,1.000000
116492294,71,01010111010000101010111000011010000000011000010101111000100011100111101,116501521,0,0.120000,0.600000
116492310,75,011011010100000010101011100001010000000011000000101111100011001101011100110,116492271,0,0.040000,0.500000
116492316,80,01101000100010000001010101110000110100000000111000001111111010000111000001011101,116492270,0,0.100000,0.600000
116492318,82,1000000001001000000000101011100001100000000001000100110111101001011010011001110011,116492270,0,0.050000,0.500000
116492320,81,011010001000110100001010101110000110100000000110001001111111010000111100000101110,116505132,0,0.080000,0.800000
116492321,80,01101000100010000001010101110000110100000000111000001111111010000111000001011101,116496907,0,0.100000,1.000000
116492325,82,1000000001001000000000101011100001100000001001000100110111101001011010011001110011,116488544,0,0.040000,0.600000
116492327,78,010110010001000000110101011100001101000000001100000101111000011001111111010100,116488549,0,0.140000,0.700000
116492353,78,001011101010110000001010101110000111100000000010011001011110000010011000111001,116478447,0,0.120000,0.600000
116492354,79,1011011001000110000001010101010000110100000000110101001011100000100111000111001,116486651,0,0.036630,0.800000
116492357,82,0011010001000110100001010101110000110100000000110101001111111010000111000001011101,116503243,0,0.120000,0.600000
116492358,79,1101000110011010000101010111000011010000000011000100111111010000111000000101110,116481614,0,0.060000,0.600000
116492363,82,0110101010001001000010101011100001101000100001101010011111010100011011001001011101,116495378,0,0.046667,0.700000
116492373,73,0011011111010001111010111000011010001000010000100111110011010111001100000,116486642,0,0.120000,0.600000
116492376,70,1000111010000101010111000011010000000011000010101111000110011100111101,116486626,0,0.013333,0.600000
116492377,83,10110100010001101000010111011100001101000100001100010011111110100001111000001011101,116492288,0,0.034381,0.700000
116492404,79,0011000010011000000101010111000011010000000010001011011010110101101000100111001,116468456,0,0.053333,0.800000
116492406,75,001101011101000010101011100001101000000001000011011110100011101001001100111,116503234,0,0.080000,0.800000
116492420,79,0111100000001101000010101011100001101000000001110010011101101000011010010010111,116475183,0,0.053333,0.800000
116492421,79,0100100110001001000010101011100001101000000001101110011011110100001111010010111,116486651,0,0.045788,1.000000
116492425,83,11011000101011100000110101011100001101000000001001100111110101100011110011000110010,116501513,0,0.040000,0.600000
116492437,78,010011001000110100001010101110000110100000001100010010111110011000111001110011,116500006,0,0.160000,0.800000
116492439,76,1111101110000001010100110000110100000000100001010011110001110011100110001111,116498402,0,0.035000,0.700000
116492440,79,0100100110001001000010101011100001101000000001101110011011110100101111010010111,116486651,0,0.045788,1.000000
116492443,74,00011010111010001101010111000011010000000010100100101111101111011100110100,116496900,0,0.053333,0.800000
116492445,82,0011010001000110100001010101110000110100000000110101001111111010000111000001011101,116500013,0,0.100000,1.000000
116492449,79,1101100101011000000101010111000011010000000011000000101111100011001101011100110,116483551,0,0.100000,0.800000
116492450,75,101010111000000101010111000011010000000010000101101110001110010100010001111,116484998,0,0.200000,1.000000
116492454,77,11011001000110000001010101110000110100000000100001000011101001100101000111101,116484998,0,0.200000,1.000000
116492458,82,1001000001001100000010101011100001101000000001000100111110101001011010011001110011,116500013,0,0.100000,1.000000
116492460,81,011010001000110100001010101110000110100000000110001001111111010000111100000101110,116484998,0,0.200000,1.000000
116492462,78,001111100101100000010101011100001101000000001100110011111110000100110000110010,116484998,0,0.200000,1.000000
116492473,72,110100101100000010101011101001101000000001000011010111100011001010011101,116498403,0,0.160000,0.800000
116492474,75,001101111101000010101011100001101100000001000011010110100010010010011001111,116496910,0,0.160000,0.800000
116492475,76,1011110010110000001010101110000110100000001100110010111110000100110000110010,116496910,0,0.160000,0.800000
116492484,74,10101001100000010100011100001101010000001000011010111100011100001001100011,116488552,0,0.120000,0.600000
116492486,77,01110100001100000010101011100001101000000001000011010110000011100001011100011,116490334,0,0.053333,0.800000
116492491,82,0110101010001001000010101011100001101000100001101010011111010100011011001001011101,116499997,0,0.066667,1.000000
116492492,88,0011001000001111110000010111011100101101000000001000100111110101101001110011001110011010,116459871,0,0.100000,1.000000
116492493,76,1110100001100000010101011100001101000000001000011010111000011100001011100011,116499997,0,0.053333,0.800000
116492494,81,011010001000110101001010101110000110100000000110001001111111010000111000001101110,116459871,0,0.100000,1.000000
116492495,76,1011010111000001010101111000110100000000100001001011101001110010101100001100,116496912,0,0.040000,0.400000
116492496,80,01110100010001101000010101011100001111000000001110010011111110100001110010010111,116459872,0,0.066667,1.000000
116492497,86,01110111101000000100001010101110000110100000000110111101011010101100011001110001110100,116459872,0,0.066667,1.000000
116492504,79,0011000010011000000101010111010011010000000010001011011010110101101000100110001,116483546,0,0.046667,0.700000
116492511,82,0110100011001101000110101011100011101000000001110010011111111100001100000010111010,116498402,0,0.030000,0.600000
116492512,81,011010001000110101001010101110000110100000000110001001111111010000111000001101110,116483550,0,0.035000,0.700000
116492514,70,0101011000000101010111000011010000000010000110101101000110010000110001,116498406,0,0.080000,0.800000
116492515,74,10101001100000010101011100001101000000001000011010111100011100001111100011,116499998,0,0.100000,1.000000
116492516,76,1010110010000100000101010111000011010000000011000100101011100011001110111001,116503228,0,0.080000,0.800000
116492531,80,01001011101000110000001010101110000110100000000110011001011111000010011000011001,116470078,0,0.053333,0.800000
116492533,81,011010001000110101001010101110000110100000000110001001111111010000111000001101110,116470078,0,0.046667,0.700000
116492542,80,01001001100010010001101010111000011010000000011001100110111101000011010100101110,116461673,0,0.100000,1.000000
116492543,79,1101011100011000000101010111000011010000000011000000111111100011001100011000110,116488541,0,0.100000,0.800000
116492548,83,01011010000000110100001010101110000110100000000110001001111111000000011100100101110,116486650,0,0.070000,0.700000
116492549,75,010110010000100000101010111000011010000000011000100101011100011001110111001,116503229,0,0.080000,0.400000
116492550,72,011010111010000101010111000011010000000010000110101010001110100100110011,116463286,0,0.100000,1.000000
116492554,79,1101011101110100001010101100001110100000000101001100011100010110010100110101100,116492287,0,0.060000,0.600000
116492555,79,0110101010001101000010001011100001101000100001100100111110011000111110010110111,116508489,0,0.100000,0.600000
116492556,81,001010001000110100001010101110001110100000000110001001111111010000111110000101110,116498409,0,0.160000,0.800000
116492557,78,110100010001101000010101011100001101000000001000010010111110001101110001100011,116503239,0,0.080000,0.800000
116492559,82,0111100010001101000010101011100001101000000001100010011111110100001111001001010101,116461655,0,0.100000,1.000000
116492579,81,011010001000110100001010101110000110100000000110001001111101000000111000000101111,116473641,0,0.200000,1.000000
116492581,74,11010111000001010101111000110100000000100001001011111001110010101100001100,116481613,0,0.140000,0.700000
116492583,73,1111011100000010101011100001101000000001100010110111000111001010011000111,116492271,0,0.046667,0.700000
116492584,77,10101100100011000001010101010000110100000000110001001010111100110011100111001,116481613,0,0.140000,0.700000
116492585,77,01011001100110000001010101110000110100000000100001001011101000101110001110110,116465089,0,0.200000,1.000000
116492587,83,11001000001011100000110101011100001101000000001000100110110101100011011011000110010,116501529,0,0.070000,0.700000
116492588,77,01001000101000000010101011100100101000000001100011010111110001100011011110010,116465089,0,0.200000,1.000000
116492589,73,0101001011000000101010111010011010000000010000110101111000110010100111011,116465090,0,0.050000,1.000000
116492590,80,11110001000110100001010101010000110100000000110001001111111010000111001001011101,116503242,0,0.070000,0.700000
116492591,86,00110010010011111100100101010111000011010000000010001001111101011000011110110011100100,116496901,0,0.140000,0.700000
116492592,75,111101001100000010101011100001111000000001000011010111000011100011001100011,116465090,0,0.050000,1.000000
116492593,72,010100101100000010101011101001101000000001000011010111100011001010011101,116503242,0,0.070000,0.700000
116492594,79,1101100101011000000101010111000011010000000011000000101111100011001101011100110,116503246,0,0.080000,0.800000
116492595,80,10110110010001101010010101011100001101000000001100010010111110001001110001110010,116503242,0,0.070000,0.700000
116492596,79,1010110010000100000010101011100001101000000001000010010101110001100111011110011,116490322,0,0.050000,1.000000
116492598,74,00111010111010001101010111000011010000000010100100101111101111011000110100,116485008,0,0.120000,0.600000
116492602,81,011010001000110100001010101110000110100000000110001001111111010000111100000101110,116485002,0,0.066667,1.000000
116492604,88,0011001000001111110000010101011100001101000000001000100111110101100001111011001110011000,116465100,0,0.066667,1.000000
116492605,77,10101100100011000001010101110000110100000000110001001010111100110011100111001,116465100,0,0.066667,1.000000
116492606,82,0110100010101101000010101011100001101000000001100110011111110100001111000001001100,116505118,0,0.066667,0.700000
116492607,78,010010001010000000101010111001001010000000011000110101111100011000110111100100,116501523,0,0.030000,0.600000
116492608,83,11001000001011100000110101011100001101000000001000100111110101100011010011000110010,116492277,0,0.030000,0.600000
116492609,81,100101000100110000001010101110000110100000000100010011011010111100101001100111001,116505118,0,0.066667,0.700000
116492610,77,10101100100011000001010101110000110100000000110001001010111100110011100111001,116501523,0,0.040000,0.800000
116492611,78,010110010001000000110101011100001101000000001100000101111000011001111111010100,116503230,0,0.160000,0.800000
116492612,77,01011000101000000010101011100101101000000001100011010100110001100111011100010,116465100,0,0.066667,1.000000
116492613,78,011110110010111110000010101011000001101000000001000110010111110011001110011100,116486626,0,0.013333,0.600000
116492616,82,0100100110001001000010101011100001101000000001100010011110110100001111101001011100,116485009,0,0.050000,0.500000
116492617,82,0110101010001001000010101011100001101000100001101010011111010100011011001001011101,116490321,0,0.028000,0.700000
116492619,82,0110101010001001000010101011100001101000100001101010011111010100011011001001011101,116485009,0,0.040000,0.400000
116492622,78,011110110010111110000010101011000001101000000001000110010111110011001110011100,116471700,0,0.040000,0.800000
116492623,82,0110101010001001000010101011100001101000100001101010011111010100011011001001011101,116496909,0,0.030000,0.600000
116492624,74,00111010111010001101010111000011010000000010100100101111101111011000110100,116486626,0,0.015556,0.700000
116492631,78,011110110010111110000010101011000001101000000001000110010111110011001110011100,116480047,0,0.028000,0.700000
116492636,81,010010011000000100001010101110000110100000000111001001111111010000111110100101110,116508496,0,0.100000,1.000000
116492638,82,0110100010101101000010101011100001101000000001100110011111110100001111000001001100,116465102,0,0.100000,1.000000
116492639,75,010110010000100000101010111000011010000000011000100101011100011001110111001,116485002,0,0.066667,1.000000
116492667,86,00110010010011111100100101010111000011010000000010001001111101011000011110110011100110,116481609,0,0.040000,0.600000
116492668,78,110101100100001000001010101110000110100000000110001001010111000110011100111001,116465105,0,0.080000,0.800000
116492669,77,11010001000110100001010101110000110100000000100001001011111000110111000110001,116498404,0,0.080000,0.800000
116492670,76,1011111010110000001010101110000110100000001100110010111110000100110000110010,116498404,0,0.070000,0.700000
116492676,80,01111010001001110000001010101110000110100000000110011001011111001010011111111001,116488548,0,0.070000,0.700000
116492680,77,11011001000110000001010101110000110100000000100001000011101001100101000111101,116483539,0,0.080000,0.800000
116492681,74,10101001100000010101011100001101001000001000011010111101011100001001100011,116483548,0,0.050000,0.500000
116492682,80,01111010001001110000001010101110000110110000000110011101011111001110011111111001,116486628,0,0.050000,0.500000
116492683,81,011010001000110100001010101110000110100000000110001001111111010000011100000101110,116483540,0,0.040000,0.800000
116492684,79,1101011100011000000101010111000011010000010011000000111111100011001100011000111,116466864,0,0.100000,1.000000
116492685,74,10101001100000010101011100001101000000001000011010111101011100001001100011,116470081,0,0.080000,0.800000
116492686,74,10101001100000010101011100001101000000001000011010111101011100001001101011,116483540,0,0.040000,0.800000
116492687,74,10101001010000010101011100001101000000001000011010111101011100001001100011,116470081,0,0.080000,0.800000
116492688,80,01101000100010000001010101110000110100000000111000001111111010000111000001011101,116470081,0,0.080000,0.800000
116492689,81,011010001000110100001010101110000110100000000110001001111111010000111100000101110,116488544,0,0.066667,1.000000
116492690,77,11001001010110000001000101110000110100000000110100001011111000110011000110010,116486649,0,0.020000,0.500000
116492691,82,0110100010101101000010101011100001101000000001100110011111110100001111000001011100,116471684,0,0.053333,0.800000
116492692,81,011010001000110100001010101110000110100000000110001001111111010000111000000101110,116466868,0,0.200000,1.000000
116492693,80,01111010001001110000001010101110000010110000000110011101011111001110011111111101,116481615,0,0.030000,0.600000
116492694,75,011101001100000010101011100001101000000001000011010111101011100001001101011,116481615,0,0.040000,0.800000
116492695,86,00110010010011111100100101010111000011010000000010001001111101011000011110110011100110,116466868,0,0.200000,1.000000
116492696,72,011110111010000101010110000011010000000010000110011010001110100100110011,116481615,0,0.035000,0.700000
116492697,77,01111100101100000010101011100001101000000001100110010111110000100110000110010,116471685,0,0.066667,1.000000
116492698,77,10101100100011000001010101110000110100000000110001001010111100110011100111001,116466868,0,0.200000,1.000000
116492699,79,0111100000001101000010101011100001101000000001110010011101101000011010010010111,116481615,0,0.040000,0.800000
116492700,82,1100100000100110000001010101110000110100001000100010011011010110001101011100011001,116490316,0,0.032000,0.800000
116492701,70,1010111010000101010111000010010000000011000010101111000100011100111101,116481615,0,0.035000,0.700000
116492702,81,011010001000110100001010101110000110100000000110001001111111010000111100000101110,116466868,0,0.200000,1.000000
116492703,79,0100100110001001000010101011100001101000000001101110011011110100101111010010111,116478443,0,0.013333,0.600000
116492710,75,111100000110000001010101110000110100000000100001101011101001110000101110001,116494067,0,0.040000,0.400000
116492711,79,1111000010011010000101010111000011010000000011000100101111010000111100000101110,116481610,0,0.050000,1.000000
116492712,77,01011000101000000010111011100001101001000001101010010111110001100111011100001,116468448,0,0.200000,1.000000
116492713,77,01011000000100000011010101110000110100000000110000010111100101100111111101010,116468449,0,0.200000,1.000000
116492714,87,011101111010000001000010101111100001101000000001101111010110101001000110011100011111000,116468449,0,0.200000,1.000000
116492715,81,011010001000111100001011101110000111100000000110001001111111010000111100001011001,116468449,0,0.200000,1.000000
116492716,80,01110100010001101000010101011110001101000000001110010011111110100001110010010111,116468449,0,0.200000,1.000000
116492717,76,1100101011000000101010111000011010000000011000100101111100011000100011101100,116468449,0,0.200000,1.000000
116492718,79,1101100101011000000101010111000011010000000011000000101111100011101101011100110,116468449,0,0.200000,1.000000
116492719,79,1101100101011000000101010111000011010000000011000000101111100011101101011100110,116468449,0,0.200000,1.000000
116492720,77,10101100100011000001010101110000110100000000110001001010111100110011100111001,116476971,0,0.100000,1.000000
116492721,81,011110110010011110000110101011000001101100000001000110010111110000100111001110011,116468449,0,0.200000,1.000000
116492722,81,110101100100001000000101010111000011010000000010000100101011100011001110011100111,116468449,0,0.200000,1.000000
116492723,82,1100100000100110000001010101110000110100001000100010011011010110001101011100011001,116470078,0,0.046667,0.700000
116492724,81,101111000100001010000101010111000011010000000011100100111011010000110100000101111,116468449,0,0.200000,1.000000
116492725,76,1100101011000000101010111000011010000000011000100101111100011000100011101100,116468449,0,0.200000,1.000000
116492726,79,1101100101011000000101010111000011010000000011000000101111100011101101011100110,116476971,0,0.100000,1.000000
116492727,81,101111000100001010000101010111000011010000000011100100111011010000110100000101111,116481615,0,0.040000,0.800000
116492728,81,011010001000110100001010101110000110100000000110001001111111010000111100000101110,116468449,0,0.200000,1.000000
116492729,88,0011001000001111110000010101011100001101000000001000100111110101100001111011001110011000,116468449,0,0.200000,1.000000
116492730,81,011010001000110100001010101110000110100000000110001001111111010000111100000101110,116485003,0,0.030000,0.600000
116492731,79,1110110010001100000010101011100001101000000001000010010011010001001110011110010,116468449,0,0.200000,1.000000
116492732,81,011010001000110100001010101110000110100000000110001001111111010000111100000101110,116468449,0,0.200000,1.000000
116492737,82,0110100011001101000110101011000001101000000001110010011111111100001100000010111010,116473643,0,0.060000,0.600000
116492738,73,1111011100000010101011100001101000000001100010110111000111001010011000111,116503229,0,0.080000,0.400000
116492740,78,110101100100001000001010101110000110100000000110011001010111000110011100111001,116463286,0,0.040000,0.400000
116492751,81,011010001000110101001010101110000110100000000110001001111111010000111000001101110,116468461,0,0.023333,0.700000
116492759,78,010011001000110100001010101110000110100000001100010010111110011000111001110011,116468454,0,0.066667,1.000000
116492760,86,00110010010011111100100101010111000011010000000010001001111101011000011110110011100110,116468454,0,0.066667,1.000000
116492761,78,101011101000110000001110101111000110100000000110011001111110000100110001110010,116468454,0,0.066667,1.000000
116492763,80,01111010001001110000001010111110000110100000000110011001011111001110011110111001,116468454,0,0.066667,1.000000
116492764,76,1110100001100000010101011100001101000000001000011000111000011100001011100011,116473642,0,0.079051,0.800000
116492765,77,11110100001100000010101011100001101000000001000011000111000011100001011100011,116488550,0,0.040000,0.800000
116492766,79,0011000010011000000101010111000011010000000010001011011010110101101000100110001,116485003,0,0.066667,0.600000
116492767,81,011110100010001100000010101011100001101000000101100110010111110011100111111110011,116468456,0,0.066667,1.000000
116492768,73,1111011100000010101011100001101000000001000010010111000111001010011000111,116490313,0,0.040000,0.600000
116492769,77,11001001010110000001000101110000110100000000100001001011111000110011000010010,116468456,0,0.046667,0.700000
116492770,73,1111011100000010101011100001101000000001000010010111000111001010011000111,116468456,0,0.066667,1.000000
116492771,73,1001010011000000010101110000110100000000100001101011110001110000100110001,116501524,0,0.046667,0.700000
116492772,74,10101001100000010101011100001101000000001000011010111101011110001001101011,116501524,0,0.053333,0.800000
116492773,75,001101011101000010101011100001101000000001000011011110100011101001001100111,116468456,0,0.066667,1.000000
116492774,79,0011000010011000000101010111010011010000000010001011011010110101101000100110001,116468456,0,0.066667,1.000000
116492776,86,01110111101000000100001010101110000110100000000110111101001010101100011001110001111100,116501524,0,0.053333,0.800000
116492779,83,11001000001011100000110101011100011101000000001000100110110101100011011011000110010,116498405,0,0.024000,0.600000
116492781,88,0011001000001111110000010101011100001101000000001000100111110101100001111011001110011000,116505123,0,0.140000,0.800000
116492783,83,11001000001011110000110101011100001111000001001000100110010101100011011011000110010,116505123,0,0.100000,0.600000
116492784,75,101100110011000000101010111000011010000001010000100101110100110111000111011,116495374,0,0.120000,0.600000
116492786,83,01011010001000110100001010101110000110100000000110001001111111000000111100100101110,116468459,0,0.066667,1.000000
116492788,83,00110100110101001000010101011100001101000010001100010011111110100001111001001011101,116468459,0,0.066667,1.000000
116492789,82,1011010001000110100001010101110000110100000000110001001111111010000011100000101110,116468460,0,0.066667,1.000000
116492790,75,011011010100000010101011100001010000000011000000101111100011001101011100110,116486635,0,0.016667,0.500000
116492793,77,01001001100010100000101010111000011010000000001000100110111010000111101011011,116501529,0,0.070000,0.700000
116492797,79,0010110001010100000101010111000011010000000011000100101101100111001100111000101,116486635,0,0.026667,0.800000
116492799,81,101111000100001010000101010111000011010000000011100100111011010000110100000101111,116486635,0,0.026667,0.800000
116492800,78,111101100101111100000101101100000110100000000100011001011111000110011100111001,116468462,0,0.050000,1.000000
116492801,82,0110100010001101000010101011100001101000000001100010011111110100001111000001011100,116499999,0,0.032000,0.800000
116492802,75,101110111000000101010111000011010000000010000101101110001110010100110001111,116468462,0,0.050000,1.000000
116492804,80,01101000100011000001010101110000110100000000111000001111111010000011000001011101,116470078,0,0.066667,1.000000
116492805,80,01111011001001111000011010101100000110110000000100010001011111000010011100111001,116470078,0,0.053333,0.800000
116492807,82,0110101010001001000010101011100001101000100001101010011111010100011011001001011101,116470078,0,0.066667,1.000000
116492808,75,011101001100000010101011100001101000000001000011110111101011100001001101011,116494068,0,0.100000,1.000000
116492809,72,110101110100001010101110000110100000000110000101001110101100111001111010,116486628,0,0.060000,0.600000
116492810,74,10101001100000010101011100001101000000001000011010111100011100001111100011,116483540,0,0.040000,0.800000
116492811,83,11001000001011100000110101011100001101000000001010100111110101100011010011000110000,116470081,0,0.070000,0.700000
116492812,78,001011000101010000010101011100001101000000001100010010110110011100110011100010,116494069,0,0.053333,0.800000
116492813,86,01111111101000000100001010101110000110100000000110111101011010101100011001110001111100,116492284,0,0.028000,0.700000
116492814,79,1100100101011000000101010111000011010000000011000110101111100011000100011100100,116470084,0,0.200000,1.000000
116492815,82,1011010001000110100001010101110000110100000000110001001111110010000111100100101110,116470084,0,0.200000,1.000000
116492816,76,1011110010110000001010101110000110100000001100110010111110000100110000110010,116492284,0,0.024000,0.600000
116492817,84,100011010001000110100001010101110000110100000000110001001111111010000111100100101110,116470084,0,0.200000,1.000000
116492818,75,101100110011000000101010111000011010000001010000100101110100010111000111011,116484996,0,0.140000,0.700000
116492819,82,0110101010001001000010101011100001101000100001101010011111010100011011001001011101,116470084,0,0.200000,1.000000
116492820,77,10101100100011000001010101110000110100000000110001001010111100110011100111001,116470084,0,0.200000,1.000000
116492821,75,101010111000000101010111000011010000000010000101101110001110010100110001111,116470084,0,0.200000,1.000000
116492822,78,110101100100001000000101010011000011010000000011000100101010000110011100111001,116492284,0,0.024000,0.600000
116492823,78,110111010001100000010101011100001101000000001100010101111110001000111101110010,116508492,0,0.200000,1.000000
116492824,75,101110111000000101010111000011010001000010000101101110001110010100110001111,116470084,0,0.200000,1.000000
116492825,81,011010001000110100001010101010000110100000000110001001111111010000111100000101110,116484996,0,0.140000,0.700000
116492826,75,101110110110000001010111110000110100000000100101101001111001100100110111001,116490325,0,0.046667,0.700000
116492827,78,100101110100010000001010101110000110100000000110011001011111000010011000011001,116508492,0,0.200000,1.000000
116492828,81,011010001000110100001010101110000110100000000110001001111111010000111100000101110,116490325,0,0.053333,0.800000
116492829,83,01011010000000110100001010101110000110100000000110001001111111000000011100100101110,116508492,0,0.200000,1.000000
116492830,76,1101110111000000101010111000011010001000010000101101110001110010100110001111,116470084,0,0.200000,0.800000
116492831,76,1110100001100000010101011100001101000000001000011010111000011100001001100011,116470084,0,0.200000,1.000000
116492832,75,000110101110100011110101110000110100010000100001001011110011010111001100000,116492284,0,0.020000,0.500000
116492833,81,011010001000110100001010101110000110100000000110001001111111010000111000001011101,116470084,0,0.200000,1.000000
116492834,80,01111010001001110000001010101110000110100000000110011001111111001010011111111001,116492284,0,0.028000,0.700000
116492835,78,011010011000110100001010101110000110100000000100001001011111000110111100111001,116470086,0,0.050000,1.000000
116492836,77,10101100100011000001010101110000110100000000110001001010111100110011100111001,116470086,0,0.050000,1.000000
116492837,77,10101100100011000001010101110000110100000000110001001000111100110011100111001,116505118,0,0.046667,0.700000
116492838,70,1010111010000101011111000011010000000011001010101111100110011101101100,116470086,0,0.050000,1.000000
116492839,80,11100100101011000000101010111000011010000000011000100101111100011000100011100100,116470086,0,0.050000,1.000000
116492840,80,01110100000000101000010101011100001101000000001110010011111110100001110010010111,116492284,0,0.028000,0.700000
116492841,77,10101100100011000001010101110000110100000000110001001010111100110011100111001,116470086,0,0.050000,1.000000
116492842,75,101010011000000101010111000011010000000010000110101111000111000010011000111,116470086,0,0.050000,1.000000
116492843,82,1101110000010001001000010101011100101101000000001000100111011000000011100100000111,116471682,0,0.050000,0.500000
116492844,77,01111101110000001010101110010110100000000100001011011110001110010100110101111,116492284,0,0.024000,0.600000
116492845,77,01011001100110000001010101110100110100000000100001001011101000101110001110110,116470086,0,0.050000,1.000000
116492846,81,010010011000100100001010101110000110100000000111001001111111010000111110100101110,116470086,0,0.050000,1.000000
116492847,77,11010001000110100001010101110000110100000000100001001011111000110111000111001,116484996,0,0.160000,0.800000
116492848,76,1110100001100000010101011100001101000000001000011010111000011100001011100111,116470087,0,0.120000,0.600000
116492849,71,11110111010000101010111100011010000000010000110011010001110100100110011,116492281,0,0.030000,0.600000
116492850,81,011110001000110100001010101110000110100000000110001001111110010000111100000101110,116492281,0,0.035000,0.700000
116492851,75,111101110000001010101010000010100000000100001011011100001100011100100001111,116505134,0,0.050000,0.500000
116492852,78,110111010001100000010101011100001101000000001100010101111110001000111101110010,116490330,0,0.040000,0.600000
116492853,76,1110100001100000010101011100001101000000001000011010111000011100001011100111,116490330,0,0.040000,0.600000
116492855,81,011110001000110100001010101110000110100000000110001001111110010100111100000101110,116492281,0,0.035000,0.700000
116492856,81,011110001000110100001010101110000110101000000110001001111110010000111100000101110,116503242,0,0.070000,0.700000
116492857,75,101110111000000101010111000011010000000010000101101110001110010100111001111,116470090,0,0.100000,1.000000
116492859,79,0111100000001101000010101011100001101000000001110010011101101000011010010010111,116470090,0,0.100000,1.000000
116492861,76,1110100010011010000101010111000011010000000011000100111111101000111001001011,116485000,0,0.100000,1.000000
116492862,81,011110100010001100000010101011100001101000000001100110010111110011100111111110011,116488558,0,0.016000,0.400000
116492863,72,011010111010000101010111000011010000000010000110101010001110100100110011,116471674,0,0.100000,1.000000
116492864,79,1101011101110100001010101100001110100000000101001100011100010110010100110101100,116471674,0,0.100000,1.000000
116492865,81,011010101000110100001010101110000110100000100110001001110111010000111101000101110,116492272,0,0.053333,0.800000
116492866,81,011010101000110100001010101110000110100000100110001001110111010000111101000101110,116492272,0,0.053333,0.800000
116492867,77,11111011100000010101011100001101000000001010010110111100011100101001101011111,116492272,0,0.066667,1.000000
116492868,77,10011011111010000101010111000011011000000010000110101101000110010010011001111,116471674,0,0.100000,1.000000
116492870,75,101110011000000101010111000011010000000010000101101110001110010100110001111,116483539,0,0.080000,0.800000
116492872,79,0010111010101100100010101011110101101000000001100110010111010000110110001110011,116490314,0,0.040000,0.600000
116492875,86,00110010010011111100100101010111000011010000000010001001111101011000011110110011100110,116478446,0,0.080000,0.800000
116492876,77,01011001000010000001010101110000110100000000100001001010111000110011100111011,116495375,0,0.066667,0.600000
116492879,75,101010011000000101010111000011010000000010000110101111000111000010011000111,116459872,0,0.040000,0.600000
116492880,80,01111010001001110000001010111110000110100000000110011001011111001110011111111001,116492285,0,0.053333,0.800000
116492883,82,0011010001000110100101010101110000110100000000110001001111111010000111100100101110,116496912,0,0.040000,0.400000
116492889,79,0111100000001101000010101011100001101000000001110010001101101000011010010010111,116492285,0,0.066667,1.000000
116492895,74,11110011000000111010111000011010000001010010101101111000010001100110001111,116492285,0,0.046667,0.700000
116492898,75,101010111000000101010111000011010000000010000101101110001110010100110001111,116503245,0,0.080000,0.800000
116492899,75,101010011000000101010111000011010000000010000110101111000111000011111000111,116503245,0,0.080000,0.800000
116492900,81,101110100010101001000010101011000001101000000001010100111110000010011100110010110,116471689,0,0.140000,0.700000
116492901,82,1001000001001100000010101011100001101000000001000100111110101001011010011001110011,116461655,0,0.100000,1.000000
116492902,82,1101110100010001001001010101011100001101000000001000100111011000000011100100000111,116488559,0,0.046667,0.700000
116492903,78,011111001011000000101010111000011010000000010001100101111100001001100001100100,116486649,0,0.017143,0.600000
116492904,82,0111100010001101000010111011100001111000000001100010011111110000001111001001011001,116481615,0,0.030000,0.600000
116492905,78,011111001011000000101010111000011010000000010001100101111100001001100001100100,116486649,0,0.017143,0.600000
116492906,76,1111101110000001010101110000110000000000100001010011110001110011100110001111,116471689,0,0.200000,1.000000
116492908,81,011010001000110100001010101110000110100000000110001001111111010000111100000101110,116490318,0,0.066667,1.000000
116492916,78,010110001010000000101010111001011010000000011000010101111100011001110111000101,116500012,0,0.070000,0.700000
116492920,82,1101110100010001000000010101011100001101000010001000100111011000000011110100000111,116498405,0,0.028000,0.700000
116492921,76,0111110010110000001010101010000110000000000110011001011111000010011000011001,116500012,0,0.060000,0.600000
116492922,73,1111011100000010101011100001101000000001000010110111000111001010011000111,116500012,0,0.080000,0.800000
116492924,76,1011110010110000001010101110000110100000001100110010111110000100110000110010,116495377,0,0.053333,0.800000
116492930,79,0100100110001001000010101011100001101000000001100110011111110100001111010010111,116488560,0,0.160000,0.800000
116492931,74,10101001100000010101111100001101000000001000011010111100011001010011000101,116488560,0,0.140000,0.700000
116492932,78,110100010101101000010101011100001101000000001000010010111110001101110001110011,116471693,0,0.066667,1.000000
116492933,74,10101001100000010100011100001101010000001000011010111100011100001001100011,116486651,0,0.032051,0.700000
116492935,75,101110111000000101010111000011010000000010000101101110001110010100110001111,116481604,0,0.100000,1.000000
116492936,72,011110111010000101010111100011010000000010000110011010011110100100110011,116473635,0,0.046667,0.700000
116492937,82,0110100010101101000010101011100001101000000001100110011111110100001111000001001100,116500000,0,0.070000,0.700000
116492938,78,011110110010111110000010101011000001101000000001000110010111110011001110011100,116485003,0,0.030000,0.600000
116492939,79,1111000010011010000101010111000011010000000011000100101111010000111100000101110,116488560,0,0.160000,0.800000
116492945,81,011110100010001100000010101011100001101000000101100110010111110011100111111110011,116471697,0,0.100000,0.600000
116492946,82,0011010101000110100011010101110000110100000000110101001111111010000111000001011101,116481617,0,0.100000,0.800000
116492947,78,001011101010110000001010101110000110100000000010011001011110000010011000111001,116471697,0,0.100000,1.000000
116492948,75,110110010001110000101010111000011010000000010000100101110100010011100011100,116471697,0,0.100000,1.000000
116492949,82,0100100110001001000010101011100001101000000001100010011110110100001111101001011100,116471697,0,0.100000,1.000000
116492950,79,0110100010001101000010101011100001101000000011000100111111101000011110000010111,116490322,0,0.040000,0.800000
116492951,82,0011010101000110100011010101110000110100000000110101001111111010000111000001011101,116495380,0,0.046667,0.700000
116492952,81,011110100010001100000010101011100001101000000101100110010111110011100111111110011,116481617,0,0.100000,0.800000
116492953,75,100100110001010000101010111000011010000000001000100110111010000111101111011,116468459,0,0.033333,0.500000
116492954,70,1010111010000111010111000011010000000011000010101111010110010100111111,116471697,0,0.100000,1.000000
116492955,77,01001001100010100000101010111000011010000000001000100110111010000111101111011,116471697,0,0.100000,1.000000
116492956,82,0011010101000110100011010101110000110100000000110101001111111010000111000001011101,116481617,0,0.080000,0.800000
116492957,76,1010110010000100000101010111000011010000000011000100101011100011001110111001,116490328,0,0.046667,0.700000
116492958,80,01101001100011011000101010111000011110000000011001001011111100000111100100101110,116468459,0,0.033333,0.500000
116492959,76,1110100001100000010101011100001101000000001000011010111000111100001010100011,116471697,0,0.100000,1.000000
116492960,82,0011010101000110100011010101110000110100000000110101001111111010000111000001011101,116471697,0,0.100000,1.000000
116492961,70,0101011000000101010111000011010000000010000110101101000110010000110001,116485004,0,0.066667,1.000000
116492962,79,1110100101011000000101010111000011010000000011000100101111100011000100011101100,116495380,0,0.053333,0.800000
116492963,82,0011010101000110100011010101110000110100000000110101001111111010000111000001011101,116471697,0,0.100000,1.000000
116492964,78,101011101000111000001110101111000110100000000110011001111110000100110001110010,116481617,0,0.100000,0.700000
116492965,73,0110101110100001010101110000110100000000100001101010100011101001001100110,116501517,0,0.040000,0.600000
116492966,80,01101001100011011000101010111000011110000000011001001011111100000111100100101110,116481617,0,0.100000,0.700000
116492968,80,01110100010001101000010101011100001101000000001110010011111110100001110010010111,116488551,0,0.024000,0.600000
116492971,77,11010001000110100001010101110000110100000000100001001011111000110111000110001,116492288,0,0.049116,1.000000
116492972,78,110110010101000001010101011100001101000000001100010111111110001010111101110010,116488550,0,0.035000,0.700000
116492973,83,01011010001000110100001010101110000110110000000110001001111111010000111100100101110,116492267,0,0.060000,0.600000
116492996,79,0011100000001101000010101011100001100000000001110010011101101000011010010010101,116483551,0,0.070000,0.700000
116492998,79,0011000010011000100101010111000011010000000010001011011010110101101001100111001,116488554,0,0.070000,0.700000
116492999,82,0111100010001101000010101011100001101000000001100010011111110100001111001001011101,116466865,0,0.040000,0.800000
116493000,81,011010101000110100001010101110000110100000000110001001111111010000111100000101110,116466865,0,0.040000,0.800000
116493001,75,010101001100000010101011100001101000000001000011010111101011100001001101011,116490317,0,0.053333,0.800000
116493002,81,011010001000110100001010101110000110100000000110001001111111010000111100000101110,116490317,0,0.053333,0.800000
116493008,75,101100110011000000101010111000011010000000010000100101110100010111100101011,116480038,0,0.040000,0.600000
116493010,81,001111011001001111000001010101100000110100000000100011001011111000110011100111001,116503247,0,0.040000,0.800000
116493011,77,11010001000110100001010101110000110100000000100001001011111000110111000111001,116492276,0,0.032000,0.800000
116493012,81,011010001000110100001010101110000110100000000110001001111111010000111000000101110,116480038,0,0.040000,0.600000
116493014,82,0110101010001000000010101011100001101000100001101010011111010100011011001001011101,116480038,0,0.040000,0.600000
116493015,70,1000111010000101010111000011010000000011000010101111000110000100111101,116480038,0,0.040000,0.600000
116493018,75,110101001100000010101011100001101000000001000011010111101011100001001100011,116492285,0,0.066667,1.000000
116493019,80,01111010001000110000001010111110000110100000000110011001011111001110011111111001,116492285,0,0.053333,0.800000
116493022,84,111010000010111000001101010111000011010000000010001101111101011000010100110001100101,116492285,0,0.053333,0.800000
116493024,74,11110111000000101010111000011010000000010000101101110001110010100110001111,116471697,0,0.100000,0.600000
116493025,80,01110101000001101000010101011100001101000000001110010011111110100001110010110111,116475183,0,0.066667,1.000000
116493028,82,0011010001001110100001010101110000110100000000110001001111111010000111000001011101,116481617,0,0.100000,1.000000
116493032,75,101010111000000101010111000011010000000010000101101110001110010100110001111,116501515,0,0.100000,1.000000
116493033,79,0001011000101000000010101011100001101000000001100010010111110011100111011100010,116475186,0,0.100000,1.000000
116493035,76,1110100001100000010101011100001101000000001000011010111000011100001001100011,116506711,0,0.100000,0.800000
116493037,75,010101001100000010101011100001101000000001000011010111101011100001001101011,116475186,0,0.100000,1.000000
116493038,81,011010001000110100001010101110000110100000000110001001111111010000111100000101110,116475186,0,0.100000,1.000000
116493039,77,10101100100011000001010101110000110100000000110001001010111100110011100111001,116475186,0,0.100000,1.000000
116493040,81,101111000100001010000101010111000011010000000011100100111011010000110100000100111,116481617,0,0.100000,1.000000
116493042,79,1101011101110100001010101100001110100000000101001100011100010110010100110101100,116498410,0,0.060000,0.600000
116493043,79,1101100101011000000101010111000011010000000011000000101111100011001101011100110,116501515,0,0.100000,1.000000
116493044,80,01111010001001110000001010101110000110110000000110011101011111001110011111110101,116475186,0,0.100000,1.000000
116493046,82,0010010001000110111001010111110000110100000000111001001111111010000110000001011101,116492271,0,0.033333,0.500000
116493047,81,101111000100011000001010101110000110100000000111000001111111010100111000001111101,116498410,0,0.060000,0.600000
116493048,80,01111010001001110000001010101110000110100000000110011001011111001010011111111001,116498411,0,0.160000,0.800000
116493049,77,01111101110000001010101110010110100000000100001011011110001110010100110101111,116475188,0,0.046667,0.700000
116493052,75,001101011101000010101011100001101000000001000011011110100011101001001100111,116481598,0,0.040000,0.800000
116493054,75,110101010010100010010101011100001101000000001100110010011100001000100111011,116476971,0,0.100000,1.000000
116493055,81,011010001000110100001010101110000110100000000110001001111111010000111000000101110,116476971,0,0.100000,1.000000
116493056,80,00111011001011111000000010101100000110100000000100011001011111000110011100111001,116476972,0,0.100000,1.000000
116493057,78,110110010101100000010101011100001101000000001100010111111110001010111101110010,116496911,0,0.200000,1.000000
116493058,82,0011010101000110100011110101110000110100000000110101001111111010000111000001011101,116476973,0,0.080000,0.600000
116493059,81,011000001000010100001010101110000110100000000110001001111111010000111100000101110,116496911,0,0.200000,1.000000
116493060,75,110110010001110000101010111000011010000000010000100101110100010011100011100,116476973,0,0.100000,0.600000
116493061,81,011010001000110100001010101110000110100000000110001001111111010000111100000101110,116501533,0,0.026667,0.400000
116493062,81,011110001000110100001110101110000110100000000110001001111110010000111100000101100,116488558,0,0.020000,0.500000
116493063,72,011110111010000101010111100011010000000010000110011010011110100100110011,116499997,0,0.046667,0.700000
116493076,79,0110100010001101000010101011100001101000000001100100001111100000011100100101111,116488555,0,0.040000,0.600000
116493080,70,1010111010000101010111000011010000000011000010100111000100011100111101,116503236,0,0.100000,1.000000
116493081,74,11110111000000101010111000011010000000010001011011110001110010100110011111,116476982,0,0.100000,1.000000
116493082,79,1101100100001000000101010111000011010010000011000100111111100010001100011000111,116476982,0,0.080000,0.800000
116493086,75,001101011101000010101011100001101010000001000011010110100011101001001100111,116492273,0,0.046667,0.700000
116493089,80,01101000100001010000101010111100011010000000011001001111111000000111100100001110,116492277,0,0.030000,0.600000
116493090,82,0011010001000110100001010101110000110100000000110001001111111010000111100100101110,116492273,0,0.053333,0.800000
116493091,82,0110100010101101000010101011100001101000000001100110011111110100001111000001001100,116501513,0,0.040000,0.600000
116493092,80,11100100101011000000101010111000011010000000011000100101111100011000100011100100,116500008,0,0.160000,0.800000
116493093,73,1110111000000101010111000011010000000010000101101111000101000010011000101,116476985,0,0.100000,1.000000
116493094,75,010101001100000010101011101001101000000001000011010111101011100001001101011,116490329,0,0.080000,0.700000
116493095,79,1001001100010010000101010111000011010000000011100100111111101000011111010001110,116492282,0,0.053333,0.800000
116493096,81,011110100010001100000010101011100001101000000001100110010111110011100111111110011,116486626,0,0.013333,0.600000
116493097,72,011110111010000101010110000011010000000010000110011010001110100100110011,116492280,0,0.053333,0.800000
116493098,79,1010110010000100000010101011100001101000000001000010010101110001100111001110011,116492280,0,0.066667,1.000000
116493100,82,0011010001000110100011010101110000110100000000110101001111111010000111000001011101,116505121,0,0.053333,0.800000
116493101,81,010010011000100100001010101110000110100000000111001001111111010000111110100101110,116476971,0,0.100000,1.000000
116493102,80,10101100100001000000101010111000011010001000010000100101011100011001110011100111,116476971,0,0.080000,0.800000
116493103,79,0111100000001101000010101011100001101000000001110010011101101000011010010010111,116471687,0,0.046667,0.700000
116493104,80,01111011001001111000011010101100000110110000000100011001011111000010011100111001,116501526,0,0.120000,0.600000
116493105,82,0110100010101101000010101011100001101000000001101110011111110100001111000001011100,116492287,0,0.032680,0.600000
116493106,73,0111101010100001010101111000110100000000100001100110100011101001001100110,116492287,0,0.026144,0.600000
116493107,78,000001001101000000010101011100101101000000001100011010111110001100011011110010,116499998,0,0.080000,0.800000
116493108,82,0111100010001101000010101011100001101000000001100010011111111100001111001001011101,116478436,0,0.100000,1.000000
116493109,74,10101001010000010101011100001101000000001000011010111101011100001001100011,116508495,0,0.100000,0.700000
116493110,77,11110100001100000010101011100001101000000001000011010111000011100001011100011,116501534,0,0.040000,0.600000
116493111,75,001101011101000010101011100001101010000001000011010110100011101001001100111,116483540,0,0.035000,0.700000
116493113,82,0110100010101101000010101011100001101000000001100110011111110100001111000001001100,116500009,0,0.066667,1.000000
116493114,88,0011001000001111110000010101011100001101000000001000100111110101100001111011001110011000,116498416,0,0.080000,0.800000
116493115,82,0111100010001101000010101011100001101000000001100010011111110100001111001001011101,116478442,0,0.032000,0.800000
116493116,81,001010001000110100001010101110001110100000000110001001111111010000111110000101110,116481606,0,0.070000,0.700000
116493117,77,11010001000110100001010101110000110100000000100001001011111000110111000111001,116503231,0,0.032000,0.800000
116493118,83,10110100010101101000010101011100001101000000001100110011111110100001111000001001100,116471682,0,0.032000,0.600000
116493119,71,01110111000001010101110000110100000000100001011011100011100101001100011,116490332,0,0.100000,1.000000
116493120,80,01111011001011111000001010101100000110100000000100011001011111000110011100111001,116478442,0,0.040000,1.000000
116493121,77,11010001010110100001010101110000110110000000100001001011111000110111000111001,116498416,0,0.070000,0.700000
116493122,75,010110010000100000101010111000011010000000011000100101011100011001110111001,116478442,0,0.032000,0.800000
116493123,80,01101000100011010000100010111000011010000001011001001011111000000111100100101110,116498416,0,0.060000,0.600000
116493124,88,0011001000001111110000010101011100001101000000001000100111110101100001111011001110011000,116481606,0,0.080000,0.800000
116493125,77,01011001000010000001010101110000110100000000100001001010111000110011100111011,116498415,0,0.022857,0.800000
116493126,75,101010111000000101010111000011010000000010000101101110001110010100110001111,116478443,0,0.022222,1.000000
116493127,84,111011000101011100000010101011100011101000000001000100111100100100011110011001110010,116478443,0,0.022222,1.000000
116493128,75,101110111000000101010111000011010000000010000111101110001110010100111001111,116498415,0,0.022857,0.800000
116493129,79,1010110010000100000010101011100001101000000001000010010101110001100111001110011,116478445,0,0.066667,1.000000
116493130,79,0010111010101100100010101011100101101000000001100110010111010000110110001110011,116478445,0,0.066667,1.000000
116493131,82,0111100010001101000010111011100001111000000001100010011111110000001111001001011001,116478445,0,0.066667,1.000000
116493132,82,0111100010001101000010111011100001101000000001100010011111110100001111001001011101,116478445,0,0.066667,1.000000
116493133,76,0111110010110000011010101010000110000000000110011001011111000010011100011001,116478445,0,0.066667,1.000000
116493134,75,101010011000000101010111000011010000000010000110101111000111000010011000111,116500007,0,0.033333,0.500000
116493135,82,0110100010101101000010101011100001101000000001100110011111110100001111000001001100,116486635,0,0.026667,0.800000
116493136,81,011010001000111100001011101110000111100000000110001001111111010000111100001011001,116478445,0,0.066667,1.000000
116493137,83,00110100110101001000010101011100001101000000001100010011111110100001111001001011101,116468461,0,0.026667,0.800000
116493138,79,1010110010000100000010101011100001101000000001000010010101110001100111001110011,116500007,0,0.033333,0.500000
116493139,75,101110111000000101010111000011010100000010000101101110001110010100110001111,116505121,0,0.053333,0.800000
116493141,78,110110010101000001010101011100001101000000001100010111111110001010111101110010,116478445,0,0.066667,1.000000
116493142,79,0010011001000110100001010101110000110100000001100010010111110011000111001110011,116486635,0,0.023333,0.700000
116493143,78,110110010101000001010101011100001101000000001100010111111110001010111101110010,116478445,0,0.066667,1.000000
116493144,75,101110111000000101010111000011010010000010000101101110101110010100110001111,116478445,0,0.066667,1.000000
116493145,78,001111100010110010001010101110000110100000000110011001011111000011011000111001,116488562,0,0.046667,0.700000
116493146,78,001111100010110010001010101110000110100000000110011001011111000011011000111001,116488561,0,0.060000,0.600000
116493147,80,00111100000001101000010101011100001101000000001110010111101101000011010010010111,116478446,0,0.100000,1.000000
116493148,81,011010001000110100001010111110000110100000000110001001111111000000111000001011101,116498418,0,0.080000,0.400000
116493150,75,010110010000100000101010111000011010000000011000100101011100011001110111001,116478447,0,0.200000,1.000000
116493151,75,011101001100000010101011100001101000000001000011010111101011100001001101011,116478447,0,0.200000,1.000000
116493152,74,11111011100000010101011100001101000000001000010110111000111001010011000111,116506693,0,0.028000,0.700000
116493153,81,011010001000110000010101011100001101000000001110000011111110100001110000010111011,116506693,0,0.028000,0.700000
116493154,75,111101110000001010101010000010100000000100001011011100001110011100100001111,116471694,0,0.060000,0.600000
116493155,70,0101001100000010101011100001101100000001000011010111100010010110101001,116498419,0,0.080000,0.800000
116493156,80,01001001100010010001101010111000011010000000011001100110110101000011110100101110,116465090,0,0.035000,0.700000
116493158,79,0101100010100000001000101110010110100000000110000101011111000110011101110001010,116490334,0,0.040000,0.600000
116493159,83,01101110100010001001000010101011100001101000000001000100111011000000011100100000111,116495383,0,0.080000,0.800000
116493161,81,011010001000100101001010101110000110100000000110001001111111010000111000001101110,116495383,0,0.070000,0.700000
116493163,81,011110100010001100000010101011100001101000000101100110010111110011100111111110011,116488547,0,0.070000,0.700000
116493164,75,010110010000100000101010111000011010000000011000100101011100011001110111001,116503247,0,0.040000,1.000000
116493165,81,011010001010110100001010101110000110100000000110001001110111110000111000000101110,116481608,0,0.040000,0.800000
116493166,79,0111100000001101000010101011100001101000000001110010011101101000011010010010111,116501521,0,0.200000,0.600000
116493167,79,0110100010001101000010101011100001101000000011000100111111101000011110000010111,116480037,0,0.100000,1.000000
116493169,82,1101110100010001001000010101011100001101000010001000100111011000000011110100000111,116480042,0,0.066667,1.000000
116493170,79,0001011000101000000010101011100001101000000001100010010111110011100111011100010,116478438,0,0.100000,1.000000
116493171,75,101110110110000001010111110000110100000000100101101001111001100100110111001,116478438,0,0.080000,0.800000
116493172,79,0011000010011000000101010111000011010000000010001011011010110101101000100111001,116478438,0,0.100000,1.000000
116493173,82,0011010001000110100001010101110000110100000000110101001111111010000111000001011101,116480042,0,0.066667,1.000000
116493174,75,011010111000001010001111000110100000000100001001011101001110010101100001100,116478450,0,0.016000,0.400000
116493175,84,111001000001011100000110101011100001101000000001000100111111101100011010011000110010,116485002,0,0.053333,0.800000
116493176,76,0110100001000000010101011100001101000000001000011010111100011100001001100011,116486639,0,0.066667,1.000000
116493177,77,10011011111010000101010111000011011000000010000110101101000110010010011001111,116486639,0,0.053333,0.800000
116493178,75,001101011101000010101011100001101000000001000011011110100011101001001100111,116480044,0,0.100000,1.000000
116493181,79,0111100000001101000010101011100001101000000001110010011101101000111010010010111,116495384,0,0.066667,1.000000
116493182,80,01111011001001111000001010101100000110100000000100011001011111000110011100111001,116480047,0,0.040000,1.000000
116493183,76,1011110010110000001010101110000110100000001100110010111110000100110000110010,116488551,0,0.020000,0.500000
116493184,66,010111001001010101110000110100000000110001101010100011001110011110,116501526,0,0.140000,0.700000
116493185,82,1001000001001100000010101011100001101000000001000100111110101000011010011001110011,116501526,0,0.160000,0.800000
116493186,74,01111011101000010101011100001111000000001000111010110100011101001001100111,116475188,0,0.046667,0.700000
116493187,82,0011010001000110100001010101110000110100000000110001001111111010000111100100101110,116481598,0,0.050000,1.000000
116493190,78,001011000101000000010101011100001101010000001100010010101110011100110011100010,116471694,0,0.060000,0.600000
116493191,75,111101110000001010101110000110100000000100010110111100011100101001101011111,116481602,0,0.053333,0.800000
116493192,77,01011001100110000001010101110000110100000000100001001011101000101110001110110,116495379,0,0.032000,0.800000
116493193,81,011010001000110100001010101110000110100000000110001001111111010000111000001011101,116495379,0,0.032000,0.800000
116493194,81,001110100010001101000010101011100001101000000001100010011111110100001110010010111,116481606,0,0.100000,1.000000
116493196,75,001101011101000010101011100001101000000001000011010110100011101001001100111,116505131,0,0.040000,0.800000
116493197,78,110101100100001000000101010111000011010000000011000100101010000110011100111001,116481610,0,0.050000,1.000000
116493198,79,0011100000001101000010101011100001100000000001110010011101101000011010010010101,116481610,0,0.050000,1.000000
116493199,76,1110100001100000010101011100001101000000001000011010111000011100001010100011,116505134,0,0.060000,0.600000
116493200,78,001011000101010000010101011100001101000000001100010010110110011100110011100010,116492271,0,0.066667,0.700000
116493201,73,1110111000000101010111000011010000000010000101101111000101000010011000101,116488552,0,0.140000,0.700000
116493202,79,0100100110001001000010101011100001101000000001100110011111110100001111010010111,116483539,0,0.080000,0.800000
116493203,80,01001001100010010001101010111000011010000000011001100110111101000011110100101110,116483540,0,0.050000,1.000000
116493204,73,1001001100000010101011100001101000000001100010010111110101110010001110110,116483540,0,0.040000,0.800000
116493205,82,0110101010001001000010101011100001101000100001101010011111010100011011001001011101,116466864,0,0.070000,0.700000
116493206,75,101010011000000101010111000011010000000010000110101111000111000010011000111,116478440,0,0.032000,0.800000
116493207,73,1001001100000010101011100001101000000001100010010111110101110010001110110,116466864,0,0.080000,0.800000
116493208,86,00110010010011111100100101010111000011010000000010001001111101011000011110110011100110,116486647,0,0.053333,0.800000
116493209,78,011011001000110000101010101110000110110000000110101001011101000000111000111001,116486647,0,0.046667,0.700000
116493210,86,00110010000011111100000101010111000011010000000010001001111101011000011110110011100110,116503234,0,0.080000,0.800000
116493214,77,01111100101100000010101011100001101000000001100110010111110000100110000110010,116506698,0,0.070000,0.700000
116493215,76,1010110010000100000101010111000011010000000011000100101011100011001110111001,116506707,0,0.080000,0.800000
116493216,76,1010110010000100000101010111000011010000000011000100101011100011001110111001,116506698,0,0.070000,0.700000
116493217,77,11011001010110000001010101110000100100000000100001000011101001100101000111101,116488542,0,0.070000,0.700000
116493218,78,010011001000110000001010101110000110100000001100010010111110001000111001110011,116501516,0,0.070000,0.700000
116493219,81,011010001000110100001010101110000110100000000110001001111111010000111000001011101,116483545,0,0.100000,1.000000
116493220,75,101010011000000101010111000011010000000010000110101111000111000010011000111,116483545,0,0.100000,1.000000
116493221,82,0110101010001000000010101011100001101000100001101010011111010100011011001001011101,116468450,0,0.140000,0.700000
116493222,77,10011011111010000101010111000011011000000010000110101101000110010010011001111,116506710,0,0.053333,0.800000
116493223,75,101010111000000101010111000011010000000010000101101110001110010100110001111,116492286,0,0.070000,0.700000
116493224,79,1110110010001100000010101011100001101000000001000010010011010001001110011110010,116490318,0,0.066667,1.000000
116493227,78,111001001010110000001010101110000110100000000110001010111110001100110001110010,116500012,0,0.080000,0.800000
116493229,78,111011001000110000001010101110000110100000000100001001001101000100111000111001,116492286,0,0.070000,0.700000
116493230,75,101110111000000101010111000011010000000010000101101110001110010100110001111,116483548,0,0.060000,0.600000
116493231,70,0101011000000101010111000011010000000010000110101101000110010000100001,116480047,0,0.032000,0.800000
116493232,75,010101001100000010101011100001101000000001000011010111101011100001001101011,116508498,0,0.100000,0.600000
116493233,75,101010011000000101010111000011010000000010000110101111000111000011111000111,116492276,0,0.032000,0.800000
116493234,75,101010011000000101010111000011010000000010000110101111000111000011111000111,116496909,0,0.030000,0.600000
116493235,79,0011100000001101000010101011100001100000000001110010011101101000011010010010101,116471700,0,0.040000,0.800000
116493236,83,11001000001011100000110101011100001101000000001000100110110101100011011011000110010,116471700,0,0.040000,0.800000
116493237,83,11001000001011100000110101011100001101000000001000100110110101100011011011000110010,116483548,0,0.060000,0.600000
116493238,81,011101000100111010000101010110000011010000000011100100111111100001011100100101111,116483549,0,0.160000,0.800000
116493239,75,111010111000001010101111000110100000000100001001011111001110010101100001100,116488558,0,0.016000,0.400000
116493241,79,0110100010001101000010101011100001101000000011000100111111101000011110000010111,116494069,0,0.046667,0.700000
116493244,80,01101000100010000001010101110000110100000000111000011111111010000111000001011101,116484999,0,0.050000,1.000000
116493245,81,001010001000110100001010101110001110100000000110001001111111010000111110000101110,116484999,0,0.050000,1.000000
116493246,81,011010001000110100001010101110000110100000000110001001111101000000111000000101111,116505127,0,0.040000,0.400000
116493250,80,11100100101011000000101010111000011010000000011000100101111100011000100011100100,116485002,0,0.066667,1.000000
116493251,79,0111100000001101000010101011100001101000000001110010011001101000011010010010111,116508496,0,0.100000,1.000000
116493252,78,110100010000101000010101011100001101000000001100100101111100000011100100101110,116484999,0,0.040000,0.800000
116493253,79,0000100110001001000010101011100001101000000001100110011111110100001111010010111,116465102,0,0.100000,1.000000
116493255,76,1011110010110000001010101110000110100000001100110010111110000100110000110010,116494069,0,0.046667,0.700000
116493256,88,0011001000001111110000010111011100101101000000001000100111110101101001110011001110011010,116485004,0,0.066667,1.000000
116493257,83,01011010001000110100001010101110000110110000000110001001111111010000111100100101110,116494069,0,0.046667,0.700000
116493258,83,11010000101001100000101010111000011010000000010001001111101011000111100110011110101,116485004,0,0.066667,1.000000
116493261,75,101010011000000101010111000011010000000010000110101111000011000010011000111,116500004,0,0.066667,0.600000
116493263,82,0011010001000110100001010101110000110100000000110001001111111010000111100100101110,116485007,0,0.200000,1.000000
116493264,75,001101011101000010101011100001101000000001000011010110100111101001001100111,116485007,0,0.200000,1.000000
116493265,83,11001000001011110000110101011100001101000000001000100110110101100011011011000110010,116485007,0,0.200000,1.000000
116493266,79,1101011101110100001010101100001110100000000101001100011100010110010100110101100,116485007,0,0.200000,1.000000
116493267,81,011010001000110101001010101110000110100000000110001001111111010000111000000101110,116485007,0,0.200000,1.000000
116493268,81,011010001000110100001010101110000110100000000110001001111111010000111100000101110,116485008,0,0.200000,1.000000
116493269,75,110101001100000010101011100001101000000001000011010111101011100001001100011,116501532,0,0.030000,0.600000
116493270,79,1101100101011000000101010111000011010000000011000000101111100011001101011100110,116503248,0,0.060000,0.600000
116493271,77,10010011000100100001011101110000110100000000110001001100110100001010010010111,116485008,0,0.200000,1.000000
116493272,78,001011101010110000001010101110000110100000000010011001011110000010011000111001,116485008,0,0.200000,1.000000
116493273,78,001011000101000000010101011100011101010000001100010010101110011100110011100010,116486652,0,0.040000,0.600000
116493274,81,011010001000110100001010101110000110100000000110001001111111010000011100000101110,116485015,0,0.026667,0.400000
116493275,82,0011010001001110100001010101110000110100000000110001001111111010000111000001011101,116485015,0,0.026667,0.400000
116493276,78,010011001000110000001010101110000110100000001100010010111110001000111001110011,116485009,0,0.100000,1.000000
116493277,88,0011001000001111110000010101011100001101000000001000100111110101100001111011001110011000,116485009,0,0.100000,1.000000
116493278,74,10101001100000010101011100001101000000001000011010111100011100001001100011,116490317,0,0.066667,0.800000
116493279,78,010110010001000000110101011100001101000000001100000101111000011001111111010100,116492271,0,0.040000,0.600000
116493280,80,01110100000001101000000101011100001101000000001110010011111110100001110010010111,116475186,0,0.050000,0.500000
116493282,79,1110100101011000000101010111000011010000000011000100101111100011000100011101100,116485014,0,0.066667,1.000000
116493283,77,11110100001100000010101011100001101000000001000011010111000011100001011100011,116485014,0,0.066667,1.000000
116493284,74,01101011001000010101011100001101000000001000011010110100011101001001100011,116481608,0,0.040000,0.800000
116493285,80,01101000100011010000101010111000011010000000011000100111111010000111100100101110,116481608,0,0.040000,0.800000
116493286,85,1110111010000001000010101011100001101000000001101111010110101011000110011100011111000,116486626,0,0.013333,0.600000
116493287,74,01101011101000010101011100001101000000001000011010110100011101001001100011,116481608,0,0.040000,0.800000
116493288,79,0011000010011000000101010111000011010000000010001011011010110101101001100111001,116485016,0,0.200000,1.000000
116493289,70,0100011000000101010111000011010000000010000110101101000110010000110001,116486627,0,0.050000,1.000000
116493290,78,001011000101010000010101011100001101000000001100010010110110011100110011100010,116475175,0,0.200000,1.000000
116493291,70,0100011000000101010111000011010000000010000110101101000110010000110001,116501515,0,0.100000,1.000000
116493292,83,11001000001011110000110101010100001101000000001000100110110101100011011011000110010,116506695,0,0.140000,0.700000
116493294,82,1101110100010001001000010101011100001101000010001000100111011000000011110100000111,116488552,0,0.120000,0.600000
116493295,75,110100001100000010101011100001101000000001000011010011100011100001001110011,116486629,0,0.100000,1.000000
116493296,82,1101110100010001001000010101011100001101000010001000100111011000000011110100000111,116488552,0,0.120000,0.600000
116493299,80,01101000100011000001010101110000110100000000111000001111111010000111000001011101,116478442,0,0.032000,0.800000
116493300,76,1111101110000001010100110000110100000000100001010011110001110011100110001111,116492275,0,0.028000,0.700000
116493301,79,1100100101011000000101010111000011010000000011000110101111100011000100011100100,116478442,0,0.032000,0.800000
116493305,78,011001001000110000011010101010000111100000000110101001011100000100111000111001,116470086,0,0.024000,0.500000
116493307,80,01111010001000110000001010101110000110100000000100011001011111001110011111111001,116470086,0,0.032000,0.700000
116493308,80,01111010001100110000001010111110000110100000000110011001011111001110011111111001,116470086,0,0.028000,0.800000
116493309,77,01001001100010100000101010111000011010000000001000100110111010000111101011011,116478442,0,0.028000,0.700000
116493311,78,011001001000110000011010101010000111100000000110101001011100000100111000111001,116506701,0,0.060000,0.600000
116493312,80,01110100000000101000010101011100001101000000001110010011111110100001110010010111,116499998,0,0.100000,1.000000
116493313,82,0011010001000110100001010101110000110100000000110001001111111010000111100100101110,116490316,0,0.040000,1.000000
116493314,75,001101011101000010101011100001101000000001000011011110100011101001001100111,116478438,0,0.100000,1.000000
116493316,73,1111011100000010101011100001101000000001000010110111000111001010011000111,116486632,0,0.025000,1.000000
116493318,79,0111100000001101000010101011100001101000000001110010011101101000011010010010111,116499998,0,0.100000,1.000000
116493319,82,1011000001000100000010101011100001111000000001000100011110101100011110011001010101,116499998,0,0.080000,0.800000
116493320,79,0111100100001101000010101011100001101000000001110010011101101000011010010010111,116506697,0,0.066667,1.000000
116493321,75,101100110011000000101010111000011010000000010000100101110100010111100011111,116486629,0,0.080000,0.800000
116493322,76,1110100001110000010101011100001101000000000010011010111000111100001011100011,116481611,0,0.053333,0.800000
116493323,76,1111101110000001010101110000110100000000100001010011110001110011100110001111,116503236,0,0.100000,1.000000
116493324,75,001101011101000010101011100001101000000001000011011110100011101001001100111,116503253,0,0.066667,1.000000
116493325,75,111101110000001010101110000110100000000100001011011110001110011100110101111,116506703,0,0.026667,0.800000
116493326,86,01111111101000000100001010101110000110100000000110111101011010101100011001110001111100,116486635,0,0.033333,1.000000
116493327,79,0011000010011000000101010111010011010000000010001011011010110101101000100110001,116468456,0,0.046667,0.700000
116493328,73,1101011100000101010111100011010000000010000100101111100110010101100001100,116480036,0,0.046667,0.700000
116493329,82,0010010001000110111001010111110000110100000000111001001111111010000110000001011101,116486636,0,0.066667,1.000000
116493330,73,1111011100000010101011100001101000000001000010010111000111001010011000111,116486636,0,0.066667,1.000000
116493331,80,01101000100011010000101010111000011010000000011000100111111010000111100100101110,116468456,0,0.053333,0.800000
116493332,82,0010010001000110111001010111110000110100000000111001001111111010000110000001011101,116486636,0,0.066667,1.000000
116493333,75,101010111000000101010111000011010000000010000101101110001110010100110001111,116486636,0,0.066667,1.000000
116493334,80,01101000100011010000101010111000011010000000011001001011111000000111100100101110,116468456,0,0.053333,0.800000
116493335,74,11010011000001010101111000110100000000100001001011111001110010101000001100,116486636,0,0.066667,1.000000
116493336,75,001101011101000010101011100001101000000001000011011110100011101001001100111,116500009,0,0.066667,1.000000
116493337,82,0010010001000111111001010111110000110100000000111001001111111010000110000001011101,116468456,0,0.040000,0.600000
116493338,73,1101011100000101010111100011010000000010000100101111100110010101100001100,116481600,0,0.053333,0.800000
116493339,81,011010001000110100001010101110000110101000000110001001111111010000111100000101110,116501527,0,0.053333,0.800000
116493340,72,111101100000010101011100001101000000001000010110111000111001010001000110,116503244,0,0.100000,1.000000
116493341,82,1100100000100110000001010101110000110100001000100010011011010110001101011100011001,116503244,0,0.080000,0.800000
116493343,82,1100100000100110000001010101110000110100001000100010011011010110001101011100011001,116483545,0,0.080000,0.800000
116493344,79,1110110010000110000010101011100001100000000011100010010101100001100111001110011,116485013,0,0.046667,0.700000
116493345,70,1010111010000111010111000011010000000011000010101111010110010100111111,116492269,0,0.040000,0.600000
116493346,77,11111011100001010101011100001101000000001000010110111100011100101001101011111,116485013,0,0.053333,0.800000
116493347,77,11111011100001010101011100001101000000001000010110111100011100101001101011111,116468449,0,0.120000,0.600000
116493348,83,11001000001011100000110101011100001101000000001010100111110101100011010011000111000,116508502,0,0.053333,0.800000
116493349,82,0011010001000110100001010001110000110100000000110001001111111010000111100100101110,116486639,0,0.066667,1.000000
116493350,80,01111000100011010000101010111000011010000100011100100111011010000110100100101111,116486639,0,0.066667,1.000000
116493351,83,11001000001011100000110101011100001101000000001000100110110101100011011011000110010,116486629,0,0.070000,0.700000
116493352,79,1101100101011000000101010111000011010000000011000000101111100011001101011100110,116486633,0,0.024000,0.600000
116493353,78,001011100010110010001010101110000110100000000110011001011111000011011000111001,116486641,0,0.028571,1.000000
116493354,82,0110101010001001000010101011100001101000100001101010011111010100011011001001011101,116486641,0,0.028571,1.000000
116493356,75,001101011101000010101011100001101000000001000011010110100011101001001100111,116486644,0,0.100000,1.000000
116493357,74,10101001100000010101011100001101000000001000011010111100011100001001100011,116486645,0,0.040000,1.000000
116493361,74,10101001100000010101011100001101000000001000011010111100011100001001100011,116505123,0,0.040000,0.800000
116493362,81,011010001000110100001010101110000110110000000110001001111111010000111100000101110,116486645,0,0.040000,1.000000
116493364,84,010110000010001000000101010111010011010010000010001000111111011000111100110011010101,116505123,0,0.030000,0.600000
116493365,88,0011001000001110110000010111011100101101000000001000100111110101101001110011001110011010,116506704,0,0.024000,0.600000
116493366,80,11000010001101000010101011100011101000000001100010011111110100001110000001011100,116481595,0,0.035000,0.700000
116493367,79,0100100110001001000010101011100001101000000001101110011011110100101111010010111,116486647,0,0.066667,1.000000
116493368,77,01001001100010010000101010111000011010000000110111001101111010010111101001011,116508497,0,0.046667,0.700000
116493369,79,0100100110001001000010101011100001101000000001101110011011110100101111010010111,116508497,0,0.053333,0.800000
116493370,73,1111011100000010101111100001101000000001000010110111000111001010011000111,116483541,0,0.046667,0.700000
116493371,80,10101100100001000000101010111000001010000000011000100101011100010001110011100110,116486647,0,0.066667,1.000000
116493372,79,0011000010011000000101010111010011010000000010001011011010110101101000100110001,116486648,0,0.100000,1.000000
116493373,80,11110000000110100001010101010000110100000000110001001111111010000111001001011101,116492281,0,0.030000,0.600000
116493374,80,01101000100001000001010101110000110100000000111000001111111010000111000001011101,116486649,0,0.028571,1.000000
116493375,75,111101001100000010101011100001111000000001000011010111000011100011001100011,116486641,0,0.028571,0.700000
116493376,74,10101001100000010101011100001101000000001000011010111101011100001001101011,116486649,0,0.028571,1.000000
116493377,82,0100100110001001000010101011100001101000000001100010011110110100001111101001011100,116505119,0,0.053333,0.800000
116493378,80,11110001000110100001010101010000110100000000110001001111111010000111001001011101,116486649,0,0.028571,1.000000
116493379,74,00011010111010001111010111000011010001000010000100101111001101011100110000,116492281,0,0.030000,0.600000
116493380,80,01101000100011010000101000111000011010000000011001000011111000000111100100101110,116492281,0,0.030000,0.600000
116493381,72,111010000110000001010101110000110100000000100001101011100011100000111000,116486650,0,0.100000,1.000000
116493382,82,0110100010101101000010101011100001101000000001100110011111110100001111000001001100,116486650,0,0.100000,1.000000
116493383,80,01111010001000110000001010101110000110100000000100011001011111001110011111111001,116486650,0,0.100000,1.000000
116493384,79,0110110010001100000010101010100001101000000001101010010111000001001110001110011,116486650,0,0.100000,1.000000
116493385,77,11010001000110100001010101110000110100010000100001001011111000110111000111001,116486650,0,0.100000,1.000000
116493387,83,11001000001011110000110101011100001101000000001000100110110101100011011011000110010,116506706,0,0.060000,0.600000
116493388,81,011010001000110100001010101110000110100000000110001001111111010000111000000101111,116503229,0,0.080000,0.400000
116493389,83,11001000001011110000110101011100001101000000001000100110110101100011011011000110010,116506706,0,0.060000,0.600000
116493390,77,11010001000110100001010101110000110100010000100001001011111000110111000111001,116473643,0,0.070000,0.700000
116493392,75,110101010010100010010101011100001101000000001100110010011100001000100111011,116508505,0,0.053333,0.800000
116493393,75,110101010010100010010101011100001101000000001100110010011100001000100111011,116492273,0,0.046667,0.700000
116493394,73,1101011100000101010111000011010000000010000100101111000111001000010000010,116490314,0,0.066667,1.000000
116493395,77,10010010101000000101010111000011010100000010000100101111100011001100111100100,116486651,0,0.045788,1.000000
116493396,80,01101000100011010000101010111000011010000000011000100111111010000111100100101110,116486651,0,0.045788,1.000000
116493397,77,01001001100010100000101010111000011010000000001000100110111010000111101011011,116486651,0,0.036630,0.800000
116493398,80,01101000100011010000101010111000011010000000011000100111111010000111100100101110,116492273,0,0.053333,0.800000
116493399,73,1101011100000101010111000011010000000010000100101111000111001000010000010,116486651,0,0.045788,1.000000
116493400,80,01101000100011010000101010111000011010000000011000100111111010000111100100101110,116490314,0,0.066667,1.000000
116493401,75,101100110011000000101010111000011010000000010000100101110100010111100111111,116490331,0,0.066667,1.000000
116493403,77,10111101110000001010101110000110100000000100001010011110001110011100110001111,116486651,0,0.045788,1.000000
116493404,77,10111101110000001010101110000110100000000100001010011110001110011100110001111,116486651,0,0.045788,1.000000
116493405,77,11110100001100000010101011100001101000000001000011010111000011100001011100011,116488541,0,0.100000,1.000000
116493406,81,011010001000110100001010101110000110100000000110001001111111010000111000001011101,116465105,0,0.080000,0.800000
116493407,75,101110011000000101010111000011010000000010000101101110001110010100110001111,116461673,0,0.100000,0.800000
116493408,78,111010010101100000010101011100001101000000001100010010111110001100100011101100,116498404,0,0.080000,0.800000
116493409,78,110101100100001000000101010111000011010000000011000000101010000110011100111001,116498404,0,0.080000,0.800000
116493410,75,101110011000000101010111000011010000000010000101101110001110010100110001111,116465105,0,0.080000,0.800000
116493411,81,001101000110011010000101010111010011010000000110001001111111010000111010101010101,116498404,0,0.060000,0.600000
116493412,75,101110011000000101010111000011010000000010000101101110001110010100110001111,116498404,0,0.080000,0.800000
116493413,77,01001001100010100000101010111000011010000000001000100110111010000111101011011,116498404,0,0.070000,0.700000
116493414,78,011011001000110000001010101110000110100000000110111001011101000100111000111001,116488541,0,0.100000,1.000000
116493415,80,01110100010001101000010101011100001101000000001100010011111110100001110010010111,116461673,0,0.100000,0.800000
116493416,80,01110100010001101000010101011100001101000000001100010011111110100001110010010111,116488541,0,0.100000,1.000000
116493417,79,0001011101010110010001010101110000110100000000110011001011111000011011000111001,116498404,0,0.070000,0.700000
116493418,75,101110111000000101010111000011010000000010000101101110001110010100110001111,116488542,0,0.100000,1.000000
116493419,74,00111010111010001101010111000011010000000010100100101111101111011000110100,116483543,0,0.060000,0.600000
116493420,78,110110010101100000010101011100001101000000001100010111111110001010111101110010,116506707,0,0.080000,0.800000
116493421,79,1101101101011000000101010111000011010100000011100000101111100011001101011100110,116483543,0,0.080000,0.800000
116493422,81,011110100010001100000010101011100001101000000001100110010111110011100111111110011,116506707,0,0.053333,0.800000
116493423,74,00111010111010001101010111001011010000000010100100101111101111011000110100,116488542,0,0.100000,1.000000
116493424,82,1011000001000110100001010101110000110100000000110001001111111000000111100100101110,116483543,0,0.070000,0.700000
116493425,83,11011000101011100000110101011100001101000000001001100111110101100011110011000110010,116506707,0,0.046667,0.700000
116493426,82,0010010001000110110001010111110000110100000000111001001111111010000110000001011101,116488542,0,0.040000,0.600000
116493427,82,0011010001000110100001010101110000110100000000110001001111111010000111100100101110,116488542,0,0.080000,0.800000
116493428,79,0101100000001101000010101011100001101000000001110010011101101000011010010010111,116483543,0,0.070000,0.700000
116493429,79,1101100101011000000101010111000011010000000011000000101111100011001101011100110,116483543,0,0.070000,0.700000
116493430,79,0111100000001101000010101011100001101000000001110010001101101000011010010010111,116488542,0,0.053333,0.800000
116493431,78,110110010101100000010101011100001101000000001100010111111110001010111101110010,116483543,0,0.070000,0.700000
116493432,80,11101110100001100000101010111000011000000000111000100101011000011001110011100111,116506698,0,0.060000,0.600000
116493433,83,11011000101011100000110101011100001101000000001001100111110101100011110011000110010,116483543,0,0.060000,0.600000
116493434,82,1011000001000110100001010101110000110100000000110001001111111000000111100100101110,116506698,0,0.070000,0.700000
116493435,79,0111100000001101000010101011100001101000000001110010001101101000011010010010111,116488542,0,0.053333,0.800000
116493437,75,011101001100000010101011100001101000000001000011010111101011100001001101011,116488543,0,0.100000,1.000000
116493438,83,00111100110101001000010101011100001101000010001100010011111110100001111001001011101,116488543,0,0.080000,0.800000
116493440,75,110101001100000010101011100001101000000001000011010111100011100001001100011,116488543,0,0.100000,1.000000
116493441,80,01111011001001111000001010101100000110100000000100011001011111000110011100111001,116488543,0,0.060000,0.700000
116493442,73,1110111000001010101010000110100000000100001011011100001110011100100001111,116488543,0,0.070000,0.700000
116493444,78,111011001000110000001010101110000110100000000100001001001101000100111010111001,116488543,0,0.100000,1.000000
116493445,73,1111011100000010101011100001101000000001100010110111000111001010011000111,116488544,0,0.050000,1.000000
116493446,76,0101100100001000001010101110000110100000000110001001010111000110011101110010,116488544,0,0.050000,1.000000
116493447,73,0111101110100001010101111000110100000000100001100110100011100001001000110,116471685,0,0.050000,0.800000
116493448,74,00111010111010001101010111000011010000000010100100101111101111011000110100,116488544,0,0.050000,1.000000
116493449,79,1101011100011000000101010111000011010000000011000000111111100011001100011000110,116505130,0,0.100000,1.000000
116493450,80,01101000100011010000101010111000011010000000011000100111111010000111100000101110,116488544,0,0.050000,1.000000
116493451,83,11011000101011100000110101011100001101000000001001100111110101100011110011000110010,116478448,0,0.024000,0.600000
116493452,78,011110110010111110000010101011000001101000000001000110010111110011001110011100,116478448,0,0.024000,0.600000
116493453,77,11010001000100100001010101110000110100000000100001001011111000110111000111001,116488544,0,0.050000,1.000000
116493454,77,11010001000110101001010101110000110100000000100001001011111000110111000110001,116478448,0,0.024000,0.600000
116493455,86,01110111101000000100001010101110000110100000000110111101001010101100011001110001111100,116478448,0,0.028000,0.700000
116493456,74,00111010111010001101010111000011010000000010100100101111101111011000110100,116505130,0,0.080000,0.800000
116493457,74,00111010111010001101010111000011010000000010100100101111101111011000110100,116471685,0,0.050000,0.800000
116493458,86,01110111101000000100001010101110000110100000000110111101001010101100011001110001111100,116488544,0,0.050000,1.000000
116493459,70,1010111010000111010111000011010000000011000011101111010110010100111111,116505130,0,0.080000,0.800000
116493460,70,1010111010000111010111000011010000000011000011101111010110010100111111,116478448,0,0.024000,0.600000
116493461,79,1011011001000110000001010101010000110100000000110101001011100000100111000111001,116505123,0,0.120000,0.700000
116493462,79,1011011001000110000001010101010000110100000000110101001011100000100111000111001,116481595,0,0.120000,0.700000
116493463,74,00111010111010001101010111000011010000000010100100101111101111011000110100,116471689,0,0.140000,0.700000
116493464,75,101110111000000101010111000011010000000010000101101110001110010100110001111,116488545,0,0.100000,1.000000
116493466,72,110100101100000010101011101001101000000001000011010111100011001010011101,116465087,0,0.070000,0.700000
116493467,72,110100101100000010101011101001101000000001000011010111100011001010011101,116478436,0,0.080000,0.800000
116493468,82,0011010001000110100001010101110000110100000000110101001111111010000111000001011101,116495374,0,0.140000,0.700000
116493470,74,10101001010000010101011100001101000000001000011010111101011100001001100011,116488545,0,0.100000,1.000000
116493471,75,101100110011000100101010111000011010000001010000100101110100010111000111011,116505123,0,0.070000,0.600000
116493472,83,11001000001011100000110101011100001101000000001000100110110101100011011011000110010,116471689,0,0.140000,0.700000
116493473,75,111010111000001010101111000110100000000100001001011111001110010101100001100,116480044,0,0.050000,0.500000
116493474,77,01001001100010100000101010111000011010000000001000100110111010000111101011011,116488545,0,0.100000,1.000000
116493475,75,010101001100000010101011100001101000000001000011010111101011100001001101011,116488545,0,0.100000,1.000000
116493476,74,00011010111010001111010111000011010001000010000100101111001101011100110000,116465087,0,0.060000,0.600000
116493477,70,0101011000000101010111000011010000000010000110101101000110010000100001,116505123,0,0.140000,0.800000
116493478,88,0011001000001111110000010101011100001101000000001000100111110101100001111011001110011000,116481595,0,0.140000,0.800000
116493479,76,1111100001100000010101011100001101000000001000011010111000011100001010100011,116506708,0,0.080000,0.800000
116493482,83,01011010001000110100001010101110000110100000000110001001111111000000111100100101110,116488546,0,0.066667,1.000000
116493484,80,01111011001101111000001010101100100100100000000100011001011111000110011100110001,116488546,0,0.066667,1.000000
116493486,80,01111011001101111000001010101100100100100000000100011001011111000110011100110001,116506708,0,0.060000,0.600000
116493487,76,0110110010001100000010100010100001101000100001101010010110100010011100011100,116488546,0,0.066667,1.000000
116493488,82,0110100011001101000110101011100001101000000001110010011111111110001100000010111010,116488546,0,0.066667,1.000000
116493489,75,110101001100000010101011100001101000000001000011010111100011100001001100011,116488546,0,0.066667,1.000000
116493492,76,1110100001100000010101011100001101000000001000011010111000011000011011100011,116471685,0,0.066667,1.000000
116493493,81,010010011000100100001010101110000110100000000110001001111111010000111110100101110,116505132,0,0.080000,0.800000
116493494,76,1110100101100000010101011100001101000000001000011010111000011100001011100011,116481615,0,0.040000,0.800000
116493495,80,01101000100001010000101010111100011010000000011001001111111000000111100100001110,116488549,0,0.200000,1.000000
116493496,76,0101100100001000001010101110000110100000000110001001010111000110011101110010,116488549,0,0.200000,1.000000
116493497,75,001101011101000010101011100001101000000001000011010110100011101001001100111,116488549,0,0.200000,1.000000
116493498,77,01011000101000000010101011100001101001000001101010010111110000100111011100001,116488549,0,0.200000,1.000000
116493499,79,1101011100011000000101010111000011010000000011000000111111100011001100011001110,116488549,0,0.200000,1.000000
116493500,77,10101100100011100001010101110000110100000000110001001010111100110011100111001,116505132,0,0.080000,0.800000
116493501,76,1110100001100000010101011100001101000000001000011010111000011000011011100011,116505132,0,0.080000,0.800000
116493502,77,11010001000100100001010101110000110100010000100001001011111000110111000111001,116488550,0,0.050000,1.000000
116493504,83,11001000001011100000110101011100001101000000001000100111110101100011010011000110010,116468449,0,0.120000,0.600000
116493507,78,011011001000110000001010101110000110100000000110101001011101000100111000111001,116468449,0,0.140000,0.700000
116493510,77,01111101110000001010101110010110100000000100001011011110001110010100110101111,116490326,0,0.046667,0.700000
116493512,75,110100001100000010101011100001101000000001000011010011100011100001001100011,116494068,0,0.100000,1.000000
116493513,71,11110111000000101010111000011010000000010000101101100011100101001100011,116488551,0,0.040000,1.000000
116493514,84,111001000001011100000110101011100011101000000001000100111111101100011010011000110010,116470079,0,0.070000,0.700000
116493515,75,110101010010100010010101011100001101000000001100110010011100001000100111011,116494068,0,0.080000,0.800000
116493516,73,0111101101000010101011100001101000000001000011010110100011101001001101111,116488551,0,0.040000,1.000000
116493517,78,011011001000110000001010101110000110100000000110101001011101000100111000111001,116476973,0,0.100000,0.600000
116493518,81,011010001000110100001010101110000110100000000110001001111111010000111100000101110,116470093,0,0.040000,1.000000
116493519,71,11110111000000101010111000011010000000010000101101100011100101001100011,116476973,0,0.100000,0.600000
116493520,75,001101011101000010101011100001101000000001000011010110100011101001101000111,116505123,0,0.040000,0.800000
116493521,75,001001011101000010101011100001101000000001000011010110100011101001101000111,116470093,0,0.032000,1.000000
116493522,80,01110100010001101000010101011100001101000000001110010011111110100001110010010111,116486645,0,0.032000,0.800000
116493523,84,111001000001011100000110101011100011101000000001000100111111101100011010011000110010,116476973,0,0.070000,0.800000
116493524,83,00110100110101001000010101011100001101000000001101010011111110100001111001001011101,116470079,0,0.100000,1.000000
116493525,80,11000010001101000010101011100011101000000001100010011111110100001110000001011100,116488551,0,0.040000,1.000000
116493526,88,0011001000001111110000010101011100001101000000001000100111110101100001111011001110011000,116470079,0,0.100000,1.000000
116493527,83,11001000001011110000110101011100001101000000001000100110110101100011011011000110010,116506704,0,0.028000,0.700000
116493528,78,011011001000110000001010101110000110100000000110101001011101000100111000111001,116494068,0,0.100000,1.000000
116493529,75,001001011101000010101011100001101000000001000011010110100011101001101000111,116470093,0,0.040000,1.000000
116493530,80,01110100010001101000010101011100001101000000001110010011111110100001110010010111,116506704,0,0.032000,0.800000
116493531,82,0011010001000110100001010101110000110100000000110001011111111010000111100000101110,116486633,0,0.024000,0.600000
116493532,75,000110101110100011010101110000110100000000101001001011111011110111001101001,116480039,0,0.023333,0.700000
116493533,77,10101100100011000001010101110000110100000000110001001010111100110011100111001,116498416,0,0.080000,0.800000
116493534,77,10101100100011000001010101110000110100000000110001001010111100110011100111001,116486640,0,0.040000,0.400000
116493535,77,10101100100011000001010101110000110100000000110001001010111100110011100111001,116488552,0,0.140000,0.700000
116493536,76,0001101011101000010101011100001100000000001000011010110100010101000001100111,116478453,0,0.032000,0.800000
116493537,83,00010100110101001000010101011100001101000000001100010011111110100001111001001011101,116471700,0,0.050000,1.000000
116493539,79,1100100101011000000101010111000011010000000011000110101111100011000100011100100,116503247,0,0.066667,1.000000
116493540,79,0111100000001101000010100111100001101000000001110010001101101000011011010010111,116478453,0,0.028000,0.700000
116493542,78,110111010001100000010101011100001101000000001100010101111111001000111101110010,116481608,0,0.040000,0.800000
116493543,78,110111010001100000010101011100001101000000001100010101111111001000111101110010,116495375,0,0.040000,0.600000
116493544,79,1100100101011000000101010111000011010000000011000110101111100011000100011100100,116496905,0,0.050000,1.000000
116493545,83,00010100110101001000010101011100001101000000001100010011111110100001111001001011101,116492276,0,0.032000,0.800000
116493546,81,011110100010001100000010101011100001101000000001100110010111110011100111111110011,116495375,0,0.066667,0.600000
116493548,83,00010100110101001000010101011100001101000000001100010011111110100001111001001011101,116492276,0,0.032000,0.800000
116493549,78,110101100100001000001010101110000110100000000110001001010111000110011100111001,116492276,0,0.032000,0.800000
116493551,78,110101100100001000001010101110000110100000000110001001010111000110011100111001,116488553,0,0.066667,1.000000
116493553,83,00010100110101001000010101011100001101000000001100010011111110100001111001001011101,116495375,0,0.066667,0.600000
116493554,78,110101100100001000001010101110000110100000000110001001010111000110011100111001,116496905,0,0.050000,1.000000
116493555,83,00010100110101001000010101011100001101000000001100010011111110100001111001001011101,116478453,0,0.040000,1.000000
116493556,81,010010011000100100001010101110000110100000000111001001111111010000111110100101110,116488554,0,0.100000,1.000000
116493557,79,0110101010001101000010101011100001101000100001100100111110011000111110011110111,116488554,0,0.100000,1.000000
116493558,86,00110010010011111100100101010111000011010000000010001001111101011000011110110011100110,116488554,0,0.100000,1.000000
116493559,76,1110110001100000010101111100001101000000001000011010111000011100001011100011,116488554,0,0.100000,1.000000
116493560,76,0111110010110000001010101010000110000000000110011001011111000010011000011001,116488554,0,0.100000,1.000000
116493561,81,011010001000110100001010101110000110101000000110001001111111010000111100000101110,116488554,0,0.100000,1.000000
116493562,78,100100101010000001010101110000110101000000101001001011111000110011001111001001,116488554,0,0.100000,1.000000
116493563,85,0011010111010110100001010101110000110100000000110001001111111010000111100100111110111,116488554,0,0.100000,1.000000
116493564,74,11101000011000000101010111000011010000000010000110101110000111000001110001,116488554,0,0.100000,1.000000
116493565,75,111101001100000010101011100001111000000001000011010111000011100011001100011,116466865,0,0.035000,0.700000
116493567,76,0101010111000000101010111000011010000000010000101101110001110010100110001111,116501524,0,0.053333,0.800000
116493568,75,101010111000000101010111000011010000000010000101101110001110010100110001111,116488555,0,0.066667,1.000000
116493569,75,101010111000000101010111000011010000000010000101101110001110010100110001111,116501524,0,0.053333,0.800000
116493570,82,0011010001000110100001010101110000110100000000110001001111111010000111100100101110,116488555,0,0.066667,1.000000
116493571,70,0100011000000101010111000011010000000010000110101101000110010000110001,116481602,0,0.053333,0.800000
116493572,83,01011010001000110100001010101110000110110000000110001001111111010000111100100101110,116488555,0,0.066667,1.000000
116493573,82,0110100011001101000110101011100001101000000001110010011111111100001100000010111010,116488555,0,0.066667,1.000000
116493574,79,1010110010000100100010101011100001101000000001000010010101110001100111001110011,116501524,0,0.046667,0.700000
116493575,75,101010111000000101010111000011010000000010000101101110001110010100110001111,116501524,0,0.053333,0.800000
116493576,70,0100011000000101010111000011010000000010000110101101000110010000110001,116488555,0,0.066667,1.000000
116493577,72,011110111010000101010111000011010000000010000110011010001110100100110011,116481602,0,0.053333,0.800000
116493578,76,1111101110000001010101110000110100000000100001010011110001110011100110001111,116488555,0,0.066667,1.000000
116493579,76,1111101110000001010101110000110100000000100001010011110001110011100110001111,116488555,0,0.066667,1.000000
116493580,75,101010111000000101010111000011010000000010000101101110001110010100110001111,116501524,0,0.053333,0.800000
116493581,87,100110010000011111100010101010111000011010000000010001001111101011000011110110011100110,116488556,0,0.040000,1.000000
116493582,84,010110000010001000000101010111000011010000000010001000111111011000111100110011010101,116488556,0,0.040000,1.000000
116493583,73,1001010011000000010101110000110100000000100001101011110001110001100110001,116488556,0,0.040000,1.000000
116493584,74,10101001100000010101011100001101000000001000011010111101011100001001100011,116488556,0,0.040000,1.000000
116493585,73,1001010011000000010101110000110100000000100001101011110001110000100110001,116488556,0,0.040000,1.000000
116493586,73,1111011100000010101011100001101000000001100010110111000111001010011000111,116490320,0,0.040000,1.000000
116493587,75,101010011000000101010111000011010000100010000110101111000111000010011000111,116488556,0,0.040000,1.000000
116493588,77,11010001000110100001010101110000110100010000100001001011111000110111000111001,116490320,0,0.032000,0.800000
116493589,74,10101001100000010101011100001101000000001000011010111101011100001001100011,116488556,0,0.040000,1.000000
116493590,82,0110101010001001000010101011100001101000100001101010011111010100011011001001011101,116495379,0,0.028000,0.700000
116493591,81,011010001000110100001010101110000110000000000110001001111111010000111101000101110,116480038,0,0.040000,0.600000
116493592,81,010010011000100100001010101110000110100000000111001001111111010000111110100101110,116480038,0,0.040000,0.600000
116493593,73,1111011100000010101011100001101000000001100010110111000111001010011000111,116488556,0,0.040000,1.000000
116493594,82,0110100011001101000110101011000001101000000001110010011111111100001100000010111010,116490320,0,0.028000,0.700000
116493595,79,0100100110001001000010101011100001101000000001100110011111110100001111010010111,116480038,0,0.040000,0.600000
116493596,81,011110100010001100000010101011100001101000000101100110010111110011100111111110011,116490320,0,0.032000,0.800000
116493597,78,110111010001100000010101011100001101000000001100010101111110001000111101110010,116488557,0,0.066667,1.000000
116493598,82,0111100010001101000010111011100001111000000001100010011111110000001111001001011001,116496913,0,0.100000,0.500000
116493599,75,101110111000000101010111000011010000000010000101101110001110010100110001111,116496913,0,0.120000,0.600000
116493600,82,0111100010001101000010111011100001111000000001100010011111110000001111001001011001,116503251,0,0.050000,0.500000
116493601,79,0111100000001101000010101011100001111000000001110010011101101000011010010010111,116486645,0,0.032000,0.700000
116493602,81,011110001000110100001110101110000110100000000110001001111110010000111100000101100,116486645,0,0.040000,0.700000
116493603,75,101010111000000101010111000011010000000010000101101110001110010100110001111,116476972,0,0.040000,1.000000
116493604,73,1111011100000010101011100001101000000001000010110111000111001010011000111,116483549,0,0.200000,1.000000
116493605,77,11110000000010100001010101110000110100000000111000001110110100011010010010111,116488558,0,0.040000,1.000000
116493606,81,010010011000100100001010101110000110100000000111101001111111010000111110100101110,116488558,0,0.040000,1.000000
116493607,80,01101000100011010000101010111000011010000000011000100111111010000111100100101110,116486645,0,0.040000,0.800000
116493608,81,011010001000110100001010101110000110100000000110001001111111110000111000000101111,116508499,0,0.200000,1.000000
116493609,81,010010011000100100001010101110000110100000000111101001111111010000111110100101110,116486645,0,0.016000,0.800000
116493610,73,1111011100000010101011100001101000000001000010110111000111001010011000111,116483549,0,0.200000,1.000000
116493611,87,010101111110000001000010101011100001101000100001101111011110101011000110011100011111001,116488558,0,0.016000,0.400000
116493612,83,01011010001000010100001010101110000111100000000110001001111111100100111000100101110,116488559,0,0.066667,1.000000
116493613,82,1101110100010001001001010101011100001101000000001000100111011000000011100100000111,116471684,0,0.046667,0.700000
116493614,78,011111001011000000101010111000011010000000010001100101111100001001100001100100,116503252,0,0.053333,0.800000
116493615,82,0001010001000110100001010101110000110100000000110001001111111010000111100100101110,116488559,0,0.066667,1.000000
116493616,80,11100100101011000000101010111000011010000000011000100101111100011000100011100100,116471684,0,0.053333,0.800000
116493617,86,00110010000011111100000101010111000011010000000010001001111101011000011110110011100110,116488559,0,0.066667,1.000000
116493618,81,011010001000110100001010101110000110110000000110000001111111010000111101000101110,116503252,0,0.046667,0.700000
116493619,77,01001001100010100000101010111000011010000000001000100110111010000111101011011,116488561,0,0.100000,1.000000
116493620,80,01001011101000110000001010101110000110100000000110011001011111000010011000011001,116492287,0,0.060000,0.600000
116493621,80,01001011101000110000001010101010000110100000000110011001011111000010011000011001,116488562,0,0.066667,1.000000
116493622,74,00011010111010001101010111000011010000000010100100101111101111011100110100,116496904,0,0.066667,0.700000
116493623,80,11001001100010010000101010111000011010000000011100100111111101000111111010001110,116496902,0,0.160000,0.800000
116493624,86,01101011000000001000011101011100001101000000001101111011010101011000110011100011111000,116488562,0,0.053333,0.800000
116493625,79,0010111010101100000010101011100001101000000000100110010111100000100110001110011,116496902,0,0.140000,0.700000
116493626,82,0111100010001101000010111011100001101000000001100010011111110100001111001001011101,116480043,0,0.080000,0.800000
116493628,83,11101100010101110000001010101110000110100000000100110011111010110001111001100011001,116496904,0,0.066667,0.800000
116493629,76,1010110010000100000101010111000011010000000011000100101011100011001110111001,116488562,0,0.066667,1.000000
116493630,79,0010111010101100000010101011100001101000000000100110010111100000100110001110011,116480043,0,0.080000,0.800000
116493631,80,01101000100011010000101010111000011010000000011001001011111000000111100000111110,116496904,0,0.066667,0.800000
116493632,74,00011010111010001101010111000011010000000010100100101111101111011100110100,116496904,0,0.066667,0.700000
116493633,76,1010110010000100000101010111000011010000000011000100101011100011001110111001,116503231,0,0.032000,0.800000
116493634,79,1011110010000101000010101011100001101000000001110010011101101000011010000010111,116490314,0,0.000000,0.000000
116493635,82,0110100010101101000010101011100001101000000001100110011111110100001111000001001100,116490317,0,0.053333,0.800000
116493636,77,01011000101000000010111011100001101001000001101010010111110001100111011100001,116468462,0,0.030000,0.600000
116493637,81,011010001000110100001010101110000110100000000110001001111111010000111100000101110,116506700,0,0.066667,1.000000
116493638,73,1111011100000010101011100001101000010001100010110111000111001010011000111,116490315,0,0.100000,1.000000
116493639,81,011010001000111100001011101110000111100000000110001001111111010000111100001011001,116490315,0,0.100000,1.000000
116493640,77,10101100100011100001010101110000110100000000110001001010111100110011100111001,116490315,0,0.100000,1.000000
116493641,81,010010011000100100001010101110000110100000000111101001111111010000111110100101110,116495383,0,0.053333,0.800000
116493642,82,0110100010101101000010101011100001101000000001100110011111110100001111000001001100,116501522,0,0.040000,1.000000
116493645,79,0110110010001100000010101010100001101000000001101010010111000001001110001110011,116485010,0,0.066667,0.800000
116493646,78,101011001100110000001010101110000110100000000100000001011101000101110001110110,116485010,0,0.066667,1.000000
116493647,78,010011001000110100001010101110000110100000001100010010111110011000111001110011,116490317,0,0.066667,1.000000
116493648,85,0011011000011111110000010101011100001101000000001000100111101011000011010110011100111,116490317,0,0.066667,1.000000
116493650,79,0011000010011000000101010111000011010000000010001011011010110101101000100111001,116490317,0,0.066667,1.000000
116493651,75,101110011000000101010111000011010000000010000101101110001110010100110001111,116490319,0,0.100000,1.000000
116493653,85,0011010111010110100001010101110000110100000000110001001111111010000111100100111110111,116490319,0,0.100000,1.000000
116493654,77,11111011100000010101011100001101000000001000010110111100011000101001101011111,116475187,0,0.020000,0.600000
116493655,73,1110011100000010101011100001101000000001000110110111000111001010011000111,116490319,0,0.100000,1.000000
116493656,79,0100100110001001000011101011100001101000000001100110011011110100001111000010111,116490320,0,0.040000,1.000000
116493657,80,11000010001101000010101011100011101000000001100010011111110100001110000001011100,116490320,0,0.040000,1.000000
116493658,79,0111100000001101000010101011100001101000000001110010011101101000011010010010111,116486634,0,0.066667,0.800000
116493659,77,01001001100010100000101010111000011010000000001000100110111010000111101111010,116490320,0,0.040000,1.000000
116493660,79,1101100101011000000101010111000011010000000011000000101111100011101101011100110,116490320,0,0.040000,1.000000
116493661,77,11010001000100100001010101110000110100010000100001001011111000110111000111001,116506709,0,0.024000,0.600000
116493662,77,01011001100110000001010001110100110100000000100001001011101000101110001110110,116483548,0,0.040000,0.500000
116493663,77,11010001000100100001010101110000110100010000100001001011111000110111000111001,116490320,0,0.040000,1.000000
116493664,77,00110010000100000010101011100001101011000001000010010101110001100111001110011,116490320,0,0.040000,1.000000
116493665,79,1101100101011000000101010111000011010000000011000000101111100011101101011100110,116483548,0,0.040000,0.600000
116493666,79,0111100000000101000010101011100001101000000001110010011101101000011010010010111,116488556,0,0.024000,0.600000
116493667,77,01011001100110000001010001110100110100000000100001001011101000101110001110110,116488556,0,0.020000,0.500000
116493668,77,01011001100110000001010001110100110100000000100001001011101000101110001110110,116483548,0,0.040000,0.500000
116493669,80,10101100100001000000101010111000011010000000010000100101011100011000110011100111,116488556,0,0.024000,0.600000
116493670,79,0111100000001101000010101011100001101000000001110010011101101000011010010010111,116490320,0,0.040000,1.000000
116493671,79,1101100101011000000101010111000011010000000011000000101111100011101101011100110,116490320,0,0.040000,1.000000
116493672,84,101011010001001010100001010101110000111100000000110001001111111100100111000100101110,116480038,0,0.040000,0.600000
116493673,77,00110010000100000010101011100001101011000001000010010101110001100111001110011,116483548,0,0.040000,0.500000
116493674,77,01001001100010100000101010111000011010000000001000100110111010000111101011011,116490321,0,0.028000,0.700000
116493675,86,00110010000111111000000101010111000011010000000010001001111101011000011110110011100110,116483540,0,0.040000,0.800000
116493676,81,011010001000110100001010101110000110100000000110001001111111010000111100000101110,116490321,0,0.040000,1.000000
116493677,86,00110010000011111000000101010111000011010000000010001001111101011000011110110011100110,116505128,0,0.066667,1.000000
116493678,77,01011001100110000001010101110000110100000000100001001011101000101110001110110,116483548,0,0.060000,0.600000
116493679,81,001111011001001111000001010101100000110100000000100011001011111000110011100111001,116490322,0,0.050000,1.000000
116493681,79,1101100101011000000101010111000011010000000011000000101111100011001101011100110,116490322,0,0.050000,1.000000
116493682,73,1111011100000010101011100001101000000001110010110111000111001010011000111,116471697,0,0.060000,0.600000
116493683,77,01011001100110000001010101110100110100000000100001001011101000101110001110110,116490322,0,0.050000,1.000000
116493685,74,10101001100000010101011100001101000000001000011010111100011100001001100011,116490323,0,0.066667,1.000000
116493687,79,0011000010011001000101011111000011010000000010001011011010110101101000100110001,116468463,0,0.050000,0.500000
116493688,75,111010111000001010101111000110100000000100001001011111001110010101100001100,116490324,0,0.050000,1.000000
116493689,79,0111100000001101000010101011100001101000000001110010011101101000011010010010111,116490324,0,0.050000,1.000000
116493690,79,0111100000001101000010101011100001101000000001110010011101101000011010010010111,116468463,0,0.060000,0.600000
116493691,75,111010111000001010101111000110100000000100001001011111001110010101100001100,116492288,0,0.039293,0.800000
116493692,84,100011010001000110100001010101110000110100000000110001001111111010000111100100101110,116483546,0,0.053333,0.800000
116493693,84,111010000010111000001101010111000011010000000010001101111101011000010100110001100101,116476971,0,0.080000,0.800000
116493694,72,110101110100001010101110000110100000100110000101001110001100111001111010,116500005,0,0.022857,0.800000
116493695,82,0110100010001101000010101011100001101000000001100010011111110000001110000010111011,116470078,0,0.053333,0.800000
116493696,72,110101110100001010101110000110100000100110000101001110001100111001111010,116476987,0,0.080000,0.800000
116493697,81,011110100010001100000010101011100001101000000101100110010111110011100111111110011,116506699,0,0.100000,0.800000
116493699,81,011010001000110100001010101110000110100000000110001001111111010000111000001011101,116490329,0,0.066667,1.000000
116493700,81,011010001000110100001010101110000110100000000110001001111111010000111000001011101,116490329,0,0.066667,1.000000
116493701,80,01111000100011010000101010111000011010000100011100100111011010000110100100101111,116490329,0,0.066667,1.000000
116493702,75,010110010000100000101010011000011010000000011000100101011100011001110111001,116506711,0,0.070000,0.700000
116493703,81,011010001000110100001010101110000110100000000110001001111111010000111000001011101,116476985,0,0.066667,0.800000
116493704,82,0101110100010001001000010101011000001101000000001000100111110000010011100110010110,116476985,0,0.066667,0.700000
116493707,80,10110110010001100000010101011100001101000000001100010010111110001001110001110010,116490329,0,0.066667,1.000000
116493709,86,01110111101000000100001010101110000110100000000110111101011010101100011101110001111100,116506711,0,0.080000,0.800000
116493710,72,010100101100000010101011101001101000000001000011010111100011001010011101,116506711,0,0.070000,0.700000
116493711,79,0111100000001101000010101111100001101000000001110010001101101000011011010010111,116505134,0,0.060000,0.600000
116493712,78,001111100101100000010101011100001101000000001100110011111110000100111000110010,116492281,0,0.035000,0.700000
116493713,74,00011010111010001111010111000011010001000010000100101111001101011100110000,116503242,0,0.060000,0.600000
116493714,82,0100100110001001000010101011100001101000000001100110011110110100001111101001011100,116492281,0,0.035000,0.700000
116493715,88,0011001000001111110000010111011100101101000000001000100111111101101001110011001110011010,116503242,0,0.060000,0.600000
116493716,88,0011001000001111110000010111011100101101000000001000100111111101101001110011001110011010,116492281,0,0.030000,0.600000
116493717,82,0011010001001110100001010101110000110100000000110001001111111010000111000001011101,116492281,0,0.035000,0.700000
116493718,74,00011010111010001111010111000011010001000010000100101111001101011100110000,116492281,0,0.030000,0.600000
116493719,81,001101000110011010001101010111010011010000000110001001111111010000111010101010101,116490332,0,0.060000,0.600000
116493720,81,011010001000110100001010101110000110100000000110001001101111010000111100000101110,116471682,0,0.032000,0.600000
116493721,74,00111010111010001101010111000011010000000010100100101111101111011000110100,116478439,0,0.060000,0.600000
116493722,80,11100100101011000001101010111000011010000000011000100101111100011000100011100100,116490335,0,0.200000,1.000000
116493723,75,101010011000000101010111000011010000000010000110101111000111000010011000111,116490335,0,0.120000,0.600000
116493724,75,001101011101000010101011100001101000000001000011010110100011101001001100111,116501534,0,0.040000,0.600000
116493725,80,11100100101011000001101010111000011010000000011000100101111100011001100011100100,116490335,0,0.120000,0.600000
116493726,73,1011010111010000101010111000011010000000010000110101010001110100100110011,116490335,0,0.200000,1.000000
116493727,74,00111010111010001101010111000011010000000010100100101111101111011000110100,116501534,0,0.040000,0.600000
116493728,73,1111011100000010101011100001101000000001100010110111000111001010011000111,116490335,0,0.200000,1.000000
116493729,75,101010011000000101010111000011010000000010000110101111000111000010011000111,116490335,0,0.200000,1.000000
116493730,75,101010011000000101010111000011010000000010000110101111000111000010011000111,116490335,0,0.200000,1.000000
116493731,79,1110100101011000000101010111000011010000000011000100101111100011000100011101100,116490335,0,0.200000,1.000000
116493732,75,001101011101000010101011100001101000000001000011010110100011101001001100111,116501534,0,0.040000,0.600000
116493733,73,1111011100000010101011100001101000000001100010110111000111001010011000111,116490335,0,0.200000,1.000000
116493734,73,1111011100000010101011100001101000000001100010110111000111001010011000111,116490335,0,0.200000,1.000000
116493735,75,101010111000000101010111000011010000000010000101101110001110010100110001111,116490335,0,0.200000,1.000000
116493736,75,101010011000000101010111000011010000000010000110101111000111000010011000111,116490335,0,0.200000,1.000000
116493737,77,01011001100110000001010111110100110100000000100001001011101000101110001110110,116508495,0,0.070000,0.700000
116493738,75,101010011000000101010111000011010000000010000110101111000111000010011000111,116490335,0,0.200000,1.000000
116493739,75,101010011000000101010111000011010000000010000110101111000111000010011000111,116490335,0,0.200000,1.000000
116493740,79,1101011101110100001010101100001110100000000101001100011100010110010100110101100,116485012,0,0.035000,0.700000
116493742,75,101010011000000101010111000011010000000010000110101111000111000010011000111,116492267,0,0.100000,1.000000
116493743,81,011010101000110100001010101110000110100000100110001001110111010000111101000101110,116485012,0,0.040000,0.800000
116493744,82,0111100010001101000010111011100001111000000001100010011111110000001111001001011001,116492267,0,0.100000,1.000000
116493745,73,1111011100000010101011100001101000000001100010110111000111001010011000111,116492267,0,0.100000,1.000000
116493746,81,011010101000110100001010101110000110100000100110001001110111010000111101000101110,116492267,0,0.100000,1.000000
116493747,82,1111000001000100000101010111000010010000000010001001111101011001111100110011110101,116488543,0,0.070000,0.700000
116493748,77,01011000101000000010101011100001101001000001101010010111110000100111011100001,116492267,0,0.100000,1.000000
116493749,73,1111011100000010101011100001101000000001100010110111000111001010011000111,116498402,0,0.040000,0.800000
116493751,80,01111010001001110000001010101110000110110000000110011101011111001110011111110101,116498408,0,0.080000,0.800000
116493752,79,0111100000001101000010101011100001101000000001110010011101101000011010010010111,116492267,0,0.080000,0.600000
116493753,77,11110000000101000010101011100001101000000001110010011101101000011010010010111,116488543,0,0.080000,0.800000
116493755,83,11001000001011110000110101011100001101000000001000100110110101100011011011000110010,116492267,0,0.100000,1.000000
116493756,86,00110010000011111000000101010111000011010000000010001001111101011000011110110011100110,116496907,0,0.100000,1.000000
116493757,78,010011001000110000001010101110000110100000001100010010111110001000111001110011,116492268,0,0.200000,1.000000
116493758,74,10101001100000010101011100001101000000001000011010111100011100001111100011,116492268,0,0.200000,1.000000
116493759,80,01111011001001111000011010101100000110110000000100011001011111000010011100111001,116492268,0,0.200000,1.000000
116493760,81,011010101000110100001010101110000110100010000110010011111010100011111001001011111,116492268,0,0.200000,1.000000
116493761,78,011110110010111110000010101011000001101000000001000110010111110011001110011100,116496907,0,0.080000,0.800000
116493762,82,1011010001000111100001010101110000111100000010111001001011111010000111100001011101,116492270,0,0.070000,0.500000
116493763,80,01111011001001111000011010101100000110110000000100011001011111000010011100111001,116496907,0,0.060000,0.600000
116493764,81,100100100110001001000011101011100001101000000001100110011011110100001111010010111,116492268,0,0.200000,1.000000
116493765,79,0110101010001101000010101011100001101000100001100100111110011000111110010110111,116496907,0,0.080000,0.800000
116493766,74,10101001100000010101011100001101000000001000011010111100011100001111100011,116508507,0,0.200000,1.000000
116493767,84,111001000001011100000110101011100001101000000001000100111110101100011010011000110010,116492268,0,0.200000,1.000000
116493768,74,10101001100000010101011100001101000000001000011010111100011100001111100011,116508507,0,0.200000,1.000000
116493769,83,11001000001011100010110101011100001101000000001000100111110101100011010011000110010,116496907,0,0.070000,0.700000
116493770,82,1011000101011100000010101011100001101000000011001100111110101100011110011100110100,116492268,0,0.200000,1.000000
116493771,81,101110100010001101000010101001000001101000000001000010011011110100000110010010111,116496907,0,0.070000,0.700000
116493772,81,010010011000100100001010101110000110100000000111001001111111010000111110100101110,116508507,0,0.200000,1.000000
116493773,72,010100101100000010101011101001101000000001000011010111100011001010011101,116492268,0,0.200000,1.000000
116493774,77,10101100100011000001010101110000110100000000110001001010111100110011100111001,116508507,0,0.200000,1.000000
116493775,83,01011010001000010100001010101110000111100010000110001001111111000100111000100101110,116508507,0,0.200000,0.700000
116493776,81,010010011000100100001010101110000110100000000111001001111111010000111110100101110,116492268,0,0.200000,1.000000
116493777,76,1010110010000100000101010111000011010000000011000100101011100011001110111001,116492268,0,0.200000,1.000000
116493778,75,101010111000000101010111000011010000000010000101101110001110010100110001111,116481613,0,0.160000,0.800000
116493779,81,011010001000110100001010101110000110100000000110001001111111010000111000000101111,116468460,0,0.046667,0.700000
116493781,77,10101100100011000001010101110000110100000000110001001010111100110011100111001,116492269,0,0.066667,1.000000
116493782,86,00110000000011111100000101010111000011010000000010001001111101011000011110110011100110,116468460,0,0.046667,0.700000
116493783,79,1101100100011000000101010111000011010010000011000100111111100010001100011000111,116501529,0,0.070000,0.700000
116493785,81,100010100000001001010010101011101001101000000001110010011111110100001110010010111,116468460,0,0.046667,0.700000
116493786,78,111001001010110000001010101110000110100000000110001010111110001100110001110010,116468460,0,0.046667,0.700000
116493787,81,101111000100001010000101010111000011010000000011100100111011010000110100000101111,116465088,0,0.046382,1.000000
116493788,79,1011011001000110000001010101010000110100000000110101001011100000100111001111001,116501513,0,0.033333,0.500000
116493789,76,1110100001100000010101011100001101000000001000011010111000111100001010100011,116485014,0,0.040000,0.600000
116493790,80,01111011001001111000011010101100000110110000000100011001011111000010011100111001,116492270,0,0.100000,1.000000
116493791,81,011101000100111010000101010110000011010000000011100100111111101001011100100101111,116478433,0,0.053333,0.800000
116493793,80,01101000100010000001010101110000110100000000111000001111111010000111000001011101,116496907,0,0.100000,1.000000
116493794,76,1110100001100000010101011100001101000000001000011010111000111100001010100011,116505129,0,0.040000,0.600000
116493795,75,010110010000100000101010111000011010000000011000100101011100011001110111001,116492270,0,0.100000,1.000000
116493796,80,01111011001001111000011010101100000110110000000100011001011111000010011100111001,116492270,0,0.100000,1.000000
116493797,70,1010111010000111010111000011010000000011000010101111010110010100111111,116478433,0,0.053333,0.800000
116493798,80,01101000100010000001010101110000110100000000111000001111111010000111000001011101,116468454,0,0.040000,0.600000
116493800,73,1111011100000010101011100001101000000001100010110111000111001010011000111,116481613,0,0.160000,0.800000
116493802,76,0110100001100000010101011100001101000000001000011010111000011100001010101011,116481617,0,0.100000,1.000000
116493803,76,0101100110011000000101010111000011010000000010000100101110100010111100111011,116492271,0,0.066667,1.000000
116493804,84,010110000010001000000101010111000011110000000010001000111101011000111100110011010101,116468459,0,0.033333,0.500000
116493805,82,0011010001000110100001010101110000110100100000110101001111111010000111000001011101,116492271,0,0.066667,1.000000
116493807,70,1010111010000111010111000011010000000011000010101111010110010100111111,116492271,0,0.066667,1.000000
116493808,82,0011010001000110100001010101110000110100100000110101001111111010000111000001011101,116492271,0,0.066667,1.000000
116493809,83,11001000001011100000110101011100001101000000001010100111110101100011010011000110000,116501517,0,0.040000,0.600000
116493810,75,000110101110100011010101110000110100000000101001001011111011110111001101001,116492271,0,0.066667,1.000000
116493811,77,01001001100010100000101010111000011010000000001000100110111010000111101011011,116468459,0,0.033333,0.500000
116493812,72,011110111010000101010111100011010000000010000110011010011110100100110011,116492271,0,0.066667,1.000000
116493813,74,10101001100000010101011100001101000000001000011010111100011100001001100011,116501517,0,0.040000,0.600000
116493814,75,110101010010100010010101011100001101000000001100110010011100001000100111011,116470088,0,0.037106,0.800000
116493816,82,0011010001000110100001010101110000110100100000110101001111111010000111000001011101,116481613,0,0.140000,0.700000
116493818,76,0110110010001100000010101010100001101000000001101010010111000001001110001100,116492271,0,0.066667,1.000000
116493821,82,0011010001000110100001010101110000110100100000110101001111111010000111000001011101,116490322,0,0.040000,0.800000
116493824,77,01110100001100000010101011100001101000000001000011010110000011100001011100011,116492272,0,0.066667,1.000000
116493825,77,01110100001100000010101011100001101000000001000011010110000011100001011100011,116492273,0,0.053333,0.800000
116493826,75,100101001100000010101011100001101000000001000011010111100011100001001100011,116471674,0,0.080000,0.800000
116493827,77,11110000000110100001010101110000110100000000111001000110110100001101001001011,116492272,0,0.000000,0.000000
116493828,76,1111101110000001010100110000110100000000100001010011110001110011100110001111,116492272,0,0.066667,1.000000
116493830,82,1001000001001100000010101011100001101000000001000100111110101001011010011001110011,116485012,0,0.050000,1.000000
116493831,82,0110100010101101000010101011100001101000000001100110011111110100001111000001001100,116486651,0,0.045788,1.000000
116493834,77,10101100100011000001010101110000110100000000110001001010111100110011100111001,116505124,0,0.053333,0.800000
116493835,78,110111010001100000010101011100001101000000001100010101111110001000111101110010,116500006,0,0.200000,1.000000
116493836,75,111101110000001010101010000010100000000100001011011100001110011100100001111,116492273,0,0.040000,0.600000
116493837,77,11011001000110000001010101110000100100000000100001000011101001100101000111101,116492273,0,0.066667,1.000000
116493838,78,010110010001000000110101011100001101000000001100000101111000011001111111010100,116506700,0,0.053333,0.800000
116493839,75,001101011101000010101011100001101000000001000011010110100011001001001100111,116492273,0,0.066667,1.000000
116493840,78,010110010001000000110101011100001101000000001100000101111000011001111111010100,116492273,0,0.066667,1.000000
116493841,75,111101110000001010101110000110100000000100001011011110001110011101110101111,116485012,0,0.050000,1.000000
116493843,75,111010000110000001010101110000110100000000100001101011100001110000011100011,116492274,0,0.100000,1.000000
116493844,75,011101001110000010101011100001101000000001000011010111101011100001001101011,116492274,0,0.080000,0.800000
116493845,77,01001001100010100000101010111000011010000000001000100110111010000111101011011,116492274,0,0.070000,0.700000
116493846,82,0111100010001101000010111011100001101000000001100010011111110100001110001001011101,116505135,0,0.140000,0.700000
116493847,75,011101001100000010101011100001101000000001000011010111101011100001001101011,116505135,0,0.160000,0.800000
116493848,79,1001001100010010000101010111000011010000000011100100111111101000011111010001110,116492275,0,0.040000,1.000000
116493849,79,0111100000001101000010101011100001101000000001110010011101101000011010010010111,116492275,0,0.040000,1.000000
116493850,79,0111100000001101000010101011100001101000000001110010011101101000011010010010111,116496904,0,0.053333,0.800000
116493851,81,011010001000110100001010101110000110100000000110001001111111010000111100000101110,116492275,0,0.040000,1.000000
116493852,78,110110010001100000010101011100001101000000001000010101111010001000111101110010,116492290,0,0.080000,0.800000
116493853,82,1010000101001100000101010111000011010000000010001001111101011000111100110011110101,116492275,0,0.040000,1.000000
116493854,87,011101111010000001000010101011100001101000000001001111010110101011000110011100011111000,116503239,0,0.080000,0.800000
116493855,74,10101001100000010101011100001101000000001000011010111100011100001001100011,116492275,0,0.040000,1.000000
116493858,79,0011011001000110000101010101110000110110000000110101001011001000000111000111001,116483548,0,0.050000,0.500000
116493859,78,011110110010111110000010101011000001101000000001000110010111110011001110011100,116492276,0,0.040000,1.000000
116493860,82,0110101010001001000010101011100001101000100101101010011111010100011011001001011101,116496909,0,0.025000,0.500000
116493861,70,1010111010000111010111000011010000000011000110101011010110010100111111,116480047,0,0.028000,0.700000
116493862,75,101010011000000101010111000011010000000010000110101111000111000011111000111,116471700,0,0.050000,1.000000
116493864,78,011110110010111110000010101011000001101000000001000110010111110011001110011100,116492276,0,0.040000,1.000000
116493865,80,10110101000001101000010101011100001101000100001100100111110011000111110010110111,116496909,0,0.030000,0.600000
116493866,79,0011011001000110000101010101110000110110000000110101001011001000000111000111001,116485009,0,0.040000,0.400000
116493868,82,0110101010001001000010101011100001101000100001101010011111010100011011001001011101,116492276,0,0.040000,1.000000
116493869,77,11001001010110000001000101110000110000000000100001001011111000110011000110010,116471700,0,0.035000,0.700000
116493870,74,00111010111010001101010111000011010000000010100100101111101111011000110100,116480047,0,0.028000,0.700000
116493871,82,0110101010001001000010101011100001101000100001101010011111010100011011001001011101,116483548,0,0.050000,0.500000
116493872,74,00111010111010001101010111000011010000000010100100101111101111011000110100,116496909,0,0.035000,0.700000
116493873,75,001100110011000000101010111000011010000000010000100101110100010111000111010,116496909,0,0.030000,0.600000
116493874,79,1010110010000100000010101011100001101000000001000010010101110001100111001110011,116492277,0,0.050000,1.000000
116493875,81,011010001000111100001011101110000111100000000110001001111111010000111100001011001,116465100,0,0.046667,0.700000
116493876,79,1101101101011000000101010111000011010000000011000000101111100011001101011100110,116492273,0,0.053333,0.800000
116493877,75,110100001100000010101011100001101000000001000011010011100011100001001110011,116492277,0,0.050000,1.000000
116493878,75,110100001100000010101011100001101000000001000011010011100011100001001110011,116508508,0,0.050000,0.700000
116493879,78,100100101010000001010101110000110101000000101001001011111000110011001111001001,116492273,0,0.046667,0.700000
116493880,83,01101110100010001001000010101011100001101000000001000100111011000000011100100000111,116465100,0,0.066667,1.000000
116493881,81,111010001000110100001010101110000110100010000110001001111111010000111100000101110,116492277,0,0.050000,1.000000
116493882,78,010010001010000000101010111001001010000000011000110101111100011000110111100100,116505118,0,0.046667,0.600000
116493883,81,010110100010001110000101010111000011011000000011000100111111101000011110010010111,116492277,0,0.000000,0.000000
116493884,78,010100001010000000101010111000011010010000011000100101111100011001110111000010,116505118,0,0.053333,0.600000
116493885,77,01110100001100000010101011100001101000000001000011010110000011100001011100011,116492277,0,0.050000,1.000000
116493886,79,1110110010000110000010101011100001100000000011100010010101100001100111001110011,116501523,0,0.030000,0.600000
116493888,78,101011001000110000001010101110000110100000000100001001001101000100111000111001,116465100,0,0.066667,1.000000
116493890,79,1101000110011010000101010111000011010000000011000100111111010000111000000101110,116501523,0,0.040000,0.800000
116493891,87,011101111010000001000010101111100001101000000001101111010110101011000110011100011111000,116492277,0,0.050000,1.000000
116493892,79,1100100101011000000101010111000011010000000011000110101111100011000100011100100,116492277,0,0.050000,1.000000
116493893,76,1110100001100000010101011100001101000000001000011010111000011100001010100011,116492273,0,0.053333,0.800000
116493894,79,1101100101011000000101010111000011010000000011000000101111100011001101011100110,116501523,0,0.040000,0.800000
116493895,81,100101000100110000001010101110000110100000000100010011011010111100101001100111001,116492277,0,0.050000,1.000000
116493896,81,001101000110011010000101010111010011010000000110001001111111010000111010101010101,116492277,0,0.050000,1.000000
116493897,82,0111100010001101000010101011100001101000000001100010011111111100001111001001011101,116486633,0,0.024000,0.600000
116493898,74,10101001100000010101011100001101000000001000011010111100011001010011000101,116480039,0,0.026667,0.800000
116493899,86,00110010010011111100100101010111000011010000000010001001111101011000011110110011100110,116480039,0,0.023333,0.700000
116493900,78,011011001000110000101010101110000110110000000110101001011101000000111000111001,116480039,0,0.020000,0.600000
116493901,88,0011001000001111110000010101011100001101000000001000100111110101100001111011001110011000,116480039,0,0.026667,0.800000
116493902,80,01101000100010000001010101110000110100000000111000011111111010000111000001011101,116480039,0,0.026667,0.800000
116493903,88,0011001000001111110000010101011100001101000000001000100111110101100001111011001110011000,116492278,0,0.032000,0.800000
116493904,80,01101000100001010000101010111000011010000000011001001011111000000111100100101110,116478437,0,0.040000,0.700000
116493905,77,11011001000110000001010101110001110100000000100001001011101000100111000111001,116492278,0,0.040000,1.000000
116493906,74,10101001100001010101011100001101000000001000011010111101011100001001100011,116500014,0,0.026667,0.400000
116493907,76,1110100001100000010101011100001101000000001000011000111000011100001011100011,116492279,0,0.066667,1.000000
116493908,78,001011101010110000001010101110000110100000000010011001011110000010011000111001,116500014,0,0.026667,0.400000
116493909,88,0011001000001111110000010101011100001101100000001000100111110101100001111011001110011000,116492279,0,0.066667,1.000000
116493910,76,1111101110000001010101110000110100000000100001010011110001110011100110001111,116496900,0,0.066667,1.000000
116493911,81,011010000000110100001010101111000110100000000110001001111111010000111000001011101,116492279,0,0.066667,1.000000
116493912,75,101010011000000101010111000011010000000010000110101111000111000010011000111,116492279,0,0.066667,1.000000
116493913,77,01111001000100000011010101110000110100000000110000010111100101100111111101010,116500001,0,0.070000,0.700000
116493914,75,010110010000100000101010111000011010000000011000100101011100011001110111001,116496900,0,0.066667,1.000000
116493915,76,1111101110000001010101110000110100000000100001010011110001110011100110001111,116500001,0,0.080000,0.800000
116493917,74,10101001100000010101111100001101000000001000011010111100011001010011000101,116508509,0,0.066667,0.800000
116493918,82,0110100010101101000010101011100001101000000001100110011111110100001111000001011100,116492280,0,0.066667,1.000000
116493919,81,101111000100001010000101010111000011010000000011100100111011010000110100000101111,116492280,0,0.066667,1.000000
116493920,82,0100000110001001000010101011100001101000000001100010011110110100001111101001011100,116508509,0,0.053333,1.000000
116493921,79,0110101010001101000010101011100001101000100001100100111110011000111110011110111,116492280,0,0.066667,1.000000
116493922,82,1101110100010001001000010101011100001101000000001000100111011000000011100100000111,116492280,0,0.066667,1.000000
116493923,79,1101000110011010000101010111000011010000000011000100111111010000111000000101110,116508509,0,0.066667,1.000000
116493926,75,110100001100000010101011100001101000000001000011010011100011100001001110011,116492280,0,0.066667,1.000000
116493927,81,001010001000110100001010101110001110100000000110001001111111010000111110000101110,116486649,0,0.017143,0.600000
116493928,70,1010111010000111010111000011010000000011000011101111010110010100111111,116471684,0,0.046667,0.700000
116493929,82,1100100000100110000001010101110000110100001000100010011011010110001101011100011001,116492281,0,0.050000,1.000000
116493930,70,1010111010000111010111000011010000000011000011101111010110010100111111,116492281,0,0.040000,0.800000
116493931,88,0011001000001111110000010101011100001101000000001000100111110101100001111011001110011000,116471684,0,0.053333,0.800000
116493932,82,1100100000100110000001010101110000110100001000100010011011010110001101011100011001,116470087,0,0.120000,0.600000
116493933,77,01011000000100000011010101110000110100000000110000010111100101100111111101010,116492281,0,0.030000,0.600000
116493934,79,0110100010001101000010101011100001101000000001100010011111110100011100010010111,116492281,0,0.050000,1.000000
116493935,80,01110100000001101000010101011100001101000000001110010011111110100001110010110111,116492281,0,0.035000,0.700000
116493936,81,110101100100001000000101010111000011010000000010000100100011100011001110011100111,116492281,0,0.035000,0.700000
116493937,74,11111011100000010101011100001101000000001000010110111000111001010011000111,116492281,0,0.050000,1.000000
116493938,73,1111011100000010101011100001101000000001100010110111000111001010011000111,116492281,0,0.050000,1.000000
116493939,81,111010001000110100001010101110000110100010000110001001111111010000111100000101110,116492281,0,0.030000,0.600000
116493940,70,1010111010000101011111000011010000000011001110101111100110011100101100,116505119,0,0.046667,0.700000
116493941,79,1110110010000110000010101011100001100000000011100010010101100001100111001110011,116476985,0,0.060000,0.600000
116493942,76,1110100001100000010101011100001101000000001000011010111000011100001010100011,116476985,0,0.080000,0.800000
116493943,77,01011001000100000011010101110000110100000000110000010111100101100111111101010,116492282,0,0.066667,1.000000
116493944,74,10101001100000010101011110001101000000001000011010111100011100001001100011,116492282,0,0.066667,1.000000
116493945,76,1110110001100000010101111100001101000000001000011010111000011100001011100011,116492282,0,0.066667,1.000000
116493946,78,001011100101000000010101011100001101000000001110010110111110011100010011100010,116492282,0,0.066667,1.000000
116493947,76,1110110001100000010101111100001101000000001000011010111000011100001011100011,116492282,0,0.066667,1.000000
116493948,81,011010001000110101001010101110000110100000000110001001111111010000111000001101110,116476985,0,0.070000,0.700000
116493949,82,0111000010001101000010101011100001101000000001100010011111110100001111001001011101,116492283,0,0.200000,1.000000
116493950,81,011010001000110100001010101110000110100000000110001001101111010000111100000101110,116492283,0,0.200000,1.000000
116493951,84,011001000001111110000010101011000001101000000001000100111110101000011110110011100110,116492283,0,0.200000,1.000000
116493952,83,01011010001000110100001010101110000110100000000110001001111111000000111000100101110,116492283,0,0.200000,1.000000
116493953,75,101100010100000010101011100001101001000001101010010111110000100111011100001,116492283,0,0.200000,1.000000
116493954,74,11010011000001010101111000110100000000100001001011111001110000101000001100,116492283,0,0.200000,1.000000
116493955,77,10101100100011000001010101110000110100000000110001001010111100110011100111001,116492283,0,0.200000,1.000000
116493956,79,1101100101011000000101010111000011010000000011000000101111100011101101011100110,116492283,0,0.200000,1.000000
116493957,79,0011100000001101000010101011100001000000000001110010011101101000011010010010101,116492283,0,0.200000,1.000000
116493958,74,11010011000001010101111000110100000000100001001011111001110000101000001100,116495381,0,0.080000,0.800000
116493959,75,111101110000001010101110000110100000000100001011011110001110011100110101111,116492283,0,0.200000,1.000000
116493960,76,1110110001100000010101011100001101000000001000011010111000011100001011100011,116495381,0,0.100000,1.000000
116493961,86,01110111101000000100001010101110000110100000000110111101001010101100011001110001111100,116492283,0,0.200000,1.000000
116493962,79,1101100101011000000101010111000011010000000011000000101111100011101101011100110,116492283,0,0.200000,1.000000
116493963,79,0111100000001101000010101011100001101000000001110010011101101000011010010010111,116495381,0,0.100000,1.000000
116493964,77,01111101110000001010101110000110100000001100001011011110001110010100110101111,116508492,0,0.160000,0.800000
116493965,77,10010010101000000101010111000011010100000010000100101111100011001100111100100,116484996,0,0.140000,0.700000
116493966,83,01011010000000110100001010101110000110100000000110001001101111000000011100100101110,116492284,0,0.040000,1.000000
116493967,77,10010010101000000101010111000011010100000010000100101111100011001100111100100,116484996,0,0.140000,0.700000
116493968,75,010110010000100000101010111000011010000000011000100101011100011001110111001,116490325,0,0.053333,0.800000
116493969,82,0011010001000110100001010101110000110100000000110001001111111010000111100100101110,116496904,0,0.053333,0.800000
116493970,77,01011001000100000011010101110000110100000000110000010111100101100111111101010,116508492,0,0.160000,0.800000
116493971,77,11000001000110100001010101110000110100000000100001001011111000110111000111001,116503246,0,0.080000,0.800000
116493972,81,010010011000100100001010101110000110100000000111001001111111010000111110100101110,116508492,0,0.200000,1.000000
116493973,77,01011001100110000001010101110100110100000000100001001011101000101110001110110,116492284,0,0.040000,1.000000
116493974,77,10101100100011000001010101110000110100000000110001001010111100110011100111001,116484996,0,0.160000,0.800000
116493977,77,10101100100011000001010101110000110100000000110001001010111100110011100111001,116492285,0,0.066667,1.000000
116493978,75,001101011101000010101011100001101000000001000011011110100011101001001100111,116492285,0,0.066667,1.000000
116493980,72,110101110100001010101110000110100000001000011010110100011101001000100110,116492285,0,0.066667,1.000000
116493983,81,011010001000110100001010101110000110100000000110001001111111010000111100000101110,116492285,0,0.066667,1.000000
116493985,82,0110100011001101000110101011100011101000000001100010011111111100001100000010111010,116492285,0,0.066667,1.000000
116493988,74,11110011000000111010111000011010000001010010101101111000010001100110001111,116492285,0,0.066667,1.000000
116493989,82,1101110000010001001000010101011100101101000000001000100111011000000011100100000111,116492285,0,0.066667,1.000000
116493990,75,001101011101000010101011100001101000000001000011010110100011101001001100111,116492286,0,0.100000,1.000000
116493992,78,110101100100001000000101010111000011010000000011000100101010000110011100111001,116492286,0,0.100000,1.000000
116493993,82,1101110100010001001000010101011100001101000010001000100111011000000011110100000111,116492286,0,0.100000,1.000000
116493994,76,1011110010110000001010101110000110100000001100110010111110000100110000110010,116492286,0,0.100000,1.000000
116493995,82,0110101010001001000010101011100001101000100001101010011111010100001011001001011101,116492286,0,0.100000,1.000000
116493996,73,1111011100000010101011100001101000000001000010110111000111001010011000111,116498405,0,0.032000,0.800000
116493998,73,0111101110100001010101111000110100000000100001100110100011101001001100110,116492286,0,0.100000,1.000000
116493999,78,101011001000110000010101011100001101000000001100010010101111001100111001110010,116500012,0,0.080000,0.800000
116494001,83,11101100010101110000001010101110000110100000000100110011111010110001111001100011001,116492286,0,0.100000,1.000000
116494002,81,011010101000110100001010101110000110100000000110001001111111010000111100000101110,116492286,0,0.100000,1.000000
116494003,82,0011010001000110100001010101110000110100000000110001001111111010000111100100101110,116492286,0,0.100000,1.000000
116494004,75,110110010001110000101010111000011010000000010000100101110100010011100011100,116492287,0,0.100000,1.000000
116494005,81,011000001000010100001010101110000110100000000110001001111111010000111100000101110,116492287,0,0.100000,1.000000
116494007,82,0011010101000110100011010101110000110100000000110101001111111010000111000001011101,116498417,0,0.080000,0.800000
116494008,72,011010111010000101010111000011010000000010000110101010001110100100110011,116501515,0,0.100000,1.000000
116494009,82,0011010101000110100011010101110000110100000000110101001111111010000111000001011101,116492287,0,0.100000,1.000000
116494010,72,011010111010000101010111000011010000000010000110101010001110100100110011,116501515,0,0.100000,1.000000
116494011,80,01101000100011010000101010111000011010000000011000100111111010000111100100101110,116465088,0,0.050000,1.000000
116494012,82,0011010101000110100011010101110000110100000000110101001111111010000111000001011101,116470088,0,0.040000,0.800000
116494013,72,011010111010000101010111000011010000000010000110101010001110100100110011,116498417,0,0.100000,1.000000
116494014,82,0011010101000110100011010101110000110100000000110101001111111010000111000001011101,116498417,0,0.080000,0.800000
116494015,72,011010111010000101010111000011010000000010000110101010001110100100110011,116465088,0,0.050000,1.000000
116494016,79,1101011101110100001010101100001110100000000101001100011100010110010100110101100,116496911,0,0.140000,0.700000
116494017,87,001100100000111110000001010101110000110100000000100010011111010110000111101100111001101,116488561,0,0.060000,0.600000
116494018,76,1110100001100000010101011100001101000000001000011010111000111100001010100011,116496911,0,0.200000,1.000000
116494019,82,1011010001000111100001010101110000110100000000110001001011111010000111100001011101,116498414,0,0.100000,1.000000
116494020,79,1101011101110100001010101100001110100000000101001100011100010110010100110101100,116470088,0,0.035000,0.700000
116494021,82,0011010101000110100011010101110000110100000000110101001111111010000111000001011101,116490326,0,0.046667,0.700000
116494022,80,01101001100011011000101010111000011110000000011001001011111100000111100100101110,116498417,0,0.070000,0.700000
116494023,81,011110100010001100000010101011100001101000000101100110010111110011100111111110011,116470088,0,0.040000,0.800000
116494025,82,1011010001000110100001010101110000110100000000110001001111110010000111100100101110,116486642,0,0.160000,0.800000
116494026,75,001101011101000010101011100001101000000001000011011110100011101001001100111,116485003,0,0.030000,0.600000
116494027,76,1110110001100000010101111100001101000000001000011010111000011100001011100011,116468455,0,0.066667,1.000000
116494028,76,1011111010110000001010101110000110100000001100110010111110000100110000110010,116490324,0,0.025000,0.500000
116494029,81,011010001000110100001010101110000110100000000110001001111101000000111000000101111,116473635,0,0.053333,0.800000
116494030,77,10101100100011000001010101110000110100000000110001001010111100110011100111001,116473635,0,0.053333,0.800000
116494033,81,101110100010101001000011101011000001101000000001010100111110000010011100110010110,116508503,0,0.120000,0.600000
116494034,76,1110100001100000010101011100001101000000001000011010111000011100001011100111,116473635,0,0.053333,0.800000
116494036,81,011010101000110100001010101110000110100010000110010011111010100011111001001011111,116473635,0,0.046667,0.700000
116494038,82,1011010001000110100001010101110000110100000000110001001111110010000111100100101110,116492288,0,0.049116,1.000000
116494039,77,10101100100011000001010101110000110100000000110001001010111100110011100111001,116492289,0,0.100000,1.000000
116494040,82,0110100010101101000010101011100001101000000000100110011111110100001111000001011100,116500004,0,0.040000,0.600000
116494041,79,1101011101110100001010101100001110110000000101001100011100010110010100110101100,116475187,0,0.020000,0.600000
116494042,82,1101110100010001001000010101011100001101000000001000100111011000000011101100000111,116485004,0,0.066667,1.000000
116494043,75,111010111000001010101111000110100000000100001001011111001110010101100001100,116506712,0,0.080000,0.800000
116494044,75,001101011101000010101011100001101000000001000011010110100010101001001100111,116490313,0,0.040000,0.600000
116494045,75,010110010000100000101010111000011010000000011000100101011100011001110111001,116475187,0,0.020000,0.600000
116494046,78,110100010000101000010101011100001101000000001100100101111100000011100100101110,116490313,0,0.040000,0.600000
116494047,79,1101100101011000000101010111000011010000000011000000101111100011001101011100110,116492289,0,0.100000,1.000000
116494048,77,10101100100011000001010101110000110100000000110001001010111100110011100111001,116492289,0,0.100000,1.000000
116494049,86,11110011000101011100000010101011100001101000001001000100110010101100010110011001110010,116492289,0,0.100000,1.000000
116494050,77,01011000101000000010111011100001101001000001101010010111110001100111011100001,116506712,0,0.070000,0.700000
116494051,79,0110100010001101000010101011100001101000000011000100111111101000011110000010111,116506712,0,0.080000,0.800000
116494052,79,1011011001000110000001010101010000110100000000110101001011100000100111000111001,116490313,0,0.033333,0.500000
116494053,79,0110100010001101000010101011100001101000000011000100111111101000011110000010111,116500004,0,0.040000,0.600000
116494054,78,110110010101000001010101011100001101000000001100010111111110001010111101110010,116492290,0,0.100000,1.000000
116494055,75,101110111000000101010111000011010000000010000101101110101110010100110001111,116485016,0,0.160000,0.800000
116494056,78,110110010101000001010101011100001101000000001100010111111110001010111101110010,116492290,0,0.100000,1.000000
116494057,82,0110100010101101000010101011100001101000000001100110011111110100001111000001001100,116498409,0,0.200000,1.000000
116494058,82,0110100010101101000010101011100001101000000001100110011111110100001111000001001100,116498409,0,0.200000,1.000000
116494059,81,011110100010001100000010101011100001101000000001100110010111110011110111111110011,116492290,0,0.100000,1.000000
116494060,80,01111011001011111000001010101100000110100000000100011001011111000110011100111001,116492290,0,0.100000,1.000000
116494061,80,01111011001011111000001010101100000110100000000100011001011111000110011100111001,116492290,0,0.100000,1.000000
116494062,82,0111100010001101000010111011100001101000000001100010011111110100001111001001011101,116498409,0,0.160000,0.800000
116494063,79,0111101100100111100000101010110000010010000000010001100101111100011001110011101,116485016,0,0.120000,0.600000
116494064,75,101110110110000001010101110000110100000000100101101001111001100100110110001,116498409,0,0.200000,1.000000
116494065,74,10101001000000010111011100001101000000001000011010111101011000001001100011,116492290,0,0.100000,1.000000
116494066,82,0110100010101101000010101011100001101000000001100110011111110100001111000001001100,116498409,0,0.200000,1.000000
116494072,78,001011000101010000010101011100001101000000001100010010110110011100110011100010,116481613,0,0.160000,0.800000
116494076,77,11010001000110100001010101110000110100000000100001001011111000110111000111001,116496907,0,0.100000,1.000000
116494077,76,1110100001100000010101011100001101000000001000011010111000111100001010100011,116492270,0,0.100000,0.600000
116494079,80,01101000100010000001010101110000110100000000111000001111111010000111000001011101,116471684,0,0.053333,0.800000
116494086,83,10111100010001101000010101011100001101000000001100010011111110100000111001001011101,116498401,0,0.100000,1.000000
116494087,82,0011010001000110100001010101110000110100000000110001001111111010000111100100101110,116490329,0,0.053333,0.800000
116494090,86,01110111101000000100001010101110000110100000000110111101001010101100011001110001111100,116481614,0,0.060000,0.600000
116494093,77,11001001010110000001000101110000110100000000110100001011111000110011000110010,116481602,0,0.046667,0.700000
116494094,81,011010001000110100001010101110000110100000000110001001111111010000111000000101110,116468456,0,0.053333,0.800000
116494095,70,0101011000000101010111000011010000000010000110101101000110010000110001,116501524,0,0.053333,0.800000
116494100,79,0100100110001001000010101011100001101000000001101110011011110100101111010010111,116498402,0,0.040000,0.800000
116494103,79,0100100110001001000010101011100001101000000001101110011011110100101111010010111,116503240,0,0.053333,0.800000
116494107,79,0100100110001001000010101011100001101000000001101110011011110100101111010010111,116490314,0,0.066667,1.000000
116494108,79,1010110010000100000010101011100001101000000001000010010101110001100111001110011,116488543,0,0.080000,0.800000
116494111,82,1111000001000100000101010111000011010000001010001001111101011001111100110011110101,116498402,0,0.035000,0.700000
116494115,74,10101001100000010101011100001101000000001000011010111101011100001001101011,116484998,0,0.200000,1.000000
116494120,88,0011001000001111110000010111011100101101000000001000100111111101101001110011001110011010,116496901,0,0.120000,0.600000
116494122,77,10011011111010000101010111000011011000000010000110101101000110010010011001111,116496901,0,0.140000,0.700000
116494130,77,01011001000100000011010101110000110100000000110000010111100101100111111101010,116459872,0,0.066667,1.000000
116494131,77,01011001000100000011010101110000110100000000110000010111100101100111111101010,116496912,0,0.040000,0.400000
116494132,79,1010110010100100000010101011100001101000000001000010010101110001100111001110011,116459872,0,0.066667,1.000000
116494144,80,01111011001001111000011010101100000110110000000100011001011111000010011100111001,116498406,0,0.060000,0.600000
116494145,81,011010001000110100001010101110000110101000000110001001111111010000111100001101110,116508500,0,0.160000,0.800000
116494147,79,0011000010011000000101010111000011010000000010001011011010110101101000100111101,116499998,0,0.100000,1.000000
116494148,75,110101010000100010010101011100001101000000001100110010011100001000110111011,116503228,0,0.070000,0.700000
116494151,82,0110100000001101000010101011110001101000000001100010011111110100001110000010111011,116470090,0,0.040000,0.400000
116494160,74,10101001100000010001011100001101000000001000011010111100011100001001100011,116501514,0,0.160000,0.800000
116494161,75,101110111000000101000111000011010000000010000101101110001110010100110001111,116494067,0,0.040000,0.400000
116494162,81,001101000110011010000101010111010011010000000110001001111111010000111010101010101,116471694,0,0.060000,0.600000
116494167,82,1101110100010001001000010101011100001101000010001000100111011000000011110100000111,116486632,0,0.017500,0.700000
116494168,84,001011010000000110100001010101110000110100000000110001001111111000000111100100101110,116486632,0,0.020000,0.800000
116494170,77,01010000101000000010101011100001101001000001100010010111110001100111011100001,116486632,0,0.017500,0.700000
116494171,78,110110010101100000010101011100001101000000001100010111111110001010111101110010,116481609,0,0.040000,0.600000
116494172,84,010110100000001101000010101011100001101000000001100010011111110000000111001001011101,116490318,0,0.080000,1.000000
116494173,75,110100001100000010101011100001101000000001000011011111100011000001001100001,116500009,0,0.066667,1.000000
116494174,77,01011001100110000001010101110000110100000000100000001011101000101110001110110,116481609,0,0.040000,0.600000
116494175,74,10101001100100010101011100001101000000001000011010111100011100001111100011,116505117,0,0.070000,0.700000
116494176,79,1101011100011000000101010111000011010000000011000000111111100011001100011000110,116505125,0,0.040000,1.000000
116494177,73,1101011100001010101111000110100000000100101001011111001110010101100001100,116503229,0,0.100000,0.500000
116494178,81,010010011000100100001010101110000110100000000110001001111111010000111100100101110,116486650,0,0.070000,0.700000
116494179,75,011101001100000010101011100001101000000001000011010111101011100001001101011,116503229,0,0.080000,0.400000
116494180,88,0011001000001111110000010101011100001101000000001000100111110101100001111011001110011000,116486650,0,0.070000,0.700000
116494184,86,00110010001011111100000101010111000011010000000010001001111101011000011110110011100110,116492287,0,0.060000,0.600000
116494185,79,0111100100001101000010101011100001101000000001110010011101101000011010010010111,116475186,0,0.060000,0.600000
116494186,80,11000010001101000010101011100011101000000001100010011111110100001110000001011100,116492269,0,0.040000,0.600000
116494187,85,0011001000001111110000010101011100001101000000001000100101101011000011010110011100111,116492269,0,0.046667,0.700000
116494188,76,0101100100001000001010101110000110100000000110001001010111000110011101110010,116503239,0,0.080000,0.800000
116494189,79,1001001100010010000101010111000011010000000011100100111111101000011111010001110,116492269,0,0.046667,0.700000
116494190,79,0110101010001101000010101011100001101000100001100100111110011000111110010110111,116492290,0,0.070000,0.700000
116494191,74,10101001100000010101011100001101000000001000011010111100011001010011000101,116463291,0,0.100000,1.000000
116494192,84,101011010001001010100001010101110000111100000000110001001111111100100111000100101110,116463291,0,0.100000,1.000000
116494193,78,111010010101100000010101011100001101000000001100010010111110001100100011101100,116503239,0,0.100000,0.800000
116494194,79,0110100010001101000010101011100001101000000011000100111111101010011110000010111,116498409,0,0.160000,0.800000
116494195,74,11101000011000000101010111000011010000000010000110101110000111000001110001,116498409,0,0.200000,1.000000
116494197,81,011010001000110100001010101110000110100000000110001001111111010000111100000101110,116475180,0,0.160000,0.800000
116494199,86,00110010010011111100100101010111000011010000000010001001111101011000011110110011100100,116471689,0,0.140000,0.700000
116494201,78,011011001000110000001010101110000110100000000110101001011101000100111000111001,116501516,0,0.080000,0.800000
116494207,78,001011001000011000010101011100001101000000001100010010101110001100111001110011,116473641,0,0.200000,1.000000
116494209,79,0111100000001101000010101011100001111000000001110010011101101000011010010010111,116465087,0,0.100000,1.000000
116494210,81,011010001000110101001010101110000110100000000110001001111111010000111000001101110,116488545,0,0.080000,0.800000
116494212,79,1101100101011000000101010111000011010000000011000000101111100011001101011100110,116488545,0,0.100000,1.000000
116494213,88,0011001000001111110000010111011100101101000000001000100111110101101001110011001110011010,116505118,0,0.040000,0.600000
116494215,83,10110100010001101000010101011100001101000000001100010011111110000001110000010111011,116465087,0,0.100000,1.000000
116494216,76,1011110010110000001010101110000110100000001100110010111110000100110000110010,116465087,0,0.100000,1.000000
116494217,78,110110010001100000010101011100001101000000001000010101111010001000111101110010,116501529,0,0.080000,0.800000
116494218,74,01101011101000010101011100001101000000001100011010110100011101001001100011,116501529,0,0.080000,0.800000
116494219,78,010011001000110100001010101110000110100000001100010010111110011000111001110011,116465089,0,0.200000,1.000000
116494220,80,01001011101000110000001010101110000110100000000110011001011111000010011000011001,116496901,0,0.160000,0.800000
116494221,72,011110111010100101010111100011010000000010000110011010001110100100110011,116490322,0,0.035000,0.700000
116494224,82,1111000001000100000101010111000010010000000010001001111101011001111100110011110101,116492271,0,0.040000,0.600000
116494229,80,01111010001001110000001010101110000110110000000110011101011111001110011111110101,116498418,0,0.080000,0.400000
116494230,79,1110110010000110000010101011100001100000000011100010010101100001100111001110011,116503230,0,0.140000,0.700000
116494231,77,11010001000110100001010101110000110100010000100001001011111000110111000111001,116505118,0,0.066667,0.600000
116494239,78,110110010101100000010101011100001101000000001100010111111110001010111101110010,116498404,0,0.080000,0.800000
116494241,74,10101001100000010101011110001101000000001000011010111101011100001001101011,116498416,0,0.070000,0.700000
116494247,77,11110100011100000010101011100001101000000001000011010111000011100001011100011,116503231,0,0.032000,0.800000
116494249,76,0111101110000001010101010000010100000000100001011011100001110011100100001111,116503231,0,0.024000,0.600000
116494250,81,011010001000110100001010101110000110100000000110001001111111010000011100000101110,116480043,0,0.100000,1.000000
116494251,75,110100001100000010101011100001101000000001000011010011100011100001001110011,116466868,0,0.200000,1.000000
116494252,76,0110100001100000010101011100001101000000001000011010111000011100001010101011,116466868,0,0.200000,1.000000
116494253,81,011110100010001100000010101011100001101000000001100110010111110011100111111110011,116481615,0,0.040000,0.800000
116494254,79,1101000110011010000101010111000011010000000011000100111111010000111000000101110,116466868,0,0.200000,1.000000
116494260,79,1101011100011000000101010111000011010000010011000000111111100011001100011000111,116468448,0,0.200000,1.000000
116494261,82,1001000001001100000010101011100001101000000001000100110110101101010010011001110011,116468449,0,0.200000,1.000000
116494262,82,1100100000100110000001010101110000110100001000100010011011010110001101011100011001,116468449,0,0.200000,1.000000
116494263,83,01011010001000110100001010101110000110100000000110001001111111000000111100100101110,116492288,0,0.200000,1.000000
116494264,74,10111100101100000010101011100001101000000011001101011111000010011000011001,116468463,0,0.060000,0.600000
116494265,70,1010111010000111010111000011010000000011000110101011010110010100111111,116468450,0,0.200000,1.000000
116494267,76,1110100001100000010101011100001101000000001000011010111000011100001001100011,116463286,0,0.040000,0.400000
116494269,76,1110100001100000010101010100001101000000001000011000111000011100001011100011,116468455,0,0.053333,0.800000
116494270,79,1010110010000100000010101011100001100000000001000010010101110001100101001110011,116468455,0,0.066667,1.000000
116494271,77,11111011100000010101011100001101000000001000010110111100011100101001101011111,116468455,0,0.066667,1.000000
116494272,81,001010001000110100001010101110001110100000000110001001111111010000111110000101110,116468456,0,0.066667,1.000000
116494273,81,011110100010001100000010101011100001101000000101100110010111110011100111111110011,116481602,0,0.046667,0.700000
116494274,75,101010011000000101010111000011010000000010000110101111000111000010011000111,116481602,0,0.053333,0.800000
116494275,81,011110100010001100000010101011100001101000000101100110010111110011100111111110011,116468456,0,0.066667,1.000000
116494277,73,1001001100000010101011100001101000000001100010010111110101110010001110110,116468456,0,0.066667,1.000000
116494281,76,1111101110000001010101110000110100000000100001011011110001110010100110011111,116478442,0,0.060000,0.800000
116494282,84,011001000001111110000010101011100001101000000101000100111110101000011110110011100110,116495380,0,0.046667,0.700000
116494283,76,1110100001100000010101011100001101000000001000011010111000011100001011100111,116468460,0,0.066667,1.000000
116494284,81,011010001000110100001010101110000110100000000110001001111111010000111000001011101,116468460,0,0.066667,1.000000
116494285,79,1010110010000100000010101011100001101000000001000010010101110001100111001110011,116506690,0,0.046667,0.700000
116494286,75,101010111000000101010111000011010000000010000101101110001110010100110101111,116468460,0,0.066667,1.000000
116494287,75,101110111000000101010111000011010000000010000111101110001110010100111001111,116468460,0,0.066667,1.000000
116494292,80,01111010001001110000001010101110000110110000000110011101011111001110011111110101,116468461,0,0.023333,0.700000
116494293,79,1010110010000100000010101011100001101000000001000010010101110001100111001110011,116468461,0,0.026667,0.800000
116494294,77,11110100001100000010101011100001101000000001000011010111000011100001011100011,116470078,0,0.066667,1.000000
116494295,83,01101110100010001001000010101011100001101000000001000100111011000000011100100000111,116476973,0,0.040000,0.600000
116494296,80,10101100100001000000101010111000011010000000010000100101011100011001110011100110,116488551,0,0.024000,0.600000
116494297,75,101010011000000101010111000011010000000010000110101111000111000010011000111,116476972,0,0.040000,1.000000
116494298,80,10101100100001000000101010111000011010000000010000100101011100011001110011100110,116470079,0,0.100000,1.000000
116494299,83,00011010101000110100001010101110000110100000000110001001111111010000111100100101110,116483549,0,0.200000,1.000000
116494300,80,01101000100011010000101010111000011010000000011000100111111010000111100100101110,116476972,0,0.100000,1.000000
116494301,83,00011010101000110100001010101110000110100000000110001001111111010000111100100101110,116476973,0,0.100000,0.600000
116494302,72,011010111010000101010111000011010000000010000110101010001110100100110011,116476972,0,0.100000,1.000000
116494303,74,00111010111010001101010111000011010000000010100100101111101111011000110100,116470079,0,0.100000,1.000000
116494304,77,10010011000100100001011101110000110100000000110001001100110100001010010010111,116470079,0,0.100000,1.000000
116494305,80,10110101000001101000010101011100001001000100001100100111110011000111110010110111,116476973,0,0.100000,0.500000
116494306,77,10011011111010000101010111000011011000000010000110101101000110010010011001111,116470079,0,0.040000,0.800000
116494307,78,101101100100110000001010101110000110100000000110001001011111000100111000111001,116476972,0,0.100000,1.000000
116494308,80,10101100100001000000101010111000011010000000010000100101011100011001110011100110,116470079,0,0.100000,1.000000
116494309,82,1001000001001100000010101011100001101000000001000100110111101001011010011001110011,116476972,0,0.100000,1.000000
116494310,83,11001000001011110000110101011100001101000000001000100110110101100011011011000110010,116476973,0,0.100000,0.700000
116494311,80,11100100101011000001101010111000011010000000011000100101111100011000100011100100,116470079,0,0.100000,1.000000
116494312,75,101010011000000101010111000011010000000010000110101111000111000010011000111,116476972,0,0.100000,1.000000
116494313,77,11010001000110100001010101110000110100000000100001001011111000110111000110001,116470079,0,0.100000,1.000000
116494314,74,00111010111010001101010111000011010000000010100100101111101111011000110100,116476973,0,0.046667,0.700000
116494315,80,01101000100001010000101010111100011010000000011001001111111000000111100100001110,116470081,0,0.100000,1.000000
116494316,74,11111011100000010101011100001101000000001000010110111000111001010011000111,116483539,0,0.080000,0.800000
116494320,79,0011000010011001000101010111000011010000000010001011011010110101101000100110001,116470083,0,0.100000,1.000000
116494321,79,0011100000001101000010101011100001100000000001110010011101101000011010010010101,116470083,0,0.100000,1.000000
116494322,76,1110100001100000010101011100001101000000001000011010111000011100001010100011,116494069,0,0.053333,0.800000
116494323,83,00110100110101101000010101011100001101000000001100010011111110100001111001001011101,116494069,0,0.053333,0.800000
116494324,82,0011010001000110100001010101110000100100000000110001001111111010000111100100101110,116470083,0,0.100000,1.000000
116494325,80,01101000100001010000101010111000011010000000011001001011111000000111100100101110,116470083,0,0.100000,1.000000
116494326,75,001101011101000010101011100001101000000001000011010110100011101001001100111,116480036,0,0.053333,0.800000
116494327,81,011010101000110100001010101110000110100000000110001001110111010000111101000101110,116494069,0,0.053333,0.800000
116494328,75,101010011000000101010111000011010000000010000110101111000111000010011000111,116470079,0,0.100000,1.000000
116494329,77,01011000101000000010111011100001101001000001101010010111110001100111011100001,116470083,0,0.100000,1.000000
116494330,80,01111000100011010000101010111000011010000100011100100111011010000110100100101111,116470083,0,0.100000,1.000000
116494331,77,01011001100110000001010001110100110100000000100001001011101000101110001110110,116470083,0,0.100000,1.000000
116494332,79,1101000110011010000101010111000011010000000011000100111111010000111000000101110,116470083,0,0.100000,1.000000
116494333,80,11100100101011000001101010111000011010000000011000100101111100011000100011100100,116470079,0,0.080000,0.800000
116494334,81,011010101000110100001010101110000110100000100110001001110111010000111101000101110,116476972,0,0.080000,0.800000
116494335,75,101110011000000101010111000011010000000010000101101110001110010100110001111,116470083,0,0.100000,1.000000
116494336,85,1110010000010111000001101010111000011010000000010001001111111011000110100110001100101,116476972,0,0.080000,0.800000
116494337,79,0011100000001101000010101011100001100000000001110010011101101000011010010010101,116492289,0,0.080000,0.800000
116494338,75,101010011000000101010111000011010000000010000110101111000111000010011000111,116470083,0,0.100000,1.000000
116494339,77,10101100100011000001010101110000110100000000110001001010111100110011100111001,116470083,0,0.100000,1.000000
116494340,73,1110100110000001010101110000111000000001100001101011100001110001001100011,116494069,0,0.040000,0.600000
116494341,78,111011001000110000001010101110000110100000000100001001001101000100101000111001,116470083,0,0.100000,1.000000
116494342,76,1110110001100000010101011100001101000000001000011010111000011100001011100011,116490325,0,0.053333,0.800000
116494343,83,01011010000000110100011010101110000110100000000110001001101111000000011100100101110,116503246,0,0.070000,0.700000
116494344,75,111101110000001010101010000010100000000100001011011100001100011100100001111,116492281,0,0.030000,0.600000
116494345,75,110101111000001010101110010110100000000100001001011110001110010100110001111,116503242,0,0.070000,0.700000
116494346,71,10101110100001110101110000110100000000110000101011110101100101001111110,116470087,0,0.200000,1.000000
116494347,79,1010110010000100000010101011100001101000000001000010010101110001100111001110011,116492281,0,0.035000,0.700000
116494348,81,011010001010110100001010101110000110100000000110001001110111110000111000000101110,116508493,0,0.120000,0.600000
116494349,70,0101011000000101010111000011010000000010000110101101000110010000110001,116492281,0,0.035000,0.700000
116494350,75,111101110000001010101010000010100000000100001011011100001100011100100001111,116492281,0,0.030000,0.600000
116494351,76,1110100001100000010101011100001101000000001000011010111000011100001011100111,116503242,0,0.080000,0.800000
116494352,78,111011001000110000001010101110000110100000000100001001001101000100111010111001,116492281,0,0.035000,0.700000
116494353,78,010011001000110100001010101110000110100000001100010010111110011000111001110011,116470087,0,0.120000,0.600000
116494354,78,010110010001000000110101011100001101000000001100000101111001011001111111010100,116488561,0,0.070000,0.700000
116494355,74,11101000011000000101010111000011010000000010000110101110000111000001110001,116506691,0,0.100000,0.400000
116494356,75,111101110000001010101110000110100000000100001011011110001110011100110101111,116506691,0,0.100000,0.400000
116494358,83,01011010000000110100001010101110000110100000000110001001111111000000011100100101110,116470092,0,0.066667,1.000000
116494359,76,1110100001100000010101011100001101000000001000011010111000011100001010100011,116470092,0,0.066667,1.000000
116494360,77,01011001100110000001010101110000110100000000100001001011101000101110001110110,116470092,0,0.066667,1.000000
116494361,81,101111000100001010000101010111000011010000000011100100111011010000110100000101111,116485000,0,0.100000,1.000000
116494362,81,011010001000110100001010101110000110100000000110001001111111010000111000000101110,116488551,0,0.024000,0.600000
116494363,81,011010001000110100001010101110000110100000000110001001111111010000111100000111110,116488551,0,0.024000,0.600000
116494364,81,011110100010001100000010101011100001101000000001100110010111110011100111111110011,116470093,0,0.040000,1.000000
116494365,81,101111000100001010000101010111000011010000000011100100111011010000110100000101101,116471674,0,0.100000,1.000000
116494367,82,0111100010001101000010111011100001101000000001100010011111110100001111001001011101,116483539,0,0.070000,0.700000
116494368,81,101111000001000110000001010101110000110100000000110011001011111001110011111111001,116480035,0,0.050000,1.000000
116494369,77,01011001100110000001010101110000110100000000100001001011101000101110001110110,116470081,0,0.080000,0.800000
116494371,78,101011101000110000001110101111000110100000000010011001111110000100110001110010,116495375,0,0.033333,0.500000
116494373,81,001101000110011010000101010111010011010000000110001001111111010000111010101010101,116471689,0,0.120000,0.600000
116494374,81,001101000110011010000101010111010011010000000110001001111111010000111010101010101,116478442,0,0.100000,0.600000
116494375,83,11001000001011100000110101011100001101000000001010100111110101100011010011000110000,116471682,0,0.100000,1.000000
116494376,82,0011010001000110100001010101110000100100000000110001001111111010000111100100101110,116483546,0,0.046667,0.700000
116494377,82,0011010001000110100001010101110000110100000000110001001111111010000111100100101110,116481604,0,0.100000,1.000000
116494378,82,1101110100010001001000010101011100001101000010001001100111010000000011110100000111,116501532,0,0.020000,0.500000
116494380,76,0011010111010000101010111000011010100000010000110101101000111010010011001111,116495376,0,0.100000,0.500000
116494381,81,001101000100011000000101010111000011010000100011000100111111100010001001011100010,116505119,0,0.046667,0.700000
116494382,77,10010010101000000101010111000010110100000010000100101111100011001100111100100,116486649,0,0.011429,0.400000
116494384,77,11011001000110000001010101110000110100000100111001001011101000100111000111001,116492270,0,0.050000,0.500000
116494386,75,101110110110000001010101110000110100000000100101101001111001100100110110001,116480045,0,0.066667,1.000000
116494387,75,001101011101000010101011100001101000000001000011010110100011101001001100111,116468448,0,0.160000,0.800000
116494391,77,11001001010110000001000001110000110100000000100001001011111000110011000010010,116494068,0,0.070000,0.700000
116494392,77,01011001100110000001010101110000110100000000100000001011101000101110001110110,116494068,0,0.100000,1.000000
116494393,75,100101001100000010111011100001101000000001000011010111100011100001001100011,116471694,0,0.080000,0.800000
116494394,88,0011001000001111110000010101011100001101000000101000100111110101100001111011001110011000,116495376,0,0.100000,0.500000
116494395,83,01011010001000110100001010101110000110110000000110001001111111010000111100100101110,116471694,0,0.100000,1.000000
116494396,74,10101001100000010100011100001101000000001000011010111100011100001001100011,116471694,0,0.100000,1.000000
116494397,77,10010010101000000101010111000011010100000010000100101111100011001100111100100,116471694,0,0.100000,1.000000
116494400,73,0101011100000010101011100001101000000010000101101110001110010100110001111,116495376,0,0.100000,0.500000
116494401,80,01101000100011000001010101110000110100000000111000001111111010100111000001011101,116481604,0,0.100000,1.000000
116494402,77,01011000101000000010101011100001101001000001101010010111110000100111011100000,116488560,0,0.140000,0.700000
116494406,80,01110100000001101000010101011100001101000000001110010011111110100001110010010011,116488543,0,0.080000,0.800000
116494410,82,0100100110001001000010101011100001101000000001100010011110110100001111101001011100,116471697,0,0.100000,1.000000
116494411,72,011010111010000101010111000011010000000010000110101010001110100100110011,116471697,0,0.100000,1.000000
116494426,77,11011001000110001011010101110000110100000010100001001111101010100111000111001,116496908,0,0.040000,0.600000
116494427,79,1110100010001101000010101001100001101000000001000010010111110001101110001110011,116483540,0,0.035000,0.700000
116494428,79,0111100000001101000010101011100001101000000001110010011101101000011010010010111,116495382,0,0.066667,0.700000
116494430,78,110110010101000001010101011100001101000000001100010111111110001010111101110010,116473635,0,0.066667,1.000000
116494431,75,101100110011000000101010111000011010000000010000100101110100010111100111111,116501530,0,0.060000,0.600000
116494432,80,01101000100001010000101010111000011010000000011001001011111000000111100100101110,116473635,0,0.066667,1.000000
116494433,73,1101011100000101010111100011010000000010000100101111100111001010110000110,116473635,0,0.066667,1.000000
116494436,80,11100100101011000000101010111000011010000000011000100101111100011010100011100100,116498407,0,0.032000,0.800000
116494437,78,110110010101000001010101011100001101000000001100010111111110001010111101110010,116501522,0,0.032000,0.800000
116494439,82,1010000101001100000101010111000001010000000010001001111101011000111100110011110101,116485003,0,0.030000,0.600000
116494440,73,0011010111010000101010111000011010000000010000110111101000111100100110011,116473635,0,0.066667,1.000000
116494441,82,1010000101001100000101010111000001010000000010001001111101011000111100110011110101,116492288,0,0.039293,0.800000
116494442,78,110010010101100000010101011100001101000000011000100101111100011010100011100100,116473635,0,0.066667,1.000000
116494443,80,11100100101011000000101010111000011010000000011000100101111100011010100011100100,116488550,0,0.040000,0.800000
116494444,78,011001001010110000001000101110000110100000000110100001011111000110011000110010,116473635,0,0.066667,1.000000
116494445,77,10010010101000000101010111000011010100000010000100101111100011001100111100100,116490324,0,0.025000,0.500000
116494446,80,01101000100010000001010101110000110100000000111000011111111010000111000011011101,116490327,0,0.080000,0.800000
116494447,79,0111101100100111100000101010110000010010000001010001100101111100011001110011101,116490315,0,0.050000,0.500000
116494448,70,0101011101000010001011100001101000000011000010101111000110001100111111,116500003,0,0.120000,0.600000
116494450,75,010010011000101000001010111100001101000000000100010011011101000011110111101,116500003,0,0.100000,0.500000
116494452,75,101010111000000101010111000011010000000010000101101110001110010100110001111,116500003,0,0.160000,0.800000
116494453,74,10101001000000010101011100001101000000001000011010111101011100001001100011,116501519,0,0.028571,1.000000
116494455,78,010011001000110100001010101110000110100000001100010010111110011000111001110011,116459871,0,0.070000,0.700000
116494456,76,0101100100011000000101010111000011010000000011000100111101000010011010111001,116473641,0,0.200000,1.000000
116494457,75,101110111110000001010111110000110100000000100101101001111001100100110111001,116473641,0,0.200000,1.000000
116494458,73,1101011101000010101011110001101000000001100001010011100011001110011110100,116473641,0,0.200000,1.000000
116494459,74,11101000011000000101010111000011010000000010000110101110000111000001110001,116473641,0,0.200000,1.000000
116494460,80,01110100010001101000010101011100001101100000101100010011111110100001110110010111,116459871,0,0.060000,0.600000
116494461,74,00011010111010001111010111000011010001000010000100101111001101011100110000,116473641,0,0.200000,1.000000
116494462,81,011010001001110101001010101110000110100000000110001001111111010000111000000101110,116473641,0,0.200000,1.000000
116494463,84,111011000101011100000010101011100011101000000001000100111110100100011110011001110010,116459871,0,0.070000,0.700000
116494465,84,111011000101011100000010101011100011101000000001000100111110100100011110011001110010,116459871,0,0.070000,0.700000
116494466,81,011010001000110100001010101110000110100000000110001001111111010000111100000101110,116473641,0,0.200000,1.000000
116494467,81,011010001000110100001010101110000110100000000110001001111111010000111100000101110,116473641,0,0.200000,1.000000
116494468,74,11111011100000010101011100001101000000001010010110111000111001010001000111,116473641,0,0.200000,1.000000
116494469,73,1101011101000010101011110001101000000001100001010011100011001110011110100,116473641,0,0.200000,1.000000
116494470,79,0111100000001101000010101011100001101000000001110010011101101000011010010010111,116485003,0,0.030000,0.600000
116494471,88,0011001000001110110000010111011100101101000000001000100111110101101001110011001110011010,116490316,0,0.024000,0.700000
116494473,79,1101000110011010000101010111000010010000000011000100111111010000111000000101110,116501522,0,0.032000,0.800000
116494474,74,10101001100000010100011100001101000000001000011010111100011100001001100011,116490316,0,0.028000,0.800000
116494481,77,01011000000100000011010101110000110100000000110000010111100101100111111101010,116481598,0,0.035000,0.700000
116494482,80,01101000100001010000101010111000011010000000011001001011111000000111100100101110,116480045,0,0.066667,1.000000
116494483,74,10101001100000010101011100001101000000001000011010111100011100001111100011,116481604,0,0.100000,1.000000
116494484,81,011010101000110100001010101110000110100000000110001001111111010000111100000101110,116485001,0,0.080000,0.400000
116494486,83,01011010000000110100001010101110000110100000000110001001111111000000011100100101110,116488554,0,0.080000,0.800000
116494487,79,0110101010001101000010101011100001101000001001100010011101101000011110100010111,116485001,0,0.080000,0.400000
116494488,74,11010111000001010101111000110100000000100001001011111001110010101100001100,116475175,0,0.200000,1.000000
116494489,75,110101001100000010101011100001101000000001000011010111100011100001001100011,116475175,0,0.200000,1.000000
116494490,82,0111100010001101000010101011100001101000000001100010011111110100001111001001011101,116475175,0,0.200000,1.000000
116494491,74,10101001100100010101011100001101000000001000011010111100011100001111100011,116475175,0,0.200000,1.000000
116494492,81,011010001000110100001010101110000110100000000110001001111111010000111000000101110,116498408,0,0.100000,1.000000
116494493,79,0111100000001101000010101011100001101000000001110010001101101000011010010010111,116498409,0,0.200000,1.000000
116494494,81,011010101000110100001010101110000110100000000110001001110111010000111101000101110,116475175,0,0.200000,1.000000
116494495,83,11001000001011100000110101011100001101000000001010100111110101100011010011000111000,116475175,0,0.200000,1.000000
116494496,82,0011010001000110100001010101110000110100000000110001001111111010000111100100101110,116498409,0,0.200000,1.000000
116494497,77,01011001000100000011010101110000110100000000110000010111100101110111111101010,116490317,0,0.046667,0.700000
116494498,75,101100110011000000101010011000011010000001010000100101110100010111000111001,116494071,0,0.035000,0.700000
116494499,74,00111010111010001101010111000011010000000010100100101111101111011000110100,116501520,0,0.046667,0.700000
116494501,79,1101110110010001001000010111011101001101000000001000100111011000010011001000001,116490317,0,0.040000,0.600000
116494502,85,0011001000001111110000010101011100001101000000001000100111101011000011110110011100110,116490331,0,0.066667,1.000000
116494505,75,101100110011000000101010011000011010000001010000100101110100010111000111001,116480045,0,0.046667,0.700000
116494506,81,011010001000110100001010101110000110100000000110001001111111010000111100000101110,116505126,0,0.053333,0.800000
116494507,75,111010000110000001010101110000110100000000100001101011100001110000011100010,116480045,0,0.066667,1.000000
116494511,75,010101001100000010101011100001101000000001000011010111101011100001001101011,116494071,0,0.050000,1.000000
116494512,78,110100010001000000010101011100001101000000001100010111111110001010111101110010,116481596,0,0.053333,0.800000
116494514,81,100010100000001001000010101011101001101000000001110010011111110100001110010010111,116495378,0,0.046667,0.700000
116494519,77,11010001000110100001010101110000110100000000100001001011111000110111000111001,116488556,0,0.024000,0.600000
116494521,83,01011010000000110100001010101110000110100000000110001001111111000000011100100101110,116475180,0,0.200000,1.000000
116494522,85,0011001000011111110000010101011100001101000000001000100111101011000011010110011100111,116495379,0,0.032000,0.800000
116494524,78,010011001000110000001010101110000110100000001100010010111110001000111001110011,116475180,0,0.140000,0.700000
116494526,75,101010011000000101010111000011010000000010000110101111000111000010011000111,116475180,0,0.200000,1.000000
116494528,70,1010011010000101011111000011010000000011001110101111100110011100101100,116492285,0,0.053333,0.800000
116494530,75,110101001100000010101011100001101000000001000011010111101011100011001100011,116492285,0,0.066667,1.000000
116494535,79,1110100101011000000101010111000011010000000011000100101111100011000100011101100,116492287,0,0.032680,0.600000
116494536,80,01110100010001101000010101011100001101100000101100010011111110100001110110010111,116471697,0,0.050000,0.500000
116494537,77,01110100001100000010101011100001101000000001000011010110000011100001011100011,116495380,0,0.053333,0.800000
116494539,74,11101000010000000101010111000011010000000010000110101110000111000001110001,116481617,0,0.060000,1.000000
116494543,77,01011001100110000001010001110100110100000000100001001011101000101110001110110,116490323,0,0.040000,0.600000
116494545,79,1010110010000100000010101011100001101000000001000010010101110001100111001110011,116498410,0,0.060000,0.600000
116494546,74,10101001100000010101011100001101000000001000011010111101011100001001100011,116486652,0,0.040000,0.600000
116494548,79,1101100101011000000101010111000011010000000011000000101111100011001101011100110,116500004,0,0.040000,0.600000
116494549,74,11010111000001010101111000110100000000100001001011111001110010101100001100,116490313,0,0.033333,0.500000
116494550,74,11111011100000010101011100001101000000001000010110111000111001010011000111,116475187,0,0.033333,1.000000
116494551,75,111010111000001010101111010110100000000100001001011111001110010101100001100,116490319,0,0.070000,0.700000
116494552,77,11010001000110100001010101110000110100000000100001001011111000110111000110001,116500004,0,0.040000,0.600000
116494553,70,1010111010000111010111000011010000000011000110101011010111010100111111,116503234,0,0.070000,0.700000
116494559,80,11011110001010100010101110111000011010000000011000100101111100011011110111000110,116503234,0,0.060000,0.600000
116494569,72,010100101100000010101011101001101000000001000011010111100011001010011101,116470079,0,0.100000,0.800000
116494570,76,1010110010000100000101010111000011010000000011000100101011100011001110111001,116470088,0,0.050000,1.000000
116494571,76,1010110010000100000101010111000011010000000011000100101011100011001110111001,116476972,0,0.100000,1.000000
116494572,72,011010111010000101010111000011010000000010000110101010001110100100110011,116470079,0,0.066667,1.000000
116494573,81,010111010001000100110001011101110000110110000000100010011101100001001110010000011,116483549,0,0.120000,0.600000
116494574,80,01101000100011000001010101110000110100000000111000001111111010000011000001011101,116481607,0,0.040000,1.000000
116494576,77,01011000101000000010101011100001101001000001101010010111110000100111011100001,116501532,0,0.050000,0.500000
116494586,74,10101001100000010101011100001101000000001000011010111100011100001001100011,116480039,0,0.026667,0.800000
116494589,77,10101100100011000001010101110000110100010000110001001010111100110011100111001,116468462,0,0.035000,0.700000
116494590,79,1101100101011000000101010111000011010000000011000000101111100011001101011100110,116480039,0,0.026667,0.800000
116494595,82,0110100010001101000010101011100001101000000001100010011111110100001110000001011100,116503246,0,0.080000,0.800000
116494598,77,11001001010110000001000101110000110100000000110100001011111000110011000110010,116476982,0,0.080000,0.800000
116494599,80,10101100100001000000101010111000011010000000010000100101011100011001110011100111,116481611,0,0.066667,1.000000
116494600,82,0011010001000110100001010101110000110100000000110001001111111010000111100100101110,116500007,0,0.033333,0.500000
116494601,77,01011001100110000001010101110000110100000000100000001011101000101110001110110,116501513,0,0.040000,0.600000
116494602,74,10101001100000010101011100001101000000001000011010111101011100001001100111,116476984,0,0.050000,0.500000
116494603,78,001111100010110010001010101110000110100000000110011001011111000011011000111001,116503236,0,0.140000,0.800000
116494604,79,0111100000001101000010101011100001101000000001110010011101101000011010010010111,116492282,0,0.053333,0.800000
116494607,85,1001100100000111111100101010101100001101000000001000100111110101100001111011001110011,116476971,0,0.040000,0.400000
116494608,78,011011001000110000001010101010000111100000000110101001011100000100111000111001,116501520,0,0.040000,0.600000
116494609,82,1101110100010001001000010101011100001101000000001000100111011000000011100100000111,116494071,0,0.050000,1.000000
116494611,79,1001001100010010000101010111000011010000000011100100111111101000011111010001110,116494071,0,0.050000,1.000000
116494612,80,01111011001011111000001010101100000110100000000100011001011111001110011100111001,116496907,0,0.080000,0.800000
116494614,79,1101100101011000000101010111000011010000000011000000101111100011001101011100110,116478433,0,0.066667,1.000000
116494615,80,01101000100010000001010101110000110100000000111000011111111010000111000001011101,116461655,0,0.100000,1.000000
116494616,80,01101000100010000001010101110000110100000000111000001111111010000111000001011101,116499998,0,0.100000,1.000000
116494617,77,11110100001100000010101011100001101000000001000011010111000011100001011100011,116478436,0,0.100000,1.000000
116494618,82,0111100010001101000010101011100001101000000001100010011111111100001111001001011101,116508494,0,0.100000,1.000000
116494619,80,01111010001001110000001010111110000110100000000110011001011111001110011111111001,116495382,0,0.053333,0.800000
116494620,78,110101100100001000000101010111000011010000100011000100101010000110011100111001,116483540,0,0.035000,0.700000
116494621,74,10101001100000110101011100001101000001001000011010111100011100001101110011,116498415,0,0.017143,0.600000
116494623,74,10101001100000010101011100001101000000001000011010111100011100001001100011,116492275,0,0.032000,0.800000
116494624,73,1101011100000100010111100011010000000010000100101111100111001010110000110,116478443,0,0.022222,1.000000
116494625,74,11101000011000000101010111000011010000000010000110101110000111000001110001,116496903,0,0.017143,0.600000
116494626,81,011010001000110100001010101110000110100000000110001001111111010000111100000101110,116500005,0,0.028571,1.000000
116494627,75,100101001100000010101011100001101000000001000011010111100011100001001100011,116478443,0,0.013333,0.600000
116494629,75,010101001100000010101011100001101000000001000011010111101011100001001101011,116486626,0,0.013333,0.600000
116494633,75,010101001100000010101011100001101000000001000011010111101011100001001101011,116490316,0,0.040000,1.000000
116494635,79,0100100110001001000010101011100001101000000001100110011111110100001111010010111,116486642,0,0.160000,0.800000
116494636,75,101110011000000101010111000011010000000010000101101110001110010100110001111,116501513,0,0.040000,0.600000
116494637,75,001101011101000010101011100001101000000001000011011110100011101001001100111,116488561,0,0.060000,0.600000
116494638,77,01001001100010100000101010111000011010000000001000100110111010000111101011011,116488548,0,0.060000,0.600000
116494639,81,011010001000110100001010101110000110100000000110001001111111010000011100000101110,116498416,0,0.080000,0.800000
116494640,81,010010011000100100001010101110000110100000000111001001111111010000111110100101110,116478446,0,0.100000,1.000000
116494641,72,011110111010100101010111100011010000000010000110011010001110100100110011,116508489,0,0.060000,0.600000
116494642,74,10101001100100010101011100001101000000001000011010111100011100001111100011,116501523,0,0.035000,0.700000
116494643,75,001101011101000010101011100001101000000001000011010110100011101001001100111,116470078,0,0.053333,0.800000
116494644,82,0110100011001101000110101011100011101000000001110010011111111100001100000010111010,116488544,0,0.035000,0.700000
116494645,75,111101110000001010101010000010100000000000001011011100001110011100000001111,116478448,0,0.032000,0.800000
116494646,76,0011010111010000101010111000011010100000010000110101101000111010010011001111,116506693,0,0.024000,0.600000
116494650,83,01101110100010001001000010101011100001101000000001000100111011000000011100100000111,116488547,0,0.080000,0.800000
116494651,83,00110100010101101000010101011100001101000000001100110011111110100001111000001001100,116481608,0,0.040000,0.800000
116494652,78,011011001000110000101010101110010110110000000110101001011101000000111000111001,116478453,0,0.040000,1.000000
116494653,78,111001001010110000001010101110000110100000000110001010111110001100110001110010,116492276,0,0.032000,0.800000
116494654,79,0110010010001100000010101011100001101000001001000010101111010001000111101010010,116506694,0,0.053333,0.800000
116494655,81,011010101000110100001010101110000110100000100110001001110111010000111101000101110,116506708,0,0.040000,0.700000
116494656,81,011010001010110100001010101110000110100000000110001001110111110000111000000101110,116488553,0,0.066667,1.000000
116494657,82,1011010001000110100001010101110000110100000000110001001111110010000111100100101110,116480035,0,0.100000,1.000000
116494658,75,101010011000000101010111000011010000000010000110101111000111000010011000111,116496900,0,0.066667,1.000000
116494662,80,01001001100010010001101010111000011010000000011001100110111101000011110100101110,116480036,0,0.046667,0.700000
116494663,86,00110010000011111000000101010111000011010000000010001101111101011000011110110011100110,116480036,0,0.066667,1.000000
116494664,77,01111100101100000010101011100001101000000001100110010111110000100110000110010,116480037,0,0.100000,1.000000
116494666,82,0110100010101101000010101011100001101000000001100110011111110100001111000001001100,116501524,0,0.053333,0.800000
116494667,83,00011010101000110100001010101110000110100000000110001001111111010000111100100101110,116480039,0,0.033333,1.000000
116494668,76,0011010111010000101010111000011010100000010000110101101000111010010011001111,116480039,0,0.033333,1.000000
116494669,79,0011110000001101000010101011100001100000000001110010011101101000011010010010001,116496912,0,0.040000,0.400000
116494670,75,110100001100000010101011100001101000000001000011010011100011100001001110011,116501524,0,0.053333,0.800000
116494671,76,0110100001100000010101011100001101000000001000011010111100011100001001100011,116490325,0,0.053333,0.800000
116494672,77,11010001000110100001010101110000110100000000100001001011111000110111000110001,116508496,0,0.100000,1.000000
116494674,77,10101100100011000001010101110000110100000010110001001010111100110011100111001,116480044,0,0.050000,0.500000
116494675,83,01011010001000110100001010101110000110100000000110001001111111000000111100100101110,116486639,0,0.066667,1.000000
116494676,75,101110111000000101000111000011010000000010000101101110001110010100110001111,116483551,0,0.070000,0.700000
116494678,82,0110100010101101000010101010100001101000000001100110011111110100001111000001011100,116480045,0,0.066667,1.000000
116494684,82,0100100110001001000010101011100001101000000001100010011110110100001111101001011100,116481595,0,0.066667,1.000000
116494686,84,111001000001011100000110101011100011101000000001000100111111101100011010011000110010,116486642,0,0.120000,0.600000
116494687,82,1101110000010001001000010101011100101101000000001000100111011000000011100100000111,116481598,0,0.050000,1.000000
116494688,81,011010001000110100001010101110000110100000000110001001111111010000111000001011101,116471687,0,0.046667,0.700000
116494689,82,0111100010001101000010101011100001101000000001100010011111110100001110001001011101,116470092,0,0.046667,0.700000
116494690,81,110111010001000100100001011101110100110100000010100010011101100001001110010000011,116488543,0,0.060000,0.600000
116494691,77,01011000101000000010111011100001101001000001101010010111110001100111011100001,116488543,0,0.060000,0.600000
116494692,83,11001000001011100000110101011100001101000000001000100110110101100011011011000110010,116481609,0,0.040000,0.600000
116494693,83,11001000001011100000110101011100001101000000001010100111110101100011010011000110000,116478435,0,0.026667,0.400000
116494694,75,101110111000000101010111000011010000000010000101101110001110010100110001111,116481609,0,0.040000,0.600000
116494695,79,1101100101011000000101010111100011010000000011000000101111101011001101011100110,116481609,0,0.033333,0.500000
116494696,81,101110100010101001000010101011000001101000000001010100111110000010011100110010110,116481600,0,0.066667,1.000000
116494699,83,11001000001011100000110101011100001101000000001010100111110101100011010011000111000,116498416,0,0.070000,0.700000
116494700,83,11001000001011100000110101011100001101000000001010100111110101100011010011000110000,116481606,0,0.100000,1.000000
116494701,81,011010001000110100001010101110000110110000000110001001111111010000111100000101110,116506696,0,0.053333,0.800000
116494702,81,001110100010001101000010101011100001101000000001100010011111110100001110010010111,116506696,0,0.066667,1.000000
116494703,81,001110100010001101000010101011100001101000000001100010011111110100001110010010111,116481607,0,0.066667,1.000000
116494704,73,1111011100000010101011100001101000000001000010110111000111001010011000111,116506696,0,0.066667,1.000000
116494705,79,0011000010011000100101010111000011010000000010001011011010110101101001100111001,116478435,0,0.026667,0.400000
116494706,77,10101100100011000001010101110000110100000000110001001010111100110011100111001,116461673,0,0.080000,0.800000
116494707,77,01011000101000000010101011100001101001000001101010010111110000100111011100001,116503236,0,0.080000,0.800000
116494708,74,10101001000000010101011100001101000000001000011010111001011100001001100001,116481611,0,0.066667,1.000000
116494709,71,01110111000001010101110000110100000000100001011011100011100101001100011,116481611,0,0.066667,1.000000
116494710,83,00011010001000110100001010101110000110100000000110001001111111010000111100100101110,116506697,0,0.066667,1.000000
116494711,73,0111101110100001010101111000110100000000100001100110100011101001001100110,116503236,0,0.080000,0.800000
116494712,77,01010000101000000010101011100001101001000001100010010111110001100111011100101,116481611,0,0.066667,1.000000
116494713,81,011010001000110100001010101110000110100000000110001001111101010000111000000101111,116478450,0,0.016000,0.400000
116494714,81,010010011000100100001010101110000110100000000110001001111111010000111110100101110,116481611,0,0.066667,1.000000
116494715,74,11110111000000101010111000011010000000010000101101110001110010100110001111,116481614,0,0.100000,1.000000
116494716,78,001011000101010000010101011100001101000000001100010010110110011100110011100010,116488544,0,0.066667,1.000000
116494717,81,011010001000111100001011101110000111100000000110001001111111010000111100001011001,116481606,0,0.060000,0.600000
116494718,75,101110111000000101000111000011010000000010000101101110001110010100110001111,116470081,0,0.070000,0.700000
116494720,81,011110100010001100000010101011100001101000000101100110010111110011100111111110011,116478440,0,0.028000,0.700000
116494721,79,1101100101011000000101010111000011010000000011000000101111100011001101011100110,116478440,0,0.032000,0.800000
116494722,77,01011001000100000011010101110000110100000000110000010111100101100111111101010,116486628,0,0.060000,0.600000
116494723,83,01011010001000110100001010101110000110110000000110001001111111010000111100100101110,116466864,0,0.070000,0.700000
116494724,78,111010010101100000010101011100001101000000001100010010111110001100100011101100,116486628,0,0.060000,0.600000
116494725,81,100101000100110000001010101110000110100000100100010011011010111100101001100111001,116490314,0,0.053333,0.800000
116494728,70,0101001100000010101011100001101000000001000011010111100010010110101001,116483543,0,0.100000,1.000000
116494729,73,1101011100000101010111000011010000000010000100101111000111001000010000010,116488542,0,0.080000,0.800000
116494731,86,00110010010011111100100101010111000011010000000010001001111101011000011110110011100110,116498408,0,0.100000,0.800000
116494732,79,0100100110001001000010101011100001101000000001101110011011110100101111010010111,116483545,0,0.100000,1.000000
116494734,79,0011100000001101000010101011100001100000000001110010011101101000011010010010101,116490321,0,0.028000,0.700000
116494735,77,01011000101000000010101011100001101001000001101010010111110000100111011100001,116494071,0,0.040000,0.800000
116494737,83,01011010000000110100001010101110000110100000000110001001111111000000011100100101110,116501531,0,0.060000,0.600000
116494740,76,1011011100000010101011000001100000000001000010100111100011100111001100011111,116501520,0,0.040000,0.600000
116494741,77,11010001010110100001010101110000110100000000100001001011111000110111000111001,116481596,0,0.053333,0.800000
116494744,79,0100100110001001000010101011100001101000000001100110011111110100001111010010111,116494071,0,0.050000,1.000000
116494746,81,010010011000000100001010101110000110100000000111001001111111010000111110100101110,116494071,0,0.050000,1.000000
116494750,77,10010011000100100001010101110000110100000000110010011111110100001111010010111,116500013,0,0.100000,1.000000
116494751,77,01111101110000001010101110010110100000000100001011011110001110010100110101111,116506699,0,0.053333,0.800000
116494752,78,110100010000101000010101011100001101000000001100100101111100000011100100101110,116485002,0,0.066667,1.000000
116494753,86,00110000000011111100000101010111000011010000000010001001111101011000011110110011100110,116492289,0,0.100000,1.000000
116494754,76,1110100001100000010101011100001101000000001000011010111000011100001010100011,116485004,0,0.066667,1.000000
116494755,79,0111100000001101000010101111100001101000000001110010001101101000011011010010111,116494069,0,0.046667,0.700000
116494756,76,1011110010110000001010101110000110100000001100110010111110000100110000110010,116490328,0,0.066667,0.600000
116494757,75,010110010000100000101010111000011010000000011000100101011100011001110111001,116475187,0,0.020000,0.600000
116494758,77,11011001000110001101010101110000110100000010100001001111101010100111000111001,116485007,0,0.200000,1.000000
116494759,82,0111100010001101000010101011100001101000000001100010011111110100001111001001011101,116485007,0,0.200000,1.000000
116494760,71,11110111000000101010111000011010000000010000101101100011100101001100011,116486626,0,0.013333,0.600000
116494761,81,011010001000110100001010101110000110100000000110001001111111010000011100000101110,116492279,0,0.053333,0.800000
116494762,76,1001001100010010000101010111000011010000001110001001101111010000111101001111,116485010,0,0.066667,1.000000
116494763,79,0111100000001101000010101011100001101000000001110010011101101000011010010010101,116490331,0,0.053333,1.000000
116494765,80,01111010001001110000001010101110000110110000000110011101011111001110011111110101,116478433,0,0.053333,0.800000
116494766,82,0011010001000110100001010101110000110100000000110001001111111010000111100100101110,116485014,0,0.040000,0.600000
116494767,81,011110010011100110000010101011100001101000000000100110010111110001100111111110010,116500014,0,0.026667,0.400000
116494768,74,11101000011000000101010111000011010000000010000110101110000111000001110001,116506694,0,0.066667,1.000000
116494769,79,0011000010011000000101010111000011010000000010001011011010110101101001100111001,116492290,0,0.080000,0.800000
116494770,79,0011000010011000000101010111000011010000000010001011011010110101101001100111001,116486641,0,0.022857,0.800000
116494771,74,10101001010000010101011100001101000000001000011010111101011100001001100011,116486641,0,0.022857,0.800000
116494773,78,001111100010110010001010101110000110100000000110011001011111000011011000111001,116486641,0,0.020000,0.700000
116494774,78,111011001000110000001010101110000110100000000100001001001101000100111000111001,116486627,0,0.050000,1.000000
116494775,75,101110111000000101010111000011010000000010000101101110001110010100110001111,116486627,0,0.050000,1.000000
116494776,83,11001000001011110000110101011100001101000000001000100110110101100011011011000110010,116498408,0,0.080000,0.800000
116494777,77,10101100100011000001010101110000110100000000110001001010111100110011100111001,116498408,0,0.100000,1.000000
116494778,83,01011010001000110100001010101110000110110000000110001001111111010000111100100101110,116486627,0,0.050000,1.000000
116494779,83,11001000001011110000110101011100001101000000001000100110110101100011011011000110010,116486627,0,0.050000,1.000000
116494780,77,11010001000110100001010101110000110100000000100001001011111000110111000111001,116486627,0,0.050000,1.000000
116494781,77,11010001000110100001010101110000110100000000100001001011111000110111000111001,116475175,0,0.200000,1.000000
116494782,83,11001000001011110000110101011100001101000000001000100110110101100011011011000110010,116486627,0,0.050000,1.000000
116494783,77,10101100100011000001010101110000110100000000110001001010111100110011100111001,116486627,0,0.050000,1.000000
116494784,76,1011110010110000001010101110000110100000001100110010111110000100110000110010,116486627,0,0.050000,1.000000
116494785,83,11001000001011110000110101011100001101000000001000100110110101100011011011000110010,116486627,0,0.050000,1.000000
116494786,81,011010001000110000010100011100001101000000001110000011111110100001110000010111011,116486628,0,0.050000,0.500000
116494789,83,11001000001011110000110101010100001101000000001000100110110101100011011011000110010,116492279,0,0.046667,0.600000
116494790,77,11010001000110100001010101110000110100010000100001001011111000110111000111001,116486628,0,0.050000,0.500000
116494792,80,01111010001000110000001010111110000110100000000110011001011111001110011111111001,116478442,0,0.028000,0.700000
116494793,77,11011001000110000001010101110000100100000000100001000011101001100101000111101,116506703,0,0.023333,0.700000
116494794,78,110101100100001000000101010111000011010000000011000100101010000110011100111001,116486636,0,0.066667,1.000000
116494795,80,01111000100011010000101010111000011010000100011100100111011010000110100100101111,116471693,0,0.053333,0.800000
116494797,73,1111011100000010101011100001101000000001000010010111100011001010011000111,116503244,0,0.100000,1.000000
116494798,75,001101011101000010101011100001101000000001000011010110100011101001001100111,116471693,0,0.066667,1.000000
116494799,75,001101011101000010101011100001101000000001000011010110100011101001001100111,116471693,0,0.066667,1.000000
116494801,75,010110010000100000101010111000011010000000011000100101011100011001110111001,116471693,0,0.066667,1.000000
116494804,77,11111011100000010101011100001101000000001000010110111100011100101001101011111,116471693,0,0.066667,1.000000
116494805,80,01111010001001110000001010101110000110100000000110011001011111001110011111111001,116501518,0,0.200000,1.000000
116494806,73,1111011100000010101011100001101000000001000010010111100011001010011000111,116503244,0,0.100000,1.000000
116494807,75,001101011101000010101011100001101000000001000011010110100011101001001100111,116483545,0,0.100000,1.000000
116494808,80,01101000100010000001010101110000110100000000111000001111111010000111000001011101,116465088,0,0.046382,1.000000
116494809,75,101010111000000101010111000011010000000010000101101110001110010100110001111,116465088,0,0.046382,1.000000
116494810,70,0101011000000101010111000011010000000010000110101101000110010000110001,116485013,0,0.066667,1.000000
116494811,75,101101011101000010101011100001101000000001000011010110100011101001001100111,116470088,0,0.046382,1.000000
116494812,82,0110100010101101000010101011100001101000000001100110011111110100001111000001001100,116486638,0,0.050000,1.000000
116494813,85,0011001000001111110000010101011100001101000000001000100111101011000011110110011100110,116492271,0,0.066667,0.700000
116494814,86,00110000000011111100000101010111000011010000000010001001111101011000011110110011100110,116470088,0,0.046382,1.000000
116494815,82,0110100010101101000010101011100001101000000001100110011111110100001111000001001100,116485013,0,0.066667,1.000000
116494816,78,111001001010110000001010101110000110100000000110001010111110001100110001110010,116486638,0,0.050000,1.000000
116494817,79,1110110010000110000010101011100001100000000011100010010101100001100111001110011,116492269,0,0.040000,0.600000
116494818,76,1011110010110000001010101110000110100000001100110010111110000100110000110010,116480044,0,0.050000,0.500000
116494819,70,1010111010000101010111000011010000010011000010101111010110010100111111,116480044,0,0.050000,0.500000
116494820,78,110101100100001000000101010111000011010000000011000100101010000110011100111001,116480044,0,0.060000,0.600000
116494821,88,0011001000001111110000010101011100001101000000001000100111110101100001111011001110011000,116486633,0,0.024000,0.600000
116494822,81,011010001000110100001010101110000110100000000110001001111111010000111000001011101,116500010,0,0.080000,0.800000
116494823,74,00111010111010001101010111000011010000000010100100101111101111011000110100,116498401,0,0.080000,0.800000
116494824,88,0011001000001111110000010101011100001101000000001000100111110101100001111011001110011000,116486640,0,0.100000,1.000000
116494825,75,101100110011000000101010111000011010000000010000100101110100010111100101011,116480039,0,0.026667,0.800000
116494826,75,101010011000000101010111000011010000000010000110101111000111000011111000111,116500010,0,0.080000,0.800000
116494827,79,1101100101011000000101010111000011010000000011000000101111100011001101011100110,116486640,0,0.100000,1.000000
116494828,81,011010001000110101001010101110000110100000000110001001111111010000111000000101110,116488552,0,0.120000,0.600000
116494829,80,01110100010001101000010101011100001101000000001100010011111110100001110010010111,116498401,0,0.100000,1.000000
116494830,80,01110100010001101000010101011100001101000000001100010011111110100001110010010111,116500010,0,0.080000,0.800000
116494831,75,101100110011000000101010111000011010000000010000100101110100010111100101011,116486640,0,0.100000,1.000000
116494832,82,0111100010001101000010111011100001101000000001100010011111110000001111001001011001,116486640,0,0.100000,1.000000
116494833,75,101100110011000000101010111000011010000000010000100101110100010111100101011,116486633,0,0.024000,0.600000
116494834,77,01011001100110000001010101110000110100000000100001001011101000101110001110110,116488552,0,0.140000,0.700000
116494835,75,001101011101000010101011100001101000000001000011010110100011101001001100111,116486640,0,0.040000,0.400000
116494836,88,0011001000001111110000010101011100001101000000001000100111110101100001111011001110011000,116486633,0,0.024000,0.600000
116494837,83,11001000001011100000110101011100001101000000001000100110110101100011011011000110010,116500010,0,0.070000,0.700000
116494838,79,1001001100010010000101010111000011010000000011100100111111101000011111010001110,116486633,0,0.024000,0.600000
116494839,79,1111000010011010000101010111000011010000000011000100101111010000111100000101110,116505131,0,0.040000,0.800000
116494840,82,1101110100010001001000010101011100001101000000001000100111011000000011100100100111,116488558,0,0.040000,0.400000
116494841,77,01011001100110000001010101110100110100000000100001001011101000101110001110110,116506704,0,0.028000,0.700000
116494842,82,1011000101011100000010101011100001101000000011001100111110101100011110011100110100,116486645,0,0.040000,1.000000
116494843,80,01101000100011010000101010111000011010000000011000100111111010000111100100101110,116486645,0,0.040000,1.000000
116494844,82,0011010001000110100001010101110000110100000000110001001111111010000111100100101110,116478436,0,0.053333,1.000000
116494845,83,01111000100011010000101010111000011010000000011000100111111101000011110010010111010,116481595,0,0.053333,0.800000
116494846,88,0011001000001110110000010111011100101101000000001000100111110101101001110011001110011010,116486645,0,0.040000,1.000000
116494847,83,01111000100011010000101010111000011010000000011000100111111101000011110010010111010,116478436,0,0.053333,1.000000
116494848,82,0011010001000110100001010101110000110100000000110001001111111010000111100100101110,116478436,0,0.053333,1.000000
116494849,81,011110010011100110000010101011100001101000000000100110010111110001100111111110010,116506704,0,0.028000,0.700000
116494850,88,0011001000001110110000010111011100101101000000001000100111110101101001110011001110011010,116486645,0,0.040000,1.000000
116494851,73,1011101110000001010101110000110100000000100001011011100111001010011000111,116486646,0,0.100000,1.000000
116494852,77,11111011100000010101011100001101000000001000010110111100011100101001101011111,116508497,0,0.053333,0.800000
116494853,77,01001001100010010000101010111000011010000000110111001101111010010111101001011,116508497,0,0.046667,0.700000
116494854,85,0011011000011111110000010101011100001101000000001000100111101011000011010110011100111,116486647,0,0.066667,1.000000
116494856,74,01111011100000010101011100001101000000001100010110111000111001010011000111,116483541,0,0.053333,0.800000
116494857,73,1111011100000010101111100001101000000001000010110111000111001010011000111,116486647,0,0.053333,0.800000
116494858,77,11111011100000010101011100001101000000001000010110111100011100101001101011111,116483541,0,0.053333,0.800000
116494859,81,011110100010001100000010101011100001101000000001100110010111110011100111111110011,116508497,0,0.053333,0.800000
116494860,81,011010001000110100001010101110000110100000000110001001111111010000111100000101110,116483541,0,0.053333,0.800000
116494861,79,0011000010011000000101010111000011010000000010001011011010110101101001100111001,116486648,0,0.100000,1.000000
116494862,78,001011100101000000010101011100001101000000001110010110111110011100010011100010,116486641,0,0.028571,0.800000
116494863,80,01101000100011010000101000111000011010000000011001000011111000000111100100101110,116486649,0,0.028571,1.000000
116494864,79,0110100010001101000010101011100001101000000011000100111111101000011110000010111,116486641,0,0.028571,0.700000
116494865,80,10110110010001100000010101011100001101000000001100010010111110001001110001110010,116486649,0,0.028571,1.000000
116494866,73,1111011100000010101011100001101000000001000010110111000111001010011000111,116486649,0,0.028571,1.000000
116494867,75,111101001100000010101011100001111000000001000011010111000011100011001100011,116481615,0,0.035000,0.700000
116494868,77,01001001100010100000101010111000011010000000001000100110111010000111101011011,116471684,0,0.046667,0.700000
116494869,77,01001001100010100000101010111000011010000000001000100110111010000111101011011,116486641,0,0.028571,0.700000
116494870,75,101110111000000101010111000011010000000010000101101110101110010100110001111,116486649,0,0.028571,1.000000
116494871,80,01001001100010010001101010111000011010000000011001100110110101000011110100101110,116471684,0,0.046667,0.700000
116494872,77,10011011111010000101010111000011011000000010000110101101000110010010011001111,116486649,0,0.028571,1.000000
116494873,77,01001001100010100000101010111000011010000000001000100110111010000111101011011,116490314,0,0.053333,0.800000
116494874,77,10010010101000000101010111000011010100000010000100101111100011001100111100100,116486651,0,0.045788,1.000000
116494875,77,10010010101000000101010111000011010100000010000100101111100011001100111100100,116486651,0,0.045788,1.000000
116494877,77,10010010101000000101010111000011010100000010000100101111100011001100111100100,116486651,0,0.045788,1.000000
116494878,76,1111101110000001010101110000110100000000100001011011110001110010100110011111,116492273,0,0.053333,0.800000
116494879,79,0110100010001101000010101011100001101000000011000100111111101000011110000010111,116486651,0,0.045788,1.000000
116494880,80,01101000100011010000101010111000011010000000011000100111111010000111100100101110,116506700,0,0.066667,1.000000
116494882,80,01101000100011010000101010111000011010000000011000100111111010000111100100101110,116490317,0,0.066667,0.800000
116494883,79,0111100000001101000010100111100001101000000001110010001101101000011011010010111,116498404,0,0.060000,0.600000
116494884,80,11101110100001100000101010111000011000000000111000100101011000011001110011100111,116506707,0,0.040000,0.600000
116494885,78,101011101000110000001110101111000110100000000110011001111110000100110001110010,116483543,0,0.060000,0.600000
116494886,82,0010010001000110110001010111110000110100000000111001001111111010000110000001011101,116483543,0,0.060000,0.600000
116494887,74,10101001010000010101011100001101000000001000011010111101011100001001100011,116480044,0,0.060000,0.600000
116494888,75,001101011101000010101011100001101000000001000011011110100011101001001100111,116478453,0,0.080000,1.000000
116494889,83,01011010001000110100001010101110000110100000000110001001111111000000111100100101110,116488546,0,0.066667,1.000000
116494891,82,1101110100010001001000010101011100001101000000001000100111011000000011100100000111,116488546,0,0.066667,1.000000
116494892,81,100010100000001001000010101011101001101000000001110010011111110100001110010010111,116506708,0,0.070000,0.700000
116494893,82,1101110100010001001000010101011100001101000000001000100111011000000011100100000111,116488546,0,0.066667,1.000000
116494894,76,0110110010001100000010100010100001101000110001101010010110100010011100011101,116488546,0,0.046667,0.700000
116494895,76,1110100001100000010101011100001101000000001000011010111000011100001010100011,116488546,0,0.066667,1.000000
116494897,75,110101001100000010101011100001101000000001000011010111100011100001001100011,116488546,0,0.066667,1.000000
116494898,80,01101000100011000001010101110000110100000000111000001111111010100111000001011101,116495383,0,0.066667,0.800000
116494899,81,011010001000110100001010101110000110100000000110001001111111010000111000000101110,116505131,0,0.040000,0.800000
116494900,82,1101110100010001001000010101011100001101000010001000100111011000000011110100000111,116488547,0,0.066667,0.700000
116494901,77,11001001010110000001000101110000110100000000100001001011110000110011000110010,116505133,0,0.040000,0.600000
116494902,77,01011001100110000001010101110000110100000000100001001011101000101110001110110,116488547,0,0.066667,0.800000
116494903,77,11011001100110000001010101110000110100000000100001011011101000101110001110110,116505131,0,0.040000,0.800000
116494904,80,01101000100011000001010101110000110100000000111000001111111010100111000001011101,116488547,0,0.066667,1.000000
116494905,77,01011000101000000010111011100001101001000001101010010111110001100111011100001,116505131,0,0.030000,0.600000
116494906,81,011010001000110100001010101110000110100000000110001001111111010000111100000101110,116505133,0,0.046667,0.700000
116494907,80,01101000100011000001010101110000110100000000111000001111111010100111000001011101,116488547,0,0.066667,1.000000
116494908,79,1001001100010010000101010111000011010000000011100100111111101000011111010001110,116488547,0,0.066667,1.000000
116494909,78,001111100010110010001010101110000110100000000110011001011111000011011000111001,116488549,0,0.200000,1.000000
116494910,75,111110111000001010101110000110100000000100001011011110001110010100110101111,116488549,0,0.200000,1.000000
116494911,76,1110100101100000010101011100001101000000001000011010111000011100001011100011,116488549,0,0.200000,1.000000
116494912,76,0101100100001000001010101110000110100000000110001001010111000110011101110010,116488549,0,0.200000,1.000000
116494913,75,111110111000001010101110000110100000000100001011011110001110010100110101111,116488549,0,0.200000,1.000000
116494914,76,1110100001100000010101011100001101000000001000011010111000011000011011100011,116471685,0,0.066667,1.000000
116494915,76,1110100001100000010101011100001101000000001000011010111000011000011011100011,116481615,0,0.040000,0.800000
116494916,81,010010011000100100001010101110000110100000000110001001111111010000111110100101110,116488549,0,0.200000,1.000000
116494917,81,010010011000100100001010101110000110100000000110001001111111010000111110100101110,116471685,0,0.066667,1.000000
116494918,81,011010001000110100001010101110000110100000000110001001111111010000011100000101110,116488549,0,0.200000,1.000000
116494919,81,010010011000100100001010101110000110100000000110001001111111010000111110100101110,116505132,0,0.080000,0.800000
116494920,81,011010001000110100001010101110000110100000000110001001111111010000011100000101110,116505132,0,0.080000,0.800000
116494921,79,0100100110001001000010101011100001101000000001100110011111110100001111010010111,116505132,0,0.080000,0.800000
116494923,77,10101100100011000001010101110000110100000000110001001010111100110011100111001,116490326,0,0.053333,0.800000
116494924,77,01011001000100010011010101110000110100000000110000010111100101100111111101010,116488552,0,0.200000,1.000000
116494925,77,01011001100110000001010101110000110100000000100001001011101000101110001110110,116498416,0,0.080000,0.800000
116494926,82,0011010001000110100001010101110000110100000000110001011111111010000111100000101110,116500010,0,0.080000,0.800000
116494927,74,11110111000000101010111000011010000000010000101101110001110010100110001111,116488552,0,0.140000,0.700000
116494928,84,111001000001011100000110101001100011101000000001000100111111101100011010011010110010,116481606,0,0.060000,0.600000
116494929,76,1111101110000001010100110000110100000000100001010011110001110011100110001111,116486633,0,0.020000,0.500000
116494930,86,00110010000011111100000001010111000011010000000010001001111101011000011110110011100110,116488552,0,0.200000,1.000000
116494931,88,0011001000001111110000010111011100101101000000001000100111110101101001110011001110011010,116488552,0,0.200000,1.000000
116494932,79,1100100101011000000101010111000011010000000011000110101111100011000100011100100,116486633,0,0.024000,0.600000
116494933,74,00111010111010001101010111000011010000000010100100111011101111011100110100,116481606,0,0.070000,0.700000
116494934,79,1100100101011000000101010111000011010000000011000110101111100011000100011100100,116486629,0,0.080000,0.800000
116494935,81,011010001000111100001011101110000111100000000110001001111111010000111100001011001,116486640,0,0.040000,0.400000
116494936,81,011010001000110100001010101110000110100000000110001001111111010000111100000101110,116488553,0,0.066667,1.000000
116494937,78,001011101010110010001010101110000110100000000110011001011111000011011000111001,116488553,0,0.066667,1.000000
116494938,88,0011001000001111110000010101011100001101000000001000100111110101100001111011001010011000,116492276,0,0.032000,0.800000
116494939,82,0111100010001101000010111011100001101000000001100010011111110100001111001001011101,116503247,0,0.040000,0.800000
116494940,84,110010000010111000001101010111000011010000000010001001101101011000110110110001100100,116506708,0,0.032000,0.700000
116494941,88,0011001000001111110000010101011100001101000000001000100111110101100001111011001110011000,116492276,0,0.032000,0.800000
116494942,81,011010001000110100000010101110000110100000000110001001111111010000111000000101110,116503247,0,0.040000,0.800000
116494943,78,110111010001100000010101011100001101000000001100010101111110001000111101110010,116488553,0,0.066667,1.000000
116494944,78,110111010001100000010101011100001101000000001100010101111110001000111101110010,116496909,0,0.030000,0.600000
116494945,79,1111000000001010000101010111000011010000000011100100111011010001101001001011111,116466865,0,0.040000,0.800000
116494946,76,0110100001100000010101011100001101000000001000011010111100011100001001100011,116488554,0,0.100000,1.000000
116494947,77,11110000000010100001010101110000110100000000111000001110110100011010011010111,116488554,0,0.100000,1.000000
116494948,77,11110000000010100001010101110000110100000000111000001110110100011010011010111,116488554,0,0.100000,1.000000
116494949,81,100010100000001101000010101011101001101000000001110010011111110100001110010010111,116466865,0,0.035000,0.700000
116494950,76,1111101110000001010101110000110100000000100001010011110001110011100110001111,116488555,0,0.066667,1.000000
116494952,74,10101001100000010101011100001101000000001000011010111101011100001001100011,116506709,0,0.024000,0.600000
116494953,75,101110111000000101010111000011010000000010000101101110001110010100110001111,116488557,0,0.066667,1.000000
116494954,75,101110111000000101010111000011010000000010000101101110001110010100111001111,116495382,0,0.046667,0.700000
116494955,75,101010111000000101010111000011010000000010000101101110001110010100110001111,116481604,0,0.100000,1.000000
116494956,81,011010101000110100001010101110000110100010000110010011111010100011111001001011111,116495376,0,0.100000,0.500000
116494957,77,01001001100010100000101010111000011010000000001000100110111010000111101011011,116496911,0,0.160000,0.800000
116494958,77,11011001000110000001010101110000100100000000100001000011101001100101000111101,116488562,0,0.066667,1.000000
116494959,81,111010001000110100001010101110000110100000000110001001111111010000111100000101110,116488562,0,0.066667,1.000000
116494960,75,101110111000000101010111000011010000000010000101101110001110010100110001111,116488562,0,0.066667,1.000000
116494961,73,0011010111010000101010111000011010000000010000110111101000111100100110011,116488562,0,0.066667,1.000000
116494962,75,101100110011000000101010111000011010000000010000100101110100010111100111111,116488562,0,0.066667,1.000000
116494963,79,0111100000001101000010101011100001101000000001110010011101101000011010010010111,116488562,0,0.066667,1.000000
116494964,75,001101011101000010101011100001101000000001000011010110100011101001001100111,116496904,0,0.053333,0.800000
116494965,77,10010010101000000101010111000011010100000010000100101111100011001100111100100,116488562,0,0.066667,1.000000
116494966,81,011110100010001100000010101011100001101000000101100110010111110011100111111110011,116486647,0,0.066667,0.800000
116494967,81,011010001000110100001010101110000110100000000110001001111111010000111000001011101,116486651,0,0.045788,1.000000
116494968,79,1110110010001100000010101011100001101000000001000010010011010001001110011110010,116486651,0,0.045788,1.000000
116494973,79,0100100110001001000010101011100001101000000001100110011011110100001111010010111,116485010,0,0.066667,1.000000
116494974,79,1110110010001100000010101011100001101000000001000010010011010001001110011110010,116490331,0,0.066667,1.000000
116494976,73,1010000110000001010101110000110100000000100001001011110011100001001100011,116473636,0,0.053333,0.800000
116494977,77,01111100101100000010101011100001101000000001100110010111110000100110000110010,116490315,0,0.100000,1.000000
116494978,73,1111011100000010101011100001101000010001100010110111000111001010011000111,116505133,0,0.040000,0.600000
116494979,81,100010100000001001000010101011101001101000000001110010011111110100001110010010111,116505133,0,0.040000,0.600000
116494980,81,011010001000110100001010101110000110100000000110001001111111010000111100000101110,116488547,0,0.053333,0.800000
116494981,86,01110111101000000100001010101110000110100000000110111101011010101100011001110001111100,116500001,0,0.080000,0.800000
116494982,79,0011000010011000000101010111000011010000000010001011011010110101101000100111001,116495383,0,0.053333,0.800000
116494983,87,011101111010000001000010101011100001101000000001101111010110101011000110011100011111001,116490315,0,0.100000,1.000000
116494984,79,0011000010011000000101010111000011010000000010001011011010110101101000100111001,116473636,0,0.032000,0.800000
116494985,81,011010001000111100001011101110000111100000000110001001111111010000111100001011001,116490315,0,0.100000,1.000000
116494986,77,10101100100011100001010101110000110100000000110001001010111100110011100111001,116490315,0,0.100000,1.000000
116494987,75,001101011101000011101011100001101000000001000011010110100011101001001100111,116503241,0,0.046667,0.700000
116494988,81,010010011000100100001010101110000110100000000111101001111111010000111110100101110,116490315,0,0.100000,1.000000
116494989,80,11100100101011000000101010111000011010000000011000100101111100011000100011100100,116505133,0,0.046667,0.700000
116494990,79,0001011000101000000010101011100001101000000001100010010111110011100111011100010,116490316,0,0.040000,1.000000
116494991,77,10101100100011000001010101110000110100000000110001001010111100110011100111001,116490316,0,0.040000,1.000000
116494992,75,010110010000100000101010111000011010000000011000100101011100011001110111001,116498407,0,0.040000,0.800000
116494993,82,0100100110001001000010101011100001101000000001100010001110110100001111101001011100,116486632,0,0.020000,0.800000
116494994,74,11010111000001010101111000110100000000100001001011111001110010101100001100,116490316,0,0.040000,1.000000
116494995,74,10101001100000010101011100001101000000001000011010111100011100001001100011,116490316,0,0.040000,1.000000
116494996,78,111001001010110000001010101110000110100000000110001010111110001100110001110010,116498407,0,0.040000,0.800000
116494998,79,0001011000101000000010101011100001101000000001100010010111110011100111011100010,116498407,0,0.040000,0.800000
116494999,78,111001001010110000001010101110000110100000000110001010111110001100110001110010,116498407,0,0.040000,0.800000
116495000,75,111010111000001010101111000110100000000100001001011111001110010101100001100,116498407,0,0.040000,0.700000
116495001,74,11010111000001010101111000110100000000100001001011111001110010101100001100,116486632,0,0.017500,0.700000
116495002,75,010110010000100000101010111000011010000000011000100101011100011001110111001,116501522,0,0.040000,1.000000
116495003,82,0100100110001001000010101011100001101000000001100010001110110100001111101001011100,116490316,0,0.040000,1.000000
116495004,75,101101110000001010101010000010100000000100001011010100001110011100100001111,116486632,0,0.015000,0.600000
116495005,76,1110100001100000010101011100001101000000001000011010111000011100001010100011,116490316,0,0.040000,1.000000
116495006,74,10101001100000010101011100001101000000001000011010111100011100001001100011,116486632,0,0.020000,0.800000
116495007,77,10101100100011000001010101110000110100000000110001001010111100110011100111001,116486632,0,0.020000,0.800000
116495008,85,0011011000011111110000010101011100001101000000001000100111101011000011010110011100111,116490317,0,0.066667,1.000000
116495009,75,001101011101000010101011100001101000000001000011011110100011101001001100111,116490317,0,0.066667,1.000000
116495011,85,0011011000011111110000010101011100001101000000001000100111101011000011010110011100111,116490317,0,0.066667,1.000000
116495013,83,11001000001011110000110101011100001101000000001000100110110101100011011011000110010,116490317,0,0.046667,0.700000
116495016,74,10101001100000010101011100001101000000001000011010111100011100001001100011,116490317,0,0.066667,0.800000
116495017,74,10001001010000010101011100001101000000001000011010111101011100001001100011,116490331,0,0.066667,1.000000
116495019,83,11001000001011110000110101011100001101000000001000100110110101100011011011000110010,116490331,0,0.053333,0.800000
116495021,79,0011000010011000000101010111000011010000000010001011011010110101101000100111001,116490317,0,0.053333,0.800000
116495022,78,010011001000110100001010101110000110100000001100010010111110011000111001110011,116490331,0,0.053333,0.800000
116495023,81,011010001010110100001010101110000110100000000110001001111111010000111100000101110,116490317,0,0.066667,1.000000
116495024,78,001111100100100000010101011100001101000000001100110011111110000100110000110010,116490317,0,0.066667,1.000000
116495025,74,10101001100000010101011100001101000000001000011010111100011100001111100011,116485010,0,0.066667,1.000000
116495027,79,0110110010001100000010101010100001101000000001101010010111000001001110001110011,116490331,0,0.053333,0.800000
116495030,88,0011001000001111110000010111011100101101000000001000100111110101101001110011001110011010,116486630,0,0.060000,0.600000
116495031,75,011101001100000010101011100001101000000001000011010111101011100001001101011,116490318,0,0.066667,1.000000
116495032,81,001101000110011010000101010111010011010000000110001001111111010000111010101010101,116490318,0,0.046667,0.700000
116495033,73,1111011100000010101011100001101000000001100010110111000111001010011000111,116473639,0,0.200000,1.000000
116495034,83,01011010001000010100001010101110000111100000000110001001111111000100111000100101110,116473639,0,0.160000,0.800000
116495035,78,110110010101100000010101011100001001000000001100010111111110001010111101110010,116473639,0,0.160000,0.800000
116495036,81,011010001000110100001010101110000110101000000110001001111111010000111100000101110,116473639,0,0.160000,0.800000
116495037,83,01011010001000010100001010101110000111100000000110001001111111000100111000100101110,116500012,0,0.070000,0.700000
116495038,75,101100110011000000101010111000011010000000010000100101110100010111100101011,116506710,0,0.066667,1.000000
116495039,79,0111100000001101000010101011100001101000000001110010001101101000011010010010111,116490318,0,0.066667,1.000000
116495040,87,011101111010000001000010101111100001101000000001101111010110101011000110011100011111000,116505117,0,0.053333,0.700000
116495041,76,1010110010000100000101010111000011110000000011000100101011100011001110111001,116473639,0,0.160000,0.800000
116495042,76,0111110010110000011010101010000110000000000110011001011111000010011100011001,116473639,0,0.120000,0.600000
116495043,83,01011010001000010100001010101110000111100000000110001001111111000100111000100101110,116500012,0,0.070000,0.700000
116495044,75,111101110000001010101010000010100000000100001011011100001100011100100001111,116500005,0,0.020000,0.700000
116495045,80,01111010001001110000001010111110000010100000000110011001011111001110011111111001,116490318,0,0.046667,0.700000
116495046,75,011101001100000010101011100001101000000001000011010111101011100001001101011,116495377,0,0.066667,1.000000
116495047,70,1010111010000101010111000010010000000011000010101111000100011100111101,116490319,0,0.080000,0.800000
116495049,80,10101100100001000000101010111000011010000000010000100101011100011001110011100111,116490319,0,0.100000,1.000000
116495050,82,1001000001001100000010101011100001101000000001000100110111101001011000011001110011,116478437,0,0.032000,0.700000
116495051,74,10101001100000010101011100001101000000011000011010011100010100001001100011,116488555,0,0.040000,0.600000
116495052,78,110110010101100001010101011100001101000000001100010110111110001010111101110010,116488555,0,0.040000,0.600000
116495053,78,011011001000110000101010101110000110110000000110101001011101000000111000111001,116490319,0,0.070000,0.700000
116495054,79,1110110010001000000110101011100000001000000001100010010111110000100110001110010,116501524,0,0.040000,0.600000
116495055,74,10101001000000010101011100001101000000001000011010111001011100001001100001,116490319,0,0.100000,1.000000
116495057,80,10101100100001000000101010111000011010000000010000100101011100011001110011100111,116490319,0,0.100000,1.000000
116495058,80,01111011001001111000011010101100010110110000000100011001011111000010011100111001,116492278,0,0.020000,0.500000
116495060,73,1101011100000101010111000011010000000010000100101111000111001000010000010,116492278,0,0.023333,0.800000
116495061,76,1011110010110000001010101110000110100000001100110010111110000100110000110010,116503238,0,0.040000,0.600000
116495062,81,001110100010001101000010101011100001101000000001100010011111110100001110010010111,116478440,0,0.032000,0.800000
116495063,70,1010111010000101011111000011010000000011001010101111100110011100101100,116500004,0,0.053333,0.600000
116495064,82,1001000001001100000010101011100001101000000001000100111110101000011010011001110011,116508498,0,0.060000,0.600000
116495065,78,001111100101100000010101011100001101000000001100110011111110000100110000110010,116483540,0,0.040000,0.800000
116495067,81,001110100010001101000010101011100001101000000001100010011111110100001110010010111,116500004,0,0.066667,0.600000
116495069,82,1001000001001100000010101011100001101000000001000100111110101000011010011001110011,116480047,0,0.040000,0.800000
116495070,77,01011001100110000001010101110000110100000000100001001011101000101110001110110,116483548,0,0.060000,0.600000
116495071,78,001111100101100000010101011100001101000000001100110011111110000100110000110010,116483540,0,0.040000,0.800000
116495072,81,001110100010001101000010101011100001101000000001100010011111110100001110010010111,116480047,0,0.040000,0.800000
116495073,81,001110100010001101000010101011100001101000000001100010011111110100001110010010111,116490320,0,0.060000,1.000000
116495074,83,11011000101011100000110101011100001101000000001001100111110101100011110011000110011,116490321,0,0.032000,0.800000
116495075,83,11011000101011100000110101011100001101000000001001100111110101100011110011000110010,116490321,0,0.040000,1.000000
116495076,81,011010001000110100001010101110000110100000000110001001111111010000111100000101110,116471697,0,0.100000,0.600000
116495077,81,011010001000110100001010101110000110100000000110001001111111010000111100000101110,116490322,0,0.050000,1.000000
116495078,77,01011001100110000001010101110100110100000000100001001011101000101110001110110,116481617,0,0.060000,0.800000
116495079,81,011010001000110100001010101110000110100000000110001001111101000000111000000101111,116471697,0,0.060000,0.600000
116495080,74,10101001100000010101011100001101000000001000011010111100011100001001100011,116490322,0,0.050000,1.000000
116495081,75,101100100011000111010101110000110100000010100001001011101010100111000111001,116471697,0,0.060000,0.600000
116495082,82,0110101010001001000010101011100001101000100001101010011111010100011011001001011101,116471697,0,0.060000,0.600000
116495083,75,101010011000000101010111000011010000000010000110101111000111000010011000111,116481617,0,0.100000,1.000000
116495084,75,101010011000000101010111000011010000000010000110101111000111000010011000111,116471697,0,0.060000,0.600000
116495085,83,01011010001000110100001010101110000110100000000110001001111111000000111100100101110,116490322,0,0.050000,1.000000
116495086,83,01011010000000110100001010101110000110100000000110001001111111000000011100100101110,116490322,0,0.050000,1.000000
116495087,74,00011010111010001101010111000011010000000010100100101111101111011100110100,116490322,0,0.050000,1.000000
116495088,77,01011001000100000011010101110000110100000000110000010111100101100111111101010,116471697,0,0.080000,0.700000
116495089,75,111101110000001010101010000110100000000100001011011100001110011100100001111,116490322,0,0.050000,1.000000
116495090,80,01101000100001010001101010111100011010000000011001001111111000000111100100001110,116490322,0,0.050000,1.000000
116495091,75,010110010000100000101010111000011010000000011000100101011100011001110111001,116490322,0,0.050000,1.000000
116495092,83,01011010001000110100001010101110000110100000000110001001111111000000111100100101110,116471697,0,0.060000,0.600000
116495093,82,0011010001001110100001010101110000110100000000110001001111111010000111000001011101,116471697,0,0.100000,0.600000
116495095,81,011101000100111010000101010110000011010000000011100100111111101001011100100101111,116468463,0,0.060000,0.600000
116495096,77,00110010000100000010101011100001101011000001000010010101110001100111001110011,116492288,0,0.034381,0.700000
116495097,77,11010001000110100001010101110000110100000001101001001011111000110111000110001,116468463,0,0.060000,0.600000
116495099,82,0011010101000110100011010101110000110100000000110101001111111010000111000001011101,116468463,0,0.070000,0.700000
116495100,86,01110111101000000100001010101110000110100000000110111101011010101100011001110001110100,116490324,0,0.050000,1.000000
116495102,82,1011010001000111100001010101110000111100000010110001001011111010000111100001011101,116496906,0,0.050000,0.500000
116495103,74,10101001100000010101011100001101000000001000011010111100011100001001100011,116488562,0,0.053333,0.800000
116495104,80,01110100000001101000010101011100001101000000001110010011111110100001110010110111,116501515,0,0.066667,1.000000
116495105,75,111101110000001010101110000110100000000100001011011110001110011100110101111,116490326,0,0.066667,1.000000
116495106,87,011101111010000001000010101111100001101000000001101111010110101001000110011100011111000,116473639,0,0.160000,0.800000
116495109,87,011101111010000001000010101111100001101000000001101111010110101001000110011100011111000,116490326,0,0.066667,1.000000
116495112,82,0110100011001101000110101011000001101000000001110010011111111100001100000010111010,116488550,0,0.030000,0.600000
116495113,70,1010111010000111010111000011010000000011000011101111010110010100111111,116485003,0,0.030000,0.600000
116495114,79,0100100110001001000010101011100001101000000001100110011111110100001111010010111,116490326,0,0.066667,1.000000
116495115,76,1110100001100000010101011100001101000000001000011000111000011100001011100011,116488550,0,0.040000,0.800000
116495116,79,0011000010011000000101010111000011010000000010001011011010110101101000100110001,116501515,0,0.066667,1.000000
116495117,77,11001001010110000001000101110000110100000000100001001011111000110011000010010,116506699,0,0.100000,0.800000
116495118,77,11001001010110000001000101110000110100000000100001001011111000110011000010010,116503241,0,0.028000,0.700000
116495119,75,101010011000000101010111000011010000000010000110101111000111000010011000111,116506699,0,0.100000,1.000000
116495120,78,011101000100011000000101010111000011010000000011001100101111100111001111111100,116490327,0,0.100000,1.000000
116495121,75,101010011000000101010111000011010000000010000110101111000111000010011000111,116490327,0,0.100000,1.000000
116495122,81,001111011001001111000001010101100000110100000000100011001011111000110011100111001,116490327,0,0.100000,1.000000
116495123,79,1101011100011000000101010111000011010000000011000000111111100011001100011000111,116490327,0,0.100000,1.000000
116495124,79,1101011100011000000101010111000011010000000011000000111111100011001100011000111,116490327,0,0.100000,1.000000
116495125,79,1101011100011000000101010111000011010000000011000000111111100011001100011000111,116503241,0,0.032000,0.800000
116495126,82,0111100010001101000010111001100001101000000001100010011111110100001111001001011101,116488548,0,0.060000,0.600000
116495127,80,01111010001001110000001010101110000110110000000110011101011111001110011111111001,116506699,0,0.100000,0.800000
116495128,77,11001001010110000001000101110000110100000000100001001011111000110011000010010,116506699,0,0.100000,0.800000
116495129,79,1010110010000100000010101011100001101000000001000010010101110001100111011110011,116490328,0,0.066667,1.000000
116495130,75,110100001100000000101011100001101000000001000011010111100011100001001100011,116490329,0,0.066667,1.000000
116495131,72,010100101100000010101011101001101000000001000011010111100011001010011101,116490329,0,0.066667,1.000000
116495133,75,110101001100000010101011100001101000000001000011010111100011100001001100011,116506711,0,0.080000,0.800000
116495135,77,11110100001100000010101011100001101000000001000011010111000011100001011100011,116506711,0,0.080000,0.800000
116495136,75,110100001100000000101011100001101000000001000011010111100011100001001100011,116475186,0,0.070000,0.500000
116495137,77,11011001000110000001010101110000110100000000100001000011101001100101000111101,116490329,0,0.066667,1.000000
116495138,79,1110100101011000001101010111000011010000000011000100101111100011000100011101100,116490329,0,0.066667,1.000000
116495140,79,1110100101011000001101010111000011010000000011000100101111100011000100011101100,116490329,0,0.066667,1.000000
116495141,82,0110100011001101000110101011100011101000000001110010011111111100001100000010111010,116465090,0,0.030000,0.600000
116495142,79,0111100000001101000010101011100001101000000001110010011101101000110010010010111,116490330,0,0.040000,0.600000
116495143,74,00111010111010001101010111000011010000000010100100101111101111011000110100,116490330,0,0.046667,0.700000
116495144,82,0110100011001101000110101011100011101000000001110010011111111100001100000010111010,116505134,0,0.080000,0.800000
116495145,75,110101111000001010101110010110100000000100001001011110001110010100110001111,116470087,0,0.120000,0.600000
116495146,79,0111100000001101000010101011100001111000000001110010011101101000011010010010111,116508505,0,0.066667,0.800000
116495147,81,011010001010110100001010101110000110100000000110001001110111110000111000000101110,116485010,0,0.066667,1.000000
116495148,78,110101100100001000000101010111000011010000000011000100101010000110011100111001,116490331,0,0.066667,1.000000
116495149,70,1000111010000101010111000011010000000011000010101111000110011100111101,116485010,0,0.066667,1.000000
116495151,77,10101100100001000001010101110000110100000000110001001010111000110011101110010,116490331,0,0.066667,1.000000
116495152,78,010001001010110000001010101110000110100000001100010010101110001000111001110001,116508505,0,0.053333,0.800000
116495153,77,10101100100001000001010101110000110100000000110001001010111000110011101110010,116508505,0,0.066667,1.000000
116495154,80,01101000100010000001010101110000110101000000111000011111111010000111000001011101,116490331,0,0.053333,0.800000
116495155,70,1000111010000101010111000011010000000011000010101111000110010100111101,116490331,0,0.066667,1.000000
116495156,78,101011101000110000001110101111000110100000000110011001111110100100110001110010,116490331,0,0.066667,1.000000
116495157,77,01011001000100000011010101110000110100000000110000010111100101100111111101010,116490331,0,0.066667,1.000000
116495158,78,110101100100001000000101010111000011010000000011000100101010000110011100111001,116490331,0,0.066667,1.000000
116495161,70,1000111010000101010111000011010000000011000010101111000110010100111101,116490317,0,0.053333,0.800000
116495162,78,110101100100001000000101010111000011010000000011000100101010000110011100111001,116490317,0,0.066667,0.800000
116495163,70,1000111010000101010111000011010000000011000010101111000110011100111101,116490317,0,0.053333,0.800000
116495164,78,101011101000110000001110101111000110100000000110011001111110100100110001110010,116490331,0,0.066667,1.000000
116495165,70,1010111010000111010111000011010000000011000110101011010110010100111111,116501525,0,0.032000,0.800000
116495166,77,11011001000110000001010101110000110100000100111001001011101000100111000111001,116478450,0,0.016000,0.400000
116495167,88,0011001000001111110000010101011100001101000000001000100111110101101001111011001111011000,116490333,0,0.200000,1.000000
116495168,82,1101110100010001001000010101011100001101000010001000100111011000000011110100000111,116490333,0,0.200000,1.000000
116495169,70,0101011000010101010111000011010000000010000110101101000110010000100001,116490333,0,0.160000,0.800000
116495170,70,0101011000000101010111000011010000000010000110101101000110010000100001,116490333,0,0.200000,1.000000
116495171,76,0011010111010000101010111000011010100000010000110101101000111010010011001111,116490333,0,0.200000,1.000000
116495172,75,001101011101000010101011100001101000000001000011011110100011101001001100111,116490333,0,0.200000,1.000000
116495173,72,110100101100000010101011101001101000000001000011010111100011001010011101,116490333,0,0.200000,1.000000
116495174,83,11001000001011100000110101011100001101000000001010100111110101100011010011000110000,116490333,0,0.200000,1.000000
116495175,82,1011010001000110100001010101110000110100000000110001001111110010000111100100101110,116490333,0,0.200000,1.000000
116495176,75,101010011000000101010111000011010000000010000110101111000111000010011000111,116490335,0,0.200000,1.000000
116495177,75,101010111000000101010111000011010000000010000101101110001110010100110001111,116490335,0,0.200000,1.000000
116495178,73,1111011100000010101011100001101000000001100010110111000111001010011000111,116490335,0,0.200000,1.000000
116495180,75,101110111000000101010111000011010000000010000111101110001110010100111001111,116485013,0,0.066667,1.000000
116495181,80,01101100100011000000101000101000011010001100011010100101110100010011100011100110,116501529,0,0.050000,0.500000
116495182,77,10110010001100000010101011100001101001000001100010011111100010001100011000111,116465089,0,0.120000,0.600000
116495183,75,101110111000000101010111000011010000000010000111101110001110010100111001111,116501529,0,0.080000,0.800000
116495185,81,011010001000110100001010101110000110100000000110001001111111010000111000001011101,116481613,0,0.160000,0.800000
116495186,77,11010001000110100001010101110000110100000000100001001011111000110111000110001,116492269,0,0.066667,1.000000
116495187,79,0110100010001101000010101011100001101000000001100010011111110100011100000010111,116492269,0,0.046667,0.700000
116495188,77,10101100100011000001010101110000110100000000110001001010111100110011100111001,116481613,0,0.160000,0.800000
116495189,75,001101011101000010101011100001101000000001000011010110100011101001001100111,116492269,0,0.066667,1.000000
116495190,79,1101100101011000000101010111000011010000000011000000101111100011001101011100110,116492269,0,0.066667,1.000000
116495191,80,01110100010001101000010101011100001101000000001100010011111110000001110010010111,116492272,0,0.066667,1.000000
116495192,77,01110100001100000010101011100001101000000001000011010110000011100001011100011,116492272,0,0.066667,1.000000
116495193,79,0111100000001101000010101011100001101000000001110010001101101000011010010010111,116498408,0,0.100000,1.000000
116495194,76,1111101110000001010100110000110100000000100001010011110001110011100110001111,116486627,0,0.030000,0.600000
116495196,77,01110100001100000010101011100001101000000001000011010110000011100001011100011,116471674,0,0.080000,0.800000
116495197,77,01110100001100000010101011100001101000000001000011010110000011100001011100011,116483545,0,0.100000,1.000000
116495198,78,110101100100001000000101010111000011010000000011000100101010000110011100111001,116492272,0,0.066667,1.000000
116495199,73,1111011100000010101011100001101000000001000010110111000111001010011000111,116492272,0,0.066667,1.000000
116495200,75,100101001100000010101011100001101000000001000011010111100011100001001100011,116492272,0,0.066667,1.000000
116495201,75,100101001100000010101011100001101000000001000011010111100011100001001100011,116503233,0,0.080000,0.800000
116495202,76,1111101110000001010100110000110100000000100001010011110001110011100110001111,116492272,0,0.066667,1.000000
116495203,74,10101001100000010101011100001101000000001000011010111100011001010011000101,116492273,0,0.066667,1.000000
116495204,74,10101001100000010101011100001101000000001000011010111100011001010011000101,116500006,0,0.200000,1.000000
116495206,74,10101001000000010111011100001101000000001000011010111101011000001001100011,116485000,0,0.080000,0.800000
116495207,81,011010001000110100001010101110000110100000000110001001111111010000111000000101110,116492274,0,0.080000,0.800000
116495208,80,01101000100010000001010101110000110100000000111000001111111010000111000001011101,116492274,0,0.100000,1.000000
116495209,77,01111100101100000010101011100001101000000001100110010111110000100110000110010,116492274,0,0.100000,1.000000
116495210,81,011010101000110100001010101110000110100000100110001001110111010000111101000101110,116492274,0,0.100000,1.000000
116495211,81,001010001000110100001010101110001110100000000110001001111111010000111110000101110,116492274,0,0.100000,1.000000
116495212,82,1011010001000111100001010101110000111100000010110001001011111010000111100001011101,116505135,0,0.120000,0.600000
116495213,77,01111100101100000010101011100001101000000001100110010111110000100110000110010,116492274,0,0.100000,1.000000
116495214,74,00011010111010001101010111000011010000000010100100101111101111011100110100,116492274,0,0.100000,1.000000
116495215,77,01111100101100000010101011100001101000000001100110010111110000100110000110010,116492274,0,0.100000,1.000000
116495216,79,0110101010001101000010001011100001101000100001100100111110011000111110010110111,116492275,0,0.040000,1.000000
116495217,78,110110010001100000010101011100001101000000001000010101111010001000111101110010,116496904,0,0.053333,0.800000
116495218,74,10101001100000010101011100001101000000001000011010111100011100001001100011,116496902,0,0.160000,0.800000
116495219,81,011010001000110100001010101110000110100000000110001001111111010000111100000101110,116492275,0,0.040000,1.000000
116495220,78,011010001000110100001010101110000110100000000100001001011111000110111000111001,116492275,0,0.040000,1.000000
116495221,79,0111100000001101000010101011100001101000000001110010011101101000011010010010111,116496902,0,0.160000,0.800000
116495222,74,10101001100000010101011100001101000000001000011010111100011100001001100011,116503231,0,0.032000,0.800000
116495223,80,01101000100001010000101010111000011010000000011001001011111000000111100100101110,116492275,0,0.040000,1.000000
116495224,79,1001001100010010000101010111000011010000000011100100111111101000011111010001110,116490325,0,0.053333,0.800000
116495225,79,1001001100010010000101010111000011010000000011100100111111101000011111010001110,116506701,0,0.060000,0.600000
116495226,78,011010001000110100001010101110000110100000000100001001011111000110111000111001,116503231,0,0.032000,0.800000
116495227,81,011010001000110100001010101110000110100000000110001001111111010000111000001011101,116492275,0,0.040000,1.000000
116495228,85,0011001000001111110000010101011100001101000000001000100101101011000011010110011100111,116503231,0,0.032000,0.800000
116495229,81,011010001000110100001010101110000110100000000110001001111111010000111100000101110,116496902,0,0.160000,0.800000
116495230,82,1010000101001100000101010111000011010000000010001001111101011000111100110011110101,116492275,0,0.040000,1.000000
116495231,74,10101001100000010101011100001101000000001000011010111100011100001001100011,116492275,0,0.040000,1.000000
116495232,79,0100100110001001000011101011100001101000000001100110011011110100001111010010111,116506701,0,0.060000,0.600000
116495233,79,0111100000001101000010101011100001101000000001010010011101101000011010010010111,116492275,0,0.032000,0.800000
116495234,78,011110100001100000010101011100001101000000001000011010111000011100001011100011,116492275,0,0.040000,1.000000
116495235,80,01111011001001111000001010101100000100100000000100011001011111000110011100111001,116503231,0,0.024000,0.600000
116495236,82,1010000101001100000101010111000011010000000010001001111101011000111100110011110101,116506701,0,0.060000,0.600000
116495237,79,1010110010100100000010101011100001101000000001000010010101110001100111001110011,116492275,0,0.040000,1.000000
116495238,81,001010001000110100001010101110001110100000000110001001111111010000111110000101110,116503231,0,0.028000,0.700000
116495240,78,011110110010111110000010101011000001101000000001000110010111110011001110011100,116471700,0,0.040000,0.800000
116495241,78,011110110010111110000010101011000001101000000001000110010111110011001110011100,116492276,0,0.028000,0.700000
116495242,77,11001001010110000001000101110000110000000000100001001011111000110011000110010,116492276,0,0.040000,1.000000
116495243,75,101110111000000101010111000011010000000010000101101110001110010100110001111,116508508,0,0.050000,0.700000
116495244,78,100100101010000001010101110000110101000000101001001011111000110011001111001001,116492277,0,0.050000,1.000000
116495245,82,0110100010101101000010101011100001101000000001100110011111110100001111000001001100,116501532,0,0.050000,0.600000
116495246,81,011110100010001100000010101011100001101000000001100110010111110011100111111110011,116508509,0,0.066667,1.000000
116495247,75,110100001100000000101011100001101000000001000011010111100011100001001100011,116492280,0,0.053333,0.800000
116495248,77,11010001000100100001010101110000110100010000100001001011111000110111000111001,116508493,0,0.120000,0.600000
116495249,74,10101001100000010101011100001101000000001000011010111100011001010011000101,116492281,0,0.050000,1.000000
116495250,86,01110111101000000100001010101110000110100000000110111101011010101100011001111001110100,116492281,0,0.040000,0.800000
116495251,82,0111100010001101000010111011100001101000000001100010011111110100001111001001011101,116492281,0,0.050000,1.000000
116495252,81,011010001000111100001011101110000111100000000110001001111111010000111100001011001,116492281,0,0.030000,0.600000
116495253,75,000110101110100011011101110000110100000000101001001011111011110111101101001,116470087,0,0.120000,0.600000
116495254,79,1011011001000110000001010101010000110100000000110101001011100000100111000111001,116470087,0,0.120000,0.600000
116495255,79,0110100010001101000010101011100001100000000011000100111111101000011100000010111,116492283,0,0.200000,1.000000
116495256,76,1110110001100000010101011100001101000000001000011010111000011100001011100011,116492283,0,0.200000,1.000000
116495257,76,1110110001100000010101011100001101000000001000011010111000011100001111100011,116492283,0,0.160000,0.800000
116495260,77,10101100100011000001010101110000110100000000110001001010111100110011100111001,116492286,0,0.100000,1.000000
116495262,83,11010000101001100000101010111000011010000000010001001111101011000111100110011110101,116492286,0,0.100000,1.000000
116495264,75,111101110000001010101010010110100000000100001011011110001110011100110001111,116475186,0,0.050000,0.500000
116495265,81,001101010100011000001010101110000110100000000111000001111111010100111000001011101,116501515,0,0.100000,1.000000
116495266,73,1010000010000001010101110000110100000000100001001011110011100001001100011,116492287,0,0.100000,1.000000
116495267,78,111010000000110100001010101110000110100000001110010011111110100001110010010011,116490326,0,0.046667,0.700000
116495268,87,100110010000011111100000101010111000011010000000010001001111101011000011110110011100110,116501515,0,0.100000,1.000000
116495269,74,01101011101000010101011100001101000000001000011010110100011101001001100011,116492287,0,0.100000,1.000000
116495270,79,1101011100011000000101010111000011010000000011000000111111100011001100011000110,116490326,0,0.053333,0.800000
116495271,77,01001001100010100000101010111000011010000000001000100110111010000111101011011,116492287,0,0.100000,1.000000
116495273,82,0001010001000110100001010101110000110100000000110001001111111010000111100100101110,116498414,0,0.100000,1.000000
116495274,80,01001011101000110000001010101110000110100000000110011001011111000010011000011001,116492287,0,0.100000,1.000000
116495275,75,111101110000001010101010010111100000000100001011011110001110011100110001111,116501515,0,0.060000,0.600000
116495276,78,110110010101000001010101011100001101000000001100010111111110001010111101110010,116490324,0,0.025000,0.500000
116495278,80,01110000000000101000010101011100001101000000001110010011111110100001110010010111,116468450,0,0.049116,0.800000
116495279,77,10010010101000000101010111000011010101000010000100101111100011001100111100100,116492288,0,0.049116,1.000000
116495280,78,011001001010110000001000101110000110100000000110100001011111000110011000110010,116490324,0,0.025000,0.500000
116495281,79,1010110010000100000010101011100001101000000001000010010101110001100111011110011,116468455,0,0.030000,0.800000
116495282,81,110010000010111100001101010111000011010000000010001011011010110001101101100011001,116486642,0,0.140000,0.700000
116495283,81,011010001000110100001010101110000110100000000110001001111111010000111100000101110,116490324,0,0.030000,0.600000
116495284,79,1110100101011000000101010111000011010000000011000100101111100011000100011101100,116492289,0,0.100000,1.000000
116495285,77,10101100100011000001010101110000110100000000110001001010111100110011100111011,116492289,0,0.080000,0.800000
116495286,86,00110000000011111100000101010111000011010000000010001001111101011000011110110011100110,116492289,0,0.100000,1.000000
116495287,75,101100110011001010101010111000011010000000010000100101110100010111100101011,116506712,0,0.070000,0.700000
116495288,80,01101000100011010000101010111000011010000000011001001111111000000111100100001110,116490328,0,0.066667,0.700000
116495289,75,111010111000001010101111000110100000000100001001011111001110010101100001100,116492289,0,0.100000,1.000000
116495290,78,010010001010000000101010111001001010000000011000110101111100011000110111100100,116485004,0,0.046667,0.700000
116495291,86,11110011000101011100000010101011100001101000001001000100110010101100010110011001110010,116492289,0,0.100000,1.000000
116495292,79,0110100010001101000010101011100001101000000011000100111111101000011110000010111,116492289,0,0.100000,1.000000
116495293,75,001101011101000010101011100001101000000001000011010110100011101001001100111,116492289,0,0.100000,1.000000
116495294,75,101100110011000010101010111000011010000000010000100101110100010111100101011,116506712,0,0.080000,0.800000
116495295,79,1101001100011000000101010111000011010000000011000000111111000011001100011010111,116492289,0,0.100000,1.000000
116495296,85,1110010000010111000001101010111000011010000000010001001111111011000110100110001100101,116492289,0,0.100000,1.000000
116495297,77,01011000101000000010111011100001101001000001101010010111110001100111011100001,116492289,0,0.100000,1.000000
116495298,76,1101100101010000010101010111000011010000000011000101111111000101011110111001,116485016,0,0.140000,0.700000
116495299,74,10101001000000010101011100001101000000001000011010111101011100001001100011,116468448,0,0.160000,0.800000
116495301,75,001101011101000010101011100001101000000001000011010110100011101001001100111,116494067,0,0.100000,1.000000
116495305,87,011101111010000001000010101111100001101000000001101111010110101011000110011100011111000,116488551,0,0.020000,0.500000
116495306,83,01101110100010001001000010101011100001101000000001000100111011000000011100100000111,116488551,0,0.024000,0.600000
116495307,79,1101100101011000000101010111000011010000000011000000101111100011001101011100110,116494068,0,0.100000,1.000000
116495308,82,0111100010001101000010111011100001111000000001100010011111110000001111001001011001,116494068,0,0.100000,1.000000
116495309,87,011101111010000001000010101111100001101000000001101111010110101011000110011100011111000,116494068,0,0.100000,1.000000
116495311,81,011010001000110100001010101110000110100000000110001001111111010000111100000101110,116488551,0,0.024000,0.600000
116495312,81,011010001000111100001011101110000111100000000110001001111111010000111100001011001,116494068,0,0.100000,1.000000
116495313,81,011010101000110100001010101110000110100000100110001001110111010000111101000101110,116494068,0,0.100000,1.000000
116495315,78,101101100100110000001010101110000110100000000110001001011111000100111000111001,116470079,0,0.100000,1.000000
116495316,77,10010011000100100001011101110000110100000000110001001100110100001010010010111,116494068,0,0.100000,1.000000
116495317,83,01101110100010001001000010101011100001101000000001000100111011000000011100100000111,116494068,0,0.100000,1.000000
116495318,77,10010011000100100001011101110000110100000000110001001100110100001010010010111,116470079,0,0.040000,0.800000
116495319,74,11101000011000000101010111000011010000000010000110101110000111000001110001,116494068,0,0.100000,1.000000
116495320,81,100010100000001001000010101011101001101000000001110010011111110100001110010010111,116494068,0,0.100000,1.000000
116495322,79,1101100101011000000101010111000011010000000011000000101111100011001101011100110,116488551,0,0.024000,0.600000
116495323,79,1110100101011000000101010111000011010000000011000100101111100011000100011101100,116494068,0,0.100000,1.000000
116495324,82,1101110100010001001000010101011100001101000010001001100111011000000011110100000111,116494068,0,0.100000,1.000000
116495325,77,10010011000100100001011101110000110100000000110001001100110100001010010010111,116494068,0,0.100000,1.000000
116495326,81,011010101000110100001010101110000110100000100110001001110111010000111101000101110,116488551,0,0.020000,0.500000
116495328,74,10101001100000010101011100001101000000001000011010111101011100001001100011,116494069,0,0.066667,1.000000
116495329,72,011010111010000101010111000011010000000010000110101010001110100100110011,116480036,0,0.053333,0.800000
116495330,76,1110100001100000010101011100001101000000001000011010111000011100001010100011,116470079,0,0.100000,1.000000
116495331,79,1101001100011000000101010111000011010000000011000000111111000011001100011000111,116480036,0,0.053333,0.800000
116495332,75,101110111000000101010111000011010000000010000111101110001110010100111001111,116490328,0,0.046667,0.700000
116495333,83,11001000001011100000110101011100001101000000001000100110110101100011011011000110010,116470079,0,0.080000,0.800000
116495334,81,011010001000111100001011101110000111100000000110001001111111010000111100001011001,116485004,0,0.040000,0.700000
116495335,78,011011001000110000101010101110000110110000000110101001011101000000111000111001,116494069,0,0.066667,1.000000
116495336,82,0110100010101101000010101011100001101000000001100110011111110100001111000001001100,116480036,0,0.053333,0.800000
116495337,76,1110100001100000010101011100001101000000001000011010111000011100001010100011,116492289,0,0.100000,1.000000
116495338,82,0110100010001101000010101011100001101000000001100010001111110000001110000010111011,116494069,0,0.053333,0.800000
116495339,83,11001000001011100000110101011100001101000000001000100110110101100011011011000110010,116494069,0,0.066667,1.000000
116495340,80,01101000100011000001010101110000110100000000111000001111111010000111000001011101,116494069,0,0.066667,1.000000
116495341,82,0011010001000110100001010101110000110100000000110001001111111010000111100100101110,116494069,0,0.066667,1.000000
116495342,79,1110100101011000000101010111000011010000000011000100101111100011000100011101100,116494070,0,0.100000,1.000000
116495343,79,1011011001000110000001010101010000110100000000110101001011100000100111000111001,116494070,0,0.100000,1.000000
116495344,79,1110110010001100000010101011100001101000000001000010010011010001001110011110010,116494070,0,0.100000,1.000000
116495345,82,0011010001000110100001010101110000110100000000110001001111111010000111100100101110,116494070,0,0.100000,1.000000
116495346,77,11010001000110100001010101110000110100010000100001001011111000110111000111001,116494070,0,0.100000,1.000000
116495347,77,11010001000100100001010101110000110100000000100001001011111000110111000111001,116494070,0,0.100000,1.000000
116495348,81,011110100010001100000010101011100001101000000001100110010111110011100111111110011,116494070,0,0.100000,1.000000
116495349,79,0011100000001101000010101011100001100000000001110010011101101000011010010010101,116494070,0,0.100000,1.000000
116495350,77,00101100100011000001101010111000011010000000011000100111101000010011010111001,116494070,0,0.100000,1.000000
116495351,86,00110010000011111100000101010111000011010000000010001001111101011000011110110011100110,116494070,0,0.100000,1.000000
116495352,77,01011001000100000011010101110000110100000000110000010111100101110111111101010,116494071,0,0.050000,1.000000
116495353,77,10101100100011000001010101110000110100000000110001001010111100110011100111001,116501520,0,0.053333,0.800000
116495354,83,01011010001000010100001010101110000111100000000110001001111111100100111000100101110,116481596,0,0.046667,0.700000
116495355,78,011110110010111110000010101011000001101000000001000110010111110011001110011100,116490331,0,0.053333,0.800000
116495356,79,0111100000001101000010101011100001101000000001110010111101101000011010010010111,116494071,0,0.050000,1.000000
116495357,80,01101000100011000001010101110000110100000000111000001111111010000111000001011101,116481596,0,0.053333,0.800000
116495358,83,01011010000000110100001010101110000110100000000110001001101111000000011100100101110,116508505,0,0.066667,1.000000
116495359,76,0111101110000001010101010000010100000000100001011011100001110011100100001111,116481596,0,0.040000,0.600000
116495360,77,01111101110000001010101110000110100000001100001011011110001110010100110101111,116494071,0,0.040000,0.800000
116495361,75,101100110011000000101010111000011010000000010000100101110100010111100111111,116485010,0,0.066667,1.000000
116495362,75,101010011000000101010111000011010000000010000110101111000111000010011000111,116501520,0,0.053333,0.800000
116495363,78,011011001000110000001010101110000110100000000110101001011101000100111000111001,116494071,0,0.050000,1.000000
116495364,81,110111011001000100100001011101110100110100000000100010011101100001001110010000011,116505126,0,0.040000,0.600000
116495365,77,10010010101000000101010111000011010100000010000100101111100011001100111100100,116481596,0,0.046667,0.700000
116495366,76,0111101110000001010101010000010100000000100001011011100001110111100100001111,116481596,0,0.040000,0.600000
116495367,77,01111101110000001010101110000110100000001100001011011110001110010100110101111,116494071,0,0.050000,1.000000
116495368,78,010011001000110100001010101110000110100000001100010010011110011000111001110011,116501520,0,0.046667,0.700000
116495369,76,1111101110000001010101110000110100000000100001010011110001110011100110001111,116481596,0,0.053333,0.800000
116495370,75,010101001100000010101011100001101000000001000011010111101011100001001101011,116494071,0,0.050000,1.000000
116495371,75,010101001100000010101011100001101000000001000011010111101011100001001101011,116505126,0,0.053333,0.800000
116495372,70,1010111010000101011111000011010000000011001010101110100110011100101100,116494071,0,0.050000,1.000000
116495414,79,0011000010011000000101010111000011010000000010001011011010110101101000100111001,116468456,0,0.053333,0.800000
116495418,81,011010001000111100001010101110000110100000000110001001111111010000111100000101110,116475183,0,0.053333,0.800000
116495421,81,101111000100001010000101010101000011010000000011100100111011010000110100000101111,116475183,0,0.046667,0.700000
116495425,75,011111011100000101010111000011010000000110000101101111000111001010011010111,116501516,0,0.070000,0.700000
116495429,81,011010001000110100001010101110000110100000000110001001111111010000111100000101110,116490326,0,0.100000,0.800000
116495431,80,01101000100011010000101010111000011110000000011001001111111000000111000000001110,116498403,0,0.160000,0.800000
116495432,79,1111001100011000000101010111000011010000000011000000111111100011001100011000111,116488546,0,0.053333,0.800000
116495434,86,00110010010011111100100101010111000011010000001010001001111100011000001110110011100110,116471674,0,0.060000,0.600000
116495437,82,0110101010001001000010101011100001101000100001101010011111010100011011001001011101,116459871,0,0.100000,1.000000
116495438,79,0110110010001100000010101011100001101000000001000010101111010001010111101010010,116459871,0,0.100000,1.000000
116495439,86,01110111101000000100001010101110000110100000000110111101001010101100011001110001111100,116459871,0,0.100000,1.000000
116495440,86,00110010000011111000000101010101000011010000000010001001111101011000011110110011100110,116499997,0,0.046667,0.700000
116495441,74,10101001100000110101011100001101000000001000011010111101011100001001101011,116459872,0,0.066667,1.000000
116495442,81,001010001000110100001010101110001110100000000110001001111111010000111110000101110,116459872,0,0.066667,1.000000
116495444,76,1011110010110000001010101110000110100000001100110010111110000100110000110010,116478442,0,0.028000,0.700000
116495445,83,11001000001011100000110101011100001101000000001000100110110101100011011011000110010,116478438,0,0.080000,0.800000
116495455,76,1110100001100000010101011100001101000000001000011010111000011100001010100011,116495378,0,0.053333,0.800000
116495457,80,01111011001101111000001010101100100100100000000100011001011111000110011100110001,116495378,0,0.040000,0.600000
116495460,77,01011000101000000010101011100001101001000001101010010111110000100111011100001,116486630,0,0.070000,0.700000
116495461,81,011101000100111010000101010110000011010000000011100100111111101001011100100101111,116461655,0,0.100000,1.000000
116495463,75,101110111000000101010111000011010000000010000101101110001110010100110001111,116461656,0,0.066667,1.000000
116495464,75,101010011000000101010111000011010000000010000110101111000111000010011000111,116503228,0,0.080000,0.800000
116495465,76,1011110010110000001010101110000110100000001100110010111110000100110000110010,116461656,0,0.066667,1.000000
116495466,75,101110111000000101010111000011010000000010000101101110001110010100110001111,116503228,0,0.080000,0.800000
116495467,76,1011110010110000001010101110000110100000001100110010111110000100110000110010,116503228,0,0.070000,0.700000
116495468,75,001101011101000010101011100001101000000001000011010110100011101001101000111,116498419,0,0.100000,1.000000
116495479,77,11011001000110000001010101110000110100000000100001000011101001100101000111101,116478448,0,0.028000,0.700000
116495480,82,0101110100010001001000010101011000001101000000001000100111110000010011100110010110,116506693,0,0.024000,0.600000
116495481,79,0100100110001001000010101011100001101000000001100110011111110100001111010010111,116473642,0,0.079051,0.800000
116495482,75,111110111000001010101110000110100000000100001011011110001110010100110101111,116506693,0,0.028000,0.700000
116495483,76,1010110010000100000101010111000011010000000011000100101011100011001110111001,116506693,0,0.028000,0.700000
116495484,70,1000111010000101010111000011010000000011000010101111000110010100111101,116500000,0,0.070000,0.700000
116495489,76,1110100101100000010101011100001101000000001000010010111000011100001011100011,116498404,0,0.080000,0.800000
116495490,78,110110010101100000010101011100001101000000001100010111111110001010111101110010,116505125,0,0.040000,1.000000
116495491,78,111010001000110100001010100110000110100000000100000001011111000110111000111001,116478435,0,0.026667,0.400000
116495492,75,111101110000001010101110000110100000000100010110111100011100101001101011111,116486650,0,0.070000,0.700000
116495493,75,011101001100000010101011100001101000000001000011010111101011100001001101011,116463286,0,0.100000,1.000000
116495494,75,110101010010100010010101011100001101000000001100110010011100001000100111011,116473643,0,0.070000,0.700000
116495499,81,001010001000110100001010101110001110100000000110001001111111010000111110000101110,116506711,0,0.060000,0.700000
116495500,74,10101001100000010101011100001101000000001000011010111100011100001001100011,116475186,0,0.060000,0.600000
116495503,80,01110100010001101000010101011100001101000000001100010011111110100001110010010111,116475180,0,0.160000,0.800000
116495517,77,01001001100010100000101010111000011010000000001000100110111010000111101011011,116465087,0,0.100000,1.000000
116495518,75,111101110000001010101010000010100000000100001011011100001100011100100001111,116488545,0,0.070000,0.700000
116495519,83,11001000001011100000110101011100001101000000001010100111110101100011010011000110000,116481617,0,0.080000,0.800000
116495520,80,01110100010001101000010101011100001101000000001100010011111110100001110010010111,116501529,0,0.080000,0.800000
116495521,75,010110010000100000101010111000011010000000011000100101011100011001110111001,116501529,0,0.080000,0.800000
116495522,77,01011001100110000001010101110000110100000000100001001011101000101110001110110,116465089,0,0.200000,1.000000
116495523,78,001011101010110000001010101110000110100000000010011001011110000010011000111001,116465089,0,0.200000,1.000000
116495525,74,10101001110000010101011100001101000000001000011010111100011100001001100011,116503246,0,0.080000,0.800000
116495527,77,11010001000100100001010101110000110100010000100001001011111000110111000111001,116503246,0,0.070000,0.700000
116495528,81,011010001000111100001011101110000111100000000110001001111111010000111100001011001,116503246,0,0.060000,0.600000
116495529,73,0101001011000000101010111010011010000000010000110101111000110010100111011,116503242,0,0.070000,0.700000
116495530,86,00110010010011111100100101010111000011010000000010001001111101011000011110110011100110,116465090,0,0.050000,1.000000
116495531,79,0011000010011000000101010111000011010000000010001011011010110101101000100111001,116470084,0,0.200000,1.000000
116495532,75,101100110011000000101010111000011010000000010000100101110100010111100111111,116488562,0,0.053333,0.800000
116495533,77,11011001000110000011010101110000110100000100111001001011101000100011000111001,116498418,0,0.080000,0.400000
116495535,79,0011000010011000000101010111000011010000000010001011011010110101101000100111001,116490325,0,0.053333,0.800000
116495538,81,011010001000110100001010101110000110100000000110001001111111010000111100000101110,116465102,0,0.100000,1.000000
116495540,82,0011010000011111000000101010111000011010000000010001001111101011000011110110011001,116465102,0,0.100000,1.000000
116495544,75,111101110000001010101110000110100000000100001011011110001110011100110001111,116465105,0,0.100000,1.000000
116495545,77,11010001000110100001010101110000110100010000100001001011111000110111000111001,116465105,0,0.100000,1.000000
116495546,77,11010001000110110001010101110000110100000000100001000011111000110111000111001,116488541,0,0.070000,0.700000
116495547,74,10101001100000010101011100001101000000001000011010111100011100001001100011,116488541,0,0.080000,0.800000
116495555,76,0111101110000001010101010000010100000000100001011011100001110011100100001111,116465102,0,0.070000,0.700000
116495557,75,101100110011000000101010111000011010000001010000100101110100110111000111011,116465102,0,0.080000,0.800000
116495558,86,01110111101000000100001010101110000110100000000110111101011010101100011001110001111100,116481615,0,0.040000,0.800000
116495559,79,0100100110001001000010101011100001101000000001101110011011110100101111010010111,116466868,0,0.200000,1.000000
116495560,77,10101100100011000001010101110000110000000000110001001010111100110011100111001,116468457,0,0.140000,0.700000
116495564,79,1111000010011010000101010111000011010000000011000100101111010000111100000101110,116494067,0,0.040000,0.400000
116495565,77,01011000101000000010111011100001101001000001101010010111110001100111011100001,116481610,0,0.035000,0.700000
116495566,70,1010111010000111010111000011010000000011000010101111010110010100111111,116468449,0,0.200000,1.000000
116495567,79,1101100101011000000101010111000011010000000011000000101111100011101101011100110,116468449,0,0.200000,1.000000
116495568,77,10101100100011000001010101110000110100000000110001001010111100110011100111001,116468449,0,0.200000,1.000000
116495569,79,0001011101010110000001010101110000010100000000010011001011110000010011000111001,116468450,0,0.160000,0.800000
116495570,80,01110100010001101000010101011100001101000000001100010011111110100001110010010111,116496906,0,0.060000,0.600000
116495571,77,01010000101000000010101011100001101001000001100010010111110001100111011100101,116496906,0,0.050000,0.500000
116495572,79,0001011101010110000001010101110000110100000000010011001011110000010011000111001,116468450,0,0.200000,1.000000
116495573,77,01010000101000000010101011100001101001000001100010010111110001100111011100101,116492288,0,0.200000,0.800000
116495574,79,0001011101010110000001010101110000110100000000010011001011110000010011000111001,116468450,0,0.200000,1.000000
116495575,78,110101100100001000001010101110000110100000000110001001010111000110011100111001,116483546,0,0.053333,0.800000
116495576,75,110101010000100010010101011100001101000000001100110010011100001000110111011,116468450,0,0.200000,1.000000
116495577,79,0100100110001001000010101011100001101000000001100110011111110100001111000010111,116468450,0,0.200000,1.000000
116495578,80,01111011001011111000001010101100000110100000000100011001011111000110011100111001,116468450,0,0.200000,1.000000
116495579,78,011111011100000010101011100001101000000001000010110111100011100101001101011111,116503245,0,0.080000,0.800000
116495581,80,01110100000001101000010101011100001101000000001110010011111110100001110010110111,116508491,0,0.026667,0.800000
116495584,87,011101111010000001000010101111100001101000000001101111010110101001000110011100011111000,116468454,0,0.066667,1.000000
116495585,78,010011001000110100001010101110000110100000001100010010111110011000111001110011,116468454,0,0.066667,1.000000
116495586,70,0101011000000101010111000011010000000010000110101101000110010000110001,116468454,0,0.066667,1.000000
116495587,86,00110000000011111100000101010111000011010000000010001001111101011000011110110011100110,116468454,0,0.066667,1.000000
116495588,74,11010011000001010101111000110100000000100001001011111001110010101000001100,116468456,0,0.066667,1.000000
116495589,74,11010011000001010101111000110100000000100001001011111001110010101000001100,116468456,0,0.066667,1.000000
116495590,80,01101000100011010000101010111000011010000000011001001110111000000111100100001110,116468457,0,0.200000,1.000000
116495591,80,01110100000001101000010101011100001101000000001110010011111110100001110010110111,116492271,0,0.046667,0.700000
116495592,82,0111100010001101000010111011100001101000000001100010011111110100001111001001011101,116468459,0,0.066667,1.000000
116495593,79,0011000010011000000101010111010011010000000010001011011010110101101000100110001,116501517,0,0.033333,0.500000
116495594,76,1111101110000001010101110000110100000000100001010011110001110011100110001111,116506690,0,0.046667,0.700000
116495595,84,100011010001000110100001010101110000110100000000110001001111111010000111100100101110,116468460,0,0.066667,1.000000
116495596,80,01111011001011111000001010101100000110100000000100011001011111000110011100111001,116468460,0,0.066667,1.000000
116495597,76,1111101110000001010101110000110100000000100001011011110001110010100110011111,116468460,0,0.066667,1.000000
116495598,76,1111101110000001010101110000110100000000100001010011110000110011100110001111,116468460,0,0.053333,0.800000
116495599,79,1101100101011000000101010111000011010000000011000000101111100011001101011100110,116468460,0,0.066667,1.000000
116495600,75,101010111000000101010111000011010000000010000101101110001110010100110001111,116468460,0,0.066667,1.000000
116495601,82,1011010001000110100001010101110000110100000000110001001111111010000011100000101110,116506690,0,0.046667,0.700000
116495602,81,011010001000110100001010101110000110100000000110001001111111010000111000000101111,116468460,0,0.066667,1.000000
116495603,79,0110100010001101000010101011100001101000000001100010011111110100011100000010111,116468460,0,0.066667,1.000000
116495604,70,1010111010000101011111000011010000000011001010101111100110011100101100,116506690,0,0.040000,0.600000
116495605,81,100010100000001001010010101011101001101000000001110010011111110100001110010010111,116468460,0,0.066667,1.000000
116495606,86,00110000000011111100000101010111000011010000000010001001111101011000011110110011100110,116506690,0,0.046667,0.700000
116495607,84,100011010001000110100001010101110000110100000000110001001111111010000111100100101110,116506690,0,0.046667,0.700000
116495608,77,11010001000110100001010101110000110100000000100001001011111000110111000110001,116506690,0,0.046667,0.700000
116495609,81,011010101000110100001010101110000010100000100110001001110111010000111101000101110,116468460,0,0.066667,1.000000
116495610,81,011010001000110100001010101110000110100000000110001001111111010000111000000101111,116468460,0,0.066667,1.000000
116495611,78,111001001010110000001010101110000110100000000110001010111110001100110001110010,116468460,0,0.066667,1.000000
116495612,75,101010111000000101010111000011010000000010000101101110001110010100110001111,116486635,0,0.026667,0.800000
116495613,78,111001001010110000001010101110000110100000000110001010111110001100110001110010,116501529,0,0.080000,0.800000
116495614,78,110110010001100000010101011100001101000000001000010101111010001000111101110010,116485013,0,0.066667,1.000000
116495615,70,0110101110100001010101110000110100000000100001101010100111010010011001,116486635,0,0.026667,0.800000
116495617,76,1111101110000001010101110000110100000000100001011011110001110010100110011111,116492287,0,0.032680,0.600000
116495618,78,011110100001100000010101011100001101000000001000011010111000011100001011100011,116498414,0,0.032680,1.000000
116495619,78,111001001010110000001010101110000110100000000110001010111110001100110001110010,116492271,0,0.066667,0.700000
116495620,82,0110110011001101000110101011100001101000000001110010011111111100001100000010111010,116492271,0,0.053333,0.600000
116495621,78,001011000101010000010101011100001101000000001100010010110110011100110011100010,116498409,0,0.200000,1.000000
116495622,81,101111000100001010000101010111000011010000000011100100111011010000110100000101111,116468461,0,0.033333,1.000000
116495623,79,0010110001010100000101010111000011010000000011000100101101100111001100111000101,116468461,0,0.033333,1.000000
116495624,86,00110010010011111100100101010111000011010000000010001001111101011000011110110011100110,116486635,0,0.023333,0.700000
116495625,79,1110110010001100000010101011100001101000000001000010010011010001001110011110010,116468462,0,0.050000,1.000000
116495626,83,01101000110011010001101010111000011010000000011100100111111111000011000000101110101,116495373,0,0.046667,0.700000
116495627,75,010110010000100000101010111000011010000000011000100101011100011001110111001,116468463,0,0.100000,1.000000
116495628,79,0111100000001101000010101011100001101000000001110010011101101000011010010010111,116476973,0,0.100000,0.600000
116495629,77,11010001000110100001010101110000110100000000100001001011111000110111000110001,116476972,0,0.040000,1.000000
116495630,75,101100110011000000101010111000011010000001010000100101110100010111000111011,116488562,0,0.046667,0.700000
116495631,72,101011100000101010111100011010000000010000100101111001110010101100001100,116470081,0,0.100000,1.000000
116495634,83,00110100110101101000010101011100001101000000001100010011111110100001111001001011101,116470083,0,0.100000,1.000000
116495635,83,10010010001000110111001010111110000110100000000111001001111111010000110000001011101,116470083,0,0.100000,1.000000
116495636,82,0011010001000110100001010101110000110100000000110001001111111010000111100100101110,116470084,0,0.200000,1.000000
116495637,80,01111010001000110000001010101110000110100000000100011001011111001110011111111001,116470084,0,0.200000,1.000000
116495638,80,11100100101011000000101010111000011010000000011000100101111100011000100011100100,116484996,0,0.160000,0.800000
116495639,77,11010001000110100001010101110000110100000000100001001011111000110111000111001,116470086,0,0.050000,1.000000
116495640,75,011010111000001010001111000110100000000100001001011101001110010101100001100,116505118,0,0.040000,0.600000
116495641,72,010100101100000010101011101001101000000001000011010101100011001010011101,116470088,0,0.050000,1.000000
116495642,80,01111000100011010000101010111000011010000100011100100111011010000110100100101111,116470088,0,0.050000,1.000000
116495643,82,1101110100010001001000010101011100001101000000001000100111011000000011100100000111,116470088,0,0.050000,1.000000
116495644,79,1010110010000100000010101011100001101000000001000010010101110001100111011110011,116496911,0,0.200000,1.000000
116495645,81,011010001010110100001010101110000110100000000110001001110111110000111000000101110,116470088,0,0.050000,1.000000
116495646,80,01101000100010000001010101110000110100000000111000011111111010000111000001011101,116496911,0,0.200000,1.000000
116495647,78,110101100100001000000101010111000011010000000011000100101010000111011100111001,116470088,0,0.050000,1.000000
116495648,82,0110100010001101000010101011100001101000000001100010011111110000001110000010111011,116506691,0,0.100000,0.400000
116495656,81,011010001000110100001010101110000110100000000110001001111111010000111000000101110,116488551,0,0.024000,0.600000
116495657,81,011010001000111100001011101110000111100000000110001001111111010000111100001011001,116492272,0,0.046667,0.700000
116495661,88,0011001000001111110000010101011100001101000000001000100111110100100001111011001110011000,116486634,0,0.066667,0.800000
116495676,72,010100101101000010101010101001101000000001000011010101100011001010011101,116471689,0,0.120000,0.600000
116495677,82,1001000001001100000010101011100001101000000001000100111110101001011010011001110011,116501532,0,0.020000,0.600000
116495686,80,11110001000110100001010101010000110100000000110001001111111010000111001001011101,116486630,0,0.070000,0.700000
116495689,80,10110101000001101000010101011100001101000100001100100111110011000111110010110111,116498406,0,0.070000,0.700000
116495690,78,011111001011000000101010111000011010000000010001100101111100001001100001100100,116471684,0,0.066667,1.000000
116495691,81,011010001000110100001010101110000110100000000110001001111111010000111100000101110,116468448,0,0.160000,0.800000
116495692,77,01011000101000000010101011100001101001000001101010010111110000100111011100001,116503237,0,0.024000,0.600000
116495693,80,01101000100011010000101010111000011010000000011001001111111000000111100100001110,116468448,0,0.160000,0.800000
116495694,78,110101100100001000000101010111000011010000000011000100101010000110011100111001,116468448,0,0.160000,0.800000
116495695,82,1010000101001100000111010111000011010000000010001001111101011000111100110011110101,116500013,0,0.070000,0.800000
116495699,75,101110111000000101000111000011010000000010000101101110001110010100110001111,116494068,0,0.080000,0.800000
116495710,77,01011001100110000001010001110000110100000000100001001011101000101110001110110,116494068,0,0.080000,0.800000
116495719,77,11010001000110100001010101110000110100000000100001001011111000110111000110001,116471693,0,0.066667,1.000000
116495722,81,011010001000111100001010101110000110100000000110001001111111010000111100000101110,116471693,0,0.066667,1.000000
116495723,78,011110110010111110000010101011000001101000000001000110010111110011001110011100,116470078,0,0.046667,0.700000
116495725,79,0111100000001101000010101011100001101000000001110010001101101000011010010010111,116470078,0,0.053333,0.800000
116495726,82,0011010001000110100001010101110000110100000000010101001111111010000111000001011101,116500000,0,0.060000,0.600000
116495728,78,001011000101000000010101011100001101010000001100010010101110011100110011100010,116471694,0,0.100000,1.000000
116495735,75,111101110000001010101010000110100000010100001011011110001110011100110001111,116480047,0,0.024000,0.600000
116495736,84,111011000101011100000010101011100011101000000001000100111110100100011110011001110010,116471700,0,0.050000,1.000000
116495737,81,011010101000110100001010101110000110100000000110001001111111010100111100000101110,116480047,0,0.032000,0.800000
116495738,79,1110100010001101000010101101100001101000000001000010010111010001101110001110011,116496909,0,0.025000,0.500000
116495739,77,10101100100011000001010101110000110100000000110001001010111100110011100111001,116488550,0,0.040000,0.800000
116495740,76,1011110010110000001010101110000110100000001100110010111110000100110000110010,116503241,0,0.046667,0.700000
116495741,81,011010101000110100001010101110000110100000100110001001110111010000111101000101110,116505133,0,0.040000,0.600000
116495742,81,101111000001000110000001010101110000110100000000110011001011111001110011111111001,116490315,0,0.070000,0.700000
116495743,82,1101110100010001001000010101011100001101000000011000100111011000000011100100000111,116503241,0,0.046667,0.700000
116495744,74,11110111000000101010111000011010001000010001011011110001110010100010011111,116490315,0,0.060000,0.600000
116495745,73,0110110011000100101010111000011010000101010000100101110100010111000111011,116473636,0,0.040000,1.000000
116495748,81,101110100010001101000010101001000001101000000001000010011011110100000110010010111,116501519,0,0.020000,0.700000
116495749,83,11001000001011100000110101011100001101000000001010100111110101100011010011000111000,116473639,0,0.200000,1.000000
116495750,82,0110100010101101000010101011100001101000000001100110011111110100001111000001001100,116473639,0,0.200000,1.000000
116495751,79,1001001100010010000101010111000011010000000011100100111111101000011111010001110,116501519,0,0.028571,1.000000
116495752,74,10101001100000010101011110001101000000001100011010111101011100001001101011,116501519,0,0.022857,0.800000
116495753,78,010010001010000000101010111001001010000000011000110101111100011000110111100100,116473641,0,0.200000,1.000000
116495754,86,00110010000011111100000101010111000011010000000010001001111101011000011110110011100110,116473641,0,0.200000,1.000000
116495756,78,001011000101000000010101011100001101000000001100010010111110011100111011100010,116488550,0,0.040000,0.800000
116495757,74,10101001100000010101011100001101000000001000011010111100011100001001100011,116485003,0,0.053333,0.600000
116495760,84,111001000011011100000110101011100001101000000001000100111111101100011010011000110010,116505120,0,0.035000,0.700000
116495761,83,11001000001011100000110101011100011101000000001000100110110101100011011011000110010,116473643,0,0.100000,1.000000
116495767,81,011010001000110100001010101110000110100000000110001001111111010000111100000101110,116483551,0,0.080000,0.800000
116495768,79,0011000010011000000101010111000011010000000010001011011010110101101000100111101,116481598,0,0.040000,0.800000
116495770,82,0111100010001101000010101011100001101000000001100010011111110100001111001001011101,116466865,0,0.040000,0.800000
116495772,79,0110110010001100000010101010100001101000000001111010010111000001001110001110011,116475175,0,0.200000,1.000000
116495773,79,1101011101100100001010101100001110100000000101001100011100010110010100110100100,116471687,0,0.040000,0.600000
116495774,79,0111100000001101000010101011100001101000000001110010011101101000011010010010111,116485010,0,0.053333,1.000000
116495803,78,010011001000110100001010101110000110100000001100010010111110011000111001110011,116475180,0,0.200000,1.000000
116495804,76,1111011100000010101011100001101001000001000011110111100011100111001100111111,116475180,0,0.200000,1.000000
116495805,82,0011010000011111000000101010111000011010000000010001001111101011000011110110011001,116475180,0,0.200000,1.000000
116495808,74,11110111000000101010111000011010000000010000101101110001110010100110001111,116475180,0,0.200000,1.000000
116495809,74,11110111000000101010111000011010000000010000101101110001110010100110001111,116475180,0,0.200000,1.000000
116495810,83,01011010000000110100001010101110000110100000000110001001111111000000011100100101110,116475180,0,0.200000,1.000000
116495811,77,01010000101000000010101011100001101001000001100010010111110001100111011100101,116475180,0,0.200000,1.000000
116495812,76,1110100001100000010101011100001101000000001000011010111000011100001001100011,116475180,0,0.200000,1.000000
116495813,76,0110100001100000010101011100001101000000001000011010111100011100001001100011,116475180,0,0.200000,1.000000
116495814,70,1010111010000111010111000011010000000011000010101111010110010100111111,116475180,0,0.200000,1.000000
116495815,78,010011001000110000001010101110000110100000001100010010111110001000111001110011,116475180,0,0.200000,1.000000
116495818,82,1101110100010001001001010101011100001101000000001000100111011000000011100100000111,116475180,0,0.200000,1.000000
116495819,78,011011001000110000101010101110010110110000000110101001011101000000111000111001,116475180,0,0.200000,1.000000
116495820,77,10101100100011000001010101110000110100000000110001001010111100110011100111001,116475180,0,0.200000,1.000000
116495827,81,010010011000100100001010101110000110100000000110001001111111010000111100100101110,116468461,0,0.026667,0.800000
116495828,81,011110100010001100000010101011100001101000000001100110010111110011100111111110011,116468461,0,0.026667,0.800000
116495830,81,101111000100001010000101010101000011010000000011100100111011010000110100000101111,116508491,0,0.023333,0.700000
116495832,80,01111011001001111000001010101100000110100000000100011001011111000110011100111001,116492287,0,0.026144,0.600000
116495835,79,1110100101011000000101010111000011010000000011010100101111100011000100011101100,116498414,0,0.032680,1.000000
116495838,72,011010111010000101010111000011010000000010000110101010001110100100110011,116490322,0,0.050000,1.000000
116495839,75,010101001100000010101011100001101000000001000011010111101011100001001101011,116492271,0,0.046667,0.700000
116495840,79,0000100110001001000010101011100001101000000001100110011111110100001111010010111,116475187,0,0.033333,1.000000
116495841,83,01011010001000110100001010101110000110110000000110001001111111010000111100100101110,116490313,0,0.033333,0.500000
116495842,80,01111011001011111000001010101100000110100000000100011001011111000110011100111001,116498411,0,0.140000,0.700000
116495843,79,1101100101011000000101010111000011010000000011000000101111100011101101011100110,116498411,0,0.160000,0.800000
116495844,74,01111011101000010101011100001111000000001000111010110100011101001001100111,116475188,0,0.066667,1.000000
116495845,80,10101100100001000000101010111000011010000000010000100101011100011000110011100111,116498411,0,0.160000,0.800000
116495846,66,010111001001010101110000110100000000110001101010100011001110011110,116498411,0,0.140000,0.700000
116495847,75,101010011000000101010111000011010000001010000110101111000111000010011000111,116475188,0,0.053333,0.800000
116495848,75,101110111000000101000111000011010000000010000101101110001110010100110001111,116501528,0,0.140000,0.800000
116495849,80,11000010001101000010101011100011101000000001100010011111110100001110000001011100,116475188,0,0.046667,0.700000
116495850,77,10010010101000000101010111000011010100000010000100101111100011001100111100100,116503234,0,0.070000,0.700000
116495851,70,1010111010000111010111000011010000000011000110101011010111010100111111,116503234,0,0.070000,0.700000
116495852,78,110110010101100001010101011100001101000000001100010111111110001010111101110010,116503234,0,0.070000,0.700000
116495855,74,00111010111010001101010111000011010000000010100100101111101111011000110100,116503233,0,0.070000,0.700000
116495858,80,01101001100011011000101010111000011110000000011001001011111100000111100100101110,116496911,0,0.140000,0.700000
116495859,75,111101110000001010101110000110100000000100001011011110001110011100110001111,116470083,0,0.080000,0.800000
116495860,79,1111000010011010000101010111000011010000000011000100111111010000111100000101110,116476972,0,0.100000,1.000000
116495861,75,001101011101000010101011100001101010000001000011010110100011101001001100111,116498412,0,0.040000,0.600000
116495862,73,1111011100000010101011100001101000000101000010110111000111001010011000111,116476973,0,0.066667,1.000000
116495867,79,1101100101011000000101010111000011010000000011000000101111100011001101011100110,116496903,0,0.017143,0.600000
116495868,74,10101001100000110101011100001101000001001000011010111100011100001101110011,116486626,0,0.013333,0.600000
116495873,82,0111100010001101000010101011100001101000000001100010011111110100001111001001011101,116476976,0,0.050000,1.000000
116495874,75,101110111000000101010111000011010000000010000111101110001110010100111001111,116476976,0,0.050000,1.000000
116495875,86,00110010010011111100100101010111000011010000000010001001111101011000011110110011100110,116501521,0,0.120000,0.600000
116495876,73,1011101110000001010101110000110100000000100001011011100111001010011000111,116501521,0,0.120000,0.600000
116495897,74,11110111000000101010111000011010000000010001011011110001110010100110011111,116476982,0,0.100000,1.000000
116495898,74,11110111000000101010111000011010000000010001011011110001110010100110011111,116490334,0,0.053333,0.800000
116495900,75,001101011101000010101011100001101010000001000011010110100011101001001100111,116492273,0,0.046667,0.700000
116495901,73,1111011100000010101011100001101000000001000010110111000111001010011000111,116500006,0,0.200000,1.000000
116495902,79,1101011100011000000101010111000011010000000011000000111111100011001100011000110,116476984,0,0.100000,1.000000
116495903,82,1011010001000111100001010101110000110100000010110001001011111010000111100001011101,116501513,0,0.033333,0.500000
116495904,82,0000101010001101000010101011100001101000100001100100111110101000111110010010111110,116476985,0,0.100000,1.000000
116495905,77,10101100100011000001010101110000110100000000110001001010111100110011100111001,116492280,0,0.066667,1.000000
116495906,79,0011000010011000000101010111000011010000000010001011011010110101101000100111001,116492280,0,0.066667,1.000000
116495907,83,01011010000000110100001010101110000110100000000110001001111111000000011100100101110,116492280,0,0.066667,1.000000
116495908,77,11010001000100100001010101110000110100010000101001001011111000110111000111001,116476987,0,0.100000,1.000000
116495909,77,01111100101100000010101011100001101000000001100110010111110000100110000110010,116476971,0,0.100000,1.000000
116495910,78,111010010101100000010101011100001101000000001100010010111110001100100011101100,116485016,0,0.160000,0.800000
116495911,86,00110010010011111100100101010111000011010000000010001001111101011000011110110011100110,116508505,0,0.053333,0.800000
116495913,81,010010011000100100001010101110000110100000000111001001111111010000111100100101110,116480045,0,0.066667,1.000000
116495914,79,0101100101010000000101010111000001010001100011100100101111100011001110011111110,116471687,0,0.040000,0.600000
116495915,74,10101001100000110101011100001101000001001100011010111100011100001101100011,116490317,0,0.040000,0.600000
116495916,81,100010100000001001000010101011101001101000000001110010011111110000001110010010111,116498414,0,0.026144,0.800000
116495917,80,01101000100011000001010101110000110100000000111000001111111010000011000001011101,116478433,0,0.066667,1.000000
116495918,82,0110100010101101000010101011100001101000000001100110011111110100001111000001011100,116478433,0,0.066667,1.000000
116495920,82,0110101010001001000010101011100001101000100001101010011111010100011011001001011101,116499998,0,0.080000,0.800000
116495921,80,01111011001101111000001010101100100100100000000100011001011111000110011100110001,116498406,0,0.060000,0.600000
116495922,81,001101000110011010000101010111010011010000000110001001111111010000111010101010101,116505123,0,0.100000,0.600000
116495923,74,10101001100000010101011100001101000000001000011010111100011001010011000101,116495374,0,0.140000,0.700000
116495924,77,01001000101000000010101011100101101000000001100011010111110001100011011110010,116478441,0,0.053333,0.800000
116495925,74,10101001100000010101011100001101000000001000011010111101011100001001100011,116478437,0,0.032000,0.700000
116495926,72,011010111010000101010111000011010000000010000110101010001110100100110011,116492278,0,0.032000,0.800000
116495927,77,01001000101000000010101011100101101000000001100011010111110001100011011110010,116478437,0,0.033333,1.000000
116495928,81,011010001000110101001010101110000110100000000110001001111111010000111000001101110,116503238,0,0.040000,0.600000
116495929,72,011010111010000101010111000011010000000010000110101010001110100100110011,116478437,0,0.033333,1.000000
116495930,76,1011010001000000110101011100001101000000001100000101111000011001111111010100,116492278,0,0.028000,0.700000
116495931,79,1101100100011000000101010111000011010010000011000100111111100010001100011000111,116492278,0,0.028000,0.700000
116495932,78,010011001000110100001010101110000110100000001100010010111110011000111001110011,116478437,0,0.033333,1.000000
116495933,82,1001000001001100000010101011100001101000000001000100110111101001011000011001110011,116478441,0,0.066667,1.000000
116495934,80,01101000100010000001010101110000110100000000111000001101111010000111000001011101,116492278,0,0.032000,0.800000
116495935,81,011010001000110100001010101110000110100000000110001001111111010000111100000101110,116488545,0,0.100000,1.000000
116495936,75,011101001100000010101011100001101000000001000011010111101011100001001101011,116471689,0,0.160000,0.800000
116495937,83,01011010001000010100001010101110000111100000000110001001111111100100111000100101110,116501534,0,0.033333,0.500000
116495938,82,0111100010001101000010111011100001111000000001100010011111110000001111001001011001,116501534,0,0.033333,0.500000
116495939,78,010011001000110100001010101110000110100000001100010010111110011000111001110011,116501534,0,0.033333,0.500000
116495940,77,10010010101000000101010111000010110100000010000100101111100011001100111100100,116508495,0,0.100000,0.500000
116495941,79,1100100101011000000101010111000011010000000011000110101111100011000100011100100,116501534,0,0.100000,0.600000
116495942,83,01011010001000010100001010101110000111100000000110001001111111100100111000100101110,116508495,0,0.100000,0.600000
116495943,75,010101001100000010101011100001101000000001000011010111101011100001001101011,116478439,0,0.100000,1.000000
116495944,76,0111101110000001010101010000010100000000100001011011100001110011100100001111,116478439,0,0.100000,1.000000
116495945,75,010101001100000010101011100001101000000001000011010111101011100001001101011,116508495,0,0.100000,0.700000
116495946,83,01011010001000010100001010101110000111100000000110001001111111100100111000100101110,116508495,0,0.100000,0.600000
116495947,72,110100101100000010101011101001101000000001000011010111100011001010011101,116501534,0,0.033333,0.500000
116495948,77,11110100001100000010101011100001101000000001000011010111000011100001011100011,116501534,0,0.100000,0.600000
116495949,83,01011010001000010100001010101110000111100000000110001001111111100100111000100101110,116478439,0,0.033333,0.600000
116495950,81,011010001000110100001010101110000110100000000110001001111111010000001100000101110,116508495,0,0.100000,0.700000
116495951,80,11100100101011000000101010111000011010000000011000100101111100011000100011100100,116478439,0,0.100000,1.000000
116495952,81,101110100010101001000010101011000001101000000001010100111110000010011100110010110,116501534,0,0.100000,0.500000
116495953,75,101101110000001010101010000010100000000100001011010100001110011100100001111,116478439,0,0.100000,1.000000
116495954,83,11001000001011100000110101011100001101000000001010100111110101100011010011000110100,116478439,0,0.100000,1.000000
116495955,74,10101001100000010101011100001101000000001000011010111100011100001111100011,116501534,0,0.040000,0.600000
116495956,75,001101011101000010101011100001101010000001000011010110100011101001001100111,116496903,0,0.017143,0.600000
116495958,75,111101111000001010101110010110100000000100001001011110001110010100110001111,116483541,0,0.046667,0.700000
116495959,79,0010110001010000000101010111000011010000000011000100101111100111001100111000101,116508497,0,0.053333,0.800000
116495960,79,1101000110011010000101010111000011010000000011000100111111010000111000000101110,116483541,0,0.053333,0.800000
116495961,79,0100100110001001000010101011100001101000000001100110011111110100001111010010111,116500009,0,0.066667,1.000000
116495962,81,010010011000000100001010101110000110100000000111001001111111010000111110100101110,116498401,0,0.100000,1.000000
116495963,78,011111001011000000101010111000011010000000011000100101111100001001100001100100,116500009,0,0.066667,1.000000
116495964,77,01011001000010000001010101110000110100000000100001001010111000110011100111011,116478443,0,0.022222,1.000000
116495966,79,1101011101110100001010101100001110100000000101001100011100010110010100110101100,116486641,0,0.017143,0.600000
116495967,79,1100100101011000000101010111000011010000000011000100101111100011000100011100100,116486641,0,0.022857,0.800000
116495968,76,1111101110000001010101110000110100000000100001011011110001110010100110011111,116500007,0,0.033333,0.500000
116495969,78,010011001000110100001010101110000110100000001100010010111110011000111001110011,116478445,0,0.066667,1.000000
116495970,75,101010011000000101010111000011010000000010000110101111000111000010011000111,116478445,0,0.066667,1.000000
116495971,78,110110010101000001010101011100001101000000001100010111111110001010111101110010,116478445,0,0.066667,1.000000
116495972,78,110110010101000001010101011100001101000000001100010111111110001010111101110010,116501513,0,0.033333,0.500000
116495973,81,011010001000111100001011101110000111100000000110001001111111010000111100001011001,116478445,0,0.066667,1.000000
116495974,83,00110100110101001000010101011100001101000000001100010011111110100001111001001011101,116478445,0,0.066667,1.000000
116495975,80,01101000100010000001010101110000110100000000111000001111111010000111000001011101,116498417,0,0.100000,1.000000
116495976,83,11001000001011110000110101011100001101000000001000100110110101100011011011000110010,116478447,0,0.200000,1.000000
116495977,75,011101001100000010101011100001101000000001000011010111101011100001001101011,116501523,0,0.040000,0.800000
116495979,70,1010111010000111010111000011010000000011000010101111010110010100111111,116506693,0,0.024000,0.600000
116495980,79,1101100101011000000101010111000011010000000011000000101111100011001101011100110,116478448,0,0.040000,1.000000
116495981,74,00111010111010001101010111000011010000000010100100101111101111011000110100,116486644,0,0.070000,0.700000
116495987,83,01011010000000110100001010101110000110100000000110001001111111000000011100100101110,116481614,0,0.080000,0.600000
116495989,75,001101011101000010101011100001101000000001000011010110100011101001001100111,116495383,0,0.080000,0.800000
116495991,79,1100100101011000000101010111000011010000000011000100101111100011000100011100100,116486644,0,0.080000,0.800000
116495992,70,1010111010000111010111000011010000000011000010101111010110010100111111,116495383,0,0.070000,0.700000
116495993,81,011010001000110100001010101010000110100000000110001001111111010000111100000101110,116488547,0,0.070000,0.700000
116495995,81,011010001000110100001010101110000110100000000110001001111111010000111000001011101,116486644,0,0.080000,0.800000
116495996,80,01101000100010000001010101110000110100000000111000001111111010000111000001011101,116488547,0,0.080000,0.800000
116495998,80,01101000100010000001010101110000110100000000111000001111111010000111000001011101,116481614,0,0.080000,0.600000
116496001,83,01011010000000110100001010101110000110100000000110001001111111000000011100100101110,116488547,0,0.080000,0.800000
116496004,75,010110010000100000101010111000011010000000011000100101011100010001110111001,116478453,0,0.040000,1.000000
116496005,78,110111010001100000010101011100001101000000001100010101111111001000111101110010,116506708,0,0.040000,0.800000
116496006,77,11001001010110000001000101110000110100000000100001001011110000110011000110010,116481608,0,0.035000,0.700000
116496007,83,00010100110101001000010101011100001101000000001100010011111110100001111001001011101,116506708,0,0.040000,0.800000
116496008,88,0011001000001111110000010101011100001101000000001000100111110101100001111011001110011000,116506695,0,0.200000,1.000000
116496009,83,10111100010001101000010101011100001101000000001100010011111110100000111001001011101,116463291,0,0.080000,0.700000
116496010,83,01111000100011010000101010111000011010000000011000100111111101000011110010010111010,116480037,0,0.100000,1.000000
116496011,74,10101001100000010101011100001101000000001000011010111101011100001001100011,116480038,0,0.066667,1.000000
116496012,87,011101111010000001000010101111100001101000000001101111010110101001000110011100011111000,116480038,0,0.066667,1.000000
116496013,74,00011010111010001101010111000011010000000010000100101111001101011100110000,116501524,0,0.046667,0.700000
116496015,86,01111111101000000100001010101110000110100000000110111101011010101100011001110001111100,116478438,0,0.100000,1.000000
116496016,79,1101000110011010000101010111000011010000000011000100111111010000111000000101110,116480042,0,0.066667,1.000000
116496017,82,0111000010001101000010101011100001101000000001100010011111110100001111001001011101,116480042,0,0.066667,1.000000
116496018,77,11011001000110000001010101110000110100000000100001000011101001100101000111101,116486639,0,0.066667,1.000000
116496019,76,0110100001000000010101011100001101000000001000011010111100011100001001100011,116480044,0,0.100000,1.000000
116496020,83,01011010001000110100001010101110000110100000000110001001111111000000111100100101110,116488545,0,0.100000,1.000000
116496021,80,01111000100011010000101010111000011010000100011100100111011010000110100100101111,116480044,0,0.100000,1.000000
116496024,75,001101011101000010101011100001101010000001000011010110100011101001001100111,116480045,0,0.066667,1.000000
116496025,78,011011001000110000001010101110000110100000000110111001011101000100111000111001,116480045,0,0.066667,1.000000
116496026,75,101110111000000101000111000011010000000010000101101110001110010100110001111,116503237,0,0.024000,0.600000
116496027,75,101110111000000101000111000011010000000010000101101110001110010100110001111,116500013,0,0.070000,0.800000
116496029,82,1001000001001100000010101011100001101000000001000100111110101001011011011001110011,116480045,0,0.066667,1.000000
116496031,75,101110111000000101000111000011010000000010000101101110001110010100110001111,116498420,0,0.024000,0.700000
116496033,75,101110111000000101010111000011010100000010000101101110001110010100110001111,116480045,0,0.066667,1.000000
116496034,74,10101001100000010001011100001101000000001000011010111100011100001001100011,116480045,0,0.066667,1.000000
116496035,74,10101001100000010001011100001101000000001000011010111100011100001001100011,116500013,0,0.070000,0.800000
116496037,75,101110111000000101000111000011010000000010000101101110001110010100110001111,116480045,0,0.053333,0.800000
116496038,78,010011001000110100001010101110000110100000001100010010111110011000111001110011,116480045,0,0.066667,1.000000
116496039,83,00110100110101101000010101011100000101000000001100010011111110100001111001001001101,116492276,0,0.028000,0.700000
116496040,75,010110010000100000101010111000011010000000011000100101011100011001110111001,116480047,0,0.040000,1.000000
116496041,83,00110100110101101000010101011100000101000000001100010011111110100001111001001001101,116495385,0,0.140000,0.700000
116496042,81,010010011000100100001010101110000110100000000110001001111111010000111110100101110,116495385,0,0.160000,0.800000
116496043,80,01111011001001111000001010101100000110100000000100011001011111000110011100111001,116480047,0,0.040000,1.000000
116496044,75,101110011000000101010111000011010000000010000101101110001110010100110001111,116480047,0,0.040000,1.000000
116496045,78,010110010001000000110101011100011101000000001100000101111000011001111111010100,116480047,0,0.040000,1.000000
116496046,81,010010011000100100001010101110000110100000000110001001111111010000111110100101110,116495385,0,0.160000,0.800000
116496047,72,110100101100000010101011101001101000000001000011010111100001001010011101,116480047,0,0.040000,1.000000
116496048,85,0011010111010110100001010101110000110100000000110001001111111010000111100100111110111,116495385,0,0.160000,0.800000
116496049,70,1010111010000111010111000011010000000011000010101111010110010100111111,116480047,0,0.040000,1.000000
116496054,70,1010111010000101011111000011010000000011001110101111100110011100101100,116481595,0,0.066667,1.000000
116496055,73,1111011100000010101011100001101000000001000010110111000111001010011000111,116506704,0,0.032000,0.800000
116496056,71,11101110000001010101110000110100000000100001011011100011100101001000111,116486645,0,0.032000,0.800000
116496057,70,1010111010000101010111000010010000000011000010101111000100011100111101,116495374,0,0.066667,0.600000
116496058,82,1101110100010001001000010101011100001101000010001000100111011000000011110100000111,116506704,0,0.028000,0.700000
116496059,79,0100100110001001000011100011100001101000000001100110011011110100001111010010111,116495374,0,0.030000,0.600000
116496060,74,10101001100000010101011100001101000000001000011010111100011100001001100011,116488558,0,0.032000,0.400000
116496061,80,01110100000001101000010101011100001101000000001110010011111110100001010010110111,116481595,0,0.040000,0.800000
116496062,75,001001111101000010101011100001101000000001000011010110100011101001101000111,116505123,0,0.040000,0.800000
116496063,82,0100100110001001000010101011100001101000000001100010011110110100001111101001011100,116478436,0,0.040000,1.000000
116496064,75,111101110000001010101110000110100100000100001111011110001110011100110011111,116505123,0,0.035000,0.700000
116496067,75,001101011101000010101011100001101000000001000011011110100011101001001100111,116501526,0,0.160000,0.800000
116496068,79,0100100110001001000010101011100001101000000001100110011111110100001111010010111,116488543,0,0.060000,0.800000
116496069,75,101110111000000101010111000011010000000010000101101110001110010100110001111,116505125,0,0.040000,1.000000
116496070,88,0011001000001111110000010111011100101101000000001000100111110101101001110011001110011010,116481609,0,0.033333,0.500000
116496071,81,011110010011100010000010101011100001101000000000100110010111110001100111111110010,116498418,0,0.080000,0.400000
116496072,81,011010001000110100001010101110000110100000000110001001111111010000111100000101110,116486636,0,0.026667,0.400000
116496073,76,0110110010001100000010101010100001101000000001101010010111000001001110001100,116495379,0,0.028000,0.700000
116496076,74,10101001100000010101011100001101000000001000011010111101011100001001100111,116481606,0,0.100000,1.000000
116496077,78,010110010001100000110101011100001101000000001101000101111000011001111101010100,116498416,0,0.070000,0.700000
116496078,72,010100101100000010101011101001101000010001000011010111100011001010011101,116481607,0,0.066667,1.000000
116496079,79,1101011100011000000101010111000011010000000011000000111111100011001100011001110,116461673,0,0.080000,0.800000
116496080,86,00110010010011111100100101010111000011010000000010001001111101011000011110110011100110,116481609,0,0.066667,1.000000
116496081,77,11110100101100000010101011100001101000000001000010010111000011100001011101011,116461673,0,0.080000,0.800000
116496082,79,1101011100011000000101010111000011010000000011000000111111100011001100011001110,116461673,0,0.080000,0.800000
116496083,75,001101011101000010101011100001101000000001000011011110100011101001001100111,116503239,0,0.080000,0.800000
116496084,80,10110101000001101000010101011100001101000100001100100111110011000111110010110111,116506710,0,0.070000,0.800000
116496085,77,10101100100011000001010101110000110100000000110001001010111100110011100111001,116503239,0,0.080000,0.800000
116496086,83,11001000001011100000110101011100001101000000001000100111110101100011010011000110010,116503239,0,0.070000,0.700000
116496087,74,10101001000000010101011100001101000000001000011010111001011100001001100001,116500009,0,0.066667,1.000000
116496088,75,001101011101000010101011100001101000000001000011011110100011101001001100111,116461673,0,0.080000,0.800000
116496089,83,11001000001011100000110101011100001101000000001000100111110101100011010011000110010,116481609,0,0.066667,1.000000
116496090,77,10101100100011000001010101110000110100000000110001001010111100110011100111001,116505117,0,0.080000,0.800000
116496091,75,000110101110100011010101110000110100000000101001001011111011110111001101001,116481609,0,0.066667,1.000000
116496092,74,10101001100000010101011100001101000000001000011010111101011100001001101011,116505117,0,0.080000,0.800000
116496093,74,10101001100000010101011100001101000000001000011010111101011100001001101011,116461673,0,0.080000,0.800000
116496094,73,0111101110100001010101111000110100000000100001100110100011101001001100110,116498416,0,0.070000,0.700000
116496095,79,1110100101011000000101010111000011010000000011000100101111100011000100011101100,116503242,0,0.080000,0.800000
116496096,72,011010111010000101010111000011010000000010000110101010001110100100110011,116505134,0,0.060000,0.600000
116496097,76,0111110010110000011010101010000110000000000110011001011111000010011100011001,116481614,0,0.100000,1.000000
116496098,81,011010001000110101001010101110000110100000000110001001111111010000111000000101110,116486644,0,0.100000,0.700000
116496099,85,0011001000001111110000010101011100001101000000001000100111101011000011110110011100110,116500011,0,0.032000,0.800000
116496100,78,001011000101010000010101011100001101000000001100010010110110011100110011100010,116471685,0,0.066667,1.000000
116496102,79,0111100000001101000010101011100001101000000001110010011101101000011010010010111,116481611,0,0.066667,1.000000
116496103,81,011110010011100010000010101011100001101000000000100110010111110001100111111110010,116503236,0,0.080000,0.800000
116496104,83,01111000100011010000101010111000011010000000011000100111111101000011110010010111010,116506697,0,0.066667,1.000000
116496105,74,11010011000001010101111000110100000000100001001011111001110010101000001100,116490317,0,0.046667,0.700000
116496106,74,11010011000001010101111000110100000000100001001011111001110010101000001100,116485010,0,0.053333,0.800000
116496107,80,01101000100010000001010101110000110100000000111000011111111010000111000001011101,116486633,0,0.024000,0.600000
116496108,79,1110100101011000000101010111000011010000000011000100101111100011000100011101100,116488552,0,0.140000,0.700000
116496109,75,101010111000000101010111000011010000000010000101101110001110010100110101111,116490322,0,0.050000,1.000000
116496110,78,001011001000110000001010101110000110100000000100001001001101000001111000111001,116471697,0,0.100000,0.600000
116496111,77,01011001100110000001010101110000110100000000100001001011101000101110001110110,116471697,0,0.100000,0.600000
116496113,79,1010110010000100000010101011100001101000000001000010010101110001100111011110011,116490322,0,0.050000,1.000000
116496114,75,111101110000001010101110000110100100000100001111011110001110011100110011111,116488552,0,0.120000,0.600000
116496115,78,111110000000110100001010101110000110100000000111001001110110100001101101001011,116478440,0,0.032000,0.800000
116496116,74,10101001100000010101011100001101000000001000011010111101011100001001100011,116483540,0,0.050000,1.000000
116496117,79,1101011100011000000101010111000011010000010011000000111111100011001100011000111,116478440,0,0.028000,0.700000
116496118,76,1111101110000001010101110000110100000000100001010011110001110011100110001111,116478440,0,0.032000,0.800000
116496119,81,011010001000110100001010101110000110000000000110001001111111010000111101000101110,116490321,0,0.028000,0.700000
116496120,73,1001001100000010101011100001101000000001100010010111110101110010001110110,116478440,0,0.032000,0.800000
116496121,79,1101100100011000000101010111000011010010000011000100111111100010001100011000111,116483541,0,0.046667,0.700000
116496122,84,101111000100011010000101010111000011010000000011000100111111101000001110010010111010,116483541,0,0.066667,1.000000
116496123,79,0100100110001001000010101011100001101000000001101110011011110100101111010010111,116483541,0,0.053333,0.800000
116496124,72,101010011000000100101110000110100000000100001101011110001110000111110001,116508497,0,0.066667,0.600000
116496125,79,0111100000001101000010101011100001111000000001110010011101101000011010010010111,116486647,0,0.053333,0.800000
116496126,79,1101100100011000000101010111000011010010000011000100111111100010001100011000111,116483541,0,0.046667,0.700000
116496127,78,011011001000110000101010101110000110110000000110101001011101000000111000111001,116486647,0,0.046667,0.700000
116496128,75,110101001100000010101011100001101000000001000011010111101011100011001100011,116503238,0,0.046667,0.700000
116496129,77,01001001100010010000101010111000011010000000110111001101111010010111101001011,116486647,0,0.053333,0.800000
116496130,80,01111010001000110000001010111110000110100000000110011001011111001110011111111001,116486647,0,0.053333,0.800000
116496131,70,0100011000000101010111000011010000000010000110101101000110010000110001,116490313,0,0.066667,0.600000
116496133,73,1101011100000101010111000011010000000010000100101111000111001000010000010,116483543,0,0.100000,1.000000
116496134,76,1110100001100000010101011100001101000000001000011010111000011100001010100011,116483546,0,0.066667,1.000000
116496135,81,011010001000110100001010101110000110100000000110001001111111010000111000001011101,116468450,0,0.049116,0.800000
116496136,78,111001001010110000001010101110000110100000000110001010111110001100110001110010,116490318,0,0.066667,1.000000
116496137,75,101010111000000101010111000011010000000010000101101110001110010100110001111,116498405,0,0.032000,0.800000
116496138,76,0110100001000000010101011100001101000000001000011010111100011100001001100011,116483548,0,0.060000,0.600000
116496139,75,101010011000000101010111000011010000000010000110101111000111000011111000111,116483548,0,0.060000,0.600000
116496140,81,011101000100111010000101010110000011010000000011100100111111101001011100100101111,116476972,0,0.040000,0.800000
116496141,75,001101011101000010101011100001101000000001000011010110100011101001001100111,116483549,0,0.200000,1.000000
116496142,81,011110001000110100001110101110000110100000000110001001111110010000111100000101100,116483549,0,0.200000,1.000000
116496143,74,00111010111010001101010111000011010000000010100100111011101111011100110110,116503237,0,0.035000,0.700000
116496145,81,110111010001000100100001011101110100110100000010100010011101100001001110010000011,116483550,0,0.050000,1.000000
116496146,77,01011001100110000001010101110000110100000000100001001011101000101110001110110,116498420,0,0.040000,0.800000
116496147,79,0100100110001001000010100011100001101010000001000100111111101000011111010010111,116501531,0,0.050000,0.500000
116496149,81,011010001000110100001010101110000110100000000110001001111111010000111000001011101,116492284,0,0.028000,0.700000
116496150,73,1111011100000010101011100001101000000001000010110111000111001010011000111,116484996,0,0.200000,1.000000
116496151,73,1101011100000101010111000011010000000010000100101111000111001000010000010,116484996,0,0.200000,1.000000
116496152,76,1110100001100000010101011100001101000000001000011010111000011100001001100011,116470086,0,0.035000,0.700000
116496153,70,1010111010000111010111000011010000000011000010101111010110010100111111,116465090,0,0.035000,0.700000
116496154,77,11110100001100000010101011100001101000000001000011010111000011100001011100011,116484996,0,0.200000,1.000000
116496155,77,01011001100110000001010101110000110100000000100001001011101000101110001110110,116465090,0,0.040000,0.800000
116496157,78,110110010101100000010101011100001101000000001100010111111110001010111101110010,116500013,0,0.100000,1.000000
116496159,79,0111100000001101000010101011100001101000000001110010011001101000011010010010111,116490327,0,0.066667,0.800000
116496160,81,011010001000111100001011101110000111100000000110001001111111010000111100001011001,116468455,0,0.050000,0.600000
116496161,77,11010001000110100001010101110000110100000000100001001011111000110111000110001,116485004,0,0.046667,1.000000
116496162,80,01101000100011010000101010101000011010000000011001001111111000000111100100001110,116485004,0,0.040000,0.800000
116496166,78,111110000000110100001010101110100110100000000111001001110110100001101101001011,116478440,0,0.028000,0.700000
116496167,81,011010001000110100001010101110000110100000000110001001111111010000111100000101110,116485007,0,0.200000,1.000000
116496168,79,0100100110001001000010101011100001101000000001100110011111110100001111010010111,116485007,0,0.200000,1.000000
116496169,80,11110001000110100001010101010000110100000000110001001111111010000111001001011101,116485010,0,0.053333,0.800000
116496171,83,11001000001011100000110101011100001101000000001000100111110101100011010011000110010,116485012,0,0.050000,1.000000
116496172,81,011010001000110100001010101110000110100000000110001001111111110000111000000101111,116492271,0,0.066667,0.700000
116496173,81,101111000100011000001010101110000110100000000111000001111111010100111000001111101,116492269,0,0.046667,0.700000
116496174,80,01110100010001101000010101011100001101000000001100010011111110100001110010010111,116485013,0,0.066667,1.000000
116496175,73,0111101110100001010101111000110100000000100001100110100011101001001100110,116485013,0,0.066667,1.000000
116496176,80,01110100010001101000010101011100001101000000001100010011111110100001110010010111,116486638,0,0.050000,1.000000
116496177,81,011010001000110100001010101110000110100000000110001001111111110000111000000101111,116465088,0,0.046382,1.000000
116496178,83,01011010001001110100001010101110000110110000000110001001111111010000111100100101110,116492269,0,0.040000,0.600000
116496179,80,01101000100001010000101010111100011010000000011001001111111000000111100100001110,116485013,0,0.066667,1.000000
116496180,82,0011010001000110100001010101110000110100000000110001001111111010000111100100101110,116486638,0,0.050000,1.000000
116496181,79,0111100000001101000010101011100001101000000001110010011101101000111010010010111,116486638,0,0.050000,1.000000
116496182,80,01110100010001101000010101011100001101000000001100010011111110100001110010010111,116485013,0,0.066667,1.000000
116496183,79,0111100000001101000010101011100001101000000001110010011101101000011010010010111,116492269,0,0.046667,0.700000
116496184,79,1110100101011000000101010111000011010000000011000100101111100011000100011101100,116485014,0,0.066667,1.000000
116496185,75,101010111000000101010111000011010000000010000101101110001110010100110001111,116485014,0,0.066667,1.000000
116496186,75,111101110000001010101110000110100100000100001111011110001110011100110011111,116505129,0,0.040000,0.600000
116496187,76,1110100001100000010101011100001101000000001000011010111000111100001010100011,116485014,0,0.066667,1.000000
116496188,70,0101011101000010001011100001101000000011000010101111000110001100111111,116505129,0,0.033333,0.500000
116496189,80,01111011001011111000001010101100000110100000000100011001011111000110011100111001,116485014,0,0.066667,1.000000
116496190,80,01101000100011000001010101110000110100000000111000001111111010000011000001011101,116492270,0,0.060000,0.600000
116496191,79,1101011101110100001010101100001110100000000101001100011100010110010100110101100,116505129,0,0.040000,0.600000
116496192,81,011010001000110100001010101110000110100000000110001001111111010000111100000101100,116505129,0,0.040000,0.600000
116496193,85,1110111010000001000010101011100001101000000001101111010110101011000110011100011111000,116485009,0,0.040000,0.400000
116496194,80,01101000100011010000101010111000011010000000011000100111111010000111100100101110,116485015,0,0.066667,1.000000
116496195,81,011010001000110100001010101110000110100000000110001001111111010000011100000101110,116485015,0,0.066667,1.000000
116496196,76,1011011100000010101011000001100000000001000010100111100011100111001100011111,116485015,0,0.066667,1.000000
116496197,81,001110100010001101000010101011100001101000000001100010011111110100001110010010111,116485015,0,0.066667,1.000000
116496198,85,1110111010000001000010101011100001101000000001101111010110101011000110011100011111000,116500014,0,0.026667,0.400000
116496199,76,1011011100000010101011000001100000000001000010100111100011100111001100011111,116485009,0,0.040000,0.400000
116496200,80,01101000100011010000101010111000011010000000011000100111111010000111100100101110,116485015,0,0.066667,1.000000
116496201,78,010001001010110000001010101110000110100000001100010010101110001000111001110001,116476987,0,0.080000,0.800000
116496202,78,010001001010110000001010101110000110100000001100010010101110001000111001110001,116465090,0,0.035000,0.700000
116496203,70,0101011101000010001011100001101000000011000010101111000110001100111111,116505121,0,0.046667,0.700000
116496204,79,0011000010011000000101010111000011010000000010001011011010110101101001100111001,116471700,0,0.050000,1.000000
116496205,82,0110101010001001000010101011100001101000100001101010011111010100011011001001011101,116471700,0,0.040000,0.800000
116496206,82,0111100010001101000010111011100001101000000001100010011111110100001111001001011101,116478443,0,0.011111,0.500000
116496207,78,011110110010111110000010101011000001101000000001000110010111110011001110011100,116496909,0,0.030000,0.600000
116496208,82,0111100010001101000010111011100001111000000001100010011111110000001111001001011001,116486626,0,0.011111,0.500000
116496209,74,00111010111010001101010111000011010000000010100100101111101111011000110100,116486626,0,0.022222,1.000000
116496210,78,001111100010110010001010101110000110100000000110011001011111000011011000111001,116486626,0,0.022222,1.000000
116496211,74,10101001010000010101011100001101000000001000011010111101011100001001100011,116471700,0,0.050000,1.000000
116496212,74,10101001010000010101011100001101000000001000011010111101011100001001100011,116485009,0,0.040000,0.400000
116496213,78,011110110010111110000010101011000001101000000001000110010111110011001110011100,116496909,0,0.030000,0.600000
116496214,82,0001010001000110100001010101110000110100000000110001001111111010000111100100101110,116492276,0,0.032000,0.800000
116496215,80,11101110100001100000101010111000011000000000111000100101011000011001110011100111,116471700,0,0.035000,0.700000
116496216,79,0011000010011000000101010111000011010000000010001011011010110101101001100111001,116486626,0,0.013333,0.600000
116496217,78,011110110010111110000010101011000001101000000001000110010111110011001110011100,116496909,0,0.030000,0.600000
116496218,82,1010000101001100000111010111000011010000000010001001111101011000111100110011110101,116500001,0,0.070000,0.700000
116496219,74,10101001100000010101011100001101000000001000011010111100011100001001100011,116488552,0,0.140000,0.700000
116496220,76,1110110001100000010101111100001101000000001000011010111000011100001011100011,116492275,0,0.028000,0.700000
116496221,75,101010111000000101010111000011010000000010000101101110001110010100110001111,116478435,0,0.026667,0.400000
116496222,70,1010111010000111010111000011010000000011000010101111010110010100111111,116465088,0,0.037106,0.800000
116496223,77,01110100001100000010101011100001101000000001000011010110000011100001011100011,116480044,0,0.060000,0.600000
116496224,76,1110100001100000010101011100001101000000001000011010111000011100001010100011,116480044,0,0.060000,0.600000
116496225,74,00111010111010001101010111000011010000000010100100111011101111011100110100,116486640,0,0.100000,1.000000
116496226,75,000110101110100011010101110000110100000000101001001011111011110111001101001,116498401,0,0.080000,0.800000
116496227,75,110101010010100010010101011100001101000000001100110010011100001000100111011,116478443,0,0.013333,0.600000
116496228,75,101010011000000101010111000011010000000010000110101111000101000010011000111,116486644,0,0.100000,1.000000
116496229,74,00011010111010001101010111000011010000000010000100101111001101011101110000,116488547,0,0.046667,0.700000
116496230,74,00011010111010001101010111000011010000000010000100101111001101011100110000,116505131,0,0.035000,0.700000
116496231,82,1001000001001100000010101011100001101000000001000100110111101001011010001001110011,116486644,0,0.100000,1.000000
116496232,77,01011000101000000010111011100001101001000001101010010111110001100111011100001,116486644,0,0.100000,1.000000
116496233,75,101110111000000101010111000011010000000010000101101110001110010100110001111,116486644,0,0.100000,1.000000
116496234,79,1110110010000110000010101011100001100000000011100010010101100001100111001110011,116481614,0,0.100000,0.500000
116496235,77,10110110010001100000010101010100001101000000001101010010111000000011100011100,116505133,0,0.040000,0.600000
116496236,75,001101011101000010101011100001101000000001000011011110100011101001001100111,116486644,0,0.100000,1.000000
116496237,79,1110110010000110000010101011100001100000000011100010010101100001100111001110011,116486644,0,0.100000,1.000000
116496238,78,111011001000110000001010101110000110100000000100001001001101000100111000111001,116486646,0,0.100000,1.000000
116496239,80,01101000100001000001010101110000110100000000111000001111111010000111000001011101,116486649,0,0.028571,1.000000
116496240,77,01111100101100000010101011100001101000000001100110010111110000100110000110010,116486649,0,0.028571,1.000000
116496241,74,10101001100000010101011100001101000000001000011010111101011100001001101011,116486649,0,0.028571,1.000000
116496242,77,01111100101100000010101011100001101000000001100110010111110000100110000110010,116471684,0,0.053333,0.800000
116496243,77,01011000101000000010101011100101101000000001100011010100110001100111011100010,116508508,0,0.025000,0.600000
116496244,82,0011010001000110100001010101110000110100000000110101001111111010000111000001011101,116508508,0,0.030000,0.700000
116496245,82,1101110100010001001000010101011100001101000000001000100111011000000011100100000111,116486652,0,0.066667,1.000000
116496246,79,0101100000001101000010101011100001101000000001110010011101101000011010010010111,116506707,0,0.053333,0.800000
116496247,74,11010111000001010101111000110100000000100001001011111001110010101100001100,116500002,0,0.040000,0.600000
116496248,83,11011000101011100000110101011100001101000000001001100111110101100011110011000110010,116488544,0,0.050000,1.000000
116496249,70,1010111010000101010111000011010000000011000000101111000100011100111101,116488545,0,0.100000,1.000000
116496252,82,0011010001000110100001010101110000110100000000110101001111111010000111000001011101,116505118,0,0.046667,0.700000
116496253,82,0011010001000110100001010101110000110100000000110001001111111010000111100100101110,116478442,0,0.060000,0.800000
116496254,70,1010111010000111010111000011010000000011000010101111010110010100111111,116488545,0,0.100000,1.000000
116496256,82,1011010001000110100001010100110000110100000000110001000111110010000111100100101110,116488545,0,0.080000,0.800000
116496257,82,0011010001000100100001010101110000110100000000110101001111111010000111000001011101,116471689,0,0.160000,0.800000
116496259,75,011010111000001010101111000110100000000100001001011101001110010101100001100,116488546,0,0.066667,1.000000
116496260,76,1110100001100000010101011100001101000000001000011010111000011100001010100011,116478453,0,0.080000,1.000000
116496263,83,00011010101000110100001010101110000110100000000110001001111111010000111100100101110,116480043,0,0.100000,1.000000
116496264,79,1101011101110100001010101100001110100000000101001100011100010110010100110101100,116490327,0,0.060000,0.600000
116496265,78,011011001000110000001010101110000110100000000110101001011101000100111000111001,116488551,0,0.040000,1.000000
116496267,84,111001000001011100000110101011100011101000000001000100111111101100011010011000110010,116470093,0,0.028000,0.700000
116496268,76,1011110010110000001010101110000110100000001100110010111110000100110000110010,116488551,0,0.040000,1.000000
116496269,75,101110111000000101010111000011010000000010000101101110001110010101110001111,116470093,0,0.040000,1.000000
116496270,75,001101011101000010101011100001101000000001000011010110100011101001101000111,116488551,0,0.040000,1.000000
116496271,84,111001000001011100000110101011100011101000000001000100111111101100011010011000110010,116470079,0,0.070000,0.700000
116496272,71,11110111000000101010111000011010000000010000101101100011100101001100011,116494068,0,0.100000,1.000000
116496273,84,111001000001011100000110101011100011101000000001000100111111101100011010011000110010,116488551,0,0.040000,1.000000
116496274,84,111001000001011100000110101011100011101000000001000100111111101100011010011000110010,116470093,0,0.028000,0.700000
116496276,81,011010101000110100001010101110000110100010000110010011111010100011111001001011111,116486645,0,0.032000,0.700000
116496277,75,010110010000100000101010111000011010000000011000100101011100011001110111001,116503247,0,0.040000,1.000000
116496278,82,1101110100010001001000010101011100001101000010001000100111011000000011110100000111,116503247,0,0.040000,0.800000
116496279,88,0011001000001111110000010101011100001101000000001000100111110101100001111011001110011000,116488554,0,0.100000,1.000000
116496280,76,0101010111000000101010111000011010000000010000101101110001110010100110001111,116488555,0,0.066667,1.000000
116496281,84,010110000010001000000101010111000011010000000010001000111111011000111100110011010101,116488556,0,0.040000,1.000000
116496282,75,101110111000000101010111000011010000000010000101101110001110010100110001111,116503251,0,0.060000,0.600000
116496283,80,01101000100010000001010101110010110100000000111000001111111010000111000001011101,116488557,0,0.053333,0.800000
116496284,82,1101110100010001001001010101011100001101000000001000100111011000000011100100000111,116503252,0,0.046667,0.700000
116496285,86,00110010000011111100000101010111000011010000000010001001111101011000011110110011100110,116488559,0,0.066667,1.000000
116496286,80,11100100101011000000101010111000011010000000011000100101111100011000100011100100,116488559,0,0.066667,1.000000
116496287,80,01111010001000110000001010101110000110100000000100011001011111001110011111111001,116503252,0,0.053333,0.800000
116496288,82,0001010001000110100001010101110000110100000000110001001111111010000111100100101110,116503252,0,0.053333,0.800000
116496289,81,011010001000110100001010101110000110110000000110001001111111010000111100000101110,116488559,0,0.066667,1.000000
116496290,77,10101100100011000001010101110000110100000000110001001010111100110011100111001,116481604,0,0.100000,1.000000
116496291,79,1101011100011000000101010111000011010000000011000000111111100011001100011000110,116470088,0,0.050000,1.000000
116496292,77,10010010101000000101010111000011010100000010100100101111100011001100111100100,116498417,0,0.080000,0.800000
116496293,80,01111011001001111000001010101100000100100000000100011001011111000110011100111001,116475187,0,0.016667,0.500000
116496294,79,0111100000001101000010101011100001101000000001110010111101101000011010010010111,116490319,0,0.100000,1.000000
116496295,83,11001000001011100000110101011100001101000000001000100111110101100011010011000110010,116490313,0,0.066667,1.000000
116496296,81,011110100010001100000010101011100001101000000101100110010111110011100111111110011,116490313,0,0.066667,1.000000
116496297,74,11010011000001010101111000110100000000100001001011111001110010101000001100,116490313,0,0.066667,1.000000
116496298,75,111010111000001010101111000110100000000100001001011111001110010101100001100,116475187,0,0.020000,0.600000
116496299,86,01110111101000000100001010101110000110100000000110111101001010101100011001110001111100,116486647,0,0.066667,1.000000
116496300,80,11101100101011000000101010101000011010000000011000000101111100011001101011100110,116490313,0,0.066667,1.000000
116496301,81,101111000100001010000101010111000011010000000011100100111011010000110100000101111,116486652,0,0.040000,0.600000
116496302,83,01001000001001101000010101011100011101000000001000110100110101101011010011001110110,116486652,0,0.040000,0.600000
116496303,77,01011000101000000010111011100001101001000001101010010111110001100111011100001,116490313,0,0.066667,1.000000
116496304,76,1010110010000100000101010111000011010000000011000100101011100011001110111001,116486647,0,0.066667,1.000000
116496305,78,110101100100001000000101010111000011010000000011000100101010000110011100111001,116486652,0,0.040000,0.600000
116496309,85,0011011000011111110000010101011100001101000000001000100111101011000011010110011100111,116490314,0,0.066667,1.000000
116496311,80,11100100101011000000101010111000011010000000011000100101111100011000100011100100,116490315,0,0.100000,1.000000
116496312,75,001101011101000011101011100001101000000001000011010110100011101001001100111,116500001,0,0.070000,0.700000
116496313,82,0110100010101101000010101011100001101000000001100110011111110100001111000001001100,116498407,0,0.040000,0.800000
116496314,82,0110100010101101000010101011100001101000000001100110011111110100001111000001001100,116490316,0,0.040000,1.000000
116496316,78,101011001100110000001010101110000110100000000100000001011101000101110001110110,116490331,0,0.066667,1.000000
116496317,75,001101011101000010101011100001101000000001000011011110100011101001001100111,116490317,0,0.066667,1.000000
116496319,75,001101011101000010101011100001101000000001000011011110100011101001001100111,116496905,0,0.050000,1.000000
116496320,78,001111100101100000010101011100001101000000001100110011111110000100110000110010,116490321,0,0.040000,1.000000
116496321,77,01001001100010100000101010111000011010000000001000100110111010000111101011011,116483540,0,0.035000,0.700000
116496322,82,1001000001001100000010101011100001101000000001000100111110101000011010011001110011,116483540,0,0.040000,0.800000
116496323,70,1010111010000101011111000011010000000011001010101111100110011100101100,116483540,0,0.035000,0.700000
116496324,70,1010111010000101011111000011010000000011001010101111100110011100101100,116483548,0,0.050000,0.500000
116496325,77,01011001100110000001010101110000110100000000100001001011101000101110001110110,116480047,0,0.040000,0.800000
116496326,77,01011001100110000001010101110000110100000000100001001011101000101110001110110,116483548,0,0.060000,0.600000
116496327,81,001110100010001101000010101011100001101000000001100010011111110100001110010010111,116490321,0,0.040000,1.000000
116496329,75,101110011000000101010111000011010000000010000101101110001110010100110001111,116490321,0,0.040000,1.000000
116496330,77,01011001100110000001010101110000110100000000100001001011101000101110001110110,116490321,0,0.040000,1.000000
116496331,81,001110100010001101000010101011100001101000000001100010011111110100001110010010111,116508498,0,0.060000,0.600000
116496332,81,000110100010001101000010101011100001101000000001100010011111110100001110010010111,116505128,0,0.066667,1.000000
116496333,83,11011000101011100000110101011100001101000000001001100111110101100011110011000110011,116490321,0,0.028000,0.700000
116496334,81,011010001000110100001010101110000110100000000110001001111111010000111100000101110,116490323,0,0.066667,1.000000
116496335,75,011010111000001010101111000110100000000100001001011101001110010101100001100,116503240,0,0.066667,0.700000
116496336,81,100010100000001001000010101011101001101000000001110010011111110100001110010010111,116503240,0,0.066667,0.700000
116496337,81,011010001000110101001010101110000110100000000110001001111111010000111000001101110,116498410,0,0.060000,0.600000
116496338,82,1001000001001100000010101011100001101000000001000100110111101001011010011001110011,116490323,0,0.066667,1.000000
116496339,74,10101001100000010101011100001101000000001000011010111100011100001001100011,116490323,0,0.066667,1.000000
116496340,79,1101100101011000000101010111000011010000000011000000101111100011001101011100110,116490323,0,0.066667,1.000000
116496341,78,110101100100001000001010101110000110100000000110001001010111000110011100111001,116490323,0,0.066667,1.000000
116496342,75,001101011101000010101111100001101000000001000011010110100011101001001100111,116503240,0,0.066667,0.700000
116496343,88,0011001000001111110000010111011100101101000000001000100111110101101001110011001110011010,116498410,0,0.050000,0.500000
116496344,74,10101001100000010101011100001101000000001000011010111100011100001001100011,116503240,0,0.066667,0.800000
116496345,74,10101001100000010101011100001101000000001000011010111101011100001001100011,116490323,0,0.066667,1.000000
116496346,78,001011000101000000010101011100001101010000001100010010101110011100110011100010,116490323,0,0.066667,1.000000
116496347,74,10101001100000010101011100001101000000001000011010111101011100001001101011,116503240,0,0.066667,0.800000
116496348,80,01101000100010000001010101110000110100000000111000001111111010000111000001011101,116490323,0,0.066667,1.000000
116496349,74,10101001100000010101011100001101000000001000011010111100011100001001100011,116503240,0,0.066667,0.800000
116496350,80,01101000100001000001010101110000110100000000111000001111111010000111000001011101,116503240,0,0.066667,0.800000
116496351,73,1011011100000010100011100001101000000001000010110111000111001010011000111,116498410,0,0.050000,0.500000
116496352,83,11001000101011110000010101011100001101000000001000100110110101100011011011000110010,116498410,0,0.060000,0.600000
116496353,77,01110100001100000010101011100001101000000001000011010110000011100001011100011,116490324,0,0.050000,1.000000
116496354,80,01110100010001101000010101011100001101000000001100010011111110100001110010010111,116468463,0,0.060000,0.600000
116496355,79,0111100000001101000010101011100001101000000001110010011101101000011010010010111,116483546,0,0.053333,0.800000
116496356,74,11110111000000101010111000011010000000010000101001110001110011100110001111,116490324,0,0.050000,1.000000
116496357,80,01111011001001111000011010101100000110110000000100011001011111000010011100111001,116468463,0,0.060000,0.600000
116496358,79,0111100000001101000010101011100001101000000001110010011101101000011010010010111,116492288,0,0.049116,1.000000
116496359,74,10101001100000010101011100001101000000001000011010111100011100001111100011,116498418,0,0.080000,0.400000
116496360,79,1000110010000100000010101011100001101000000001000010010101110001100111001110011,116490325,0,0.053333,0.800000
116496361,79,1000110010000100000010101011100001101000010011000010010101110001100111001110011,116496904,0,0.040000,0.600000
116496362,79,1111000010011010000101010111000011010000000011000100101111010000111100000101110,116498418,0,0.080000,0.400000
116496364,79,1000110010000100000010101011100001101000000011000010010101110001100111001110011,116498418,0,0.080000,0.400000
116496368,75,111101110000001010101110000110100100000100001111011110001110011100110011111,116488562,0,0.046667,0.700000
116496369,79,1111000010011010000101010111000011010000000011000100101111010000111100000101110,116496904,0,0.053333,0.800000
116496370,79,1111000010011010000101010111000011010000000011000100101111010000111100000101110,116498418,0,0.080000,0.400000
116496371,78,011010001000110100001010101110000110100000000100001001011111000110111000110001,116496904,0,0.053333,0.800000
116496372,81,011010001000110100001010101110000110100000000110001001111111010000111100000111110,116498418,0,0.080000,0.400000
116496373,78,011010001000110100001010101110000110100000000100001001011111000110111000110001,116490325,0,0.066667,1.000000
116496375,77,01011001100110000001010101110100110100000000100001001011101000101110001110110,116490325,0,0.066667,1.000000
116496376,79,1000110010000100000010101011100001101000000011000010010101110001100111001110011,116498418,0,0.080000,0.400000
116496377,71,11110110000001010101110000110100000001100001011011100011100111000100011,116488562,0,0.046667,0.700000
116496383,71,11110110000001010101110000110100000001100001011011100011100111000100011,116490325,0,0.066667,1.000000
116496384,82,0110100010001101000010101011100001101000000001100010011111110100001111000001011101,116490326,0,0.066667,1.000000
116496386,82,0110100010001101000010101011100001101000000001100010011111110000001110000010111011,116490326,0,0.066667,1.000000
116496387,83,10110100010001101000010101011100101101000000001100010011111110000001110000010111011,116485003,0,0.030000,0.600000
116496388,73,0110110011000100101010111000011010000101010000100101110100010111000111011,116488548,0,0.050000,0.500000
116496389,80,01111010001001110000001010101110000110110000000110011101011111001110011111111001,116490327,0,0.100000,1.000000
116496390,76,1010110010000100000101010111000011010000000011000100101011100011001110111001,116488548,0,0.070000,0.700000
116496391,81,001111011001001111000001010101100000110100000000100011001011111000110011100111001,116488548,0,0.060000,0.600000
116496392,79,1101100100011000000101010111000011010000000010000101011110100010001111011100101,116488548,0,0.070000,0.700000
116496393,80,01101000100011000001010101110000110100000000111000001111111010000111000001011101,116506699,0,0.100000,1.000000
116496394,75,001111111101000010101011100001101000000001000011010110100011001001001100111,116490327,0,0.100000,1.000000
116496395,73,1110011100000010101011100001101000000001000110110111000111001010011000111,116490327,0,0.100000,1.000000
116496396,76,1111101110000001010101110000110100000000100001010011110001110011100110001111,116490327,0,0.100000,1.000000
116496397,72,111101100000010101011100001101000000001000010110111000111001010001000110,116490327,0,0.100000,1.000000
116496398,79,0111100000001101000010101011100001101000000001110010011101101000011010010010111,116488548,0,0.070000,0.700000
116496399,79,1010110010000100000010101011100001101000000001000010010101110001100111010110011,116490327,0,0.100000,1.000000
116496400,81,011110100010001100000010101011100001101000000101100110010111110011100111111110011,116490327,0,0.100000,1.000000
116496401,81,011010001000110000010101011100001101000000011110000011111110101001110000010111010,116506699,0,0.100000,0.800000
116496402,75,101101110011000000101010111000011010000000010000100101110100010111100101011,116490328,0,0.066667,1.000000
116496403,75,101101110011000000101010111000011010000000010000100101110100010111100101011,116468459,0,0.040000,0.600000
116496404,79,1010110010000100100110101011100001101000000001000010010101110001100111001110011,116495380,0,0.040000,0.600000
116496405,82,1101110100010001001000010101011100001101000000001000100111011000000011100100000111,116490328,0,0.066667,1.000000
116496406,77,10101100100011000001010101110000110100000000110001001010111100110011100111001,116485004,0,0.066667,1.000000
116496407,79,0110100010001101000010101011100001101000000001100010011111110100011100000010111,116490328,0,0.066667,1.000000
116496408,79,0111100000001101000010101011100001101000000001110010111101101000011010010010111,116485004,0,0.066667,1.000000
116496409,77,11010001000110100001010101110000110100000000100001001011111000110111000110001,116501517,0,0.040000,0.600000
116496410,79,0100100110001001000010101011100001101000000001100110011111110100001111010010111,116485004,0,0.066667,1.000000
116496411,81,011110001000110100001010101110000110101000000110001001111110010000111100000101110,116490330,0,0.066667,1.000000
116496412,76,1110100001100000010101011100001101000000001000011010111000011100001011100111,116465090,0,0.040000,0.800000
116496413,82,0110100011001101000110101011100011101000000001110010011111111100001100000010111010,116490330,0,0.066667,1.000000
116496414,76,1110100001100000010101011100001101000000001000011010111000011100001011100111,116503242,0,0.080000,0.800000
116496415,82,0011010001001110100001010101110000110100000000110001001111111010000111000001011101,116505134,0,0.060000,0.600000
116496416,76,1110100001100000010101011100001101000000001000011010111000011100001001100011,116490330,0,0.066667,1.000000
116496417,81,011110001000110100001010101110000110101000000110001001111110010000111100000101110,116490330,0,0.066667,1.000000
116496418,79,0111100000001101000010101111100001101000000001110010001101101000011011010010111,116503242,0,0.100000,1.000000
116496419,79,0111100000001101000010101011100001101000000001110010011101101000110010010010111,116505134,0,0.060000,0.600000
116496420,78,110111010001100000010101011100001101000000001100010101111110001000111101110010,116490330,0,0.066667,1.000000
116496421,80,01110100010001101000010101011100001101000000001110010011111110100001110010010111,116503249,0,0.080000,0.800000
116496423,82,0111100010001101000010101011100001101000000001100010011111110100001111001001011101,116490332,0,0.100000,1.000000
116496424,75,101010011000000101010111000011010000000010000110100111000111000010011000111,116490332,0,0.100000,1.000000
116496425,77,01011001100110000001010101110000110100000000100001001011001000101110001110110,116490332,0,0.100000,1.000000
116496426,77,11011001000110000001010101110001110100000000100001001011101000100111000111001,116490332,0,0.100000,1.000000
116496427,82,0011010001000110110011010101110000110100000000110101001111111010000111000001011101,116501525,0,0.028000,0.700000
116496428,81,011010001000110100001010101110000110100000000110001001111111010000111100000101110,116490333,0,0.200000,1.000000
116496429,83,10111100010001101000010101011100001101000000001100010011111110100000111001001011101,116490333,0,0.200000,1.000000
116496430,83,10110100010001101000010111011100001101000100001100010011111110100001111000001011101,116490333,0,0.200000,1.000000
116496431,78,010011001000110000001010101110000110100000001100010000111110001000111001110011,116490333,0,0.200000,1.000000
116496432,83,01011010000000110100001010101110000110100000000110001001111111000000011100100101110,116490333,0,0.200000,1.000000
116496433,87,000110010010011111100100101010111000011010000000010001001111101011000011110110011100110,116490333,0,0.200000,1.000000
116496434,77,10010010101000000101010111000011010100000010000100101111100011001100111100100,116490334,0,0.066667,1.000000
116496435,74,11010011000001010101111000110100000000100001001011111001110010101000001100,116490334,0,0.066667,1.000000
116496436,82,0000101010001101000010101011100001101000100001100100111110101000111110010010111110,116481611,0,0.053333,0.800000
116496437,79,0111100000001101000010101011100001101000000001110010111101101000011010010010111,116481611,0,0.066667,1.000000
116496438,78,010100001010000000101010111000011010010000011000100101111100011001110111000010,116506697,0,0.053333,0.800000
116496439,76,1001001100010010000101010111000011010000001110001001101111010000111101001111,116490334,0,0.066667,1.000000
116496440,75,101100110011000000101010111000011010000001010000100101110100110111000111011,116490334,0,0.066667,1.000000
116496441,81,010010011000100100001010101110000110100000000111001001111111010000111110100101110,116490334,0,0.066667,1.000000
116496442,77,10010010101000000101010111000011010100000010000100101111100011001100111100100,116506697,0,0.053333,0.800000
116496443,76,1110100001110000010101011100001101000000000010011010111000111100001011100011,116490334,0,0.066667,1.000000
116496444,83,01011010001000110100001010101110000110100000000110001001111111000000111000100101110,116490334,0,0.066667,1.000000
116496445,74,11010011000001010101111000110100000000100001001011111001110010101000001100,116490334,0,0.066667,1.000000
116496446,83,01111000100011010000101010111000011010000000011000100111111101000011110010010111010,116490334,0,0.066667,1.000000
116496447,80,01101000100011010000101010111000011010000000011001001011111000000111100100101110,116481611,0,0.066667,1.000000
116496448,86,00110010010011111100100101010111000011010000000010001001111101011000011110110011100110,116490334,0,0.066667,1.000000
116496449,75,001101011101000010101011100001101000000001000111010110100011101001001100111,116490335,0,0.160000,0.800000
116496450,81,010010011000100100001010101110000110100000000111101001111111010000111110100101110,116490336,0,0.100000,1.000000
116496451,81,010010011000100100001010101110000110100000000111101001111111010000111110100101110,116490336,0,0.100000,1.000000
116496454,74,00111010111010001101010111000011010000000010100100111011101111011100110100,116490336,0,0.100000,1.000000
116496455,73,1110111000000101010111000011010000000010100101101111000101000010011001101,116490336,0,0.100000,1.000000
116496456,82,1111000001000100000101010111000010010000000010001001111101011001111100110011110101,116492267,0,0.100000,1.000000
116496458,82,0111100010001101000010111011100001111000000001100010011111110000001111001001011001,116488543,0,0.060000,0.600000
116496459,81,011010101000110100001010101110000110100000100110001001110111010000111101000101110,116505124,0,0.046667,0.700000
116496460,77,01011000101000000010101011100001101001000001101010010111110000100111011100001,116488543,0,0.070000,0.700000
116496461,73,1111011100000010101011100001101000000001100010110111000111001010011000111,116488543,0,0.100000,0.800000
116496462,79,0111100000001101000010101011100001101000000001110010011101101000011010010010111,116488543,0,0.080000,0.800000
116496463,73,1111011100000010101011100001101000000001100010110111000111001010011000111,116488543,0,0.100000,0.800000
116496464,73,1111011100000010101011100001101000000001100010110111000111001010011000111,116492267,0,0.080000,0.600000
116496465,82,1111000001000100000101010111000010010000000010001001111101011001111100110011110101,116498402,0,0.035000,0.700000
116496466,81,101111000100001010000101010111000011010000000011100100111011010000110100000101101,116485012,0,0.050000,1.000000
116496467,80,01110100010001101000010101011100001101000000001110010011111110100001110010010111,116492267,0,0.080000,0.600000
116496469,81,011010101000110100001010101110000110100000100110001001110111010000111101000101110,116506700,0,0.053333,0.800000
116496470,77,01011001100110000001010101110000110100000000100001001011101000101110001110110,116485012,0,0.050000,1.000000
116496473,77,01011001100110000001010101110000110100000000100001001011101000101110001110110,116498402,0,0.040000,0.800000
116496474,80,01111010001001110000001010101110000110110000000110011101011111001110011111110101,116498402,0,0.035000,0.700000
116496475,75,101010011000000101010111000011010000000010000110101111000111000010011000111,116498402,0,0.040000,0.800000
116496476,79,0111100000001101000010101011100001101000000001110010011101101000011010010010111,116492267,0,0.080000,0.600000
116496477,81,100100100110001001000011101011100001101000000001100110011011110100001111010010111,116492268,0,0.200000,1.000000
116496478,84,111001000001011100000110101011100001101000000001000100111110101100011010011000110010,116496907,0,0.080000,0.800000
116496479,83,11001000001011100000110101011100001101000000001000100111110101100011010011000110010,116492268,0,0.200000,1.000000
116496480,81,010010011000100100001010101110000110100000000111001001111111010000111110100101110,116508507,0,0.200000,1.000000
116496481,72,010100101100000010101011101001101000000001000011010111100011001010011101,116492268,0,0.200000,1.000000
116496482,76,1011110010110000001010101110000110100000001100110010111110000100110000110010,116481613,0,0.140000,0.700000
116496483,79,0111100000001101000010101001100001101000000001110010011101101000011010010010111,116492269,0,0.040000,0.600000
116496484,80,01101100100011000000101000101000011010001100011010100101110100010011100011100110,116501529,0,0.050000,0.500000
116496485,81,011010001000110100001010101110000110100000000110001001111111010000111000001011101,116465088,0,0.046382,1.000000
116496486,79,0111100000001101000010101001100001101000000001110010011101101000011010010010111,116492269,0,0.040000,0.600000
116496487,77,11010001000110100001010101110000110100000000100001001011111000110111000110001,116481613,0,0.160000,0.800000
116496488,82,0110110011001101000110101011100001101000000001110010011111011100001100000010111010,116465089,0,0.120000,0.600000
116496489,82,0110101010001001000010101011100001101000100001101010011111010100011011001001011101,116468454,0,0.040000,0.600000
116496490,79,1011011001000110000001010101010000110100000000110101001011100000100111001111001,116485014,0,0.040000,0.600000
116496491,82,0011010001000110100001010101110000110100000000110001001111111010000111100100101110,116496907,0,0.100000,1.000000
116496493,70,0101011101000010001011100001101000000011000010101111000110001100111111,116501516,0,0.060000,0.600000
116496494,84,010110000010001000000101010111000011110000000010001000111101011000111100110011010101,116496907,0,0.080000,0.800000
116496495,82,0110101010001001000010101011100001101000100001101010011111010100011011001001011101,116492270,0,0.100000,1.000000
116496497,80,01101000100010000001010101110000110100000000111000001111111010000111000001011101,116496907,0,0.100000,1.000000
116496498,70,0101011101000010001011100001101000000011000010101111000110001100111111,116485014,0,0.033333,0.500000
116496501,79,1110100101011000000101010111010011010000000011000100101111100011000100011101100,116492270,0,0.100000,1.000000
116496502,78,001011000101000000010101011100001101000000001100010010111110011100111011100010,116505129,0,0.040000,0.600000
116496504,77,11010001000110100001010101110000110100000000100001001011111000110111000111001,116501516,0,0.080000,0.800000
116496505,80,01101000100010000001010101110000110100000000111000001111111010000111000001011101,116485014,0,0.040000,0.600000
116496506,75,101010111000000101010111000011010000000010000101101110001110010100110001111,116468454,0,0.040000,0.600000
116496507,74,11010111000001010101111000110100000000100001001011111001110010101100001100,116501513,0,0.033333,0.500000
116496509,82,1001000001001100000010101011100001101000000001000100111110101001011010011001110011,116492273,0,0.066667,1.000000
116496511,78,110111010001100000010101011100001101000000001100010101111110001000111101110010,116492273,0,0.066667,1.000000
116496512,77,10101100100011000001010101110000110100000000110001001010111100110011100111001,116492273,0,0.066667,1.000000
116496513,82,1001000001001100000010101011100001101000000001000100111110101001011010011001110011,116485012,0,0.050000,1.000000
116496514,75,111101110000001010101110000110100000000100001011011110001110011101110101111,116492273,0,0.066667,1.000000
116496515,82,0110100010101101000010101011100001101000000001100110011111110100001111000001001100,116486651,0,0.045788,1.000000
116496516,77,10101100100011000001010101110000110100000000110001001010111100110011100111001,116505124,0,0.053333,0.800000
116496519,75,111101110000001010101010000010100000000100001011011100001110011100100001111,116486627,0,0.030000,0.600000
116496521,72,011110111010100101010101100011010000000010000110011000001110100100110011,116492273,0,0.066667,1.000000
116496522,78,010110010001000000110101011100001101000000001100000101111000011001111111010100,116485012,0,0.040000,0.800000
116496523,78,010110010001000000110101011100001101000000001100000101111000011001111111010100,116492273,0,0.066667,1.000000
116496524,78,010110010001000000110101011100001101000000001100000101111000011001111111010100,116492273,0,0.066667,1.000000
116496526,78,010110010001000000110101011100001101000000001100000101111000011001111111010100,116492273,0,0.066667,1.000000
116496529,75,011101001100000010101011100001101000000001000011010111101011100001001101011,116492274,0,0.080000,0.800000
116496530,74,00011010111010001101010111000011010000000010100100101111101111111100110100,116492274,0,0.080000,0.800000
116496531,75,011101001100000010101011100001101000000001000011010111101011100001001101011,116492274,0,0.100000,1.000000
116496532,77,01111100101100000010101011100001101000000001100110010111110000100110000110010,116492274,0,0.100000,1.000000
116496533,82,1011010001000111100001010101110000111100000010110001001011111010000111100001011101,116505135,0,0.120000,0.600000
116496534,81,011010001000111100001011101110000111100000000110001001111111010000111100001011001,116492274,0,0.100000,1.000000
116496535,82,1011010001000111100001010101110000111100000010110001001011111010000111100001011101,116492274,0,0.100000,1.000000
116496536,75,111010000110000001010101110000110100000000100001101011100001110000011100011,116492274,0,0.100000,1.000000
116496537,77,01111100101100000010101011100001101000000001100110010111110000100110000110010,116505135,0,0.160000,0.800000
116496538,77,01001001100010100000101010111000011010000000001000100110111010000111101011011,116505135,0,0.140000,0.700000
116496539,77,01111100101100000010101011100001101000000001100110010111110000100110000110010,116505135,0,0.160000,0.800000
116496540,80,01101000100010000001010101110000110100000000111000001111111010000111000001011101,116492274,0,0.100000,1.000000
116496541,74,10101001000000010111011100001101000000001000011010111101011000001001100011,116492274,0,0.100000,1.000000
116496542,80,01101000100010000001010101110000110100000000111000001111111010000111000001011101,116492274,0,0.100000,1.000000
116496543,74,00011010111010001101010111000010010000000010100100101111101111011100110100,116505135,0,0.120000,0.600000
116496544,81,001010001000110100001010101110001110100000000110001001111111010000111110000101110,116492274,0,0.100000,1.000000
116496545,82,0111100010001101000010111011100001101000000001100010011111110100001111001001011101,116492274,0,0.100000,1.000000
116496546,74,10101001000000010111011100001101000000001000011010111101011000001001100011,116492274,0,0.100000,1.000000
116496547,75,111010000110000001010101110000110100000000100001101011100001110000011100011,116505135,0,0.160000,0.800000
116496548,75,101010011000000101010111000011010000000010000110101111000111000011111000111,116483548,0,0.060000,0.600000
116496549,74,00111010111010001101010111000011010000000010100100101111101111011000110100,116471700,0,0.040000,0.800000
116496550,78,011110110010111110000010101011000001101000000001000110010111110011001110011100,116496909,0,0.030000,0.600000
116496551,70,1010111010000111010111000011010000000011000110101011010110010100111111,116492276,0,0.040000,1.000000
116496552,78,011110110010111110000010101011000001101000000001000110010111110011001110011100,116471700,0,0.040000,0.800000
116496553,75,001100110011000000101010111000011010000000010000100101110100010111000111010,116492276,0,0.040000,1.000000
116496554,82,0110101010001001000010101011100001101000100001101010011111010100011011001001011101,116496909,0,0.030000,0.600000
116496555,77,11001001010110000000000101110000110000000000100001001011111000110011000110010,116496909,0,0.025000,0.500000
116496556,79,0011011001000110000101010101110000110110000000110101001011001000000111000111001,116490320,0,0.050000,0.700000
116496557,80,10110101000001101000010101011100001101000100001100100111110011000111110010110111,116483548,0,0.050000,0.500000
116496558,82,0110101010001001000010101011100001101000100001101010011111010100011011001001011101,116471700,0,0.040000,0.800000
116496559,74,00111010111010001101010111000011010000000010100100101111101111011000110100,116490321,0,0.028000,0.700000
116496560,78,101011001000110000001010101110000110100000000100001001001101000100111000111001,116501523,0,0.040000,0.800000
116496561,83,11001000001011100000110101011100001101000000001000100111110101100011010011000110010,116501532,0,0.050000,0.600000
116496562,87,011101111010000001000010101111100001101000000001101111010110101011000110011100011111000,116492277,0,0.050000,1.000000
116496563,79,0011000010011000000101010111000011010000000010001011011010110101101000100111101,116492277,0,0.050000,1.000000
116496564,86,00110010010011111100100101010111000011010000000010001001111101011000011110110011100110,116480039,0,0.023333,0.700000
116496565,80,01101000100010000001010101110000110100000000111000011111111010000111000001011101,116478437,0,0.040000,0.700000
116496566,88,0011001000001111110000010101011100001101000000001000100111110101100001111011001110011000,116480039,0,0.026667,0.800000
116496567,77,11011001000110000001010101110001110100000000100001001011101000100111000111001,116480039,0,0.023333,0.700000
116496568,80,01101000100010000001010101110000110100000000111000011111111010000111000001011101,116480039,0,0.026667,0.800000
116496569,86,00110010000011111100000101010111000011010000000010001001111101011000011101100111001100,116478437,0,0.023333,0.700000
116496570,77,11011001000110000001010101110001110100000000100001001011101000100111000111001,116478437,0,0.040000,0.600000
116496571,74,10101001100000010101011100001101000000001000011010111100011001010011000101,116492278,0,0.040000,1.000000
116496572,80,01101000100001010000101010111000011010000000011001001011111000000111100100101110,116486633,0,0.024000,0.600000
116496573,80,01101000100001010000101010111000011010000000011001001011111000000111100100101110,116492278,0,0.032000,0.800000
116496574,86,00110010010011111100100101010111000011010000000010001001111101011000011110110011100110,116478437,0,0.020000,0.600000
116496575,88,0011001000001111110000010101011100001101000000001000100111110101100001111011001110011000,116492278,0,0.040000,1.000000
116496576,82,0111100010001101000010101011100001101000000001100010011111111100001111001001011101,116492278,0,0.023333,0.800000
116496577,74,10101001100000010101011100001101000000001000011010111100011001010011000101,116478437,0,0.040000,0.700000
116496578,78,011011001000110000101010101110000110110000000110101001011101000000111000111001,116480039,0,0.020000,0.600000
116496579,76,1111101110000001010101110000110100000100100001010011110001110011100110001111,116500014,0,0.026667,0.400000
116496580,88,0011001000001111110000010101011100001101100000001000100111110101100001111011001110011000,116492279,0,0.066667,1.000000
116496581,76,1111101110000001010101110000110100000000100001010011110001110011100110001111,116492279,0,0.066667,1.000000
116496582,78,001011101010110000001010101110000110100000000010011001011110000010011000111001,116496900,0,0.066667,0.800000
116496583,74,11110111001001101010111000011010000000010010101101111000010001100110001111,116492279,0,0.066667,1.000000
116496584,74,10101001100001010101011100001101000000001000011010111101011100001001100011,116486628,0,0.050000,0.500000
116496585,75,101010011000000101010111000011010000000010000110101111000111000010011000111,116496900,0,0.066667,1.000000
116496586,81,011010000000110100001010101111000110100000000110001001111111010000111000001011101,116500001,0,0.070000,0.700000
116496587,81,011010000000110100001010101111000110100000000110001001111111010000111000001011101,116500014,0,0.026667,0.400000
116496588,76,1110100001100000010101011100001101000000001000011000111000011100001011100011,116500001,0,0.080000,0.800000
116496589,76,1110100001100000010101011100001101000000001000011000110000011100001011100011,116500014,0,0.026667,0.400000
116496590,77,01111001000100000011010101110000110100000000110000010111100101100111111101010,116500001,0,0.070000,0.700000
116496591,75,010110010000100000101010111000011010000000011000100101011100011001110111001,116500001,0,0.080000,0.800000
116496592,75,010110010000100000101010111000011010000000011000100101011100011001110111001,116492279,0,0.066667,1.000000
116496593,88,0011001000001111110000010101011100001101100000001000100111110101100001111011001110011000,116496900,0,0.066667,0.800000
116496594,76,1111101110000001010101110000110100000000100001010011110001110011100110001111,116500014,0,0.026667,0.400000
116496595,75,101010011000000101010111000011010000000010000110101111000111000010011000111,116500014,0,0.026667,0.400000
116496596,77,01111001000100000011010101110000110100000000110000010111100101100111111101010,116496900,0,0.066667,0.800000
116496597,76,1111101110000001010101110000110100000000100001010011110001110011100110001111,116500014,0,0.026667,0.400000
116496598,79,0110101010001101000010101011100001101000100001100100111110011000111110011110111,116492280,0,0.066667,1.000000
116496603,74,10101001100000010101111100001101000000001000011010111100011001010011000101,116508509,0,0.066667,0.800000
116496606,74,10101001100000010101111100001101000000001000011010111100011001010011000101,116492280,0,0.066667,1.000000
116496607,82,0100000110001001000010101011100001101000000001100010011110110100001111101001011100,116492280,0,0.066667,1.000000
116496608,77,11001001010110000001000101110000110000000000100001001011111000110011000110010,116508509,0,0.066667,0.700000
116496609,82,1101110100010001001000010101011100001101000000001000100111011000000011100100000111,116492280,0,0.066667,1.000000
116496610,79,0110101010001101000010101011100001101000100001100100111110011000111110011110111,116492280,0,0.053333,0.800000
116496612,82,1101110100010001001000010101011100001101000000001000100111011000000011100100000111,116492280,0,0.066667,1.000000
116496613,80,01111010001001110000001010101110000010110000000110011101011111001110011111111101,116492280,0,0.066667,1.000000
116496614,79,0110101010001101000010101011100001101000100001100100111110011000111110011110111,116508509,0,0.066667,0.800000
116496615,82,0100100110001001000010101011100001101000000001100010011110110100001111101001011100,116508509,0,0.066667,1.000000
116496617,76,1110110001100000010101111100001101000000001000011010111000011100001011100011,116476985,0,0.070000,0.700000
116496618,74,10101001100000010101011110001101000000001000011010111100011100001001100011,116492282,0,0.066667,1.000000
116496619,81,011010001000110101001010101110000110100000000110001001111111010000111000001101110,116492282,0,0.066667,1.000000
116496620,77,01011001000100000011010101110000110100000000110000010111100101100111111101010,116476985,0,0.070000,0.700000
116496621,76,1110110001100000010101111100001101000000001000011010111000011100001011100011,116492282,0,0.066667,1.000000
116496622,78,001011100101000000010101011100001101000000001110010110111110011100010011100010,116492282,0,0.066667,1.000000
116496623,76,1110110001100000010101011100001101000000001000011010111000011100001010100011,116492282,0,0.053333,0.800000
116496624,82,1010000101001100000111010111000011010000000010001001111101011000111100110011110101,116476985,0,0.070000,0.700000
116496625,79,1110110010000110000010101011100001100000000011100010010101100001100111001110011,116476985,0,0.060000,0.600000
116496626,76,1110110001100000010101011100001101000000001000011010111000011100001011100011,116492283,0,0.200000,1.000000
116496627,79,0111100000001101000010101011100001101000000001110010011101101000011010010010111,116495381,0,0.100000,1.000000
116496628,83,01011010001000110100001010101110000110100000000110001001111111000000111000100101110,116492283,0,0.200000,1.000000
116496629,86,01110111101000000100001010101110000110100000000110111101001010101100011001110001111100,116492283,0,0.200000,1.000000
116496630,86,01110111101000000100001010101110000110100000000110111101001010101100011001110001111100,116492283,0,0.200000,1.000000
116496631,83,01011010001000110100001010101110000110100000000110001001111111000000111000100101110,116492283,0,0.200000,1.000000
116496632,79,0011100000001101000010101011100001000000000001110010011101101000011010010010101,116470092,0,0.040000,0.600000
116496633,74,11010011000001010101111000110100000000100001001011111001110000101000001100,116492283,0,0.200000,1.000000
116496634,79,1101100101011000000101010111000011010000000011000000101111100011101101011100110,116495381,0,0.100000,1.000000
116496635,77,10101100100011000001010101110000110100000000110001001010111100110011100111001,116492283,0,0.200000,1.000000
116496636,79,0111100000001101000010101011100001101000000001110010011101101000011010010010111,116492283,0,0.200000,1.000000
116496637,84,011001000001111110000010101011000001101000000001000100111110101000011110110011100110,116492283,0,0.200000,1.000000
116496638,78,110101100100001000000101010011001011010000000011000100101010000110011100111001,116492284,0,0.032000,0.800000
116496639,76,1011110010110000001010101110000110100000001100110010111110000100110000110010,116492284,0,0.040000,1.000000
116496640,77,10010010101000000101010111000011010100000010000100101111100011001100111100100,116492284,0,0.040000,1.000000
116496641,77,01011001100110000001010101110100110100000000100001001011101000101110001110110,116492284,0,0.040000,1.000000
116496642,75,101010111000000101010111000011010000000010000101101110001110010100110001111,116492284,0,0.040000,1.000000
116496643,77,10010010101000000101010111000011010100000010000100101111100011001100111100100,116492284,0,0.040000,1.000000
116496644,77,10101100100011000001010101110000110100000000110001001010111100110011100111001,116492284,0,0.040000,1.000000
116496645,83,01011010000000110100001010101110000110100000000110001001101111000000011100100101110,116492284,0,0.040000,1.000000
116496646,81,011010001000110100001010101010000110100000000110001001111111010000111100000101110,116492284,0,0.040000,1.000000
116496647,81,011010001000110100001010101110000110100000000110001001111111010000111100000101110,116492284,0,0.040000,1.000000
116496648,83,01011010000000110100001010101110000110100000000110001001111111000000011100100101110,116492284,0,0.040000,1.000000
116496649,86,01111111101000000100001010101110000110100000000110111101011010101100011001110001111100,116492284,0,0.040000,1.000000
116496650,75,101100110011000000101010111000011010000001010000100101110100010111000111011,116492284,0,0.040000,1.000000
116496651,76,1011110010110000001010101110000110100000001100110010111110000100110000110010,116492284,0,0.040000,1.000000
116496652,77,11000001000110100001010101110000110100000000100001001011111000110111000111001,116492284,0,0.040000,1.000000
116496653,81,011010001000110100001010101110000110100000000110001001111111010000111100000101110,116492285,0,0.066667,1.000000
116496656,82,1101110000010000001000010101011100101101000000001000100111011000000011100100000111,116492285,0,0.053333,0.800000
116496657,75,001101011101000010101011100001101000000001000011011110100011101001001100111,116459872,0,0.040000,0.600000
116496658,80,01101000100011010000101010111000011010000000011001000011111000000111100100101110,116492285,0,0.066667,1.000000
116496659,77,10101100100011000001010101110000110100000000110001001010111100110011100111001,116459872,0,0.040000,0.600000
116496660,79,1011011001000110000001010101010000110100000000110101001011100000100111000111001,116492285,0,0.066667,1.000000
116496661,77,10101100100011000001010101110000110100000000110001001010111100110011100111001,116492285,0,0.066667,1.000000
116496662,75,111101110000001010101110000110100000000100001011011110001110011100110101111,116492285,0,0.066667,1.000000
116496663,81,011010001000110100001010101110000110100000000110001001111111010000111100000101110,116492285,0,0.066667,1.000000
116496664,79,1101101101011000000101010111000011010000000011000000101111100011001101011100110,116496912,0,0.040000,0.400000
116496666,82,1101110000010001001000010101011100101101000000001000100111011000000011100100000111,116492285,0,0.066667,1.000000
116496667,75,111101110000001010101110000110100000000100001011011110001110011100110101111,116492285,0,0.066667,1.000000
116496668,74,11110011000000111010111000011010000001010010101101111000010001100110001111,116492285,0,0.066667,1.000000
116496669,74,10101001100000010101011100001101000000001000011010111100011100001001100011,116492285,0,0.066667,1.000000
116496671,79,1110110010001100000010101011100001101000000001000010010011010001001110011110010,116492286,0,0.100000,1.000000
116496672,75,001101011101000010101011100001101000000001000011010110100011101001001100111,116492286,0,0.100000,1.000000
116496673,78,101011001000110000010101011100001101000000001100010010101111001100111001110010,116492286,0,0.100000,1.000000
116496674,75,101010111000000101010111000011010000000010000101101110001110010100110001111,116492286,0,0.100000,1.000000
116496675,81,011010101000110100001010101110000110100000000110001001111111010000111100000101110,116492286,0,0.100000,1.000000
116496676,83,11101100010101110000001010101110000110100000000100110011111010110001111001100011001,116492286,0,0.100000,1.000000
116496677,75,001101011101000010101011100001101000000001000011010110100011101001001100111,116492286,0,0.100000,1.000000
116496678,82,0110101010001001000010101011100001101000100001101010011111010100001011001001011101,116492286,0,0.100000,1.000000
116496679,76,1011110010110000001010101110000110100000001100110010111110000100110000110010,116492286,0,0.100000,1.000000
116496680,78,100100101010000001010101110000110101000000101001001011111000110011001111001001,116492286,0,0.100000,1.000000
116496681,78,110101100100001000000101010111000011010000000011000100101010000110011100111001,116492286,0,0.100000,1.000000
116496684,82,1101110100010001001000010101011100001101000010001000100111011000000011110100000111,116492286,0,0.100000,1.000000
116496685,78,111011001000110000001010101110000110100000000100001001001101000100111000111001,116492286,0,0.100000,1.000000
116496686,83,10011010101000110100011010101110000110100000000110101001111111010000111000001011101,116498414,0,0.100000,0.800000
116496689,79,1101100101011000000101010111000011010000000011000000101111100011001101011100110,116485004,0,0.066667,1.000000
116496690,82,0110100010101101000010101011100001101000000001100110011111110100001111000001001100,116492290,0,0.100000,1.000000
116496691,75,101110111000000101010111000011010000000010000101101110101110010100110001111,116492290,0,0.100000,1.000000
116496692,81,011110100010001100000010101011100001101000000001100110010111110011110111111110011,116492290,0,0.100000,1.000000
116496693,82,0110100010101101000010101011100001101000000001100110011111110100001111000001001100,116492290,0,0.100000,1.000000
116496694,75,101110111000000101010111000011010000000010000101101110101110010100110001111,116492290,0,0.100000,1.000000
116496695,75,101110110110000001010101110000110100000000100101101001111001100100110110001,116476987,0,0.100000,1.000000
116496696,81,011110100010001100000010101011100001101000000001100110010111110011110111111110011,116485016,0,0.160000,0.800000
116496697,82,0110100010101101000010101011100001101000000001100110011111110100001111000001001100,116492290,0,0.100000,1.000000
116496698,82,0111100010001101000010111011100001101000000001100010011111110100001111001001011101,116492290,0,0.100000,1.000000
116496699,74,10101001000000010111011100001101000000001000011010111101011000001001100011,116485016,0,0.140000,0.700000
116496700,82,0110100011101101000010101011100001101000000001100110011111110100001111000001001100,116492290,0,0.080000,0.800000
116496701,79,0111101100100111100000101010110000010010000000010001100101111100011001110011101,116485016,0,0.120000,0.600000
116496702,78,110110010101000001010101011100001101000000001100010111111110001010111101110010,116485016,0,0.140000,0.700000
116496703,75,101110110110000001010101110000110100000000100101101001111001100100110110001,116492290,0,0.100000,1.000000
116496704,80,01111011001011111000001010101100000110100000000100011001011111000110011100111001,116498409,0,0.160000,0.800000
116496705,80,01111011001011111000001010101100000110100000000100011001011111000110011100111001,116492290,0,0.100000,1.000000
116496706,78,110110010101000001010101011100001101000000001100010111111110001010111101110010,116492290,0,0.100000,1.000000
116496707,82,0110100010101101000010101011100001101000000001100110011111110100001111000001001100,116492290,0,0.100000,1.000000
116496708,82,0110100010101101000010101011100001101000000001100110011111110100001111000001001100,116492290,0,0.100000,1.000000
116496709,74,10101001000000010101011100001101000000001000011010111101011100001001100011,116494067,0,0.100000,1.000000
116496710,77,01011001000100010011010101110000110100000000110000010111100101100111111101010,116495378,0,0.040000,0.600000
116496711,82,0110101010001001000010101011100001101000100001101010011111010100011011001001011101,116494067,0,0.100000,1.000000
116496712,81,011010101000110100001010101110000110100000100110001001110111010000111101000101110,116494067,0,0.100000,1.000000
116496713,74,10101001100000010101011100001101000000001000011010111101011100001001100011,116494067,0,0.100000,1.000000
116496714,70,1010111010000101010111000011010000000011000010100111000100011100111101,116494067,0,0.100000,1.000000
116496715,77,10101100100011000001010101110000110100000000110001001010111100110011100111001,116500006,0,0.200000,1.000000
116496716,74,00011010111010001111010111000011010001000010000100101111001101011100110000,116494067,0,0.100000,1.000000
116496717,75,001101011101000010101011100001101000000001000011010110100011101001001100111,116494067,0,0.100000,1.000000
116496719,75,011101001100000010101011100001101000000001000011110111101011100001001101011,116494068,0,0.100000,1.000000
116496722,76,0111101110000001010101010000010100000000100001011011100001110011100100001111,116501520,0,0.040000,0.600000
116496723,81,011010001000110100001010101110000110100000000110001001101111010000111100000101110,116490324,0,0.030000,0.600000
116496724,80,01110100010001101000010101011100001101000000001100010011111110100001110010010111,116495373,0,0.066667,1.000000
116496725,76,0001101011101000010101011100001100100000001000011010110100010101000001100111,116468463,0,0.050000,0.500000
116496726,80,01110100010001101000010101011100001101000000001100010011111110100001110010010111,116495373,0,0.066667,1.000000
116496727,77,01010000101000000010101011100001101001000001100010010111110001100111011100101,116490324,0,0.025000,0.500000
116496728,75,010110010000100000101010111000011010000000011000100101011100011001110111001,116495373,0,0.066667,1.000000
116496729,77,01010000101000000010101011100001101001000001100010010111110001100111011100101,116495373,0,0.066667,1.000000
116496730,73,1101011100000101010111001011010000000010000100101111000111001000010000010,116468463,0,0.060000,0.600000
116496731,76,1110100001100000010101011100001101000000001000011010111000011100001011100111,116508494,0,0.100000,1.000000
116496732,75,010110010000100100101010111000011010000000011000100101011100011001110111001,116495374,0,0.200000,1.000000
116496733,75,101010011000000101010111000011010000000010000110101111000111000011111000111,116505123,0,0.200000,0.800000
116496734,83,11001000001011110000110101011100001111000001001000100110010101100011011011000110010,116505123,0,0.200000,0.600000
116496735,86,01110111101000000100001010101110000110100000000110111101011010101100011001110001111100,116481595,0,0.200000,0.800000
116496736,79,1011011001000110000001010101010000110100000000110101001011100000100111000111001,116478436,0,0.080000,0.800000
116496737,82,0101110100010001001000010101011000001101000000001000100111110000010111100110010110,116508494,0,0.080000,0.800000
116496738,75,010110010000100100101010111000011010000000011000100101011100011001110111001,116508494,0,0.080000,0.800000
116496739,74,01101011101000010101011100001101000000001100011010110100011101001001100011,116481595,0,0.200000,0.800000
116496740,81,011010001000110100000010101110000110100000000110001001111111010000111000000101110,116495374,0,0.200000,1.000000
116496741,76,0110100001000000010101011100001101000000001000011010111100011100001001100011,116505123,0,0.140000,0.800000
116496742,82,0111100010001101000010101011100001101000000001100010011111111100001111001001011101,116478436,0,0.100000,1.000000
116496743,75,001101011101000010101011100001101010000001000011010110100011101001001100111,116503247,0,0.053333,0.800000
116496744,77,01011001000010000001010101110000110100000000100001001010111000110011100111011,116488553,0,0.066667,1.000000
116496745,78,110101100100001000000101010111000011010000000011000100101010000110011100111001,116495375,0,0.066667,0.600000
116496746,77,11010011000110100001010101110000110100000000100001001011111000110111000111001,116495375,0,0.066667,0.600000
116496747,74,00111010111010001101010111000011010000000010100100111011101111011100110100,116503247,0,0.066667,0.800000
116496748,76,1010100110001001010101110000110100000000100001101011110001110000100110001111,116503247,0,0.066667,0.800000
116496749,76,0111101110000001010101010000010100000000100001011011100001110011100100001111,116503247,0,0.046667,0.700000
116496750,77,01011001000010000001010101110000110100000000100001001010111000110011100111011,116495375,0,0.066667,1.000000
116496751,77,01111101110000001010101110010110100000000100001011011110001110010100110101111,116503247,0,0.053333,0.800000
116496752,79,1111000010011010000101010111000011010000000011000100101111010000111100000101110,116481604,0,0.100000,1.000000
116496753,74,10101001100000010101011100001101000000001000011010111101011100001001100011,116488560,0,0.160000,0.800000
116496754,75,101110111000000101010111000011010000000010000101101110001110010100110001111,116488560,0,0.160000,0.800000
116496755,79,0100100110001001000010101011100001101000000001100110011111110100001111010010111,116488560,0,0.160000,0.800000
116496756,83,11001000001011110000110101011100001101000000001000100110110101100011011011000110010,116481604,0,0.080000,0.800000
116496757,82,1011010001000110100001010101110000110100000000110001001111111000000111100100101110,116488560,0,0.160000,0.800000
116496758,78,110101100100001000000101010111000011010000000011000100101010000110011100111001,116481604,0,0.100000,1.000000
116496759,84,111001000001011100000110101011100011101000000001000100111111101100011010011000110010,116481604,0,0.070000,0.700000
116496760,75,110100001100000010101011100001101000000001000011011111100011000001001100001,116490318,0,0.066667,1.000000
116496761,74,11010111000001010101111000110100000000100001001011111001110010101100001100,116495377,0,0.066667,1.000000
116496762,79,0011000010011000100101010111000011010000000010001011011010110101101001100111001,116495377,0,0.066667,1.000000
116496763,77,00110010000100000010101011100001101011000001000010010101110001100111001110011,116495377,0,0.066667,1.000000
116496764,77,01001001100010100000101010111000011010000000001000100110111010000111101011011,116495377,0,0.066667,1.000000
116496765,79,0111100000001101000010101011100001101000000001110010001101101000011010010010111,116495377,0,0.066667,1.000000
116496766,75,101110111000000101000111000011010000000010000101101110001110010100110001111,116490318,0,0.053333,0.800000
116496767,79,0111100000001101000010101011100001101000000001110010001101101000011010010010111,116495377,0,0.066667,1.000000
116496768,72,010100101100000010101011101001101000010001000011010111100011001010011101,116495377,0,0.066667,1.000000
116496769,82,1101110000010001001000010101011100101101010000001000100111011000000011100100000111,116495377,0,0.066667,1.000000
116496770,79,0011000010011000100101010111000011010000000010001011011010110101101001100111001,116495377,0,0.066667,1.000000
116496771,75,101110111000000101000111000011010000000010000101101110001110010100110001111,116490318,0,0.053333,0.800000
116496772,83,11001000001011100000110101011100001101000000001010100111110101100011010011000100000,116495377,0,0.053333,0.800000
116496773,81,011010001000111100001010101110000110100000000110001001111111010000111100000101110,116495377,0,0.066667,1.000000
116496774,79,0011100010011000100101010111000011010000000010001011011010110101101001100111001,116495377,0,0.066667,1.000000
116496775,82,1101110000010001001000010101011100101101000000001000100111011000000011100100000111,116495377,0,0.066667,1.000000
116496776,76,1011110010110000001010101110000110100000001100110010111110000100110000110010,116495377,0,0.066667,1.000000
116496777,74,10101001100100010101011100001101000000001000011010111100011100001111100011,116495377,0,0.066667,1.000000
116496778,74,10101001100000010101011100001101000000001000011010111101011100001001101011,116495377,0,0.066667,1.000000
116496779,82,1101110100010001001000010101011100001101000000001000100111011000000011100100000111,116495377,0,0.066667,1.000000
116496780,77,11110100001100000010101011100001101000000001000011010111000011100001011100011,116486651,0,0.045788,1.000000
116496781,80,01111010001001110000001010101110000110110000000110011101011111001110011111110101,116495378,0,0.066667,1.000000
116496782,81,011010001000110100001010101110000110100000000110001001111111010000111100000101110,116494067,0,0.040000,0.400000
116496783,82,0111100010001101000010101011100001101000000001100010011111110100001110001001011101,116495378,0,0.066667,1.000000
116496785,77,11011001000110000001010101110010110100000000101001001011100000100111000011101,116485012,0,0.040000,0.800000
116496786,77,11010001000110100001010101110000110100000000100001001011111000110111000111001,116495378,0,0.066667,1.000000
116496788,77,11010001000110100001010101110000110100010000100001001011111000110111000111001,116505124,0,0.046667,0.700000
116496789,76,0101100100001000001011101110000110100000000110001001010111000110011101110011,116492273,0,0.046667,0.700000
116496790,77,11011001000110000001010101110010110100000000101001001011100000100111000011101,116494067,0,0.040000,0.400000
116496791,70,1010111010000111010111000011010000000011000011101111010110010100111111,116494067,0,0.040000,0.400000
116496792,76,1100101011000000101010111000011010000000011000100101111100011000100011101100,116495378,0,0.066667,1.000000
116496794,77,11010001000110100001010101110000110100000000100011001011111000110111000111001,116505124,0,0.053333,0.800000
116496795,80,01111010001001110000001010101110000110110000000110011101011111001110011111110101,116495378,0,0.066667,1.000000
116496796,77,11001001010110000001000101110000110000000000100001001011111000110011000110010,116495378,0,0.066667,1.000000
116496797,75,101010011000000101010111000011010000000010000110101111000111000011111000111,116471689,0,0.160000,0.800000
116496798,79,1110110010001100000010101011100001101000000001000010010011010001001110011110010,116495379,0,0.032000,0.800000
116496800,78,010011001000110100001010101110000110100000001100010010111110011000111001110011,116471682,0,0.050000,0.500000
116496804,74,11010111000001010101111000110100000000100001001011111001110010101100001100,116471689,0,0.140000,0.700000
116496806,80,01001001100010010001101010111000011010000000011001100110111101000011110100101110,116495379,0,0.040000,1.000000
116496807,82,0100100110001001000010101011100001101000000001100010011110110100001111101001011100,116501517,0,0.040000,0.600000
116496808,74,11110111000000101010111000011010000000010000101101110001110010100110001111,116501517,0,0.040000,0.600000
116496809,87,011101111010000001000010101111100001101000000001101111010110101011000110011100011111000,116501517,0,0.033333,0.500000
116496810,75,001101011101000010101011100001101000000001000011011110100011101001001100111,116501517,0,0.040000,0.600000
116496811,77,01011001000100000011010101110000110100000000110000010111100101110111111101010,116495380,0,0.066667,1.000000
116496812,79,0111100000001101000010101011100001101000000001110010011101101000011010010010111,116495380,0,0.066667,1.000000
116496813,72,111011100000010101011100001101000000001000010110111000111001010011000111,116471697,0,0.060000,0.600000
116496814,79,1110100101011000000101010111000011010000000011000100101111100011000100011101100,116501517,0,0.040000,0.600000
116496815,76,1110100001100000010101011100001101000000001000011000111000011100001011100011,116495381,0,0.100000,1.000000
116496816,76,1110100001100000010101011100001101000000001000011000111000011100001011100011,116470092,0,0.046667,0.700000
116496817,80,01101000100011010000101010111000011010000000011000100111111101000111000001011100,116495381,0,0.000000,0.000000
116496818,81,011010001000110100001010101110000110100000000110001001101111010000111000001011101,116470092,0,0.046667,0.700000
116496819,86,01110111101000000100001010101110000110100000000110111101011010101100011001110001011100,116500002,0,0.040000,0.600000
116496820,79,1101011100011000000101010111000011010000000011000000111111100011001100011000110,116492283,0,0.200000,1.000000
116496821,79,1101011100011000000101010111000011010000000011000000111111100011001100011000110,116492283,0,0.200000,1.000000
116496822,81,010010011000100100001010101110010110100000000110001001111111010000111100100101110,116495381,0,0.100000,1.000000
116496823,81,011010001000110100001010101010000110100000000110001001111111010000111100000101110,116495381,0,0.100000,1.000000
116496824,81,011010001010110100001010101110000110100000000110001001110111110000111000000101110,116495381,0,0.100000,1.000000
116496825,79,0110100010001101000010101011100001101010000011000100111111101000011110000010111,116495381,0,0.100000,1.000000
116496826,74,00111010111010001101010111000011010000000010100100101111101111011000110100,116492283,0,0.160000,0.800000
116496827,79,1101011100011000000101010111000011010000000011000000111111100011001100011000110,116495381,0,0.100000,1.000000
116496828,80,01110100010001101000010101011100001111000000001110010011111110100001110010010111,116501533,0,0.026667,0.400000
116496829,74,10101001010000010101011100001101000000001000011010111101011100001001100011,116501533,0,0.026667,0.400000
116496830,74,10101001010000010101011100001101000000001000011010111101011100001001100011,116501533,0,0.026667,0.400000
116496831,74,10101001100000010101011100001101000000001000011010111100011100001111100011,116495382,0,0.066667,1.000000
116496832,74,10101001010000010101011100001101000000001000011010111101011100001001100011,116501533,0,0.026667,0.400000
116496833,74,10101001100000010101011100001101000000001010011010111100011100001111100011,116495382,0,0.053333,0.800000
116496834,79,1101011100011000000101010111000011010000000011000000111111100011001100011000110,116501533,0,0.026667,0.400000
116496835,86,00110010000011111100000101010111000011010000000010001001111101011000011110110011100110,116501533,0,0.026667,0.400000
116496836,75,101110011000000101010111000011010000000010000101101110001110010100110001111,116495382,0,0.046667,0.700000
116496837,83,01011010001000010100001010101110000111100000000110001001111111100100111000100101110,116501533,0,0.026667,0.400000
116496838,85,0011001000001111110000010101011100001101000000001000100111101011000011110110011100110,116501533,0,0.033333,0.500000
116496839,85,0011001000001111110000010101011100001101000000001000100111101011000011110110011100110,116495382,0,0.066667,1.000000
116496840,74,01111011101000010101011100001111000000001000111010110100011101001001100111,116496908,0,0.066667,0.800000
116496841,83,11001000001011100000110101011100001101000000001010100111110101100011010011000110000,116501533,0,0.026667,0.400000
116496842,80,01111010001001110000001010111110000110100000000110011001011111001110011111111001,116495382,0,0.066667,1.000000
116496843,75,101010011000000101010111000011010000000010000110101111000111000011111000111,116495382,0,0.066667,1.000000
116496844,77,11010001000100100001010101110000110100010000100001001011111000110111000111001,116488547,0,0.100000,0.700000
116496846,77,10110110010001100000010101010100001101000000001101010010111000000011100011100,116488547,0,0.100000,0.700000
116496847,79,1111000010011010000101010111000011010000000011000100101111010000111100000101110,116495383,0,0.100000,1.000000
116496848,79,0111100000001101000010101011100001101000000001110010011001101000011010010010111,116495383,0,0.100000,1.000000
116496849,81,011010001000110100001010101110000110100000000110001001111111010000111000001011101,116495383,0,0.100000,1.000000
116496850,79,1111000010011010000101010111000011010000000011000100101111010000111100000101110,116495383,0,0.100000,1.000000
116496851,81,011010001000100101001010101110000110100000000110001001111111010000111000001101110,116495383,0,0.100000,1.000000
116496852,88,0011001000001111110000010101011100001101100000001000100111110101100001111011001110011000,116488547,0,0.100000,0.700000
116496854,81,011110100010001100000010101011100001101000000101100110010111110011100111111110011,116495383,0,0.100000,1.000000
116496857,77,10110110010001100000010101010100001101000000001101010010111000000011100011100,116488547,0,0.100000,0.700000
116496858,75,101010011000000101010111000011010000000010000110101111000101000010011000111,116495383,0,0.100000,1.000000
116496859,74,11110111001001101010111000011010000000010010101101111000010001100110001111,116488547,0,0.100000,0.600000
116496860,77,01011000101000000010111011100001101001000001101010010111110001100111011100001,116495383,0,0.100000,1.000000
116496861,82,1011110001000010100001010101110000110100000000111001001110110100001101000001011110,116488547,0,0.100000,0.800000
116496862,77,10110110010001100000010101010100001101000000001101010010111000000011100011100,116488547,0,0.100000,0.700000
116496863,77,11010001000110100001010101110000110100010000100001001011111000110111000111001,116495384,0,0.066667,1.000000
116496864,86,00110010010011111100100101010111000011010000000010001001111101011000011110110011100110,116495384,0,0.066667,1.000000
116496865,81,101111000100011000001010101111000110100000000111000001111111010100111000001111101,116495384,0,0.066667,1.000000
116496866,75,101110111000000101000111000011010000000010000101101110001110010100110001111,116495384,0,0.066667,1.000000
116496867,79,0111100000001101000010101011100001101000000001110010011101101000111010010010111,116495384,0,0.066667,1.000000
116496868,77,11010001000110100001010101110000110100010000100001001011111000110111000111001,116495384,0,0.066667,1.000000
116496869,75,001101011101000010101011100001101000000001000011011110100011101001001100111,116495384,0,0.066667,1.000000
116496870,74,10101001100000010001011100001101000000001000011010111100011100001001100011,116495384,0,0.066667,1.000000
116496871,86,00110010010011111100100101010111000011010000000010001001111101011000011110110011100110,116495384,0,0.066667,1.000000
116496872,73,1001010011000000010101110000110100000000100001101011110001110000100110001,116495384,0,0.066667,1.000000
116496873,75,110101010000100010010101011100001101000000001100110010011100001000110111011,116495384,0,0.066667,1.000000
116496874,82,1001000001001100000010101011100001101000000001000100111110101001011010011001110011,116495384,0,0.066667,1.000000
116496875,82,1001000001001100000010101011100001101000000001000100111110101001011010011001110011,116495384,0,0.066667,1.000000
116496876,76,1110100001100001010101011100001101000000001000011000111000011100001011100011,116495384,0,0.053333,0.800000
116496877,75,101110111000000101000111000011010000000010000101101110001110010100110001111,116495384,0,0.066667,1.000000
116496878,81,010010011000100100001010101110000110100000000110001001111111010000111110100101110,116480047,0,0.032000,0.800000
116496879,80,01111011001001111000001010101100000110100000000100011001011111000110011100111001,116496909,0,0.030000,0.600000
116496880,75,101110011000000101010111000011010000000010000101101110001110010100110001111,116495385,0,0.200000,1.000000
116496881,78,010110010001000000110101011100011101000000001100000101111000011001111111010100,116480047,0,0.024000,0.600000
116496882,82,0110100011001101000110101011100001101000000001110010011111111100001100000010111010,116495385,0,0.200000,1.000000
116496883,80,01111011001001111000001010101100000110100000000100011001011111000110011100111001,116495385,0,0.200000,1.000000
116496884,78,011110110010011110000110101011000001101100000001000110010111110001001110011100,116496909,0,0.030000,0.600000
116496885,78,010110010001000000110101011100011101000000001100000101111000011001111111010100,116495385,0,0.200000,1.000000
116496886,83,00110100110101101000010101011100000101000000001100010011111110100001111001001001101,116495385,0,0.200000,1.000000
116496887,75,101110011000000101010111000011010000000010000101101110001110010100110001111,116495385,0,0.200000,1.000000
116496888,77,10101100100011100001010101110000110100000000110001001010111100110011100111001,116495386,0,0.066667,1.000000
116496889,79,1101011100011000000101010111000011010000000011000000111111100011001100011001110,116495386,0,0.040000,0.600000
116496890,74,10101001100000010101011100001101000000001000011010111101011100001001101011,116505127,0,0.040000,0.400000
116496891,77,11110100101100000010101011100001101000000001000010010111000011100001011101011,116505127,0,0.040000,0.400000
116496892,75,001101011101000010101011100001101000000001000011010110100011101001001100111,116505127,0,0.040000,0.400000
116496893,77,11110100101100000010101011100001101000000001000010010111000011100001011101011,116505127,0,0.040000,0.400000
116496894,83,00011010001000110100001010101110000110100000000110001001111111010000111100100101110,116495386,0,0.066667,1.000000
116496895,83,00011010001000110100001010101110000110100000000110001001111111010000111100100101110,116505127,0,0.040000,0.400000
116496896,74,10101001100000010101011100001101000000001000011010111101011100001001101011,116495386,0,0.066667,1.000000
116496897,80,10110101000001101000010101011100001101000100001100100111110011000111110010110111,116495386,0,0.033333,0.500000
116496898,75,000110101110100011010101110000110100000000101001001011111011110111001101001,116505127,0,0.040000,0.400000
116496899,82,1011010001000111100001010101110000111100000000110001001011111010000111100001011101,116495386,0,0.066667,1.000000
116496918,77,10101100100011000001010101110000110100000000110001001010111100110011100111001,116490329,0,0.053333,0.800000
116496919,74,00111010111010001101010111000011010000000010100100101111101111011000110100,116490329,0,0.046667,0.700000
116496929,79,0111100000001101000010101011100001101000000001110010111101101000011010010010111,116503234,0,0.080000,0.800000
116496930,80,11100100101011000000101010111000011010000000011000100101111100011000100011100100,116501520,0,0.053333,0.800000
116496934,81,110101100100001000000101010111000011010000000010000100101011100011001110011100111,116501513,0,0.040000,0.600000
116496936,80,01101000100011000000101010111000011010000100011000100111111100010001001011100010,116490323,0,0.046667,0.700000
116496943,82,1011010001000110100001010101110000110100000000110001001111110010000111100100101110,116496900,0,0.066667,1.000000
116496944,80,01101000100011010000001010111000011110000000011001001111111000000111000100001110,116496900,0,0.046667,0.700000
116496946,76,1111101110000001010101110000110100000000100001011011110001110010100110011111,116496900,0,0.066667,1.000000
116496947,74,00011010111010001101010111000011010000000010100100101111101111011100110100,116500001,0,0.070000,0.700000
116496949,79,0111100000001101000010101011100001101000000001110010011101101000111010010010111,116496900,0,0.066667,1.000000
116496957,79,1010110010000100000010101011100001101000000001000010010101110001100111001110011,116475186,0,0.060000,0.600000
116496959,75,101010011000000101010011000011010000000010000110101111000111000010011000111,116498403,0,0.160000,0.800000
116496963,76,1110100001100000010101011100001101000000001000011010111000011100001011100011,116473641,0,0.200000,1.000000
116496964,82,0110101010001001000010101011100001101000100001101010011111010100011011001001011101,116459871,0,0.100000,1.000000
116496965,76,1110100001100000010101011100001101000000001000011010111000011100001011100011,116499997,0,0.053333,0.800000
116496966,75,101100110011000000101010111000011010000000010000100101110100010111100111111,116459872,0,0.066667,1.000000
116496967,82,1101110000010001001000010101011100101101000000001000100111011000000011100100000111,116459872,0,0.066667,1.000000
116496969,75,011010111000001010101111000110100000000100001001011101001110010101100001101,116495378,0,0.046667,0.700000
116496972,79,0110100010001101000010101011100001101000000001100010011111110100011100010010111,116498406,0,0.080000,0.800000
116496974,80,01111000100011010100101010111000011010000100011100100111011010000110100100101111,116498406,0,0.060000,0.600000
116496975,82,0011010001000110100001010101110000110100000000110001001111111010000111100100101110,116498406,0,0.080000,0.800000
116496976,70,0101011000000101010111000111010000000110000110101101000110010000110001,116461655,0,0.080000,0.800000
116496977,81,011101000100111010000101010110000011010000000011100100111111101001011100100101111,116498406,0,0.070000,0.700000
116496978,76,1110100001100000010101011100001101000000001000011010111000011100001011100011,116461656,0,0.066667,1.000000
116496979,80,01101000100011010000101010111000011110000000011001001111111000000111000000001110,116503228,0,0.070000,0.700000
116496980,84,010110000010001000000101010111000011110000000010001000111101011000111100110011010101,116503228,0,0.070000,0.700000
116496981,84,110010000010111100001101010111000011010000000010001001101101011000110110110001100101,116503228,0,0.070000,0.700000
116496982,86,01110111101000000100001010101110000110100000000110111101011010101100011001110001110100,116461656,0,0.066667,1.000000
116496983,72,110100101100000010101011101001101000000001000011010111100011001010011101,116503228,0,0.070000,0.700000
116496986,74,10101001100000010001011100001101000000001000011010111100011100001001100011,116503230,0,0.160000,0.800000
116496988,77,01011001000100000011010101110000110100000000110000010111100101100111111101010,116484998,0,0.160000,0.800000
116496999,84,001011010000000110100001010101110000110100000000110001001111111000000111100100101110,116486632,0,0.020000,0.800000
116497001,79,1101011100011000000101010111000011010000000011000000111111100011001100011000110,116505117,0,0.080000,0.800000
116497002,79,1101011100011000000101010111000011010000000011000000111111100011001100011000110,116506710,0,0.080000,1.000000
116497003,74,10101001100000010101011100001101000000001000011010111100011001010011000101,116498409,0,0.200000,1.000000
116497004,87,011101111010000001000010101011100001101000000001001111010110101011000110011100011111000,116498409,0,0.200000,1.000000
116497005,79,1001001100010010000101010111000011010000000011100100111111101000011111010001110,116503239,0,0.080000,0.800000
116497007,82,0100010100000001101000010101011101001101000000101110010011111110100001110010010110,116475180,0,0.120000,0.600000
116497011,81,011110100010001100000010101011100001101000000101100110010111110011100111111110011,116473641,0,0.160000,0.800000
116497015,75,111101110000001010101110000110100000000100001011011110001110011100110101111,116478450,0,0.016000,0.400000
116497016,78,010110010001000000110101011100001101000000001100000101111000011001111111010100,116465087,0,0.100000,1.000000
116497017,81,011010001000110101001010101110000110100000000110001001111111010000111000001101110,116468457,0,0.140000,0.700000
116497018,87,011101111010000001000010101111100001101000000001101111010110101001000110011100011111000,116492271,0,0.040000,0.600000
116497019,77,01110100101100000010101011100001101000000001000110010111110000100110000110010,116470088,0,0.046382,1.000000
116497020,74,10101001100100010101011100001101000000001000011010111100011100001111100011,116486638,0,0.040000,0.800000
116497021,81,011010001000110100001010101110000110100000000110001001111101000000111000000101111,116465088,0,0.046382,1.000000
116497022,80,01110100010001101000010101011100001101000000001100010011111110100001110010010111,116501529,0,0.080000,0.800000
116497023,86,00110010000011111100000001010111000011010000000010001001111101011000011110110011100110,116501529,0,0.070000,0.700000
116497024,75,001101011101000010101011100001101000000001000011010110100011101001001100111,116501529,0,0.080000,0.800000
116497025,82,0011010001000110100001010101110000110100000000110001011111111010000111100000101110,116465089,0,0.200000,1.000000
116497026,78,001011101010110000001010101110000110100000000010011001011110000010011000011001,116465089,0,0.200000,1.000000
116497027,80,01001011101000110000001010101110000110100000000110011001011111000010011000011001,116503246,0,0.080000,0.800000
116497028,72,011010111010000101010111000011010000000010000110101010001110100100110011,116503246,0,0.080000,0.800000
116497029,75,111101001100000010101011100001111000000001000011010111000011100011001100011,116503246,0,0.070000,0.700000
116497030,86,00110010010011111100000101010111000011010000000010001001111101011000011110100011100110,116503246,0,0.080000,0.800000
116497032,81,010010001000110100001010101110000110100000000110001001111111010000111100000101110,116503246,0,0.080000,0.800000
116497033,79,1101100101011000000101010111000011010000000011000000101111100011001101011100110,116503249,0,0.080000,0.800000
116497034,72,010100101100000010101011101001101000000001000011010111100011001010011101,116503246,0,0.070000,0.700000
116497037,75,111101001100000010101011100001111000000001000011010111000011100011001100011,116503246,0,0.070000,0.700000
116497038,80,10110110010001101010010101011100001101000001001100010010111110001001110001110010,116465090,0,0.040000,0.800000
116497039,81,011010001000110100001010101110000110100000000110001001111111010000111100000101110,116503249,0,0.080000,0.800000
116497041,81,010010001000110100001010101110000110100000000110001001111111010000111100000101110,116498418,0,0.080000,0.400000
116497042,81,011010001000110100001010101110000110100000000110001001111111010000111100000101110,116503231,0,0.032000,0.800000
116497043,79,0100100110001001000010100011100011101000000001000100111111100000011111010010111,116465102,0,0.100000,1.000000
116497044,81,011010001000110100001010101110000110100000000110001001111111010000111000000101110,116465102,0,0.100000,1.000000
116497050,77,10101100100011000001010101110000110100000000110001001010111100110011100111001,116496902,0,0.160000,0.800000
116497051,74,11101000011000000101010111000011010000000110000110101110000111000001110001,116496902,0,0.140000,0.700000
116497054,83,00110100110101101000010101011100000101000000001100010011111110100001111001001001101,116496902,0,0.140000,0.700000
116497060,79,0111100000001101000010101011100001101000000001110010011101101000011010010010111,116466868,0,0.200000,1.000000
116497061,75,110100001100000010101011100001101000000001000011010011100011100001001110011,116466868,0,0.200000,1.000000
116497062,82,0011010001000110100001010101110000110100000000110001001111111010000111100100101110,116488544,0,0.066667,1.000000
116497065,74,11010111000001010101111000110100000000100001001011111001110010101100001100,116478450,0,0.016000,0.400000
116497067,79,0101100101010000000101010111000001010001100011100100101111100011001110011111110,116508490,0,0.200000,0.600000
116497068,77,01011001100110000001010001110100110100000000100001001011101000101110001110110,116508490,0,0.200000,0.600000
116497069,82,1001000001001100000010101011100001101000000001000100110111101001011010001001110011,116494067,0,0.050000,0.500000
116497070,77,01011000101000000010111011100001101001000001101010010111110001100111011100001,116500006,0,0.140000,0.700000
116497071,75,101010011000000101010111000011010000000010000110101111000101000010011000111,116468448,0,0.200000,1.000000
116497073,79,1111000010011010000101010111000011010000000011000100101111010000111100000101110,116468448,0,0.200000,1.000000
116497074,88,0011001000001111110000010101011100001101000000001000100111110101100001111011001110011000,116468449,0,0.200000,1.000000
116497075,77,01011000000100000011010101110000110100000000110000010111100101100111111101010,116468449,0,0.200000,1.000000
116497076,79,1110110010001100000010101011100001101000000001000010010011010001001110011110010,116468449,0,0.200000,1.000000
116497077,79,0100100110001001000010101011100001101000000001100110011111110100001111000010111,116483546,0,0.053333,0.800000
116497078,82,0111100010001101000010101011100001101000000001100010011111110100001111001001011101,116468450,0,0.200000,1.000000
116497079,82,0110101010001101000010101011100001101000100001100100111110101000111110010010111110,116492288,0,0.200000,0.800000
116497080,81,011010001000110100001010101110000110100000000110001001111111010000111000001011101,116468450,0,0.200000,1.000000
116497081,79,0001011101010110000001010101110000110100000000010011001011110000010011000111001,116468450,0,0.200000,1.000000
116497082,80,01110100010001101000010101011100001101000000001100010011111110100001110010010111,116468450,0,0.200000,1.000000
116497083,82,0110101010001001000010101011100001101000100001100100111110101000111110010010111110,116468450,0,0.200000,1.000000
116497084,75,000111010111010001101010111000011010000000010100100111011101111011100110100,116468450,0,0.200000,1.000000
116497085,79,1001001100010010000101010111000011010000000011100100111111101000011111010001110,116468450,0,0.200000,1.000000
116497086,82,0011010001000110100001010101110000110100000010110001001111111010000111100100101110,116468450,0,0.200000,1.000000
116497087,76,0110100001100000010101011100001101000000001000011010111100011100001001100011,116473643,0,0.080000,0.800000
116497088,75,110100001100000010101011100001101000000001000011010011100011100001001100011,116473643,0,0.080000,0.800000
116497094,74,11110111000000101010111000011010000000010000101101110001110010100110001111,116468461,0,0.026667,0.800000
116497095,82,0011010001000110100001010001110000110100000000110001001111111010000111100100101110,116468454,0,0.066667,1.000000
116497096,79,0111100000001101000010101011100001101000000001110010001101101000011010010010111,116468454,0,0.066667,1.000000
116497097,79,0100100110001001000011101011100001101000000001100110011011110100001111010010111,116492270,0,0.050000,0.500000
116497098,70,1010111010000111010111000011010000000011000010101111010110010100111111,116468454,0,0.066667,1.000000
116497099,76,1110100001100000010101011100001101000000001000011010111000011000011011100011,116473642,0,0.079051,0.800000
116497100,75,001101011101000010101011100001101010000001000011010110100011101001001100111,116488550,0,0.035000,0.700000
116497101,77,11111011100000010101011100001101000000001000010110111100011100101001101011111,116485003,0,0.066667,0.600000
116497102,86,01110111101000000100001010101110000110100000000110111101001010101100011001110001111100,116468456,0,0.066667,1.000000
116497103,75,110101010000100010010101011100001101000000001100110010011100001000110111011,116468456,0,0.066667,1.000000
116497106,74,11010011000001010101111000110100000000100001001011111001010010101100001100,116498405,0,0.028000,0.700000
116497107,80,01101000100011000001010101110000110100000000111000001111111010000111000001011101,116468457,0,0.160000,0.800000
116497108,77,01111100101100000010101011100001101000000001000110010111110000100110000110010,116495380,0,0.053333,0.800000
116497109,81,011010001000110100001010101110000110100000000110001001111111010000111100000101110,116501517,0,0.040000,0.600000
116497110,76,1111101110000001010101110000110101000000100001011011110001110010100110011111,116485004,0,0.040000,0.800000
116497111,79,0011000010011000000101010111010011010000000010001011011010110101101000100110001,116468459,0,0.066667,1.000000
116497112,70,1010111010000111010111000011010000000011000010101111010110010100111111,116495380,0,0.046667,0.700000
116497113,81,010010011000000100001010101110000110100000000111001001111111010000111110100101110,116468459,0,0.066667,1.000000
116497114,74,11101000011000000101010111000011010000000010000110101110000111000001110001,116485004,0,0.046667,1.000000
116497115,74,11101000011000000101010111000011010000000010000110101110000111000001110001,116485004,0,0.046667,1.000000
116497116,82,0011010001000110100001010101110000110100100000110101001111111010000111000001011101,116490328,0,0.040000,0.600000
116497117,75,101010011000000101010111000011010000000010000110101111000111000010011000111,116468459,0,0.066667,1.000000
116497118,81,011010001000110101001010101110000110100000000110001001111111010000111000000101110,116468459,0,0.066667,1.000000
116497119,83,11001000001011100000110101011100001101000000001010100111110101100011010011000110000,116468459,0,0.066667,1.000000
116497120,86,00110000000011111100000101010111000011010000000010001001111101011000011110110011100110,116468460,0,0.066667,1.000000
116497121,81,101111000100001010000101010111000011010000000011100100111011010000110100000101111,116498414,0,0.032680,1.000000
116497124,83,11001000001011100000110101011100001101000000001000100110110101100011011011000110010,116495373,0,0.046667,0.700000
116497125,81,011010001000110100001010101110000110101000000110001001111111010000111100000101110,116495373,0,0.046667,0.700000
116497126,74,10101001100000010101011100001101000000001000011010111101011100001001100011,116495373,0,0.053333,0.800000
116497127,74,10101001100000010101011100001101000000001000011010111101011100001001100011,116495373,0,0.053333,0.800000
116497128,76,1111101110000001010100110000110100000000100001010011110001110011100110001111,116495373,0,0.046667,0.700000
116497129,84,111010000010111000001101010111000011010000000010001101111101011000010100110001100101,116468463,0,0.100000,1.000000
116497130,83,11001000001011100000110101011100001101000000001000100110110101100011011011000110010,116495373,0,0.046667,0.700000
116497131,78,010011001000110100001010101110000110100000001100010010111110011000111001110011,116468463,0,0.100000,1.000000
116497132,76,0110100001100000010101011100001101000000001000011010111100011100001001100011,116468463,0,0.100000,1.000000
116497133,78,010110010001000000110101011100011101000000001100000101111000011001111111010100,116495373,0,0.040000,0.600000
116497134,77,10110100001100000010101011100001101000000001000011010111100011100001001100011,116468463,0,0.100000,1.000000
116497135,74,10101101100000010101011100001101000000001000011010111101011100001001100011,116495373,0,0.053333,0.800000
116497136,79,0100100110001001000011101011100001101000000001100110011011110100001111000010111,116468463,0,0.100000,1.000000
116497137,81,011010001000110100001010101110000110101000000110001001111111010000111100000101110,116492288,0,0.039293,0.800000
116497138,81,011010001000110101001010101110000110100000000110001001111111010000111000001101110,116495373,0,0.046667,0.700000
116497139,80,01101100100011000000101010111000011010000010010000101011110100010001111010100100,116468463,0,0.100000,1.000000
116497140,82,1001000001001100000010101011100001101000000001000100110111101001011010011001110011,116468463,0,0.100000,1.000000
116497141,75,101101110000001010101010000010100000000100001011010100001110011100100001111,116468463,0,0.100000,1.000000
116497142,83,10110100010001101000010101011100001101000000001100010011111110000001110000010111011,116492288,0,0.049116,1.000000
116497143,76,0110100001100000010101011100001101000000001000011010111100011100001001100011,116468463,0,0.100000,1.000000
116497144,78,001011000101000000010101011100001101010000001100010010101110011100110011100010,116492288,0,0.039293,0.800000
116497145,75,011010111000001010101111000110100000000100001001011101001110010101100001100,116468463,0,0.060000,0.600000
116497147,72,010100101100000010101011101001101000000001000011010111100011001010011101,116470078,0,0.066667,1.000000
116497148,80,10101100100001000000101010111000011010000000010000100101011100011001110011100110,116488551,0,0.024000,0.600000
116497149,83,01101110100010001001000010101011100001101000000001000100111011000000011100100000111,116470079,0,0.100000,1.000000
116497150,80,10110101000001101000010101011100001001000100001100100111110011000111110010110111,116488551,0,0.024000,0.600000
116497170,73,1101011100000101010111100011010000000010000100101111100111001010110000110,116470081,0,0.100000,1.000000
116497176,78,100101110100010000001010101110000110100000000110011001011111000010011000011001,116508492,0,0.200000,1.000000
116497177,76,1110110001100000010101011100001101000000001000011010111000011100001011100011,116470084,0,0.200000,1.000000
116497178,77,11010001000110100001010101110000110100000000100001001011111000110111000111001,116470086,0,0.050000,1.000000
116497179,77,11011001000110000001010101110000100100000000100001000011101001100101000111101,116470086,0,0.050000,1.000000
116497180,77,11010001000110100001010101110000110100000000100001001011111000110111000111001,116505118,0,0.046667,0.700000
116497181,75,110101111000001010101110010110100100000100001001011110001110010100110001111,116508493,0,0.160000,0.500000
116497182,78,001111100101100000010101011100001101000000001100110011111110000100111000110010,116470087,0,0.200000,1.000000
116497183,75,000110101110100011011101110000110100000000101001001011111011110111001101001,116492281,0,0.030000,0.600000
116497184,74,00011010111010001111010111000011010001000010000100101111001101011100110000,116492281,0,0.030000,0.600000
116497185,82,1101110100010001101001010101011100001101000000001000100111011000000011100100000111,116492281,0,0.030000,0.600000
116497186,73,1111011100000010101011100001101000010001100010110111000111001010011000111,116488561,0,0.060000,0.600000
116497187,79,1010110010000100000010101011100001101000000001000010010101110001100111011110011,116470088,0,0.050000,1.000000
116497188,79,0111100000001101000010101011100001101000000001110010111101101000011010010010111,116470088,0,0.050000,1.000000
116497189,83,00110100110101101000010101011100000101000000001100010011111110100001111001001001101,116498419,0,0.080000,0.800000
116497190,81,011010001000110100001010101110000110100000000110001001111111110000111000000101111,116498419,0,0.100000,1.000000
116497191,83,11001000001011100000110101011100001101000000001000100110110101100011011011000110010,116470090,0,0.100000,1.000000
116497192,79,1010110010000100000010101011100001101000000001000010010101110001100111011110011,116486647,0,0.066667,1.000000
116497194,76,1111101110000001010101110000110100000000100001010011110001110011100110001111,116470092,0,0.066667,1.000000
116497195,80,11100100101011000000101010111000011010000000011000100101111100011000100011100100,116470093,0,0.040000,1.000000
116497196,78,010011001000110100001010101110000110100000001100010010111110011000111001110011,116488551,0,0.020000,0.500000
116497197,81,011110100010001100000010101011100001101000000001100110010111110011100111111110011,116488551,0,0.024000,0.600000
116497198,75,101110111000000101010111000011010000000010000101101110001110010100110001111,116488551,0,0.024000,0.600000
116497199,79,0011000010011000000101010111000011010000000010001011011010110101101001100111001,116471674,0,0.100000,1.000000
116497200,82,1101110000010001001000010101011100101101000000001000100111011000000011100100000111,116492272,0,0.053333,0.800000
116497201,81,011010001000111100001011101110000111100000000100001001111111010000111100001011001,116492272,0,0.046667,0.700000
116497202,76,1010110010000100000101010111000011010000000011000100101011100011001110111001,116492272,0,0.066667,1.000000
116497203,81,011010101000110100001010101110000110100000100110001001110111010000111101000101110,116496910,0,0.160000,0.800000
116497204,77,11111011100000010101011100001101000000001010010110111100011100101001101011111,116471674,0,0.100000,1.000000
116497211,75,110100001100000010101011100001101000000001000011010011100011100001001110011,116486628,0,0.060000,0.600000
116497220,82,0110101010001001000010101011100001101000100001101010011111010100011011001001011101,116470081,0,0.070000,0.700000
116497221,75,101110111000000101000111000011010000000010000101101110001110010100110001111,116466864,0,0.070000,0.700000
116497231,77,10010010101000000101010111000011010100000010000100101111100011001100111100100,116471689,0,0.140000,0.700000
116497232,76,1110100001100000010101011100001101000000001000011010111000011100001010100011,116471689,0,0.160000,0.800000
116497233,77,11110000000110100001010101110001101000000001110010011101101000011010010010111,116471682,0,0.100000,1.000000
116497234,84,111011000101011100000010101011100011101000000001000100111110100100011110011001110010,116471682,0,0.100000,1.000000
116497235,77,11010001000110100001010101110000110100000000100001000011111000110111000111001,116471682,0,0.100000,1.000000
116497236,81,011110100010011100000010101011100001101000000011100110011111110011100111111110011,116471682,0,0.100000,1.000000
116497237,82,0110101010001000000010101011100001101000100001101010011111010100011011001001011101,116471682,0,0.100000,1.000000
116497238,71,10101110000101010111100011010000000010000100101111100111001010110000110,116471682,0,0.100000,1.000000
116497239,74,01111011101000110101011100001111000000001000111010110100011101001001100111,116471682,0,0.100000,1.000000
116497240,81,011010001000110100001010101110000110100000000110001001111111010000111000001011101,116471682,0,0.100000,1.000000
116497241,78,011111001011000000101000111000011010000000010001100101111100001001100001100100,116471684,0,0.066667,1.000000
116497242,82,1101110100010001000001010101011100001101000000001000100111011000000011100100000111,116471684,0,0.053333,0.800000
116497243,75,111010111000001010101111000110100000000100001001011111001110010101100001100,116471685,0,0.066667,1.000000
116497244,77,11011001000110000001010101110000110100000100111001001011101000100111000111001,116505132,0,0.070000,0.700000
116497245,82,1000000001001000000000101011100001100000001001000100110111101001011010011001110011,116481615,0,0.030000,0.600000
116497246,75,101110111000000101010111000011010100000010000101101110001110010100110001111,116488549,0,0.140000,0.700000
116497247,80,01111011001101111000001010101100100100100000000100011001011111000110011100110001,116488549,0,0.120000,0.600000
116497248,78,010110010001000000110101011100001101000000001100000101111000011001111111010100,116488549,0,0.140000,0.700000
116497249,78,000001001101000000010101011100101101000000001100011010111110001100011011110010,116488544,0,0.066667,0.800000
116497250,81,011010001000110100001010101110000110100000000110001001111111010000111100000101110,116505132,0,0.080000,0.800000
116497251,74,11010011000001010101111000110100000000100001001011111001010010101100001100,116488544,0,0.066667,0.800000
116497252,80,01101000100010000001010101110000110100000000111000001111111010000111000001011101,116488544,0,0.066667,1.000000
116497253,80,01101000100011000001010101010000110100000000111000001111111010000111000001011101,116488544,0,0.066667,0.800000
116497254,82,0110101010001101000010101011100001101000100001100100111110101000111110010010111110,116471685,0,0.066667,1.000000
116497255,82,0110101010001101000010101011100001101000100001100100111110101000111110010010111110,116471685,0,0.066667,1.000000
116497256,72,011110111010000101010111100011010000000010000110011010001110100100110011,116471685,0,0.066667,1.000000
116497257,79,1110110010001000000110101011100000001000000001100010010111110000100110001110010,116471685,0,0.066667,1.000000
116497258,79,1111000010011010000101010111000011010000000011000100111111010000111000000101110,116471684,0,0.053333,0.800000
116497259,74,11010011000001010101111000110100000000100001001011111001010010101100001100,116471685,0,0.066667,1.000000
116497260,76,1110100001100000010101011100001101000000001000011010111000111100001010100011,116471685,0,0.066667,1.000000
116497261,80,01001011101000110000001010101110000110100000000110011001011111000010011000011001,116488549,0,0.160000,0.800000
116497262,78,101101100100110000001010101110000110100000000110001001011111000100111000111001,116488549,0,0.160000,0.800000
116497263,71,11110110000001010101110000110100000000100001011011100011100101000100011,116471685,0,0.066667,1.000000
116497264,75,001101011101000010101011100001101000000001000011010110100011101001001100111,116461655,0,0.100000,1.000000
116497265,80,01110100010001101000010101011100001101000000001100010011111110100001110010010111,116480044,0,0.060000,0.600000
116497266,82,0100010100000001101000010101011101001101000000101110010011111110100001110010010110,116505118,0,0.040000,0.600000
116497270,81,011010001000110101001010101110000110100000000110001001111111010000111000000101110,116501518,0,0.160000,0.800000
116497273,78,001100100011000000101010111000011010110000010000100101011100011001110011100110,116471693,0,0.066667,1.000000
116497275,76,1010110010000100000101010111000011010000000011000100101011100011001110111001,116471697,0,0.100000,1.000000
116497276,80,01101001100011011000101010111000011110000000011001001011111100000111100100101110,116481617,0,0.100000,0.700000
116497277,79,0110100010001101000010101011100001101000000011000100111111101000011110000010111,116481617,0,0.080000,0.800000
116497278,82,0100100110001001000010101011100001101000000001100010011110110100001111101001011100,116471697,0,0.100000,1.000000
116497279,82,0011010101000110100011010101110000110100000000110101001111111010000111000001011101,116481617,0,0.100000,0.800000
116497280,82,0011010101000110100011010101110000110100000000110101001111111010000111000001011101,116471697,0,0.100000,1.000000
116497281,82,0100100110001001000010101011100001101000000001100010011110110100001111101001011100,116471697,0,0.100000,1.000000
116497282,72,011010111010000101010111000011010000000010000110101010001110100100110011,116481617,0,0.100000,1.000000
116497283,82,0011010101000110100011010101110000110100000000110101001111111010000111000001011101,116471697,0,0.100000,1.000000
116497284,78,001011101010110000001010101110000110100000000010011001011110000010011000111001,116471697,0,0.100000,1.000000
116497285,77,01001001100010100000101010111000011010000000001000100110111010000111101111011,116465088,0,0.040000,0.800000
116497286,76,1110100001100000010101011100001101000000001000011010111000111100001010100011,116471697,0,0.100000,1.000000
116497289,77,10010010101000000101000111000011010100000010000100101111100011001100111100100,116471700,0,0.050000,1.000000
116497290,75,101010011000000101010111000011010000000010000110101111000111000011111000111,116496909,0,0.030000,0.600000
116497291,77,10010010101000000101000111000011010100000010000100101111100011001100111100100,116480047,0,0.024000,0.600000
116497292,70,0101011000000101010111000011010000000010000110101101000110010000110001,116471700,0,0.050000,1.000000
116497293,79,1110100010001101000010101001100001101000000001000010010111110001101110001110011,116480047,0,0.028000,0.700000
116497294,75,101010011000000101010111000011010000000010000110101111000111000011111000111,116486626,0,0.013333,0.600000
116497295,82,0001010001000110100001010101110000110100000000110001001111111010000111100100101110,116480047,0,0.032000,0.800000
116497296,72,010100100000001010101110000110100000000100001101011110101100001001100011,116480047,0,0.032000,0.800000
116497297,83,11011000101011100000110101011100001101000000001001100111110101100011110011000110010,116471700,0,0.050000,1.000000
116497298,75,111101110000001010101010000110100000010100001011011110001110011100110001111,116492276,0,0.032000,0.800000
116497299,79,0110110010001100000010101011100001101000000001000010101111010001010111101010010,116496909,0,0.030000,0.600000
116497300,77,11011001000110001011010101110000110100000010100001001111101010100111000111001,116471700,0,0.050000,1.000000
116497301,72,010100100000001010101110000110100000000100001101011110101100001001100011,116492276,0,0.032000,0.800000
116497302,79,0110101010001101000010101011100001101000100001100100111110011000111110010110111,116480047,0,0.028000,0.700000
116497303,86,00110010010011111100100101010111000011010000000010001001111101011000011110110011100110,116480047,0,0.028000,0.700000
116497304,70,1010111010000111010111000011010000000011000010101111010110010100111111,116490321,0,0.028000,0.700000
116497305,77,11110000100110100001010101110000110100000000110001010111101000011110000010111,116473635,0,0.066667,1.000000
116497306,88,0011001000001111110000010101011100001101000000001000100111110101100001111011001110011000,116473636,0,0.040000,1.000000
116497307,75,101100110011000000101010111000011010000000010000100101110100010111100111111,116506694,0,0.066667,1.000000
116497308,86,01110111101000000100001010101110000110100000000110111101011010101100011001110001111100,116473636,0,0.040000,0.800000
116497309,77,01011000101000000010101011100001101001000001101010010111110000100111011100001,116506694,0,0.053333,0.800000
116497312,74,10101001100000010101011100001101000000001000011010111101011100001001100011,116492267,0,0.060000,0.600000
116497316,75,101010011000000101010111000011010000000010000110101111000111000010011000111,116500003,0,0.160000,0.800000
116497318,83,01011010001000010100001010101110000111100000000110001001111111000100111000100101110,116501519,0,0.022857,0.800000
116497319,74,00011010111010001101010111000011010000000010000100101111001101011100110000,116473639,0,0.200000,1.000000
116497323,80,01110100010001101000010101011100001101100000101100010011111110100001110110010111,116473641,0,0.200000,1.000000
116497324,76,1111101110000001010101110000110100000000100001011011110001110010100110011111,116473641,0,0.200000,1.000000
116497325,76,0101100100011000000101010111000011010000000011000100111101000010011010111001,116459871,0,0.080000,0.800000
116497327,78,010011001000110100001010101110000110100000001100010010111110011000111001110011,116473641,0,0.200000,1.000000
116497328,88,0011001000001110110000010111011100101101000000001000100111110101101001110011001110011010,116468455,0,0.040000,0.600000
116497329,79,0011000010011000000101010111000011010000000010001011011010110101101001100111001,116498407,0,0.032000,0.800000
116497330,75,111101110000001010101110000110100000000100001011011110001110011100110101111,116473642,0,0.079051,0.800000
116497331,79,0111100000001101000010101011100001101000000001110010011101101000011010010010111,116498407,0,0.032000,0.800000
116497332,79,0001011000101000000010101011100001101000000001100010010111110011100111011100010,116473642,0,0.079051,0.800000
116497333,84,111001000011011100000110101011100001101000000001000100111111101100011010011000110010,116473643,0,0.070000,0.700000
116497334,83,11001000001011100000110101011100011101000000001000100110110101100011011011000110010,116505120,0,0.030000,0.600000
116497341,81,011010001000110100001010101110000110100000000110001001111111010000111100000101100,116486627,0,0.035000,0.700000
116497342,75,001101010101000010101011100001101000000001000011010110100011001001001100111,116485001,0,0.080000,0.400000
116497344,82,0011010001000110100001010101110000110100000000110001001111111010000111100100101110,116475175,0,0.200000,1.000000
116497345,77,11010001000100100001010101110000110100010000100001001011111000110111000111001,116475175,0,0.200000,1.000000
116497346,81,011010101000110100001010101110000110100000000110001001110111010000111101000101110,116475175,0,0.200000,1.000000
116497347,74,10101001100000010101011100001101000000001000011010111100011100001001100011,116475175,0,0.200000,1.000000
116497350,81,011010001000110100001000101110000110100000000110001001111111010000111100000101110,116490331,0,0.053333,0.800000
116497355,81,001111011001001111000001010101100000110100000000100011001011111000110011100111001,116480038,0,0.040000,0.600000
116497356,81,011110010011100110000010101011100001101000000000100110010111110001100111111110010,116480038,0,0.040000,0.600000
116497368,81,011010001000110100001010101110000110100000000110001001111111010000111000001011101,116480038,0,0.040000,0.600000
116497370,75,101010011000000101010111000011010000000010000110101111000111000010011000111,116475180,0,0.200000,1.000000
116497372,78,010011001000110000001010101110000110100000001100010010111110001000111001110011,116475180,0,0.200000,1.000000
116497374,76,1110100001100000010101011100001101000000001000011000111000011100001011100011,116486635,0,0.026667,0.800000
116497376,74,10101001100000010101010100001101000000001000011010111100011100001001100011,116498408,0,0.080000,0.800000
116497377,77,01110100101100000010101011100001101000000001000110010111110000100110000110010,116498408,0,0.100000,1.000000
116497380,80,01111010001000110000001010111110000110100000000110011001011111001110011111111001,116498408,0,0.080000,0.800000
116497381,75,101010011000000101010111000011010000000010000110101111000111000010011000111,116498408,0,0.100000,1.000000
116497383,74,10101001100000010101011100001101000000001000011010111100011100001001100011,116483545,0,0.100000,1.000000
116497384,73,1111011100000010101011100001101000000001000010110111000111001010011000111,116483545,0,0.100000,1.000000
116497385,74,10101001100000010101011100001101000000001000011010111100011100001001100011,116498408,0,0.100000,1.000000
116497386,77,01110100001100000010101011100001101000000001000011010110000011100001011100011,116498408,0,0.100000,1.000000
116497388,79,1101100101011000000101010111000011010000000011000000101111100011001101011100110,116490326,0,0.100000,0.800000
116497389,79,1101011101110100001010101100001110100000000101001100011100010110010100110101100,116501515,0,0.070000,0.700000
116497390,73,1101011100000101010111100011010000000010000100101111100111001010110000110,116490326,0,0.080000,0.700000
116497392,82,0110101010001001000010101011100001101000100001101010011111010100011011001001011101,116490323,0,0.046667,0.700000
116497393,75,001101011101000010101011100001101000000001000011010110100010101001001100111,116475187,0,0.033333,1.000000
116497394,83,01011010001000110100001010101110000110110000000110001001111111010000111100100101110,116490319,0,0.080000,0.800000
116497395,80,01101000100011010000101010111000011010000000011001001111111000000111100100001110,116486652,0,0.040000,0.600000
116497396,79,0110100010001101000010101011100001101000000011000100111111101000011110000010111,116475187,0,0.033333,1.000000
116497397,77,11010001000110100001010101110000110100000000100001001011111000110111000110001,116490313,0,0.040000,0.600000
116497398,74,11111011100000010101011100001101000000001000010110111000111001010011000111,116500004,0,0.040000,0.600000
116497399,79,0111100000001101000010101011100001101000000001110010011101101000011010010010111,116475188,0,0.066667,1.000000
116497400,77,01111101110000001010101110010110100000000100001011011110001110010100110101111,116475188,0,0.046667,0.700000
116497401,73,1111011100000010101011100001101000000001100010110111000111001010011000111,116503234,0,0.080000,0.800000
116497403,73,1111011100000010101011100001101000000001100010110111000111001010011000111,116503234,0,0.080000,0.800000
116497427,75,110101001100000010101011100001101000000001000011010111100011100001001100011,116498415,0,0.022857,0.800000
116497428,82,0110100010001101000010101011100001101000000001100010011111110100001111000001011101,116485003,0,0.030000,0.600000
116497429,74,10101001100000010100011100001101000000001000011010111101011100001001100011,116476973,0,0.100000,0.600000
116497430,81,011000001000010100001010101110000110100000000110001001111111010000111100000101110,116470083,0,0.080000,0.800000
116497431,78,110110010101100000010101011100001101000000001100010111111110001010111101110010,116476972,0,0.100000,1.000000
116497432,79,1010111010001110000011101011110001101000000001100110011111100001001100011100101,116476972,0,0.100000,1.000000
116497433,81,001010001000110100001010101110001110100000000110001001111111010000111110000101110,116476972,0,0.100000,1.000000
116497434,75,110110010001110000101010111000011010000000010000100101110100010011100011100,116476972,0,0.100000,1.000000
116497435,80,00111011001011111000000010101100000110100000000100011001011111000110011100111001,116476972,0,0.100000,1.000000
116497436,70,0101011101000010001011100001101000000011000010101111000110001100111111,116476972,0,0.100000,1.000000
116497437,87,001100100000111110000001010101110000110100000000100010011111010110000111101100111001101,116476972,0,0.100000,1.000000
116497438,75,111101110000001010101110000110100000000100001011011110001110011100110001111,116470083,0,0.080000,0.800000
116497439,73,1011001100110000001010101110000110100000010100001001011101000101110001101,116470083,0,0.070000,0.700000
116497440,70,0101011000000101010111000011010000000010000110101101000110010000110001,116476972,0,0.100000,1.000000
116497441,75,111101110000001010101110000110100000000100001011011110001110011100110001111,116476972,0,0.100000,1.000000
116497442,77,10111101110000001010101110000110100000000100001010011110001110011100110001111,116476972,0,0.100000,1.000000
116497443,77,11111011100000010101011100001101000000001000010110111100011100101001101011111,116476972,0,0.100000,1.000000
116497444,75,110110010001110000101010111000011010000000010000100101110100010011100011100,116470083,0,0.080000,0.800000
116497445,80,00111011001011111000000010101100000110100000000100011001011111000110011100111001,116470079,0,0.100000,0.700000
116497446,78,001011101010110000001010101110000110100000000010011001011110000010011000111001,116476972,0,0.100000,1.000000
116497447,75,110110010001110000101010111000011010000000010000100101110100010011100011100,116476972,0,0.100000,1.000000
116497448,80,00100001001100000010101011101001101000000001000100110110101101011010011001110011,116483549,0,0.160000,0.800000
116497449,82,1001000001001100000010101011100001101000000001000100111110101001011010011001110011,116476973,0,0.066667,1.000000
116497450,84,011001000001111110000010101011000001101000000001000100111110101000011110100011100110,116476974,0,0.040000,0.800000
116497451,72,101001100000101010111100011010000000010000100101111100110000101000001100,116478435,0,0.026667,0.400000
116497452,77,10010011000100100001010101110000110100000000111010011111110100001111101000111,116498413,0,0.040000,0.400000
116497453,75,101010011000000101010111000011010000000010000110101111000101000010011000111,116476974,0,0.050000,1.000000
116497454,77,11010001000110100001010101110000110100000000100001001011111000110111000111001,116476976,0,0.050000,1.000000
116497455,81,110101100100001000000101010111000011010000000010000100101011100011001110011100111,116476976,0,0.050000,1.000000
116497456,80,00100001001100000010101011101001101000000001000100110110101101011010011001110011,116503235,0,0.046667,0.700000
116497457,80,01111010001000110000001010101110000110100000000100011001011111001110011111111001,116476976,0,0.050000,1.000000
116497458,83,01011010001000110100001010101110000110100000000110001001111111000000111100100101110,116476976,0,0.050000,1.000000
116497459,82,0110100010001101000010101011100001101000000001100010011111110100001111000001011100,116501524,0,0.053333,0.800000
116497469,79,1101100100001000000101010111000011010010000011000100111111100010001100011000111,116506697,0,0.053333,0.800000
116497472,82,1101110100010001001000010101011100001101000000001000100111011000000011100100000111,116500006,0,0.200000,1.000000
116497473,78,100100101010000001010101110000110101000000101001001011111000110011001111001001,116500006,0,0.160000,0.800000
116497477,82,0011010001000110100001010101110000110100000000110001001111111010000111101100101110,116501513,0,0.040000,0.600000
116497478,79,1110100101011000000101010111000011010000000011000100101111100011000100011101100,116478445,0,0.053333,0.800000
116497479,74,10101001100000010101011100001101000000001000011010111101011100001001100011,116501513,0,0.040000,0.600000
116497480,82,0110100010101101000010101011100001101000000001100110011111110100001111000001001100,116476984,0,0.050000,0.500000
116497481,86,00110010010011111100100101010111000011010000000010001001111101011000011110110011100110,116492282,0,0.046667,0.700000
116497482,85,0011001000001111110000010101011100001101000000001000100101101011000011010110011100111,116476985,0,0.100000,1.000000
116497483,82,0000101010001101000010101011100001101000100001100100111110101000111110010010111110,116492282,0,0.046667,0.700000
116497484,78,001111100010110010001010101110000110100000000110011001011111000011011000111001,116476985,0,0.100000,1.000000
116497497,80,01111011001011111000001010101100000110100000000100011001011111000110011100111001,116505121,0,0.053333,0.800000
116497498,80,01101000100011010000101010111000011010000000011001001011111000000111100100101110,116476971,0,0.100000,1.000000
116497499,79,0101100101010000000101010111000001010001100011100100101111100011001110011111110,116498420,0,0.020000,0.600000
116497500,80,01110100010001101000010101011100001101000000001100010011111110100001110010010111,116501526,0,0.160000,0.800000
116497502,77,01011001000100000011010101110000110100000000110000010111100101100111111101010,116471687,0,0.040000,0.600000
116497503,75,101100110011000000101010011000011010000001010000100101110100010111000111001,116471687,0,0.046667,0.700000
116497506,80,01111011001001111000011010101100000110110000000100011001011111000010011100111001,116480045,0,0.040000,0.600000
116497507,73,0111101010100001010101111000110100000000100001100110100011101001001100110,116478433,0,0.066667,1.000000
116497508,73,0111101010100001010101111000110100000000100001100110100011101001001100110,116478433,0,0.066667,1.000000
116497509,86,00110010010011111100100101010111000011010000001010001001111100011000001110110011100110,116478433,0,0.066667,1.000000
116497511,79,1101100101011000000101010111000011010000000011000000101111100011001101011100110,116478433,0,0.066667,1.000000
116497512,83,00110100010101101000010101011100001101000000001100110011111110100001111000001001100,116478433,0,0.066667,1.000000
116497513,79,0100100110001001000010101011100001101000000001100110011111110100001111010010111,116499998,0,0.100000,1.000000
116497514,80,01101000100010000001010101110000110100000000111000011111111010000111000001011101,116499998,0,0.100000,1.000000
116497515,79,1001001100010010000101010111000011010000000011100100111111101000011111010001110,116478435,0,0.066667,1.000000
116497516,81,010010011000100100001010101110000110100000000111001001111111010000111110100101110,116481609,0,0.040000,0.600000
116497517,82,0100100110001001000010101011100001101000000001100010011110110100001111101001011100,116478435,0,0.066667,1.000000
116497518,79,0111100000001101000010101011100001101000000001110010011101101000011010010011111,116481609,0,0.040000,0.600000
116497519,86,00110010010011111100100101010111000011010000000010001001111101011000011110110011100110,116478435,0,0.066667,1.000000
116497520,79,1101000110011010000101010111000011010000000011000100111111010000111000000101110,116478435,0,0.066667,1.000000
116497521,82,0100010100000001101000010101011101001101000000101110010011111110100001110010010110,116501527,0,0.046667,0.700000
116497522,77,11111011100000010101011100001101000000001000010110111100011100101001101011111,116478435,0,0.066667,1.000000
116497523,74,11101000011000000101010111000011010000000010000110101110000111000001110001,116480036,0,0.053333,0.800000
116497524,75,001101011101000010101011100001101000000001000011010110100011101001001100111,116500009,0,0.066667,1.000000
116497525,78,010110010001100000110101011100001101000000001100000101111000011001111101010101,116478435,0,0.066667,1.000000
116497526,78,011011001000110000001010101110000110100000000110101001011101000100111000111001,116480036,0,0.053333,0.800000
116497527,86,00110010010011111100100101010111000011010000000010001001111101011000011110110011100110,116481609,0,0.040000,0.600000
116497528,79,0110101010001101000010101011100001101000100001100100111110011000111110010110111,116478435,0,0.066667,1.000000
116497529,79,0110101010001101000010101011100001101000100001100100111110011000111110010110111,116481609,0,0.033333,0.500000
116497530,79,1101000110011010000101010111000011010000000011000100111111010000111000000101110,116478435,0,0.066667,1.000000
116497531,74,11101000011000000101010111000011010000000010000110101110000111000001110001,116478435,0,0.066667,1.000000
116497532,82,0110100010101101000010101011100001101000000001100110011111110100001111000001001100,116478435,0,0.066667,1.000000
116497533,79,1011011001000110000001010101010000110100000000110101001011100100100111000111001,116478436,0,0.100000,1.000000
116497534,79,1011011001000110000001010101010000110100000000110101001011100000100111000111001,116495374,0,0.100000,0.600000
116497535,78,010011001000110100001010101110000110100000001100010010111110011000111001110011,116478437,0,0.033333,1.000000
116497536,81,011010101000110100001010101110000110100000100110001001110111010000111101000101110,116492278,0,0.033333,0.700000
116497537,76,1111101110000001010101110000110100000000100001011011110001110010100110011111,116478437,0,0.033333,1.000000
116497538,77,10101100100011000001010101110000110100000000110001001010111100110011100111001,116478438,0,0.100000,1.000000
116497539,86,00110010010011111100100101010111000011010000000010001001111101011000011110110011100110,116478438,0,0.100000,1.000000
116497540,82,1100100000100110000001010101110000111100001000100010011001010110001101011100011001,116480042,0,0.046667,0.700000
116497541,74,11110111000000101010111000011010000000010001011011110001110010100110011111,116480042,0,0.066667,1.000000
116497542,70,1010111010000101011111000011010000000011001010101111100110011100101100,116480042,0,0.053333,0.800000
116497543,81,101110100010101001000010101011000001101000000001010100111110000010011100110010110,116480042,0,0.053333,0.800000
116497544,84,110010000010111100001101010111000011010000000010001001101101011000110110110001100100,116478438,0,0.100000,1.000000
116497545,78,010011001000110100001010101110000110100000001100010010111110011000111001110011,116480042,0,0.053333,0.800000
116497546,75,011101001100000010101011100001101000000001000011010111101011100001001101011,116486632,0,0.020000,0.800000
116497547,73,1010000110000001010101110000110100000000100001001011110011100001001100011,116486632,0,0.020000,0.800000
116497548,78,010010001010000000101010111001001010000000011000110101111100011000110111100100,116486632,0,0.015000,0.600000
116497549,83,11001000001011100000110101011100001101000000001010100111110101100011010011000110100,116478439,0,0.040000,0.600000
116497550,82,0110100011001101000110101011100001101000000001110010011111111100001100000010111010,116498415,0,0.020000,0.700000
116497551,80,01101000100011010000101010111000011010000000011000100111111010000111100100101110,116496903,0,0.017143,0.600000
116497552,79,1101100101011000000101010111000011010000000011000000101111100011001101011100110,116478440,0,0.040000,1.000000
116497553,82,0110100010001101000010101011100001101000000001100010011111110000001110000010111011,116486641,0,0.022857,0.800000
116497554,80,01001001100010010000111010111000011010000000011001100110111101000011110000101111,116486649,0,0.020000,0.500000
116497555,78,001011000101000000010101011100001101010000001100010010101110011100110011100010,116496903,0,0.017143,0.600000
116497556,79,1101101101011000000101010111000011010000000011000000101111100011001101011100110,116478440,0,0.032000,0.800000
116497557,79,0100100110001001000010101011100001101000000001100110011111110100001111010010111,116500009,0,0.066667,1.000000
116497558,73,1111011100000010101011100001101000000001100010110111000111001010011000111,116483541,0,0.053333,0.800000
116497559,82,0110100010101101000010101011100001101000000001100110011111110100001111000001001100,116481600,0,0.066667,1.000000
116497560,79,0111100000001101000010101011100001101000000001110010001101101000011010010010111,116478441,0,0.066667,1.000000
116497561,77,01011001000010000001010101110000110100000000100001001010111000110011100111011,116498415,0,0.022857,0.800000
116497562,74,11101000011000000101010111000011010000000010000110101110000111000001110001,116496903,0,0.017143,0.600000
116497563,79,0011000010011000000101010101000011010000000010001011011010110101101001100111001,116478443,0,0.022222,1.000000
116497564,81,011010001000110100001010101110000110100000000110001001111111010000111100000101110,116496903,0,0.017143,0.600000
116497565,81,100010100000001001010010101011101001101000000001110010011111110100001110010010111,116478443,0,0.022222,1.000000
116497566,81,101111000001000110000001010101110000110100000000110011001011111001110011111111001,116486626,0,0.013333,0.600000
116497567,74,11101000011000000101010111000011010000000010000110101110000111000001110001,116478443,0,0.022222,1.000000
116497572,81,011110100010001100000010101011100001101000000001100110010111110011100111111110011,116501522,0,0.040000,1.000000
116497573,75,101110111000000101010111000011010010000010000101101110101110010100110001111,116478445,0,0.066667,1.000000
116497574,76,0111110010110000011010101010000110000000000110011001011111000010011100011001,116478445,0,0.066667,1.000000
116497575,71,11110110000001010101110000110100000000100001011011100011100101000100011,116478446,0,0.100000,1.000000
116497576,80,01101000100010000001010101110000110100000000111000001111111010000111000001011101,116478446,0,0.100000,1.000000
116497577,75,001101011101000010101011100001101000000001000011011110100011101001001100111,116478446,0,0.100000,1.000000
116497578,75,000110111110100011110101110000110100010000100001001011110011010111001100000,116478446,0,0.100000,1.000000
116497579,81,011010001000110100001010101110000110100000000110001001111111010000111100000101110,116478447,0,0.200000,1.000000
116497580,79,0011000010011000000101010111000011010000000010001011011010110101101000100110001,116478447,0,0.200000,1.000000
116497581,76,1010110010000100000101010111000011010000000011000100101011100011001110111001,116488544,0,0.050000,1.000000
116497582,79,1101100101011000000101010111000011010000000011000000101111100011001101011100110,116506693,0,0.028000,0.700000
116497583,77,01011001000100000011010101110000110100000000110000010111100101100111111101010,116490332,0,0.080000,0.800000
116497584,77,01011001000100000011010101110000110100000000110000010111100101100111111101010,116501525,0,0.032000,0.800000
116497585,73,0101001100000011101011100001101000000001000011010111101011100001001101011,116501525,0,0.032000,0.800000
116497587,73,0101001100000011101011100001101000000001000011010111101011100001001101011,116478450,0,0.040000,1.000000
116497596,85,0011010111010110100001010101110000110100000000110001001111111010000111100100111110111,116481608,0,0.040000,0.800000
116497597,78,001111100101100000010101011100001101000000001100110011111110000100110000110010,116506695,0,0.200000,1.000000
116497598,88,0011001000001111110000010111011100101101000000001000100111110101101001110011001110011010,116481609,0,0.033333,0.500000
116497599,71,11110111000000101010111000011010000000010000101100100011100101001100011,116505130,0,0.100000,1.000000
116497600,70,0101001100000010101011100001101100000001000011010111100010010110101001,116505130,0,0.100000,0.800000
116497601,78,010010001010000000101010111001001010000000011000110101111100011000110111100100,116480037,0,0.100000,1.000000
116497602,78,001011101010110000001010101110000110100000000010011001011110000010011000111001,116505130,0,0.100000,0.800000
116497603,82,0110110011001101000110101011100001101000000001110010011111111100001100000010111010,116480038,0,0.066667,1.000000
116497604,75,101100110011000100101010111000011010000101010000100101110100010111000111011,116488556,0,0.024000,0.600000
116497605,73,1101011100000101010111000011110000000010000100101111000111001000010000010,116480038,0,0.066667,1.000000
116497606,71,11110111000000101010101000011010000000010000101101100011100101001100011,116480038,0,0.066667,1.000000
116497607,74,01111011101000010101011100001111000000001000111010110100011101001001100111,116480038,0,0.066667,1.000000
116497608,87,011101111010000001000010101111100001101000000001101111010110101001000110011100011111000,116480038,0,0.066667,1.000000
116497609,76,1110100001100000010101011100001101000000001000011010111000011100001010100011,116480038,0,0.066667,1.000000
116497610,87,011101111010000001000010101111100001101000000001101111010110101001000110011100011111000,116488556,0,0.024000,0.600000
116497611,87,011101111010000001000010101111100001101000000001101111010110101001000110011100011111000,116488556,0,0.024000,0.600000
116497612,78,110110010001100000010101011100001101000000001000010101111010001000111101110010,116480038,0,0.066667,1.000000
116497613,81,011010001000110101001010101111000110100000000110001001111111010000111000000101110,116480038,0,0.066667,1.000000
116497615,81,011010001000110100001010101110000110100000000110001001111111010000111000000101110,116480038,0,0.066667,1.000000
116497618,81,011010001000110100001010101110000110100000000110001001111111010000111000000101110,116480038,0,0.066667,1.000000
116497620,75,110100001100000010101011100001101000000001000011010011100011100001001110011,116480039,0,0.033333,1.000000
116497621,82,0111000010001101000010101011100001101000000001100010011111110100001111001001011101,116478438,0,0.100000,1.000000
116497622,75,011010111000001010001111000110100000000100001001011101001110010101100001100,116478438,0,0.070000,0.700000
116497623,80,01101000100011010000101010111000011010000000011001001011111000000111100000111110,116480043,0,0.100000,1.000000
116497624,76,0110100001100000010101011100001101000000001000011010111100011100001001100011,116480043,0,0.100000,1.000000
116497625,78,110101100100001000000101010111000011010000000011000100101010000110011100111001,116508496,0,0.100000,1.000000
116497626,85,1110010000010111000001101010111000011010000000010001001111111011000110100110001100101,116480043,0,0.100000,1.000000
116497627,74,10101001100000010101011100001101000000001000011010111100011100001001100010,116508496,0,0.100000,1.000000
116497628,79,0111100000001101000010101011100001101000000001110010011101101000011010010010111,116465102,0,0.100000,1.000000
116497629,76,1011110010110000001010101110000110100000001100110010111110000100110000110010,116498416,0,0.070000,0.700000
116497630,77,11010001000110100001010101110000110100010000100001001011111000110111000111001,116480044,0,0.100000,1.000000
116497631,83,11001000001011100000110101011100001101000000001000100110110101100011011011000110010,116481606,0,0.070000,0.700000
116497632,76,0110100001000000010101011100001101000000001000011010111100011100001001100011,116480044,0,0.100000,1.000000
116497633,75,101110111000000101000111000011010000000010000101101110001110010100110001111,116498420,0,0.024000,0.700000
116497634,74,10101001100000010001011100001101000000001000011010111100011100001001100011,116480045,0,0.066667,1.000000
116497635,75,101110111000000101000111000011010000000010000101101110001110010100110001111,116480045,0,0.053333,0.800000
116497636,77,11111011100000010101011100001101000000001000010110111100011100101001101011111,116480045,0,0.066667,1.000000
116497637,72,110100101100000010101011101001101000000001000011010111100001001010011101,116480047,0,0.040000,1.000000
116497638,70,1010111010000111010111000011010000000011000010101111010110010100111111,116485009,0,0.040000,0.400000
116497639,83,11001000001011100000110101011100001101000000001000100110110101100011011011000110010,116480047,0,0.040000,1.000000
116497640,83,01101000110011010001101010111000011010000000011100100111111111000011000000101110101,116480047,0,0.040000,1.000000
116497641,78,010110010001000000110101011100011101000000001100000101111000011001111111010100,116486626,0,0.017778,0.800000
116497642,81,010010011000100100001010101110000110100000000110001001111111010000111110100101110,116480047,0,0.040000,1.000000
116497643,85,0011010111010110100001010101110000110100000000110001001111111010000111100100111110111,116480047,0,0.040000,1.000000
116497644,73,1101001011000000101010111010011010000000010000110101111000010010100111011,116485009,0,0.040000,0.400000
116497645,82,0110100011001101000110101011100001101000000001110010011111111100001100000010111010,116480047,0,0.040000,1.000000
116497646,79,0011000010011000000101010111000011010000000010001011011010110101101000100110001,116480047,0,0.040000,1.000000
116497647,81,010010011000100100001010101110000110100000000110001001111111010000111110100101110,116480047,0,0.040000,1.000000
116497648,78,011110110010011110000110101011000001101100000001000110010111110001001110011100,116480047,0,0.040000,1.000000
116497650,79,1101011101100100001010101100001110100000000101001100011100010110010100110100100,116494071,0,0.035000,0.700000
116497651,73,0110101110100001010101110000110100000000000011010100100011101001001100111,116494071,0,0.040000,0.800000
116497652,86,00110000000011111100000101010111000011010000000010001001111101011000011110110011100110,116481596,0,0.066667,1.000000
116497653,74,10101001100000110101011100001101000001001100011010111100011100001101100011,116505126,0,0.040000,0.600000
116497654,81,110111011001000100100001011101110100110100000000100010011101100001001110010000011,116505126,0,0.040000,0.600000
116497655,77,11010001010110100001010101110000110100000000100001001011111000110111000111001,116501520,0,0.053333,0.800000
116497657,88,0011001000001111110000010101011100001101100000001000100111110101100001111011001110011000,116485012,0,0.040000,0.800000
116497658,70,1000111010000101010111000011010000000011000010101111000110011100111101,116492267,0,0.060000,0.600000
116497659,83,11001000001011100000110101011100001101000000001000100110110101100011011011000110010,116481609,0,0.040000,0.600000
116497662,79,1110100101011000000101010111000011010000000011000100101111100011000100011101100,116498418,0,0.080000,0.400000
116497663,72,010100101100000010101011101001101000000001000011010101100011001010011101,116480041,0,0.040000,0.600000
116497664,75,101010111000000101010111000011010000000010000101101110001110010100110001111,116486636,0,0.026667,0.400000
116497665,79,1101100101011000000101010111000011010000000011000000101111100011001101011100110,116495379,0,0.032000,0.800000
116497667,85,0011001000001111110000010101011100001101000000001000100111101011000011110110011100110,116506709,0,0.024000,0.600000
116497668,81,011010001000110100001010101110000110110000000110001001111111010000111100000101110,116481607,0,0.066667,1.000000
116497669,79,0011000010011000100101010111000011010000000010001011011010110101101001100111001,116481600,0,0.053333,0.800000
116497670,79,0011000010011000100101010111000011010000000010001011011010110101101001100111001,116478435,0,0.026667,0.400000
116497671,79,0011000010011000000101010111000011010000000010001011011010110101101000100110001,116475188,0,0.053333,0.800000
116497673,81,111010001000110100001010101110000110100000000110001001111111010000111100000101110,116481614,0,0.100000,1.000000
116497674,75,001110101110100011010101110000010100000000101001001011111011110111001101000,116503243,0,0.120000,0.600000
116497675,81,011010101000110100001010101110000110100000000110001001110111010000111101000101110,116481614,0,0.100000,1.000000
116497676,81,100010100000001001010010101011101001101000000001110010011111110100001110010010111,116481615,0,0.050000,1.000000
116497680,76,1110100001100000010101011100001101000000001000011010111000011100001010100011,116490331,0,0.066667,1.000000
116497683,79,1110110010000110000010101011100001100000000011100010010101100001100111001110011,116490314,0,0.046667,0.700000
116497686,75,101110011000000101010111000011010000000010000101101110001110010100110001111,116483539,0,0.100000,1.000000
116497687,79,0111100000001101000010101011100001111000000001110010011101101000011010010010111,116486647,0,0.053333,0.800000
116497693,79,0100100110001001000011101011100001101000000001100110011011110100001111000010111,116492270,0,0.050000,0.500000
116497694,80,01111011001011111000001010101100000110100000000100011001011111000110011100111001,116492270,0,0.080000,0.500000
116497696,75,101010011000000101010111000011010000000010000110101111000111000010011000111,116498408,0,0.100000,1.000000
116497698,78,011011001000110000101010101110000110110000000110101001011101000000111000111001,116483546,0,0.066667,1.000000
116497699,80,01111011001001111000011010101100000110110000000100011001011111000010011100111001,116483546,0,0.066667,1.000000
116497700,81,100010100000001001010010101011101001101000000001110010011111110100001110010010111,116468463,0,0.060000,0.600000
116497701,76,0111101110000001010101010000010100000000100001011011100001110011100100001111,116483546,0,0.066667,1.000000
116497702,73,1101011100000101010111100011010000000010000100101111100111001010110000110,116503245,0,0.070000,0.700000
116497703,75,111110111000000110101110000110100000001100001011011110001110010100110101111,116483546,0,0.066667,1.000000
116497704,76,1110100001100000010101011100001101000000001000011010111000011100001010100011,116503245,0,0.080000,0.800000
116497705,76,1111101110000001010101110000110100000000100001010011110001110011100110001111,116483546,0,0.066667,1.000000
116497706,74,10001001010000010101011100001101000000001000011010111101011100001001100011,116483546,0,0.066667,1.000000
116497707,78,001111100010110010001010101110000110100000000110011001011111000011011000111001,116492288,0,0.140000,0.800000
116497708,77,10010010101000000101010111000011010100000010000100101111100011001100111100100,116490324,0,0.025000,0.500000
116497709,82,0110101010001000000010101011100001101000100001101010011111010100011011001001011101,116503245,0,0.070000,0.700000
116497710,80,01111011001001111000011010101100000110110000000100011001011111000010011100111001,116483546,0,0.066667,1.000000
116497711,80,01101000100010000001010101110000110100000000111000001111111010000111000001011101,116483546,0,0.066667,1.000000
116497713,75,101010111000000101010111000011010000000010000101101110001110010100110001111,116478450,0,0.016000,0.400000
116497715,82,0011010001000110100001010101110000110100000000110001001111111010000111100100101110,116486630,0,0.080000,0.800000
116497716,85,0011001000001111110000010101011100001101000000001000100111101011000011110110011100110,116490321,0,0.032000,0.800000
116497717,75,101010111000000101010111000011010000000010000101101110001110010100110001111,116488551,0,0.024000,0.600000
116497718,80,01101000100001010000101010111000011010000000011001001011111000000111100100101110,116503237,0,0.040000,0.600000
116497719,73,1101011100001010101111000110100000000100101001011111001110010101100001100,116483550,0,0.035000,0.700000
116497720,74,00111010111010001101010111000011010000000010100100111011101111011100110110,116483550,0,0.050000,1.000000
116497721,76,0111101110000001010101010000010100000000100001011011100001110111100100001111,116483551,0,0.100000,1.000000
116497722,76,0111101110000001010101010000010100000000100001011011100001110111100100001111,116483551,0,0.100000,1.000000
116497723,76,1011011100000010101011000001100000000001000010100111100011100111001100011111,116481598,0,0.030000,0.600000
116497724,82,1010000101001100000111010111000011010000000010001001111101011000111100110011110101,116483551,0,0.100000,1.000000
116497728,77,11010001010110100001010101110000110100000000100001001011111000110111000111001,116483551,0,0.100000,1.000000
116497729,78,011011001000110000001010101110000110100000000110101001011101000100111000111001,116483551,0,0.100000,1.000000
116497730,82,0111100010001101000010101011100001101000000001100010011111110100001111001001011101,116484996,0,0.200000,1.000000
116497731,83,10111100010001101000010101011100001101000000001100010011111110100000111001001011101,116484996,0,0.200000,1.000000
116497732,80,01110100000001101000010101011100001101000000001110010011111110100001110010110111,116503246,0,0.080000,0.800000
116497734,78,111010010101100000010101011100001101000000001100010010111110001100100011101100,116484999,0,0.050000,1.000000
116497735,75,010110010000100000101010111000011010000000011000100101011100011001110111001,116505126,0,0.053333,0.800000
116497736,79,1011011001000110000101010101110000110110000000110101001011101000000111000111001,116484999,0,0.050000,1.000000
116497737,82,0110100011001101000110101011000001101000000001110010011111111100001100100010111010,116484999,0,0.050000,1.000000
116497738,74,01111100101100000010101010100001100000000011001100101111100001001100001100,116481596,0,0.040000,0.600000
116497739,78,011011001000110000101010101110000110110000000110101001011101000000111000111001,116490328,0,0.066667,0.600000
116497740,74,10101001100000010101011100001101000000001000011010111101011100001001100011,116506712,0,0.100000,1.000000
116497741,80,01101000100011010000101010111000011010000000011001001011111000000111100100101110,116490328,0,0.046667,0.700000
116497743,82,1101110100010001001000010101011100001101000000001000100111011000000011100100000111,116490319,0,0.100000,1.000000
116497744,77,10010010101000000101010111000011010100000010000100101111100011001100111100100,116485007,0,0.200000,1.000000
116497745,81,011010001000110101001010101110000110100000000110001001111111010000111000000101110,116485007,0,0.200000,1.000000
116497746,74,00111010111010001101010111000011010000000010100100111011101111011100110100,116485008,0,0.200000,1.000000
116497747,72,011010111010000101010111000011010000000010000110101010001110100100110011,116485008,0,0.200000,1.000000
116497748,75,110100001100000010101011100001101000000001000011010011100011100001001110011,116485008,0,0.200000,1.000000
116497749,85,1110111010000001000010101011100001101000000001101111010110101011000110011100011111000,116485009,0,0.100000,1.000000
116497750,85,1110111010000001000010111011100001101000000001101111010110101011000110011100011111000,116485009,0,0.100000,1.000000
116497751,78,010011001000110000001010101110000110100000001100010010111110001000111001110011,116483540,0,0.035000,0.700000
116497752,81,011010001000110100001010101110000110100000000110001001111111010000011100000101110,116485009,0,0.100000,1.000000
116497753,76,1111101110000001010101110000110100000000100001010011110001110011100110001111,116478440,0,0.032000,0.800000
116497755,80,01111000100011010000101010111000011010000100011100100111011010000110100100101111,116485010,0,0.053333,0.800000
116497756,75,111110111000001010101110000110100000000100001011011110001110010100110101111,116508505,0,0.066667,1.000000
116497758,77,11011001100110000001010101110000110100000000100001001011101000101110001110110,116486651,0,0.045788,1.000000
116497759,80,01110100010001101000010101011100001101000000001100010011111110100001110010010111,116485013,0,0.066667,1.000000
116497760,81,101111000100011000001010101110000110100000000111000001111111010100111000001111101,116492269,0,0.046667,0.700000
116497761,79,0100100110001001000010101011100001101000000001100110011111110100001111010010111,116485014,0,0.066667,1.000000
116497762,70,0101011101000010001011100001101000000011000010101111000110001100111111,116505129,0,0.033333,0.500000
116497763,75,010101001100000010101011100001101000000001000011010111101011100001001101011,116485014,0,0.040000,0.600000
116497764,79,0100100110001001000010101011100001101000000001100110011111110100001101010010111,116505129,0,0.040000,0.600000
116497765,77,11010001000110100001010101110000110100000000100001001011111000110111000111001,116503249,0,0.080000,0.800000
116497766,78,111010010101100000010101011100001101000000001100010010111110001100100011101100,116485016,0,0.200000,1.000000
116497767,76,1101100101010000010101010111000011010000000011000101111111000101011110111001,116503249,0,0.070000,0.700000
116497768,77,11010001000110100001010101110000110100000000100001001011111000110111000111001,116485016,0,0.200000,1.000000
116497769,70,0101011101000010001011100001101000000011000010101111000110001100111111,116485016,0,0.200000,1.000000
116497770,70,0101011101000010001011100001101000000011000010101111000110001100111111,116485016,0,0.200000,1.000000
116497771,80,01111011001011111000001010101100000110100000000100011001011111000110011100111001,116485016,0,0.200000,1.000000
116497772,79,0011000010011000000101010111000011010000000010001011011010110101101001100111001,116503249,0,0.080000,0.800000
116497773,78,010011001000110100001010101110000110100000001100010010111100011000111001110011,116486627,0,0.050000,1.000000
116497774,79,1101011100011000000001010111000011010000000011000000111111100011001100011000110,116500001,0,0.100000,1.000000
116497775,83,01011010001000110100001010101110000110100000000110001001111111000000111000100101110,116486628,0,0.100000,1.000000
116497778,79,1101100100011000000101010111000011010010000011000100111111100010001100011000111,116486628,0,0.100000,1.000000
116497783,73,1111011100000010101011100001101000000001000010110111000111001010011000111,116466864,0,0.080000,0.800000
116497784,82,1101110100010001001000010101011100001101000010001000100111011000000011110100000111,116486629,0,0.100000,1.000000
116497785,78,010011001000110000001010101110000110100000001100010010111110001000111001110011,116486629,0,0.100000,1.000000
116497786,82,1001000001001100000010101011100001101000000001000100110100101001011010011001110011,116500012,0,0.080000,0.800000
116497787,80,01110100000001101000000101011100001101000000001110010011111110100001110010010111,116500012,0,0.100000,1.000000
116497788,79,0111100000001101000010101011100001101000000001110010001101101000011010010010111,116486630,0,0.100000,1.000000
116497789,82,0011010001000110100001010101110000110100000000110001001111111010000111100100101110,116486632,0,0.025000,1.000000
116497790,76,1110100001100000010101011100001101000000001000011010111000011000011011100011,116503236,0,0.100000,1.000000
116497791,72,010100110000001010101100011101000000001000011010111101011100001001101011,116503236,0,0.040000,0.400000
116497792,76,1110100001110000010101011100001101000000000010011010111000111100001011100011,116486640,0,0.040000,0.400000
116497793,79,1010110010000100000010101011100001101000000001000010010101110001100111010110011,116500010,0,0.080000,0.800000
116497794,75,010110010000100000101010111000011010000000011000100101011100011001110111001,116471693,0,0.066667,1.000000
116497795,80,01101000100010000001010101110000110100000000111000001111111010000111000001011101,116485013,0,0.066667,1.000000
116497796,75,101100110011000000101010111000011010000000010000100101110100010111100101011,116498401,0,0.100000,1.000000
116497798,77,11010001000110100001010101110000110100000000100011001011111000110111000111001,116486642,0,0.200000,1.000000
116497799,74,01111011101000010101011100001111000000001000111010110100011101001001100111,116486643,0,0.100000,1.000000
116497801,81,011010001000110100001010101110000110100000000110001001111111010000111000001011101,116501531,0,0.060000,0.600000
116497802,79,0100100110001001000010101011100001101000000001100110011111110100001111110010111,116486643,0,0.100000,1.000000
116497803,80,01101000100001010000101010111000011010000000011001001011111000000111100100101110,116496914,0,0.100000,0.800000
116497804,80,01101000100001010000101010111000011010000000011001001011111000000111100100101110,116496914,0,0.080000,0.800000
116497805,86,00110010010011111100100101010111000011010000000010001001111101011000011110110011100110,116503250,0,0.024000,0.600000
116497806,86,00110010010011111100100101010111000011010000000010001001111101011000011110110011100110,116496914,0,0.100000,0.700000
116497807,77,11010001010110100001010101110000110100000000100001001011111000110111000111001,116496914,0,0.100000,0.800000
116497808,78,001111100010110010001010101110000110100000000110011001011111000011011000111001,116496914,0,0.070000,0.700000
116497809,79,1100100101011000000101010111000011010000000011000110101111100011000100011100100,116486646,0,0.100000,1.000000
116497810,79,0100100110001001000010100011100001101010000001000100111111101000011111010010011,116486646,0,0.060000,0.600000
116497811,76,0111101110000001010101010000010100000000100001011011100001110011100100001111,116496914,0,0.060000,0.600000
116497812,79,1100100101011000000101010111000011010000000011000100101111100011000100011100100,116486646,0,0.100000,1.000000
116497813,70,1010111010000101011111000011010000000011001010101111100110011100101100,116486646,0,0.100000,1.000000
116497814,73,1011101110000001010101110000110100000000100001011011100111001010011000111,116496914,0,0.100000,0.800000
116497815,86,00110010010011111100100101010111000011010000000010001001111101011000011110110011100110,116486646,0,0.100000,1.000000
116497816,80,01101000100001010000101010111000011010000000011001001011111000000111100100101110,116486646,0,0.100000,1.000000
116497817,82,0100100110001001000010101011100001101000000001100010011110110100001111101001011100,116506705,0,0.080000,0.800000
116497818,81,011010101000110100001010101110000110100000100110001001110111010000111101000101110,116506705,0,0.070000,0.700000
116497819,77,10010010101000000101010111000010110100000010000100101111100011001100111100100,116486641,0,0.028571,0.600000
116497820,74,10101001100000010101011100001101000000001000011010111100011100001001100011,116486641,0,0.028571,0.800000
116497821,78,011111001011000000101010111000011010000000010001100101111100001001100001100100,116486649,0,0.028571,1.000000
116497822,78,011111001011000000101010111000011010000000010001100101111100001001100001100100,116486649,0,0.028571,1.000000
116497823,80,10110110010001100000010101011100001101000000001100010010111110001001110001110010,116486649,0,0.028571,1.000000
116497824,75,101010011000000101010111000011010000000010000110101111000111000011111000111,116486641,0,0.028571,0.800000
116497825,79,0100100110001001000010101011100001101000000001100110011111110100001111010010111,116486650,0,0.100000,1.000000
116497826,77,10010010101000000101010111000011010100000010000100101111100011001100111100100,116486651,0,0.045788,1.000000
116497827,77,10111101110000001010101110000110100000000100001010011110001110011100110001111,116492273,0,0.053333,0.800000
116497828,79,0111100000001101000010101011100001101000000001110010011101101000011010010010111,116485012,0,0.050000,1.000000
116497829,79,0111100000001101000010101011100001101000000001110010011101101000011010010010111,116486651,0,0.045788,1.000000
116497831,81,011010001000110100001010101110000110100000000110001001111110100001111001001011101,116486651,0,0.045788,1.000000
116497832,80,01111010001100110000001010111110000110100000000110011001011111001110011111111001,116486652,0,0.066667,1.000000
116497833,75,110101001100000010101011100001101000000001000011010111101011100001001100011,116486652,0,0.066667,1.000000
116497834,80,01110100110001101000010101011100001101000000001100010011111110100001110010010111,116498404,0,0.080000,0.800000
116497835,81,011010001000110100001010101110000110100000000110001001111111010000111000001011101,116461673,0,0.100000,0.800000
116497836,70,1000111010000101010111000011010000000011000010101111000110000100111101,116461673,0,0.080000,0.800000
116497837,78,110110010101100000010101011100001101000000001100010111111110001010111101110010,116506707,0,0.053333,0.800000
116497838,76,1010111010001100000011101011110001101000000011001100111111000010011000111001,116488542,0,0.000000,0.000000
116497839,81,011110100010001100000010101011100001101000000001100110010111110011100111111110011,116488542,0,0.100000,1.000000
116497840,74,10101001100000010001011100001101000000001000011010111100011100001001100011,116506707,0,0.046667,0.700000
116497841,79,0100100110001001000010101011100001101000000001101110011011110100101111010010111,116506707,0,0.100000,0.800000
116497843,70,1010111010000111010111000011010000000011000011101111010110010100111111,116471685,0,0.040000,0.800000
116497844,83,11001000001011100000110101011100001101000000001000100110110101100011011011000110010,116471689,0,0.140000,0.700000
116497847,88,0011001000001111110000010101011100001101000000001000100111110101100001111011001110011000,116495379,0,0.032000,0.800000
116497848,70,1010111010000111010111000011010000000011000010101111010110010100111111,116488545,0,0.100000,1.000000
116497849,82,0011010001000110100001010101110000110100000000110101001111111010000111000001011101,116495379,0,0.032000,0.800000
116497850,79,1011011001000110000001010101010000110100000000110101001011100000100111000111001,116488545,0,0.100000,1.000000
116497851,76,0110110010001100000010100010100001101000110001101010010110100010011100011101,116488546,0,0.066667,1.000000
116497852,76,0001101011101000010101011100001100000000001000011010110100010101000001100111,116490327,0,0.070000,0.700000
116497853,79,0100100110001001000010101011100001101000000001100110011111110100001111010010111,116496902,0,0.160000,0.800000
116497854,76,0101100110001000000101010111000011010000000010000100101110100010111100111111,116488548,0,0.100000,1.000000
116497856,85,1110110001010111000000101010111000111010000000010001001111101001000111100110011100100,116488548,0,0.100000,1.000000
116497857,70,1010111010000111010111000011010000000011000110101011010110010100111111,116478446,0,0.080000,0.800000
116497859,83,00011010101000110100001010101110000110100000000100001001111111010000111100100101110,116488548,0,0.080000,0.800000
116497860,82,0110101010001000000010101011100001101000100001101010011111010100011011001001011101,116478446,0,0.080000,0.800000
116497861,78,001011101010110010001010101110000110100000000110011001011111000011011000111001,116492275,0,0.028000,0.700000
116497862,76,0001101011101000010101011100001100000000001000011010110100010101000001100111,116478446,0,0.080000,0.800000
116497863,77,11010001010110100001010101110000110100000000100001001011111000110111000111001,116496902,0,0.160000,0.800000
116497864,80,01110100000001101000010101011100001101000000001110010011111110100001110110110111,116488549,0,0.160000,0.800000
116497865,81,011010101000110100001010101110000110100010010110010111111010100011111001001011111,116488550,0,0.050000,1.000000
116497866,77,01001001100010100000101010111000011010000000001000100110111010000111101011011,116476971,0,0.080000,0.800000
116497867,81,011010001000110100001010101110000110100000000110001001111111010000111100000101110,116468449,0,0.140000,0.700000
116497868,81,010110101000001101000010101011100001101000100001100100111110011000111110010110111,116486645,0,0.016000,0.700000
116497869,80,01001011101000110000001010101010000110100000000110011001011111000010011000011001,116488551,0,0.040000,1.000000
116497870,80,11000010001101000010101011100011101000000001100010011111110100001110000001011100,116488551,0,0.040000,1.000000
116497871,77,10101100100011000001010101110000110100000000110001001010111100110011100111001,116486629,0,0.080000,0.800000
116497872,81,100010100000001101000010101011101001101010000001110010011111110100001110010010111,116466865,0,0.030000,0.600000
116497873,77,01011000101000000010111011100001101001000001101010010101110001100111011100001,116488554,0,0.100000,1.000000
116497874,77,10101100100011000001010101110000110100000000110001001010111100110011100111001,116488555,0,0.066667,1.000000
116497875,84,010110000010001000000101010111000011010000000010001000111111011000111100110011010101,116480038,0,0.040000,0.600000
116497876,75,101010011000000101010111000011010000100010000110101111000111000010011000111,116488556,0,0.040000,1.000000
116497877,74,10101001100000010101011100001101000000001000011010111101011100001001100011,116488556,0,0.040000,1.000000
116497878,75,101110111000000101010111000011010000000010000101101110001110010100110001111,116503251,0,0.060000,0.600000
116497879,75,101110111000000101010111000011010000000010000101101110001110010100110001111,116503251,0,0.060000,0.600000
116497880,80,01101000100011010000101010111000011010000000011000100111111010000111100100101110,116501533,0,0.026667,0.400000
116497881,80,01111010001000110000001010101110000110100000000100011001011111001110011111111001,116488559,0,0.066667,1.000000
116497882,73,1010000010000001010101110000110100000000100001001011110011100001001100011,116488561,0,0.100000,1.000000
116497883,73,0011010111010000101010111000011010000000010000110111101000111100100110011,116496904,0,0.066667,0.800000
116497884,74,00011010111010001101010111000011010000000010100100101111101111011100110100,116496904,0,0.066667,0.700000
116497885,87,001100100000111111000001010101110000110100000000100010011111010110000111101100111001100,116475187,0,0.020000,0.600000
116497886,83,11001000001011100000110101011100001101000000001000100111110101100011010011000110010,116490313,0,0.066667,1.000000
116497887,79,0011000010011000100101010111000011010000000010001011011010110101101001100111001,116490313,0,0.066667,1.000000
116497888,81,011010001000110100001010101110000110100000000110001001111111010000111100000101110,116486647,0,0.066667,1.000000
116497889,74,11110011000000111010111000011010000001010010101101111000010001100110001111,116486652,0,0.033333,0.500000
116497890,81,011110100010001100000010101011100001101000000101100110010111110011100111111110011,116490313,0,0.066667,1.000000
116497891,82,1101110100010001001000010101011100001101000000001000100111011000000011100100000111,116490313,0,0.066667,1.000000
116497892,75,111010111000001010101111000110100000000100001001011111001110010101100001100,116490313,0,0.066667,1.000000
116497893,83,01001000001001100000010101011100011101000000001000110100110101101011010011001110110,116490313,0,0.066667,1.000000
116497894,81,011010001000110100001010101110000110100000000110001001111111010000111100000101110,116508505,0,0.066667,1.000000
116497896,75,111101001100000010101011100001111000000001000011010111000011100011001100011,116506700,0,0.066667,0.800000
116497897,73,1111011100000010101011100001101000000001100010110111000111001010011000111,116490314,0,0.066667,1.000000
116497898,81,011010001000110100001010101110000110100000000110001001111111010000111100000101110,116490315,0,0.100000,1.000000
116497899,75,111010111000001010101111000110100000000100001001011111001110010101100001100,116498407,0,0.040000,0.700000
116497901,78,111001001010110000001010101110000110100000000110001010111110001100110001110010,116498407,0,0.040000,0.800000
116497902,74,11010111000001010101111000110100000000100001001011111001110010101100001100,116486632,0,0.017500,0.700000
116497903,75,010110010000100000101010111000011010000000011000100101011100011001110111001,116486632,0,0.020000,0.800000
116497904,77,10101100100011000001010101110000110100000000110001001010111100110011100111001,116501522,0,0.040000,1.000000
116497905,75,010110010000100000101010111000011010000000011000100101011100011001110111001,116486632,0,0.020000,0.800000
116497906,76,1110100001100000010101011100001101000000001000011010111000011100001010100011,116498407,0,0.040000,0.800000
116497907,79,0001011000111000000010101011100001101000000001100010010111110011100111011100010,116498407,0,0.032000,0.800000
116497908,74,11010111000001010101111000110100000000100001001011111001110010101100001100,116501522,0,0.032000,0.800000
116497909,77,01011001100110000001010101110100110100000000100001001011101000101110001110110,116471697,0,0.080000,0.600000
116497910,80,01111010001000110000001010111110000110100000000110011001011111001110011111111001,116481617,0,0.060000,0.800000
116497911,82,0011010001001110100001010101110000110100000000110001001111111010000111000001011101,116481617,0,0.060000,1.000000
116497912,77,11010001000110100001010101110000110100000000100001001011111000110111000110001,116490323,0,0.066667,1.000000
116497913,74,10101001100000010101011100001101000000001000011010111100011100001001100011,116503240,0,0.066667,0.800000
116497914,73,1101011100000101010111100011010000000010000100101111100111001010110000110,116498410,0,0.050000,0.500000
116497915,77,11010001000100100001010101110000110100010000100001001011111000110111000111001,116468450,0,0.039293,0.700000
116497916,76,1110100001100000010101011100001101000000001000011000111000011100001011100011,116490326,0,0.066667,1.000000
116497917,75,101010011000000101010111000011010000000010000110101111000111000010011000111,116490327,0,0.100000,1.000000
116497918,80,01111010001001110000001010101110000110110000000110011101011111001110011111111001,116490327,0,0.100000,1.000000
116497919,77,11010001000110100001010101110000110100000000100001001011111000110111000110001,116468459,0,0.040000,0.600000
116497920,82,1101110100010001001000010101011100001101000000001000100111011000000011100100000111,116485004,0,0.066667,1.000000
116497921,70,1010111010000101011111000011010000000011001010101111100110011100101100,116485004,0,0.053333,0.800000
116497922,77,10101100100011000001010101110000110100000000110001001010111100110011100111001,116490328,0,0.066667,1.000000
116497923,79,1010110010000100000010101011100001101000000001000010010101110001100111011110011,116490328,0,0.066667,0.700000
116497924,79,1010110010000100000010101011100001101000000001000010010101110001100111011110011,116501517,0,0.040000,0.600000
116497925,75,101101110011000000101010111000011010000000010000100101110100010111100101011,116468459,0,0.040000,0.600000
116497926,75,101101110011000000101010111000011010000000010000100101110100010111100101011,116501517,0,0.040000,0.600000
116497927,77,11010001000110100001010101110000110100000000100001001011111000110111000110001,116485004,0,0.066667,1.000000
116497928,79,0111100000001101000010101011100001101000000001110010111101101000011010010010111,116490328,0,0.066667,1.000000
116497929,79,1010110010000100100110101011100001101000000001000010010101110001100111001110011,116468459,0,0.040000,0.600000
116497930,82,1101110100010001001000010101011100001101000000001000100111011000000011100100000111,116485004,0,0.066667,1.000000
116497931,79,0110100010001101000010101011100001101000000001100010011111110100011100000010111,116501517,0,0.040000,0.600000
116497932,79,1010110010000100100110101011100001101000000001000010010101110001100111001110011,116501517,0,0.040000,0.600000
116497933,79,0111100000001101000010101011100001101000000001110010111101101000011010010010111,116490328,0,0.066667,0.700000
116497934,79,0100100110001001000010101011100001101000000001100110011111110100001111010010111,116468459,0,0.040000,0.600000
116497935,77,11010001000110100001010101110000110100000000100001001011111000110111000110001,116495380,0,0.053333,0.800000
116497936,82,1101110100010001001000010101011100001101000000001000100111011000000011100100000111,116468459,0,0.040000,0.600000
116497937,79,0100100110001001000010101011100001101000000001100110011111110100001111010010111,116485004,0,0.066667,1.000000
116497938,75,101101110011000000101010111000011010000000010000100101110100010111100101011,116490328,0,0.066667,1.000000
116497939,79,1010110010000100100110101011100001101000000001000010010101110001100111001110011,116490328,0,0.066667,1.000000
116497940,77,10101100100011000001010101110000110100000000110001001010111100110011100111001,116495380,0,0.053333,0.800000
116497941,79,0100100110001001000010101011100001101000000001000110011111110100001111010010111,116468459,0,0.040000,0.600000
116497942,77,11011001000110000001010101110000110100000000100001000011101001100101000111101,116490329,0,0.066667,1.000000
116497943,82,0011010001001110000001010101110000110100000000110001001111111010000111000001011101,116490330,0,0.053333,0.800000
116497944,76,1110100001100000010101011100001101000000001000011010111000011100001001100011,116505134,0,0.060000,0.600000
116497945,73,0101001100000010101011100001100000000010000110100111000111000010011000111,116501525,0,0.024000,0.600000
116497946,70,1010111010000111010111000011010000000011000110101011010110010100111111,116501525,0,0.032000,0.800000
116497947,88,0011001000001111110000010101011100001101000000001000100111110101100001111011001110011000,116490332,0,0.100000,1.000000
116497948,83,10111100010001101000010101011100001101000000001100010011111110100000111001001011101,116490333,0,0.200000,1.000000
116497949,81,010010011000100100001010101110000110100000000110001001111111010000111110100101110,116490334,0,0.053333,0.800000
116497950,75,101100110011000000101010111000011010000001010000100101110100110111000111011,116490334,0,0.066667,1.000000
116497951,82,1011010001000111100001010101110000111100000010111001001011111010000111100001011101,116508507,0,0.200000,0.700000
116497952,81,010010011000100100001010101110000110100000000111001001111111010000111110100101110,116492268,0,0.200000,1.000000
116497953,80,01111011001001111000011010101100000110110000000100011001011111000010011100111001,116508507,0,0.200000,0.600000
116497954,75,101110111000000101010111000011010000000010000111101110001110010100111001111,116485013,0,0.066667,1.000000
116497955,79,0111100000001101000010101011100001101000000001110010001101101000011010010010111,116492272,0,0.066667,1.000000
116497956,75,101010011000000101010111000011010000000010000110101111000111000010011000111,116492272,0,0.066667,1.000000
116497957,75,010110010000100000101010111000011010000000011000100101011100011001110111001,116492272,0,0.066667,1.000000
116497958,75,101100100011000111010101110000110100000010100001001011101010100111000111001,116492272,0,0.066667,1.000000
116497959,75,101110111000000101000111000011010000000010000101101110001110010100110001111,116492272,0,0.066667,1.000000
116497960,75,100101001100000010101011100001101000000001000011010111100011100001001100011,116471674,0,0.080000,0.800000
116497961,80,01101000100011000001010101110000110100000000111000001111111010000111000001011101,116496910,0,0.200000,1.000000
116497962,78,110101100100001000000101010111000011010000000011000100101010000110011100111001,116492272,0,0.066667,1.000000
116497963,77,01110100001100000010101011100001101000000001000011010110000011100001011100011,116492272,0,0.066667,1.000000
116497964,75,100101001100000010101011100001101000000001000011010111100011100001001100011,116492272,0,0.066667,1.000000
116497965,76,1111101110000001010100110000110100000000100001010011110001110011100110001111,116492272,0,0.066667,1.000000
116497966,75,100101001100000010101011100001101000000001000011010111100011100001001100011,116492272,0,0.066667,1.000000
116497967,80,01111010001100110000001010111110000110100000000110011001011111001110011111111001,116492272,0,0.066667,1.000000
116497968,76,1111101110000001010100110000110100000000100001010011110001110011100110001111,116492272,0,0.066667,1.000000
116497969,81,011010001000111100001011101110000111100000000110001001111111010000111100001011001,116492274,0,0.100000,1.000000
116497970,81,011010001000111100001011101110000111100000000110001001111111010000111100001011001,116505135,0,0.120000,0.600000
116497971,81,001010001000110100001010101110001110100000000110001001111111010000111110000101110,116492275,0,0.040000,1.000000
116497972,75,010101001100000010101011100001101000000001000011010111101011100001001101011,116492275,0,0.040000,1.000000
116497973,79,1001001100010010000101010111000011010000000011100100111111101000011111010001110,116496902,0,0.160000,0.800000
116497974,79,0111100000001101000010101011100001101000000001110010011101101000011010010010111,116492275,0,0.040000,1.000000
116497975,74,00111010111010001101010111000011010000000010100100101111101111011000110100,116483548,0,0.060000,0.600000
116497976,82,0110101010001001000010101011100001101000100001101010011111010100011011001001011101,116483548,0,0.050000,0.500000
116497977,70,1010111010000111010111000011010000000011000110101011010110010100111111,116496909,0,0.030000,0.600000
116497978,87,011101111010000001000010101111100001101000000001101111010110101011000110011100011111000,116508508,0,0.050000,0.600000
116497979,83,11001000001011100000110101011100001101000000001000100111110101100011010011000110010,116492277,0,0.050000,1.000000
116497980,78,011011001000110000101010101110000110110000000110101001011101000000111000111001,116480039,0,0.020000,0.600000
116497981,75,010110010000100000101010111000011010000000011000100101011100011001110111001,116492279,0,0.066667,1.000000
116497982,77,01111001000100000011010101110000110100000000110000010111100101100111111101010,116492279,0,0.066667,1.000000
116497983,88,0011001000001111110000010101011100001101100000001000100111110101100001111011001110011000,116492279,0,0.066667,1.000000
116497984,76,1111101110000001010101110000110100000000100001010011110001110011100110001111,116500014,0,0.026667,0.400000
116497985,76,1110100001100000010101011100001101000000001000011000111000011100001011100011,116492279,0,0.066667,1.000000
116497986,77,01111001000100000011010101110000110100000000110000010111100101100111111101010,116496900,0,0.066667,0.800000
116497987,76,1010100110000001010101110000110100000000100001101011110001110000100110001110,116496900,0,0.066667,1.000000
116497988,78,001011101010110000001010101110000110100000000010011001011110000010011000111001,116492279,0,0.066667,1.000000
116497989,76,1111101110000001010101110000110100000000100001010011110001110011100110001111,116496900,0,0.066667,1.000000
116497990,77,01111001000100000011010101110000110100000000110000010111100101100111111101010,116500001,0,0.070000,0.700000
116497991,77,01111001000100000011010101110000110100000000110000010111100101100111111101010,116500014,0,0.026667,0.400000
116497992,81,011010000000110100001010101111000110100000000110001001111111010000111000001011101,116492279,0,0.066667,1.000000
116497993,74,10101001100001010101011100001101000000001000011010111101011100001001100011,116492279,0,0.066667,1.000000
116497994,74,10101001100000010101011110001101000000001000011010111100011100001001100011,116492282,0,0.066667,1.000000
116497995,76,1110110001100000010101111100001101000000001000011010111000011100001011100011,116492282,0,0.066667,1.000000
116497996,76,1110110001100000010101111100001101000000001000011010111000011100001011100011,116492282,0,0.066667,1.000000
116497997,76,1110100001100000010101011100001101000000001000011010111000011100001010100011,116476985,0,0.080000,0.800000
116497998,77,01011001000100000011010101110000110100000000110000010111100101100111111101010,116476985,0,0.070000,0.700000
116497999,74,11010011000001010101111000110100000000100001001011111001110000101000001100,116492283,0,0.200000,1.000000
116498000,79,1101100101011000000101010111000011010000000011000000101111100011101101011100110,116492283,0,0.200000,1.000000
116498001,74,11010011000001010101111000110100000000100001001011111001110000101000001100,116492283,0,0.200000,1.000000
116498002,78,111101100101111100000101101100000110100000000100011001011111000110011100111001,116492283,0,0.200000,1.000000
116498003,83,10111000010001101000010101011100001101000000001100010011111110100001111001001011101,116492283,0,0.200000,1.000000
116498004,75,000110101110100011110101110000110100010000100001001011110011010111001100000,116492284,0,0.040000,1.000000
116498005,77,10010010101000000101010111000011010100000010000100101111100011001100111100100,116503246,0,0.070000,0.700000
116498006,77,10101100100011000001010101110000110100000000110001001010111100110011100111001,116492284,0,0.040000,1.000000
116498007,77,11010001000110100001010101110000110100000000100001001011111000110111000111001,116492284,0,0.040000,1.000000
116498008,82,0011010001000110100001010101110000110100000000110001001111111010000111100100101110,116492284,0,0.040000,1.000000
116498009,81,010010011000100100001010101110000110100000000111001001111111010000111110100101110,116492284,0,0.040000,1.000000
116498010,79,0111100000001101000010101011100001101000000001110010001101101000011010010010111,116492285,0,0.066667,1.000000
116498011,84,111001000011011100000110101011100001101000000001000100111111101100011010011000110010,116492285,0,0.066667,1.000000
116498012,76,0011010111000000101010111000011010100000010000110101101000111010010011001111,116492285,0,0.053333,0.800000
116498013,77,11001001010110000001000101110000110100000000110100001011111000110011000110010,116492285,0,0.066667,1.000000
116498014,82,0011110100010001100000010101011100001101000000001100110010111110011100111111110011,116492285,0,0.066667,1.000000
116498015,81,011010001000111100001010101110000110100000000110001001111111010000111100000101110,116492285,0,0.066667,1.000000
116498016,78,111010000000110100001010101110000110100000001110010011111110100001110010010011,116492287,0,0.100000,1.000000
116498017,80,01001011101000110000001010101110000110100000000110011001011111000010011000011001,116501515,0,0.053333,1.000000
116498018,77,01001001100010100000101010111000011010000000001000100110111010000111101011011,116490326,0,0.046667,0.700000
116498019,79,0111100100001101000010101011100001101000000001110010011101101000011010010010111,116492287,0,0.100000,1.000000
116498021,77,11011001000110000001010101110000100100000000100001000011101001100101000111101,116486642,0,0.140000,0.700000
116498022,81,001101000110011010000101010111010011010000000110001001111111010000111010101010101,116492288,0,0.049116,1.000000
116498023,74,11101000011000000101010111000011010000000010000110101110000111000001110001,116468450,0,0.049116,0.800000
116498024,75,001101011101000010101011100001101000000001000011010110100011101001001100111,116492289,0,0.100000,1.000000
116498025,77,01011000101000000010111011100001101001000001101010010111110001100111011100001,116492289,0,0.100000,1.000000
116498026,77,10101100100011000001010101110000110100000000110001001010111100110011100111001,116494067,0,0.040000,0.400000
116498027,75,001101011101000010101011100001101000000001000011010110100011101001001100111,116494067,0,0.100000,1.000000
116498028,74,00011010111010001111010111000011010001000010000100101111001101011100110000,116500006,0,0.120000,0.600000
116498029,70,1010111010000101010111000011010000000011000010100111000100011100111101,116495378,0,0.053333,0.800000
116498030,83,01101110100010001001000010101011100001101000000001000100111011000000011100100000111,116494068,0,0.100000,1.000000
116498031,88,0011001000001111110000010111011100101101000000001000100111110101101001110011001110011010,116492289,0,0.070000,0.700000
116498032,76,1011110010110000001010101110000110100000001100110010111110000100110000110010,116470083,0,0.070000,0.700000
116498033,80,01101000100011010000101010111000011010000000011000100111110010000111100100101110,116470083,0,0.080000,0.800000
116498034,81,011010001000110100001010101110000110100000000110001001111111010000111100000101110,116470083,0,0.080000,0.800000
116498035,75,101110111000000101010111000011010000000010000111101110001110010100111001111,116480036,0,0.053333,0.800000
116498036,83,01011010001000110100001010101110000110110000000110001001111111010000111100100101110,116494069,0,0.066667,1.000000
116498037,79,1101001100011000000101010111000011010000000011000000111111000011001100011000111,116470083,0,0.080000,0.800000
116498038,72,011010111010000101010111000011010000000010000110101010001110100100110011,116480036,0,0.053333,0.800000
116498039,76,1110100001100000010101011100001101000000001000011010111000011100001010100011,116470083,0,0.080000,0.800000
116498040,81,011010001000110100001010101110000110100000000110001001111111010000111100000101110,116494069,0,0.066667,1.000000
116498041,80,01101000100011000001010101110000110100000000111000001111111010000111000001011101,116470083,0,0.080000,0.800000
116498042,74,10101001100000010101011100001101000000001000011010111101011100001001100011,116470083,0,0.080000,0.800000
116498043,82,0110100010101101000010101011100001101000000001100110011111110100001111000001001100,116494069,0,0.066667,1.000000
116498044,78,011011001000110000101010101110000110110000000110101001011101000000111000111001,116470083,0,0.060000,0.600000
116498045,83,11001000001011100000110101011100001101000000001000100110110101100011011011000110010,116485004,0,0.053333,0.800000
116498046,77,11010001000110100001010101110000110100000000100001001011111000110111000110001,116492289,0,0.100000,1.000000
116498047,83,11010000101001100000101010111000011010000000010001001111101011000111100110011110101,116494069,0,0.066667,1.000000
116498048,83,11001000001011100000110101011100001101000000001000100110110101100011011011000110010,116494069,0,0.066667,1.000000
116498049,86,00110000000011111100000101010111000011010000000010001001111101011000011110110011100110,116480036,0,0.053333,0.800000
116498050,82,0011010001000110100001010101110000110100000000110001001111111010000111100100101110,116480036,0,0.053333,0.800000
116498051,81,011110100010001100000010101011100001101000000001100110010111110011100111111110011,116494070,0,0.100000,1.000000
116498052,77,11010001000110100001010101110000110100010000100001001011111000110111000111001,116494070,0,0.100000,1.000000
116498053,81,011110100010001100000010101011100001101000000001100110010111110011100111111110011,116494070,0,0.100000,1.000000
116498054,79,1110100101011000000101010111000011010000000011000100101111100011000100011101100,116494070,0,0.100000,1.000000
116498055,79,1110110010001100000010101011100001101000000001000010010011010001001110011110010,116494070,0,0.100000,1.000000
116498056,77,11010001000110100001010101110000110100010000100001001011111000110111000111001,116494070,0,0.100000,1.000000
116498057,77,11010001000100100001010101110000110100000000100001001011111000110111000111001,116494070,0,0.100000,1.000000
116498058,77,00101100100011000001101010111000011010000000011000100111101000010011010111001,116494070,0,0.100000,1.000000
116498059,82,0011010001000110100001010101110000110100000000110001001111111010000111100100101110,116494070,0,0.100000,1.000000
116498060,77,11010001000100100001010101110000110100000000100001001011111000110111000111001,116494070,0,0.100000,1.000000
116498061,79,1110110010001100000010101011100001101000000001000010010011010001001110011110010,116494070,0,0.100000,1.000000
116498062,79,1011011001000110000001010101010000110100000000110101001011100000100111000111001,116494070,0,0.100000,1.000000
116498063,79,1110100101011000000101010111000011010000000011000100101111100011000100011101100,116494070,0,0.100000,1.000000
116498064,86,00110010000011111100000101010111000011010000000010001001111101011000011110110011100110,116494070,0,0.100000,1.000000
116498065,82,0011010001000110100001010101110000110100000000110001001111111010000111100100101110,116494070,0,0.100000,1.000000
116498066,86,00110010000011111100000101010111000011010000000010001001111101011000011110110011100110,116494070,0,0.100000,1.000000
116498067,79,0011100000001101000010101011100001100000000001110010011101101000011010010010101,116494070,0,0.100000,1.000000
116498068,79,1011011001000110000001010101010000110100000000110101001011100000100111000111001,116494070,0,0.100000,1.000000
116498069,77,00101100100011000001101010111000011010000000011000100111101000010011010111001,116494070,0,0.100000,1.000000
116498070,79,0011100000001101000010101011100001100000000001110010011101101000011010010010101,116494070,0,0.100000,1.000000
116498071,70,0101011000000101010111000011010000000010000110101101000110010000100001,116495374,0,0.200000,1.000000
116498072,82,0011010001000110100001010101110000110100000000110101001111111010000111000001011101,116505123,0,0.100000,0.800000
116498073,88,0011001000001111110000010101011100001101000000001000100111110101100001111011001110011000,116505123,0,0.200000,0.800000
116498074,77,11010001000110100001010101110000110100000000100001001011111000110111000111001,116503247,0,0.066667,1.000000
116498075,84,111001000001011100000110101011100011101000000001000100111111101100011010011000110010,116495376,0,0.200000,1.000000
116498076,88,0011001000001111110000010101011100001101000000101000100111110101100001111011001110011000,116481604,0,0.080000,0.800000
116498077,75,101110111000000101010111000011010000000010000101101110001110010100110001111,116481604,0,0.100000,1.000000
116498078,78,110101100100001000000101010111000011010000000011000100101010000110011100111001,116481604,0,0.100000,1.000000
116498079,78,110101100100001000000101010111100011010000000011000100101010000110011100111001,116488560,0,0.140000,0.700000
116498080,74,10101001100000010101011100001101000000001000011010111101011100001001100011,116495376,0,0.200000,1.000000
116498081,79,1111000010011010000101010111000011010000000011000100101111010000111100000101110,116495376,0,0.200000,1.000000
116498082,75,101110111000000101010111000011010000000010000101101110001110010100110001111,116488560,0,0.160000,0.800000
116498083,83,11001000001011110000110101011100001101000000001000100110110101100011011011000110010,116495376,0,0.200000,1.000000
116498084,77,01011000101000000010101011100001101001000001101010010111110000100111011100000,116495376,0,0.200000,1.000000
116498085,73,0101011100000010101011100001101000000010000101101110001110010100110001111,116481604,0,0.070000,0.700000
116498086,83,01011010001000110100001010101111000110110000000110001001111111010000111100100101110,116488560,0,0.120000,0.600000
116498087,82,1011010001000110100001010101110000110100000000110001001111111000000111100100101110,116495376,0,0.200000,1.000000
116498088,77,10010010101000000101010111000011010100000010000100101111100011001100111100100,116488560,0,0.140000,0.700000
116498089,80,01101000100011000001010101110000110100000000111000001111111010100111000001011101,116495376,0,0.200000,1.000000
116498090,76,0011010111010000101010111000011010100000010000110101101000111010010011001111,116488560,0,0.140000,0.700000
116498091,88,0011001000001111110000010101011100001101000000101000100111110101100001111011001110011000,116488560,0,0.140000,0.700000
116498092,79,1111000010011010000101010111000011010000000011000100111111010000111100000101110,116481604,0,0.100000,1.000000
116498093,82,1011010001000110100001010101110000110100000000110001001111111000000111100100101110,116488560,0,0.160000,0.800000
116498094,79,0100100110001001000010101011100001101000000001100110011111110100001111010010111,116488560,0,0.160000,0.800000
116498095,79,0100100110001001000010101011100001101000000001100110011111110100001111010010111,116495376,0,0.200000,1.000000
116498096,84,111001000001011100000110101011100011101000000001000100111111101100011010011000110010,116495376,0,0.200000,1.000000
116498097,74,10101001100000010101011100001101000000001000011010111101011100001001100011,116488560,0,0.160000,0.800000
116498098,83,11001000001011110000110101011100001101000000001000100110110101100011011011000110010,116488560,0,0.140000,0.700000
116498099,82,0011010001000110100001010101110000110100000000110001001111111010000111100100101110,116481604,0,0.100000,1.000000
116498100,80,01101001100011011000101010111000011110000000011001001011111100000111100100101110,116501517,0,0.033333,0.500000
116498101,73,0110101110100001010101110000110100000000100001101010100011101001001100110,116495380,0,0.066667,1.000000
116498102,73,0110101110100001010101110000110100000000100001101010100011101001001100110,116501517,0,0.040000,0.600000
116498103,82,0011010101000110100011010101110000110100000000110101001111111010000111000001011101,116495380,0,0.066667,1.000000
116498104,82,0011010101000110100011010101110000110100000000110101011111111010000111000001011101,116490328,0,0.053333,0.600000
116498105,76,1010110010000100000101010111000011010000000011000100101011100011001110111001,116495380,0,0.066667,1.000000
116498106,82,0011010101000110100011010101110000110100000000110101001111111010000111000001011101,116485004,0,0.040000,0.800000
116498107,77,01110100001100000010101011100001101000000001000011010110000011100001011100011,116501517,0,0.040000,0.600000
116498108,81,011110100010001100000010101011100001101000000101100110010111110011100111111110011,116490328,0,0.040000,0.600000
116498109,80,01101001100011011000101010111000011110000000011001001011111100000111100100101110,116495380,0,0.066667,1.000000
116498110,79,1110100101011000000101010111000011010000000011000100101111100011000100011101100,116495380,0,0.066667,1.000000
116498111,70,0101011000000101010111000011010000000010000110101101000110010000110001,116495380,0,0.066667,1.000000
116498112,81,010010011000100100001010101110010110100000000110001001111111010000111100100101110,116495381,0,0.100000,1.000000
116498113,76,1110110001100000010101011100001101000000001000011010111000011100001011100011,116470092,0,0.046667,0.700000
116498114,86,01110111101000000100001010101110000110100000000110111101011010101100011001110001011100,116495381,0,0.100000,1.000000
116498115,81,011010001000110100001010101110000110100000000110001001101111010000111000001011101,116495381,0,0.100000,1.000000
116498116,74,11010011000001010101111000110100000000100001001011111001110000101000001100,116495381,0,0.100000,1.000000
116498117,79,0110100010001101000010101011100001101010000011000100111111101000011110000010111,116500002,0,0.033333,0.500000
116498118,81,011010001000110100001010101010000110100000000110001001111111010000111100000101110,116495381,0,0.100000,1.000000
116498119,79,1101011100011000000101010111000011010000000011000000111111100011001100011000110,116470092,0,0.046667,0.700000
116498120,79,1101011100011000000101010111000011010000000011000000111111100011001100011000110,116495381,0,0.100000,1.000000
116498121,79,1101011100011000000101010111000011010000000011000000111111100011001100011000110,116495381,0,0.100000,1.000000
116498122,81,011010001000110100001010101110000110100000000110001001101111010000111000001011101,116495381,0,0.100000,1.000000
116498123,79,0111100000001101000010101011100001101000000001110010011101101000011010010010111,116495381,0,0.100000,1.000000
116498124,83,01011010001000110100001010101110000110100000000110001001111111000000111000100101110,116495381,0,0.100000,1.000000
116498125,74,00111010111010001101010111000011010000000010100100101111101111011000110100,116495381,0,0.100000,1.000000
116498126,76,1110100001100000010101011100001101000000001000011000111000011100001011100011,116495381,0,0.100000,1.000000
116498127,77,10101100100011000001010101110000110100000000110001001010111100110011100111001,116495381,0,0.100000,1.000000
116498128,79,0011100000001101000010101011100001000000000001110010011101101000011010010010101,116495381,0,0.100000,1.000000
116498129,78,111101100101111100000101101100000110100000000100011001011111000110011100111001,116495381,0,0.100000,1.000000
116498130,76,1110100001100000010101011100001101000000001000011000111000011100001011100011,116470092,0,0.046667,0.700000
116498131,79,0111100000001101000010101011100001101000000001110010011101101000011010010010111,116470092,0,0.046667,0.700000
116498132,79,1101100101011000000101010111000011010000000011000000101111100011101101011100110,116495381,0,0.100000,1.000000
116498133,77,11010001000110100001010101110000110100000000100001001011111000110111000111001,116495383,0,0.100000,1.000000
116498134,78,111011001000110000001010101110000110100000000100001001001101000100111000111001,116488547,0,0.100000,0.800000
116498135,75,001101011101000010101011100001101000000001000011010110100011101001001100111,116495383,0,0.100000,1.000000
116498136,83,01101110100010001001000010101011100001101000000001000100111011000000011100100000111,116495383,0,0.100000,1.000000
116498137,75,101100100011000000101010111000101010000000010000001011101000100111000111001,116488547,0,0.100000,0.600000
116498138,83,01101110100010001001000010101011100001101000000001000100111011000000011100100000111,116495383,0,0.100000,1.000000
116498139,82,0110100010101101000010101010100001101000000001100110011111110100001111000001011100,116495384,0,0.066667,1.000000
116498140,75,101110011000000101010111000011010000000010000101101110001110010100110001111,116495385,0,0.200000,1.000000
116498141,81,010010011000100100001010101110000110100000000110001001111111010000111110100101110,116495385,0,0.200000,1.000000
116498142,75,101110011000000101010111000011010000000010000101101110001110010100110001111,116495385,0,0.200000,1.000000
116498143,80,01111011001001111000001010101100000110100000000100011001011111000110011100111001,116495385,0,0.200000,1.000000
116498144,70,1010111010000111010111000011010000000011000010101111010110010100111111,116495385,0,0.200000,1.000000
116498145,80,01111011001001111000001010101100000110100000000100011001011111000110011100111001,116495385,0,0.200000,1.000000
116498146,80,10110101000001101000010101011100001101000100001100100111110011000111110010110111,116505127,0,0.040000,0.400000
116498147,75,001101011101000010101011100001101000000001000011010110100011101001001100111,116495386,0,0.066667,1.000000
116498148,77,11110100101100000010101011100001101000000001000010010111000011100001011101011,116505127,0,0.040000,0.400000
116498149,77,10101100100011100001010101110000110100000000110001001010111100110011100111001,116505127,0,0.040000,0.400000
116498150,75,000110101110100011010101110000110100000000101001001011111011110111001101001,116495386,0,0.066667,1.000000
116498151,74,10101001100000010101011100001101000000001000011010111101011100001001101011,116495386,0,0.066667,1.000000
116498152,74,10101001100000010101011100001101000000001000011010111101011100001001101011,116495386,0,0.066667,1.000000
116498153,83,00011010001000110100001010101110000110100000000110001001111111010000111100100101110,116505127,0,0.040000,0.400000
116498154,83,00011010001000110100001010101110000110100000000110001001111111010000111100100101110,116505127,0,0.040000,0.400000
116498155,83,00011010001000110100001010101110000110100000000110001001111111010000111100100101110,116505127,0,0.040000,0.400000
116498156,77,11110100101100000010101011100001101000000001000010010111000011100001011101011,116505127,0,0.040000,0.400000
116498157,75,000110101110100011010101110000110100000000101001001011111011110111001101001,116495386,0,0.040000,0.600000
116498158,74,10101001100000010101011100001101000000001000011010111101011100001001101011,116495386,0,0.066667,1.000000
116498159,82,1011010001000111100001010101110000111100000000110001001011111010000111100001011101,116505127,0,0.050000,0.500000
116498160,77,11110100101100000010101011100001101000000001000010010111000011100001011101011,116505127,0,0.040000,0.400000
116498161,75,001101011101000010101011100001101000000001000011010110100011101001001100111,116505127,0,0.040000,0.400000
116498162,77,11110100101100000010101011100001101000000001000010010111000011100001011101011,116505127,0,0.040000,0.400000
116498163,79,1101011100011000000101010111000011010000000011000000111111100011001100011001110,116495386,0,0.040000,0.600000
116498164,77,10101100100011100001010101110000110100000000110001001010111100110011100111001,116505127,0,0.040000,0.400000
116498165,83,00011010001000110100001010101110000110100000000110001001111111010000111100100101110,116495386,0,0.066667,1.000000
116498166,79,1101011100011000000101010111000011010000000011000000111111100011001100011001110,116495386,0,0.040000,0.600000
116498167,74,10101001101000010101011100001101000000001000011010111101011100001001101011,116495386,0,0.040000,0.600000
116498168,74,00011010111010001101010111000011010000000010100100101111101111011100110100,116496900,0,0.066667,1.000000
116498169,75,101110110110000001010101110000110100000000100101101001111001100100110110001,116496900,0,0.066667,1.000000
116498170,74,00011010111010001111010111000011010001000010000100101111001101011100110000,116496900,0,0.066667,1.000000
116498171,77,11010001000110100001010101110000110100010000100001001011111000110111000111001,116496900,0,0.066667,1.000000
116498172,75,001101011101000010101011100001101000000001000011010110100011101001001100111,116496900,0,0.066667,1.000000
116498173,77,11111011100000010101011100001101000000001000000110111100011100101001101011111,116496900,0,0.066667,1.000000
116498174,86,01110111101000000100001010101110000110100000000110111101001010101100011001110001111100,116496900,0,0.066667,1.000000
116498175,74,01101011101001010101011100001101000000001000011010110100011101001000100111,116496900,0,0.066667,1.000000
116498176,77,11110100001100000010101011100001101000000001000011010111000011100001011100011,116486628,0,0.060000,0.600000
116498177,81,010010011000100100001010101110000110100000000110001011111111010000111100100101110,116492279,0,0.066667,0.800000
116498179,74,00011010111010001101010111000011010000000010100100101111101111011100110100,116492279,0,0.066667,0.700000
116498180,86,01110111101000000100001010101110000110100000000110111101011010101100011001110001110100,116496900,0,0.066667,1.000000
116498181,77,01001001100010100000101010111000011010000000001000100110111010000111101011011,116496900,0,0.066667,1.000000
116498182,82,1010000101001100000111010111000011010000000010001001111101011000111100110011110101,116496900,0,0.066667,1.000000
116498183,79,0111100000001101000010101011100001101000000001110010011101101000011010010010111,116496900,0,0.066667,1.000000
116498184,80,01001011101000110000001010101110000110100000000110011001011111000010011000011001,116496901,0,0.200000,1.000000
116498185,72,010100101100000010101011101001101000000001000011010111100011001010011101,116498403,0,0.160000,0.800000
116498186,86,00110010010011111100100101010111000011010000000010001001111101011000011110110011100100,116496901,0,0.200000,1.000000
116498187,80,01001001100010010001101010111000011010000000001001100110111101000011010100101110,116496901,0,0.200000,1.000000
116498188,75,111010111000001010101111000110100000000100001001011111001110010101100001100,116503233,0,0.070000,0.700000
116498189,80,10110110010001101010010101011100001101000000001100010010111110001001110001110010,116503233,0,0.070000,0.700000
116498190,77,01111100101100000010101011100001101000000001100110010111110000100110000110010,116496910,0,0.200000,1.000000
116498191,74,11111011100000010101011100001101000000001000010110111100011100110011010111,116498403,0,0.200000,1.000000
116498193,75,101100110011000100101010111000011010000101110000100101110100010111000111011,116480043,0,0.060000,0.600000
116498194,85,0011001000001111110000010101011100001101000000001000100101101011000011010110011100111,116465102,0,0.100000,1.000000
116498195,81,010010011000100100001010101110000110100000000111001001111111010000111110100101110,116490327,0,0.080000,0.800000
116498196,79,1010110010000100000010101011100001101000000001000010010101110011100111001110011,116506699,0,0.080000,1.000000
116498200,79,0100100110001001000011101011100001101000000001100110011011110100001111010010111,116496904,0,0.046667,0.700000
116498201,77,11011001000110000011010101110000100100000000100001000011101001100101000111101,116480043,0,0.070000,0.700000
116498202,74,10101001100000010101011110001101000000001000011010111101011100001001101011,116490327,0,0.070000,0.700000
116498203,78,011011001000110000101010101110000110110000000110101001011101000000111000111001,116492275,0,0.024000,0.600000
116498204,80,01111011001011111000001010101100000110100000000100011001011111000110011100111001,116465102,0,0.080000,0.800000
116498205,76,1010110010000100000101010111000011110000000011000100101011100011001110111001,116490325,0,0.046667,0.700000
116498206,78,111010010101100000010101011000001101000000001100010010111110001100100011101100,116488548,0,0.060000,0.600000
116498207,84,111011000101011100000010101011100011101000000001000100111110100100011110011001110010,116465102,0,0.080000,0.800000
116498208,82,0111100010001101000010101011100001101000000011100010011111110100001111001001011101,116496902,0,0.200000,1.000000
116498210,80,01111010001001110000001010101110000110100000000110011001011111001010011111111001,116492275,0,0.032000,0.800000
116498211,82,0111100010001101000010101011100001101000000011100010011111110100001111001001011101,116508496,0,0.080000,0.800000
116498212,76,1010100110001001010101110000110100100000100001101011110001110000100110001111,116496903,0,0.022857,0.800000
116498213,75,101110111000000101010111000011010000000010000111101110001110010100111001111,116486626,0,0.013333,0.600000
116498214,75,001101011101000010101011100001101000000001000011010110100011101001001100111,116496903,0,0.028571,1.000000
116498215,76,0110100001100000010101011100001101000000001000011010111100011100001001100011,116496903,0,0.028571,1.000000
116498216,79,0011000010011000100101010111000011010000000010001011011010110101101001100111001,116496903,0,0.028571,1.000000
116498217,81,010010011000100100001010101110000110100000000110001001111111010000111110100101110,116478443,0,0.013333,0.600000
116498218,80,01111011001001111000001010101100000110100000000100011001011111000110011100111001,116478443,0,0.011111,0.500000
116498219,75,101110111000000101010111000011010000000010000111101110001110010100111001111,116496903,0,0.028571,1.000000
116498220,75,101110011000000101010111000011010000000010000101101110001110010100110001111,116498415,0,0.022857,0.800000
116498221,87,011101111010000001000010101101100001101000000001101111010110101011000110011000011111000,116496903,0,0.028571,1.000000
116498222,81,011010001000110100001010101110000110100000000110001001111111010000111100000101110,116478443,0,0.013333,0.600000
116498223,73,1110111000000101000111000011010000000010000101101111000101000010011000101,116496903,0,0.028571,1.000000
116498224,78,011110110010011110000110101011000001101100000001000110010111110001001110011100,116496903,0,0.028571,1.000000
116498225,81,011010001000110100001010101110000110101000000110001001111111010000111100000101110,116496903,0,0.028571,1.000000
116498226,79,0011000010011000000101010111000011010000000010001011011010110101101001100111001,116496903,0,0.028571,1.000000
116498227,82,0011010001000110100001010101110000100100000000110001001111111000000111100100101110,116478443,0,0.013333,0.600000
116498228,82,0110100011001101000110101011100001101000000001110010011111111100001100000010111010,116496903,0,0.028571,1.000000
116498229,75,010110010000100000101010111000011010000000011000100101011100011001110111001,116496903,0,0.028571,1.000000
116498230,75,111101110000001010101110000110100000000100010110111100011100101001101011111,116498415,0,0.022857,0.800000
116498231,80,01101000100010000001010101110000110100000000111000001111111010000111000001011101,116496903,0,0.028571,1.000000
116498232,82,0111100010001101000010101011100001101000000001100010011111110100001110001001011101,116492275,0,0.032000,0.800000
116498234,75,001101011101000010101011100001101000000001000011011110100011101001001100111,116496902,0,0.160000,0.800000
116498235,75,000110111110100011110101110000110100010000100001001011110011010111001100000,116496904,0,0.066667,1.000000
116498236,75,101100110011000000101010111000011010000001010000100101110100010111000111011,116490325,0,0.046667,0.700000
116498237,77,10101100100011000001010101110000110100000000110001001010111100110011100111001,116490325,0,0.053333,0.800000
116498238,74,11110111000000111010111000011010000001010010101101111000010001100110001111,116496902,0,0.120000,0.600000
116498239,78,001111100010110010001010101110000110100000000110011001011111000011011000111001,116490325,0,0.046667,0.700000
116498240,80,01111010001000110000001010101110000110100000000100011001011111001110011111111001,116496902,0,0.160000,0.800000
116498241,76,1011110010110000001010101110000110100000001100110010111110000100110000110010,116492275,0,0.028000,0.700000
116498242,82,1100010100000001101000010101011101001101000000001110010011111110100001110010010111,116488562,0,0.066667,0.700000
116498244,79,0110100010001101000010101011100001101000000011000100111111101000011110000010111,116490325,0,0.046667,0.700000
116498247,82,0111100010001101000010111011100001101000000001100010011111110100001111001001011101,116480035,0,0.050000,0.800000
116498248,80,01111010001000110000001010101110000110100000000100011001011111001110011111111001,116496905,0,0.050000,1.000000
116498249,77,10010010101000000101010111000010110100000010000100101111100011001100111100100,116496905,0,0.050000,1.000000
116498251,81,011010001000110100001010101110000110100000000110001001111111010000111100000101110,116496905,0,0.050000,1.000000
116498252,77,01011001100110000001010111110000110100000000100001001011101000101110001110110,116496905,0,0.040000,0.800000
116498253,77,01011001100110000001010101110000110100000000100001001011101000101110001110110,116496905,0,0.050000,1.000000
116498254,75,101110011000000101010111000011010000000010000101101110001110010100110001111,116480035,0,0.050000,1.000000
116498255,75,110100010001101000010101011100001101000000001000010010111110001101100011000,116496905,0,0.050000,1.000000
116498259,75,010110010000100000101010111000011010000000011000100101011100011001110111001,116496906,0,0.100000,1.000000
116498260,78,001011000101010000010101011100001101000000001100010010110110011100110011100010,116496906,0,0.100000,1.000000
116498261,82,1001000001001100000010101011100001101000000001000100110111101001011000011001110011,116503245,0,0.080000,0.800000
116498262,81,010010011000100100001010101110000110100000000111001001111111010000111110100101110,116496906,0,0.100000,1.000000
116498263,82,0011010001000110100011010101110000110100000000110101001111111010000111000001011101,116496906,0,0.100000,1.000000
116498264,75,101100110011000100101010111000011010000101010000100101110100010111000111011,116496906,0,0.100000,1.000000
116498265,75,010110010000100000101010111000011010000000011000100101011100011001110111001,116496906,0,0.100000,1.000000
116498266,81,100010100000001001010010101011101001101000000001110010011111110100001110010010111,116496906,0,0.100000,1.000000
116498267,75,101010111000000101010111000011010000000010000101101110001110010100110001111,116496906,0,0.100000,1.000000
116498268,75,101110111000000101010111000011010000000010000111101110001110010100111001111,116503245,0,0.080000,0.800000
116498269,82,0110101010001101000010101011100001101000100001100100111110101000111110010010111110,116503245,0,0.070000,0.700000
116498270,75,101010011000000101010111000011010000000010000110101111000111000011111000111,116503245,0,0.080000,0.800000
116498271,70,1010111010000111010111000011010000000011000110101011010110010100111111,116496906,0,0.100000,1.000000
116498272,84,111011000101011100000010101011100011101000000001000100111100100100011110011001110010,116496906,0,0.100000,1.000000
116498273,79,1001001100010010000101010111000011010000000011100100111111101000011111010001110,116503245,0,0.080000,0.800000
116498274,81,011010001000110100001010101110000110100000000110001001111111010000111100000101110,116496906,0,0.100000,1.000000
116498275,80,01001011101000110000001010101110000110100000000110011001011111000010011000011001,116492270,0,0.100000,0.600000
116498276,80,01101000100010000001010101110000110100000000111000001111111010000111000001011101,116496907,0,0.100000,1.000000
116498277,80,01101000100010000001010101110000110100000000111000001111111010000111000001011101,116496907,0,0.100000,1.000000
116498278,74,11010011000101010101111000110100000000100001001011111001010010101100001100,116492270,0,0.080000,0.500000
116498279,82,1000000001001000000000101011100001100000000001000100110111101001011010011001110011,116496907,0,0.100000,1.000000
116498280,80,01111011001101111000001010101100100100100000000100011001011111000110011100110001,116492270,0,0.040000,0.400000
116498281,83,11001000001011100000110101011100011101000000001000100110110101100011011011000110010,116508507,0,0.140000,0.700000
116498282,77,11011001000110000001010101110000110100000100111001001011101000100111000111001,116496907,0,0.100000,1.000000
116498283,80,01101000100010000001010101110000110100000000111000001111111010000111000001011101,116508507,0,0.200000,1.000000
116498284,82,0110101010001101000010101011100001101000100001100100111110101000111110010010111110,116492270,0,0.100000,0.500000
116498285,81,011101000100111010000101010110000011010000000011100100111111101001011100100101111,116496907,0,0.100000,1.000000
116498286,80,10110101000001101000010101011100001101000100001100100111110011000111110010110111,116496907,0,0.100000,1.000000
116498287,74,11010011000001010101111000110100000000100001001011111001010010101100001100,116492270,0,0.100000,0.500000
116498288,80,01111011001011111000001010101100000110100000000100011001011111000110011100111001,116492270,0,0.050000,0.500000
116498289,77,11011001000110000001010101110000110100000100111001001011101000100111000111001,116508507,0,0.160000,0.800000
116498290,72,011110111010000101010111100011010000000010000110011010001110100100110011,116496907,0,0.050000,0.800000
116498291,78,111101100101111100000101101100000110100000000100011001011111000110011100111001,116496907,0,0.100000,1.000000
116498292,76,1010110010000100000101010111000011010000000011000100101011100011001110111001,116496907,0,0.060000,1.000000
116498293,77,11010001000110100001010101110000110100000000100001001011111000110111000111001,116496907,0,0.100000,1.000000
116498294,80,01101000100010000001010101110000110100000000111000001111111010000111000001011101,116496907,0,0.060000,1.000000
116498295,75,111101001100000010101011100001111000000001000011010111000011100011001100011,116496907,0,0.100000,1.000000
116498296,76,1111101110000001010101110000110100000000100001010011110001110011100110001111,116496907,0,0.100000,1.000000
116498297,80,01110100010001101000010101011100001101000000001100010011111110100001110010010111,116492270,0,0.100000,0.600000
116498298,80,01111011001101111000001010101100100100100000000100011001011111000110011100110001,116496907,0,0.100000,1.000000
116498299,79,0111100000001101000010101011100001101000000001110010011101101000011010010010111,116495382,0,0.066667,0.700000
116498300,79,1110100010001101000010101001100001101000000001000010010111110001101110001110011,116496908,0,0.066667,1.000000
116498301,81,011010001000111100001011101110000111100000000110001001111111010000111100001011001,116496908,0,0.066667,1.000000
116498302,79,0111100000001101000010101011100001101000000001110010011101101000011010010010111,116496908,0,0.066667,1.000000
116498303,72,011010111010000101010111000011010000000010000110101010001110100100110011,116496908,0,0.066667,1.000000
116498304,81,011010001000111100001011101110000111100000000110001001111111010000111100001011001,116496908,0,0.066667,1.000000
116498305,77,11010001000100100001010101110000110100000000100001001011111000110111000111001,116496908,0,0.066667,1.000000
116498306,78,010110010001100000110101011100001101000000001101000101111000011001111101010100,116496908,0,0.066667,1.000000
116498307,80,01101100100011000000101010111000011010000000010000101011110100010101111010100101,116496908,0,0.066667,1.000000
116498308,77,11011001000110001011010101110000110100000010100001001111101010100111000111001,116496908,0,0.066667,1.000000
116498309,82,0110100011001101000110101011100001101000000001110010011111111100001100000010111010,116496908,0,0.066667,1.000000
116498310,87,100110010000011111100000101010111000011010000000010001001111101011000011110110011100110,116492276,0,0.032000,0.800000
116498311,82,0011010001000110100001010101110000110100000000110001001111111010000111100000101110,116495375,0,0.066667,0.600000
116498312,77,01001001100010100000101010111000011010000000001000100110111010000111101011011,116471700,0,0.040000,0.800000
116498313,75,001101011101000010101011100011101000000001000011010110100011101001001100111,116471700,0,0.040000,0.800000
116498314,75,101110011000000101010111000011010000000010000101101110001110010100110001111,116503247,0,0.040000,1.000000
116498315,77,11010001000110100001010101110000110100000000100001001011111000110111000111001,116503247,0,0.066667,1.000000
116498316,82,0110101010001000000010101011100001101000100001101010011111010100011011001001011111,116496909,0,0.040000,0.800000
116498317,81,001111011001001111000001010101100000110100000000100011001011111000110011100111001,116488553,0,0.053333,0.800000
116498318,77,11010001000110100001011101110000110100000000110001001011111000110111000111001,116488553,0,0.053333,0.800000
116498319,77,11010001000110100001010101110000110100000000100001001011111000110111000111001,116496909,0,0.050000,1.000000
116498320,75,111101110000001010101110000110100000000110001011011110001110011100110101111,116471700,0,0.050000,1.000000
116498321,84,010110000010001000000101010111000011110000000010001000111101011000111100110011010101,116471700,0,0.040000,0.800000
116498323,72,011010111010000101010111000011010000000010000110101010001110100100110011,116496910,0,0.200000,1.000000
116498325,87,011101111010000001000010101011100001101000000001001111010110101011000110011100011111000,116471674,0,0.080000,0.800000
116498326,82,0011010001000110100001010101110000110100000000110001011111111010000111100000101110,116496910,0,0.200000,1.000000
116498327,73,1111011100000010101011100001101000000101000010110111000111001010011000111,116471674,0,0.070000,0.700000
116498331,73,1101011100000101010111100011010000000010000100101111100111001010110000110,116496910,0,0.200000,1.000000
116498332,72,011010111010000101010111000011010000000010000110101010001110100100110011,116503233,0,0.080000,0.800000
116498333,78,110111010001100000010101011100001101000000001100010101111110001000111101110010,116496910,0,0.200000,1.000000
116498334,74,00111010111010001101010111000011010000000010100100101111101111011000110100,116496910,0,0.200000,1.000000
116498336,81,101111000100001010000101010111000011010000000011100100111011010000110100000101111,116471674,0,0.080000,0.800000
116498337,78,001011101010110000001010101110000110100000000010011001011110000010011000111001,116496911,0,0.200000,1.000000
116498338,81,011000001000010100001010101110000110100000000110001001111111010000111100000101110,116496911,0,0.200000,1.000000
116498339,79,1110100101011000000101010111000011010000000011000100101111100011000100011101100,116470088,0,0.050000,1.000000
116498340,74,11101001100000010101011100001101000000001000011010111100011001010011000101,116496911,0,0.200000,1.000000
116498341,78,110110010101100000010101011100001101000000001100010111111110001010111101110010,116496911,0,0.200000,1.000000
116498342,87,001100100000111110000001010101110000110100000000100010011111010110000111101100111001101,116496911,0,0.200000,1.000000
116498343,74,11101001100000010101011100001101000000001000011010111100011001010011000101,116496911,0,0.200000,1.000000
116498344,78,110110010101100000010101011100001101000000001100010111111110001010111101110010,116496911,0,0.200000,1.000000
116498345,76,1010110010000100000101010111000011010000000011000100101011100011001110111001,116465088,0,0.050000,1.000000
116498346,75,110110010001110000101010111000011010000000010000100101110100010011100011100,116496911,0,0.200000,1.000000
116498347,75,111101110000001010101110000110100000000100001011011110001110011100110001111,116496911,0,0.200000,1.000000
116498348,81,011110100010001100000010101011100001101000000101100110010111110011100111111110011,116496911,0,0.200000,1.000000
116498349,78,110101100100001000000101010111000011010000000011000100101010000110011100111001,116496912,0,0.100000,1.000000
116498350,82,0011010001000110100101010101110000110100000000110001001111111010000111100100101110,116496912,0,0.100000,1.000000
116498351,72,110101110100001010101110000110100000001000011010110100011101001000100110,116496912,0,0.100000,1.000000
116498352,77,01010001000110100001010101010000110100010000100001001011111000110111000111001,116459872,0,0.033333,0.500000
116498353,82,0011110100010001100000010101011100001101000000001100110010111110011100111111110011,116496912,0,0.100000,1.000000
116498354,83,00011010101000110100001010101110000110100000000110001001111111010000111100100101110,116496912,0,0.100000,1.000000
116498355,74,10101001000000010101011100001101000000001000011010111101011100001001100011,116496912,0,0.100000,1.000000
116498356,79,1001001100010010000101010111000011010000000011100100111111101000011111010001110,116459872,0,0.040000,0.600000
116498357,83,00011010101000110100001010101110000110100000000110001001111111010000111100100101110,116496912,0,0.100000,1.000000
116498358,80,11110001000110100001010101010000110100000000110001001111111010000111001001011101,116496912,0,0.100000,1.000000
116498359,75,101010011000000101010111000011010000000010000110101111000111000010011000111,116496912,0,0.100000,1.000000
116498360,75,101110111000010101000111000011010000000010000101101110001110010100110001111,116496912,0,0.100000,1.000000
116498361,78,011011001000110000101010101110000110110000000110101001011101000000111000111001,116496912,0,0.100000,1.000000
116498362,75,001101011101000010101011100001101000000001000011011110100011101001001100111,116496912,0,0.100000,1.000000
116498363,80,01111011001001111000011010101100010110110000000100011001011111000010011100111001,116496912,0,0.100000,1.000000
116498364,78,001100100011000000101010111000011010110000010000100101011100011001110011100110,116496912,0,0.100000,1.000000
116498365,78,110101100100001000000101010111000011010000000011000100101010000110011100111001,116496912,0,0.100000,1.000000
116498366,82,0110100010101101000010101011100001101000000001100110011111110100001111000001001100,116459872,0,0.040000,0.600000
116498367,87,011101111010000001000010101111100001101000000001101111010110101001000110011100011111000,116496913,0,0.200000,1.000000
116498368,76,1011110010110000001010101110000110100000001100110010111110000100110000110010,116488557,0,0.040000,0.600000
116498369,82,0110100011001101000110101011100001101000000001110010011111111100001100000010111010,116496913,0,0.200000,1.000000
116498370,80,01101000100011010000100010111000011010000001011001001011111000000111100100101110,116488557,0,0.033333,0.500000
116498371,87,011101111010000001000010101111100001101000000001101111010110101001000110011100011111000,116496913,0,0.200000,1.000000
116498372,77,10011011111010000101010111000011011000000010000110101101000110010010011001111,116496913,0,0.200000,1.000000
116498373,74,10101001100000010101011100001101000000001000011010111101011100001001100011,116496913,0,0.200000,1.000000
116498374,82,0110110011001101000100101011100001101000000001110010011111111100001100000010111010,116496913,0,0.160000,0.800000
116498375,76,1110100001100000010101011100001101000000001000011010111000011100001010100011,116496913,0,0.200000,1.000000
116498376,71,11110111000000101010101000011010000000010000101101100011100101001100011,116496913,0,0.200000,1.000000
116498377,76,1110100001100000010101011100001101000000001000011010111000011100001010100011,116488557,0,0.040000,0.600000
116498378,87,011101111010000001000010101111100001101000000001101111010110101001000110011100011111000,116496913,0,0.200000,1.000000
116498379,80,01111010001001110000001010101110000110100000000110011001011111001010011111111001,116503250,0,0.028000,0.700000
116498380,78,111011001000110000001010101110000110100000000100001001001101000100111000111001,116496914,0,0.100000,1.000000
116498381,70,1010111010000101011111000011010000000011001010101111100110011100101100,116496914,0,0.100000,1.000000
116498382,86,00110010010011111100100101010111000011010000000010001001111101011000011110110011100110,116496914,0,0.100000,1.000000
116498383,79,0100100110001000000010101011100001101000000001100110011111110100001111010010111,116496914,0,0.080000,0.800000
116498384,83,01011010000000110100001010101110000110100000000110001001111111100000011100100101110,116486646,0,0.070000,0.700000
116498385,78,010011001000110100001010101110000110100000001100010010011110011000111001110011,116503250,0,0.024000,0.600000
116498386,80,01101000100001010000101010111000011010000000011001001011111000000111100100101110,116496914,0,0.100000,1.000000
116498387,80,01101000100001010000101010111000011010000000011001001011111000000111100100101110,116496914,0,0.100000,1.000000
116498388,80,01101000100001010000101010111000011010000000011001001011111000000111100100101110,116496914,0,0.100000,1.000000
116498389,74,10101001100000010101011100001101000000001000011010111100011110001111100011,116486646,0,0.070000,0.700000
116498390,82,0110100010001001010010101011100001101000000001100010011111110100001110000011011101,116496914,0,0.100000,1.000000
116498391,86,00110000000011111100000101010111000011010000000010001001111101011000011110110011100110,116503250,0,0.028000,0.700000
116498392,74,10101001100000010101011100001101000000001000011010111100011100001001100011,116486646,0,0.070000,0.700000
116498393,83,01011010000000110100001010101110000110100000000110001001111111000000011100100101110,116503250,0,0.028000,0.700000
116498394,80,01101000100010000001010101110000110100000000111000001111111010000111000001011101,116496914,0,0.100000,1.000000
116498395,81,011010001000100101001010101110000110100000000110001001111111010000111000001101110,116496914,0,0.100000,1.000000
116498396,81,011010001000100101001010101110000110100000000110001001111111010000111000001101110,116486646,0,0.100000,0.600000
116498397,86,00110000000011111100000101010111000011010000000010001001111101011000011110110011100110,116496914,0,0.100000,1.000000
116498398,73,1011101110000001010101110000110100000000100001011011100011001010011000111,116496914,0,0.080000,0.800000
116498399,78,110110010101100000010101011100001101000000001100010111111110001010111101110010,116486646,0,0.070000,0.700000
116498400,86,00110010010011111100100101010111000011010000000010001001111101011000011110110011100110,116496914,0,0.060000,0.700000
116498447,75,010101001100000010101011100001101000000001000011010111101011100001001101011,116508503,0,0.160000,0.800000
116498450,76,1110100001100000010101011100001101000000001000011010111000011100001011100111,116508503,0,0.160000,0.800000
116498457,86,00110010000011111100000101010111000011010000000010001001111101011000011110110011100110,116503234,0,0.080000,0.800000
116498466,75,111101110000001010101010000110100000010100001011011110001110011100110001111,116503240,0,0.040000,0.600000
116498467,70,0101011000000101010111000011010000000010000110101101000110010000110001,116490323,0,0.053333,0.800000
116498471,86,00110000000011111100000101010111000011010000000010001001111101011000011110110011100110,116503240,0,0.053333,0.800000
116498472,78,010011001000110000001010101110000110100000001100010010111110001000111001110011,116503240,0,0.046667,0.700000
116498486,75,001100110011000000101010111000011010000000010000101101110100010111000111010,116492270,0,0.060000,0.600000
116498495,73,1111011100000010101011100001101000000001000010110111000111001010011000111,116500001,0,0.080000,0.800000
116498496,79,0100100110001001000010101011100001101000000001100110011111110100001111010010111,116486628,0,0.060000,0.600000
116498497,81,011010001000110100001010101110000110100000000110001001111111110000111000000101111,116486628,0,0.060000,0.600000
116498498,83,01011010001000110100001010101110000110100000000110001001111111000000111000100101110,116486628,0,0.060000,0.600000
116498499,83,11001000001011110000110101010100001101000000001000100110110101100011011011000110010,116500001,0,0.060000,0.600000
116498500,81,011010001000110000010100011100001101000000001110000011111110100001110000010111011,116500001,0,0.070000,0.700000
116498501,80,01111011001011111000001010101100000110100000000100011001011111000110011100111001,116486628,0,0.050000,0.500000
116498507,86,00110010010011111100100101010111000011010000001010001001111100011000001110110011100110,116496910,0,0.140000,0.700000
116498508,76,1110100001100000010101011100001101000000001000011010111000011100001011100011,116488546,0,0.053333,0.800000
116498513,74,10101001100000010101011100001101000000001000011010111101011100001001101011,116488546,0,0.053333,0.800000
116498514,86,00110010010011111100100101010111000011010000001010001001111100011000001110110011100110,116488546,0,0.040000,0.600000
116498517,80,01101000100011010000101010111000011110000000011001001111111000000111000000001110,116471674,0,0.070000,0.700000
116498519,79,1111001100011000000101010111000011010000000011000000111111100011001100011000111,116496910,0,0.200000,1.000000
116498522,72,110100101100000010101011101001101000000001000011010111100011001010011101,116503233,0,0.070000,0.700000
116498523,72,110100101100000010101011101001101000000001000011010111100011001010011101,116488546,0,0.046667,0.700000
116498527,75,010110010000100000101010111000011010000000011000100101011100011001110111001,116459871,0,0.100000,1.000000
116498528,80,01110100010001101000010101011100001101000000001110010011111110100001110010010111,116459872,0,0.053333,0.800000
116498529,82,1101110100010001001000010101011100001101000000001000100101011000000011100100000111,116459872,0,0.066667,1.000000
116498530,74,10101001100000110101011100001101000000001000011010111101011100001001101011,116496912,0,0.040000,0.400000
116498531,77,01011001000100000011010101110000110100000000110000010111100101100111111101010,116459872,0,0.066667,1.000000
116498532,86,01110111101000000100001010101110000110100000000110111101011010101100011001110001110100,116459872,0,0.066667,1.000000
116498533,80,01110100010001101000010101011100001111000000001110010011111110100001110010010111,116459872,0,0.066667,1.000000
116498534,80,01111011001101111000001010101100100100100000000100011001011111000110011100110001,116483550,0,0.030000,0.600000
116498535,70,0101011000000101010111000011010000000110000110101101000110010000110001,116499998,0,0.080000,0.800000
116498536,70,0101011000000101010111000011010000000010000110101101000110010000110001,116461655,0,0.100000,1.000000
116498537,70,0101011000000101010111000111010000000110000110101101000110010000110001,116499998,0,0.070000,0.700000
116498538,76,1011110010110000001010101110000110100000001100110010111110000100110000110010,116461656,0,0.066667,1.000000
116498539,83,01111000100011010000101010111000011010000000011000100111111101000011110010010111010,116503228,0,0.080000,0.800000
116498545,79,1100100101011000000101010111000011010000000011000110101111100011000100011100100,116503230,0,0.200000,1.000000
116498547,79,1100100101011000000101010111000011010000000011000110101111100011000100011100100,116494067,0,0.040000,0.400000
116498549,80,01110100010001101000010101011100001101000000001110010011111110100001110010010111,116503230,0,0.200000,1.000000
116498550,79,0100100110001001000010101011100001101000000001100110011111110100001111010010111,116494067,0,0.040000,0.400000
116498551,83,00110100110101001000010101011100001101000000001100010011111110100001111001001011101,116470078,0,0.053333,0.800000
116498556,84,001011010000000110100001010101110000110100000000110001001111111000000111100100101110,116486632,0,0.020000,0.800000
116498561,76,1010110010000100000101010111000011010000000011000100101011100011001110111001,116486632,0,0.020000,0.800000
116498565,79,1110110010001100000010101011100001101000000001000010010011010001001110011110010,116486632,0,0.020000,0.800000
116498566,84,001011010000000110100001010101110000110100000000110001001111111000000111100100101110,116486632,0,0.020000,0.800000
116498567,82,1101110100010001001000010101011100001101000010001000100111011000000011110100000111,116486632,0,0.017500,0.700000
116498568,83,11001000001011110000110101011100001101000000001000100110110101100011011011000110010,116505117,0,0.070000,0.700000
116498569,80,01101000100011010000001010111000011110000000011001001111111000000111000100001110,116503229,0,0.080000,0.400000
116498570,77,11010001000110100001010101110000110100010000100001001011111000110111000111001,116463286,0,0.100000,1.000000
116498571,75,011101001100000010101011100001101000000001000011010111101011100001001101011,116505120,0,0.040000,0.800000
116498572,75,010110010000100000101010111000011010000000011000100101011100011001110111001,116505120,0,0.040000,0.800000
116498573,78,010011001000110000001010101110000110100000001100010010111110001000111001110011,116463286,0,0.100000,1.000000
116498574,76,1110100001100000010101011100001101000000001000011010111000011000011011100011,116503229,0,0.080000,0.400000
116498575,80,11000010001101000010101011100011101000000001100010011111110100001110000001011100,116508489,0,0.100000,0.600000
116498576,78,110100010001101000010101011100001101000000001000010010111110001101110001100011,116492290,0,0.080000,0.800000
116498577,79,0110100010001101000010101011100001101000000011000100111111101010011110000010111,116463291,0,0.100000,1.000000
116498578,74,11101000011000000101010111000011010000000010000110101110000111000001110001,116478447,0,0.160000,0.800000
116498583,70,0101011101000010001011100001101000000011000010101111000110001100111111,116505130,0,0.070000,0.700000
116498585,81,101110100010001101000010101001000001101000000001000010011011110100000110010010111,116500000,0,0.070000,0.700000
116498588,75,000110101100100011010101110000110100000000101001001011111011110111001101001,116500000,0,0.060000,0.600000
116498589,80,11011110001010100010101110111000011010000000011000100101111100011011110111000110,116500000,0,0.060000,0.600000
116498592,73,0011010111010000101010111000011010000000010000110111101000111100100110011,116480037,0,0.100000,1.000000
116498594,81,110111011001000100100001011101110100110100000000100010011101100001001110010000011,116480037,0,0.070000,0.700000
116498597,75,101110011000000101010101000011010000000010000101101110001110010100110001111,116500000,0,0.060000,0.600000
116498598,79,0100100110001001000010101011100001101000000001100110011011110100001111010010111,116500000,0,0.070000,0.700000
116498602,88,0011001000001111110000010111011100101101000000001000100111110101101001110011001110011010,116465100,0,0.040000,0.700000
116498603,77,01001001100010100000101010111000011010000000001000100110111010000111101011011,116465087,0,0.100000,1.000000
116498604,74,10101001100100010101011100001101000000001000011010111100011100001111100011,116465087,0,0.100000,1.000000
116498605,83,11001000001011100000110101011100001101000000001000100110110101100011011011000110010,116465087,0,0.100000,1.000000
116498606,79,0111100000001101000010101011100001101000000001110010001101101000011010010010111,116465087,0,0.100000,1.000000
116498607,79,0111100000001101000010101011100001111000000001110010011101101000011010010010111,116488545,0,0.080000,0.800000
116498608,77,10011011111010000101010111000001011000000010000110101101000110010010011001111,116505118,0,0.040000,0.600000
116498609,75,101010011000000101010111000011010000000010000110100111000111000010011000111,116488545,0,0.100000,1.000000
116498610,79,0011000010011000000101010111000011010000000010001011011010110101101000100111001,116465087,0,0.100000,1.000000
116498611,79,1101100100011000000101010111000011010010000011000100111111100010001100011000111,116465087,0,0.100000,1.000000
116498612,77,11110100001100000010101011100001101000000001000011010111000011100001011100011,116465087,0,0.100000,1.000000
116498613,78,010011001000110100001010101110000110100000001100010010111110011000111001110011,116480044,0,0.050000,0.500000
116498614,77,01001001100010100000101010111000011010000000001000100110111010000111101011011,116465087,0,0.100000,1.000000
116498615,79,0111100000001101000010101011100001111000000001110010011101101000011010010010111,116465087,0,0.100000,1.000000
116498616,82,0111100010001101000010111011100001101000000001100010011111110100001111001001011001,116470088,0,0.046382,0.800000
116498617,87,011101111010000001000010101111100001101000000001101111010110101001000110011100011111000,116465088,0,0.046382,1.000000
116498618,82,0100010100000001101000010101011101001101000000101110010011111110100001110010010110,116486638,0,0.035000,0.700000
116498619,75,001101011101000010101011100001101000000001000011011110100011101001001100111,116501529,0,0.080000,0.800000
116498620,83,00011010101000110100001010101110000110100000000110001001111111010000111100100101110,116465089,0,0.200000,1.000000
116498621,83,11001000001011100000110101011100001101000000001000100110110101100011011011000110010,116465089,0,0.200000,1.000000
116498622,75,110101010000100010010101011100001101000000001100110010011100001000110111011,116465089,0,0.200000,1.000000
116498623,74,10101001110000010101011100001101000000001000011010111100011100001001100011,116503249,0,0.080000,0.800000
116498626,79,0011000010011000000101010111000011010000000010001011011010110101101000100111001,116496904,0,0.053333,0.800000
116498628,81,011010001000110100000010101110000110100000000110001001111111010000111000000101110,116498418,0,0.080000,0.400000
116498630,82,0110100010101101000010101011100001101000000001100110011111110100001111000001001100,116465102,0,0.100000,1.000000
116498631,77,01001001100010100000101010111000011010000000001000100110111010000111101011011,116465102,0,0.100000,1.000000
116498632,77,11011001000110000001010111110000110100000100111001001011101000100111000111001,116506699,0,0.046667,0.700000
116498633,80,01101000100011000001010101110000110100000000111000001111111010000111000001011101,116465102,0,0.100000,1.000000
116498634,74,10101001100000010101011100001101000000001000011010111100011100001001100010,116485002,0,0.066667,1.000000
116498636,75,101100110011000000101010111000011010000001010000100101110100110111000111011,116461673,0,0.070000,0.700000
116498637,76,0110100001100000010101011100001101000000001000011010111100011100001001100011,116465105,0,0.080000,0.800000
116498638,75,010110010000100000101010111000011010000000011000100101011100011001110111001,116465105,0,0.100000,1.000000
116498639,81,101111000001000110000001010101110000110100000000110011001011111001110011111111001,116486628,0,0.060000,0.600000
116498640,73,1001001100000010101011100001101000000001100010010111110101110010001110110,116486628,0,0.060000,0.600000
116498641,79,1101011100011000000101010111000011010000010011000000111111100011001100011000111,116486628,0,0.050000,0.500000
116498642,72,011110111010000101010110000011010000000010000110011010001110100100110011,116466868,0,0.200000,1.000000
116498650,79,1101011100011000000101010111000011010000010011000000111111100011001100011000111,116508490,0,0.200000,0.700000
116498652,79,1101011100011000000101010111000011010000010011000000111111100011001100011000111,116508490,0,0.200000,0.700000
116498653,79,1001001100010010000101010111000011010000000011100100111111101000011111010001110,116468448,0,0.200000,1.000000
116498654,74,10101001000000010101011100001101000000001000011010111101011100001001100011,116468448,0,0.200000,1.000000
116498655,82,1001000001001100000010101011100001101000000001000100110111101001011010001001110011,116468448,0,0.200000,1.000000
116498656,79,1110110010000110000010101011100001100000000011100010010101100001100111001110011,116468448,0,0.200000,1.000000
116498657,77,01011000101000000010111011100001101001000001101010010111110001100111011100001,116468448,0,0.200000,1.000000
116498658,79,1101011100011000000001010111000011010000000011000000111111100011001100011000110,116468448,0,0.200000,1.000000
116498659,79,1010110010000100100010101011100001101000000001000010010101110001100111001110011,116483546,0,0.046667,0.700000
116498660,80,01111011001011111000001010101100000110100000000100011001011111000110011100111001,116468450,0,0.200000,1.000000
116498666,77,11111011100000010101011100001101000000001000010110111100011100101001101011111,116503232,0,0.080000,0.800000
116498667,81,011010001000110100001010101110000110100000000110001001111111010000111100000101110,116503232,0,0.080000,0.800000
116498668,81,010010001000110100001010101110000110100000000110001001111111010000111100000101110,116468457,0,0.200000,1.000000
116498669,82,0110100010101101000010101011100001101000000001100110011111110100001111000001001100,116498405,0,0.032000,0.800000
116498671,74,10101001000000010111011100001101000000001000011010111101011000001001100011,116468457,0,0.200000,1.000000
116498672,83,11001000001011100000110101011100011101000000001000100110110101100011011011000110010,116501525,0,0.028000,0.700000
116498673,79,1111000010011010000101010111000011010000000011000100111111010000111000000101110,116468457,0,0.200000,1.000000
116498674,83,01011010100000110100001010101110000110100000000110001001101111000000011100100101110,116468457,0,0.160000,0.800000
116498677,74,10101001100000010101011100001101000000001000011010111100011100001111100011,116468457,0,0.200000,1.000000
116498680,80,01101000100011010000101010111000011010000000011001001110111000000111100100001110,116468457,0,0.200000,1.000000
116498682,79,1101011101100100001010101100001110100000000101001100011100010110010100110101100,116468459,0,0.066667,1.000000
116498683,81,010010011000000100001010101110000110100000000111001001111111010000111110100101110,116468459,0,0.066667,1.000000
116498684,83,11001000001011100000110101011100001101000000001010100111110101100011010011000110000,116468459,0,0.066667,1.000000
116498685,81,011010001000110100001010101110000110100000000110001001111111010000111100000101110,116468459,0,0.066667,1.000000
116498686,75,101010111000000101010111000011010000000010000101101110001110010100110001111,116468460,0,0.066667,1.000000
116498687,81,100010100000001001010010101011101001101000000001110010011111110100001110010010111,116468460,0,0.066667,1.000000
116498688,86,00110010010011111100100101010111000011010000000010001001111101011000011110110011100110,116486635,0,0.023333,0.700000
116498690,78,111001001010110000001010101110000110100000000110001010111110001100110001110010,116468461,0,0.033333,1.000000
116498691,75,011011010100000010101011100001010000000011000000101111100011001101011100110,116468461,0,0.033333,1.000000
116498692,78,001011000101000000010101011100001101010000001100010010101110011100110011100010,116490324,0,0.025000,0.500000
116498693,75,010110010000100000101010111001011010000000011000100101011100011001110111001,116495373,0,0.046667,0.700000
116498694,82,1001000001001100000010101011100001101000000001000100110111101001011010011001110011,116495373,0,0.053333,0.800000
116498695,81,011010001000110100001010101110000110101000000110001001111111010000111100000101110,116495373,0,0.046667,0.700000
116498700,84,101011010001001010100001010101110000111100000000110001001111111100100111000100101110,116470078,0,0.066667,1.000000
116498701,82,0110101010001001000010101011100001101000100001101010011111010100011011001001011101,116470078,0,0.066667,1.000000
116498702,79,1110100101011000001101010111000011010000000011000100101111100011000100011101100,116470078,0,0.066667,1.000000
116498703,77,11010001000110100001010101110000110100000000100001001011111000110111000110001,116470079,0,0.100000,1.000000
116498704,80,01101000100011010000101010111000011010000000011000100111111010000111100100101110,116470079,0,0.100000,1.000000
116498705,83,00011010101000110100001010101110000110100000000110001001111111010000111100100101110,116470079,0,0.100000,1.000000
116498706,71,11110111000000101010111000011010000000010000101101100011100101001100011,116476972,0,0.100000,1.000000
116498707,80,10101100100001000000101010111000011010000000010000100101011100011001110011100110,116476972,0,0.100000,1.000000
116498708,83,00011010101000110100001010101110000110100000000110001001111111010000111100100101110,116476973,0,0.100000,0.600000
116498709,78,101101100100110000001010101110000110100000000110001001011111000100111000111001,116476972,0,0.100000,1.000000
116498719,72,110101110100001010101110000110100000000110000101001110101100111001111010,116470081,0,0.100000,1.000000
116498720,80,01101000100001010000101010111100011010000000011001001111111000000111100100001110,116483539,0,0.070000,0.700000
116498721,79,1101100101011000000101010111000011010000000011000000101111100011001101011100110,116483539,0,0.080000,0.800000
116498723,76,1110110001100000010101011100001101000000001000011010111000011100001011100011,116490325,0,0.053333,0.800000
116498724,78,100101110100010000001010101110000110100000000110011001011111000010011000011001,116470084,0,0.200000,1.000000
116498725,70,1010111010000101011111000011010000000011001010101111100110011101101100,116505118,0,0.053333,0.800000
116498726,80,01111010001001110000001010101110000110100000000110011001011111001010011111111001,116505118,0,0.046667,0.700000
116498727,77,01111101110000001010101110000110100000001100001011011110001110010100110101111,116470086,0,0.050000,1.000000
116498728,79,1110110010001100000010101011100001101000000101000010010011010001001110011110010,116470086,0,0.050000,1.000000
116498729,74,01011001000010000010101011100001101000000001100010010101110001100111011100,116470086,0,0.050000,1.000000
116498730,75,101010011000000101010111000011010000000010000110101111000111000010011000111,116470086,0,0.050000,1.000000
116498731,74,10101001100000010101011110001101000000001100011010111101011100001001101011,116470086,0,0.050000,1.000000
116498732,79,1010110010000100000010101011100001101000000001000010010101110001100111001110011,116492281,0,0.035000,0.700000
116498733,82,0110100011001101000110101011100011101000000001110010011111111100001100000010111010,116470087,0,0.160000,0.800000
116498734,78,101011001000110000001010101110000110100000000100001001001101000100111000111001,116470090,0,0.100000,1.000000
116498735,79,1100100101011000000101010111000011010000000011000110101111100011000100011100100,116506691,0,0.040000,0.400000
116498736,87,011101111010000001000010101111100001101000000001101111010110101001000110011100011111000,116470090,0,0.100000,1.000000
116498737,83,01011010001000110100001010101110000110110000000110001001111111010000111100100101110,116470090,0,0.040000,0.400000
116498739,76,1111101110000001010101110000110100000000100001011011110001110010100110101111,116495381,0,0.100000,1.000000
116498740,75,110100001100000010101011100001101000000001000011010011100011100001001110011,116495381,0,0.100000,1.000000
116498741,83,01011010000000110100001010101110000110100000000110001001101111000000011100100101110,116495381,0,0.100000,1.000000
116498742,75,101110111000000101010111000011010000000010000101101110001110010100110001111,116470093,0,0.040000,1.000000
116498743,79,0100100110001001000010101011100001101000000001101110011011110100101111010010111,116488551,0,0.024000,0.600000
116498744,78,010011001000110100001010101110000110100000001100010010111110011000111001110011,116498412,0,0.040000,0.600000
116498745,83,11001000001011110000110101011100001101000000001000100110110101100011011011000110010,116503233,0,0.070000,0.700000
116498746,79,1101011101110100001010101100001110100000000101001100011100010110010100110101100,116471674,0,0.100000,1.000000
116498750,82,0011010001000110100001010101110000110100000000110001000111111010000111100100101110,116500012,0,0.080000,0.800000
116498751,88,0011001000001111110000010101011100001101000000001000100111110101100001111011001110011000,116480036,0,0.053333,0.800000
116498754,75,111100000110000001010101110000110100000000100001101011101001110000101110001,116476976,0,0.050000,0.800000
116498755,76,1000110010000100000101010111000011010000000011000100101011100011001110111001,116471689,0,0.200000,1.000000
116498756,75,010110010000100000101010111000011010000000011000100101011100011001110111001,116471689,0,0.200000,1.000000
116498757,79,0110100010001101000010101011100001101000000011000100111111101000011110000010111,116465100,0,0.040000,0.800000
116498758,82,0100010100000001101000010101011101001101000000101110010011111110100001110010010110,116471689,0,0.200000,1.000000
116498759,81,011010101000110110001010101110000110100010000110010011111010100011111001001011111,116471689,0,0.200000,1.000000
116498760,75,111101110000001010100110000110100000000100001011011110001110011100110101111,116488545,0,0.080000,0.800000
116498761,76,1111101110000001010101110000110000000000100001010011110001110011100110001111,116488545,0,0.080000,0.800000
116498762,82,0110100010101101000010101011100001101000000001100110011111110100001111000001001100,116471682,0,0.060000,0.600000
116498765,79,1011011001000110000001010101010000110100000000110101001011100000100111000111001,116465100,0,0.040000,0.800000
116498766,76,1111101110000001010101110000110000000000100001010011110001110011100110001111,116480044,0,0.050000,0.500000
116498767,80,01110100010001101000010101011100001101000000001100010011111110100001110010010111,116506709,0,0.024000,0.600000
116498768,82,0111100010001101000010101011100001101000000001100010011111110100001111001001010101,116495379,0,0.032000,0.800000
116498769,86,00110010010011111100100101010111000011010000000010001001111101011000011110110011100100,116471682,0,0.060000,0.600000
116498770,82,0100010100000001101000010101011101001101000000101110010011111110100001110010010110,116465087,0,0.060000,0.600000
116498771,75,111101110000001010100110000110100000000100001011011110001110011100110101111,116471689,0,0.200000,1.000000
116498772,82,0110100010101101000010101011100001101000000001100110011111110100001111000001001100,116471689,0,0.200000,1.000000
116498773,79,0110100010001101000010101011100001101000000011000100111111101000011110000010111,116471682,0,0.050000,0.500000
116498774,82,1100100000100110000001010101110000110100001000100010011011010110001101011100011001,116471689,0,0.200000,1.000000
116498775,75,101101011101000010101011100001101000000001000011010110100011101001001100111,116465087,0,0.080000,0.800000
116498776,82,0111100010001101000010111011100001101000000001100010011111110100001111001001011101,116495379,0,0.028000,0.700000
116498777,77,11001001010110000001000001110000110100000000100001001011111000110011000010010,116494068,0,0.070000,0.700000
116498781,81,011010001000111100001010101110000110100000000110001001111111010000111100000101110,116471693,0,0.066667,1.000000
116498784,75,100101001100000010101011100001101000000001000011010111100011100001001100011,116470078,0,0.053333,0.800000
116498785,75,100101001100000010111011100001101000000001000011010111100011100001001100011,116470078,0,0.046667,0.700000
116498786,79,0111100000001101000010101011100001101000000001110010001101101000011010010010111,116471694,0,0.100000,1.000000
116498788,79,0100100110001001000010101011100001101000000001101110011011110100101111010010111,116478443,0,0.013333,0.600000
116498789,78,110101100100001000000101010111000011010000000011000100101010000110011100111001,116496909,0,0.030000,0.600000
116498790,76,1110100001100000010101011100001101000000001000011010111000011000011011100011,116486626,0,0.013333,0.600000
116498791,70,1010111010000101011111000011010000000011001110101111100110011100101100,116471700,0,0.040000,0.800000
116498792,80,01111010001000110000001010101110000110100000000100011001011111001110011111111001,116503241,0,0.053333,0.800000
116498794,82,1111000001000100000101010111000011010000001010001001111101011001111100110011110101,116500002,0,0.040000,0.600000
116498795,76,1110100001100000010101011100001101000000001000011010111000011100001011100111,116492267,0,0.060000,0.600000
116498796,75,111101110000001010101010000110100000000100001011011100001110011100100001111,116500002,0,0.040000,0.600000
116498797,75,110101001100000010101011100001101000000001000011010111100011100001001100011,116500002,0,0.040000,0.600000
116498798,78,010011001000110100001010101110000110100000001100010010111110011000111001110011,116500002,0,0.040000,0.600000
116498800,79,0011000010011000000101010111010011010000000010001011011010110101101000100110001,116485012,0,0.040000,0.800000
116498801,78,011011001000110000001010101110000110100000000110111001011101000100111000111001,116500006,0,0.200000,1.000000
116498802,70,0101011101000010001011100001101000000011000010101111000110001100111111,116500003,0,0.120000,0.600000
116498804,77,11110100001100000010101011100001101000000001000011010111000011100001011100011,116500003,0,0.160000,0.800000
116498805,80,11100100101011000001101010111000011010000000011000100101111100011000100011100100,116500005,0,0.022857,0.800000
116498808,78,001011000101000000010101011100001101000000001100010010111110011100111011100010,116473642,0,0.098814,1.000000
116498809,79,0011000010011000000101010111000011010000000010001011011010110101101001100111001,116468455,0,0.053333,0.800000
116498810,79,0011000010011000000101010111000011010000000010001011011010110101101001100111001,116488550,0,0.040000,0.800000
116498811,81,011010001000110100001010101110000110100000000110001001111111010000111100000101110,116473642,0,0.098814,1.000000
116498812,79,0111100000001101000010101011100001101000000001110010011101101000011010010010111,116488550,0,0.040000,0.800000
116498813,81,011010001000110100001010101110000110100000000110001001111111010000111000001011101,116473642,0,0.098814,1.000000
116498814,79,0111100000001101000010101011100001101000000001110010011101101000011010010010111,116503232,0,0.080000,0.800000
116498815,80,01111010001001110000001010111110000110100000000110011001011111001110011111111001,116473642,0,0.098814,1.000000
116498816,79,0111100000001101000010101011100001101000000001110010011101101000011010010010111,116485003,0,0.030000,0.600000
116498817,80,01101000100010000001010101110000110100000000111000001101111010000111000001011101,116473642,0,0.098814,1.000000
116498818,82,0011010001000110100001010101110000110100000000110001001111111010000111100100101110,116473642,0,0.098814,1.000000
116498819,81,011010001010110100001010101100000110100000000110001001110111110000111000000101110,116488550,0,0.035000,0.700000
116498820,79,0111100000001101000010101011100001101000000001110010011101101000011010011010111,116470078,0,0.053333,0.800000
116498821,78,001011000101000000010101011100001101000000001100010010111110011100111011100010,116473642,0,0.098814,1.000000
116498822,74,10101001100000010101011100001101000000001000011010111100011100001001100011,116473642,0,0.098814,1.000000
116498823,86,00110010000011111100000101010111000011010000000010001001111101011000011110110011100110,116473642,0,0.098814,1.000000
116498824,82,0101110100010001001000010101011000001101000000001000100111110000010011100110010110,116473642,0,0.098814,1.000000
116498825,80,01111010001001110000001010111110000110100000000110011001011111001110011111111001,116473642,0,0.098814,1.000000
116498826,77,11010001000110100001010101110000110100010000100001001011111000110111000111001,116468455,0,0.046667,0.700000
116498827,73,1111011100000010101011100001101000000001100010110111000111001010011000111,116473642,0,0.098814,1.000000
116498830,81,011010001000110100001010101110000110100000000110001001111111010000111100000101110,116483551,0,0.080000,0.800000
116498832,81,010010011000100100001010101110000110100000000111101001111111010000111110100101110,116481598,0,0.040000,0.800000
116498834,77,01011000000100000011010101110000110100000000110000010111100101100111111101010,116481598,0,0.035000,0.700000
116498835,81,011010001000110100001010101110000110100000000110001001111111010000111100000101110,116483551,0,0.080000,0.800000
116498836,75,101010011000000101010111000011010000100010000110101111000111000010011000111,116481598,0,0.035000,0.700000
116498837,74,00111010111010001101010111000011010000000010100100111011101111011100110100,116480045,0,0.053333,0.800000
116498838,79,0011000010011000000101010111000011010000000010001011011010110101101000100111101,116481598,0,0.040000,0.800000
116498839,75,111010111000001010101111000110100000000100001001011111001110010101100001100,116480045,0,0.053333,0.800000
116498840,83,00110100110101101000010101011100000101000000001100010011111110100001111001001001101,116483551,0,0.070000,0.700000
116498842,77,01011000000100000011010101110000110100000000110000010111100101100111111101010,116483551,0,0.070000,0.700000
116498843,79,1011110001010000010101110111000011010000000011000100101111100011011110111000110,116475175,0,0.200000,1.000000
116498844,81,011010101000110100001010101110000110100000000110001001110111010000111101000101110,116475175,0,0.200000,1.000000
116498845,81,100010100000001001000010101011101001101000000001110010011111110100001110010010111,116475175,0,0.200000,1.000000
116498846,80,01101000100011010000101010111000011010000000011001000011111000000111100100101110,116475175,0,0.200000,1.000000
116498847,74,10101001100100010101011100001101000000001000011010111100011100001111100011,116475175,0,0.200000,1.000000
116498848,75,110101001100000010101011100001101000000001000011010111100011100001001100011,116475175,0,0.200000,1.000000
116498849,82,0011010001000110100001010101110000110100000000110001001111111010000111100100101110,116486627,0,0.035000,0.700000
116498850,76,0001101011101000110101011100000101000000001010010010111110111101110011010011,116475175,0,0.200000,1.000000
116498851,79,0110110010001100000010101010100001101000000001111010010111000001001110001110011,116486627,0,0.030000,0.600000
116498852,82,0111100010001101000010101011100001101000000001100010011111110100001111001001011101,116475175,0,0.200000,1.000000
116498853,74,10101001100000010101111100001101000000001000011010111100011001010011000101,116486627,0,0.030000,0.600000
116498854,81,011010001000110100001010101110000110100000000110001001111111010000111000000101110,116475175,0,0.200000,1.000000
116498855,79,0111100000001101000010101011100001101000000001110010011101101000011010010010111,116508505,0,0.066667,1.000000
116498856,77,10010010101000000101010111000011010100000010000100101111100011001100111100100,116490331,0,0.053333,0.800000
116498861,80,10101100100001000000101010111000011010000000010000100101011100011001110011100111,116492287,0,0.032680,0.600000
116498862,80,10101100100001000000101010111000011010000000010000100101011100011001110011100111,116486635,0,0.026667,0.800000
116498863,79,0111100000001101000010101011100001101000000001110010011101101000011010010010111,116480035,0,0.066667,1.000000
116498864,80,01110101000001101000010101011100001101000000001110010011111110100001110010110111,116501520,0,0.053333,0.800000
116498865,81,010010011000100100001010101110000110100000000110001001111111010000111100100101110,116475183,0,0.066667,1.000000
116498867,75,010101001100000010101011100001101000000001000011010111101011100001001101011,116475186,0,0.100000,1.000000
116498868,82,0011010001000110100001010101110000110100000000110001001111111010000111100100101110,116475186,0,0.100000,1.000000
116498869,70,0100011000000101010111000011010000000010000110101101000110010000110001,116475186,0,0.060000,0.600000
116498870,81,011010001000110100001010101110000110100000000110001001111111010000111100000101110,116475186,0,0.100000,1.000000
116498871,77,01011001100110000001010101110100110100000000100001001011101000101110001110110,116506711,0,0.050000,0.700000
116498872,81,011010001000110100001010101110000110100000000110001001111111010000111100000101110,116475186,0,0.100000,1.000000
116498873,81,011010001000110100001010101110000110100000000110001001111111010000111100000101110,116506711,0,0.100000,0.800000
116498874,79,1101100101011000000101010111000011010000000011000000101111100011001101011100110,116475186,0,0.060000,0.600000
116498875,82,0011010001000110100001010101110000110100000000110001001111111010000111100100101110,116475186,0,0.100000,1.000000
116498876,77,01011000101000000010111011100001101001000001101010010111110001100111011100001,116475186,0,0.050000,0.500000
116498877,79,0111100000001101000010101011100001101000000001110010011101101000011010010010111,116501515,0,0.100000,1.000000
116498878,79,0001011000101000000010101011100001101000000001100010010111110011100111011100010,116475186,0,0.100000,1.000000
116498879,80,01101000100010000001010101110000110100000000111000001101111010000111000001011101,116501515,0,0.100000,1.000000
116498880,82,0110101010001001000010101011100001101000100001101010011111010100011011001001011101,116506711,0,0.050000,0.700000
116498881,77,10101100100011000001010101110000110100000000110001001010111100110011100111001,116475186,0,0.100000,1.000000
116498883,79,0000100110001001000010101011100001101000000001100110011111110100001111010010111,116500004,0,0.040000,0.600000
116498884,77,11010001000110100001010101110000110100000000100001001011111000110111000110001,116490319,0,0.100000,1.000000
116498885,78,110100010001000000010101011100001101000000001100010111111110001010111101110010,116498411,0,0.160000,0.800000
116498886,75,101110111000000101010111000011010001000010000101101110001110010100110001111,116475188,0,0.046667,0.700000
116498887,83,00110100110101101000010101011100000101000000001100010011111110100001111001001001101,116475188,0,0.066667,1.000000
116498890,80,01111010001001110000001010101110000110100000000110011001011111001010011111111001,116475188,0,0.053333,0.800000
116498891,77,01011001100110000001010101110100110100000000100001001011101000101110001110110,116498411,0,0.140000,0.700000
116498892,83,00110100110101001000010101011100001101000000001100010011111110100001111001001011101,116498411,0,0.160000,0.800000
116498894,74,01111011101000010101011100001111000000001000111010110100011101001001100111,116475188,0,0.046667,0.700000
116498895,75,001101011101000010101011100001101000000001000011011110100011101001001100111,116475188,0,0.066667,1.000000
116498896,75,101110111000000101000111000011010000000010000101101110001110010100110001111,116475188,0,0.066667,1.000000
116498897,74,01111011101000010101011100001111000000001000111010110100011101001001100111,116475188,0,0.066667,1.000000
116498898,82,1101110100010001001000010101011100001101000010001000100111011000000111110100000111,116498411,0,0.140000,0.700000
116498899,78,011110110010111110000010101011000001101000000001000110010111110011001110011100,116501528,0,0.140000,0.800000
116498901,66,010111001001010101110000110100000000110001101010100011001110011110,116498411,0,0.140000,0.700000
116498902,79,1101100101011000000101010111000011010000000011000000101111100011101101011100110,116475188,0,0.066667,1.000000
116498904,80,01111011001011111000001010101100000110100000000100011001011111000110011100111001,116498411,0,0.140000,0.700000
116498905,75,001101011101000010101011100001101000000001000011011110100011101001001100111,116475188,0,0.066667,1.000000
116498906,75,101010011000000101010111000011010000001010000110101111000111000010011000111,116475188,0,0.066667,1.000000
116498912,79,0100100110001001000010101011100001101000000001100110011111110100001111010010111,116498415,0,0.022857,0.800000
116498913,82,0111100010001101000010101011100001101000000001100010011111110100001111001001011101,116488550,0,0.040000,0.800000
116498914,74,00011010111010001111010111000011010001000010000100101111001101011100110000,116473639,0,0.120000,0.600000
116498915,76,1010110010000100000101010111000011010000000011000100101011100011001110111001,116476973,0,0.100000,0.600000
116498916,82,0011010101000110100011010101110000110100000000110101001111111010000111000001011101,116470083,0,0.070000,0.700000
116498917,75,001101011101000010101011100001101010000001000011010110100011101001001100111,116483549,0,0.160000,0.800000
116498918,82,1001000001001100000010101011100001101000000001000100110111101001011010011001110011,116470093,0,0.040000,1.000000
116498919,83,11001000001011110000110101011100001101000000001000100110110101100011011011000110010,116488551,0,0.024000,0.600000
116498920,75,101010011000000101010111000011010000000010000110101111000111000010011000111,116483549,0,0.200000,1.000000
116498921,83,01101110100010001001000010101011100001101000000001000100111011000000011100100000111,116508499,0,0.200000,1.000000
116498922,77,10101100100011000001010101110000110100000000110001001010111100110011100111001,116483549,0,0.200000,1.000000
116498923,79,1011101000100010011000011101110000110110000000100010011101100001001110010000011,116508499,0,0.100000,0.500000
116498924,77,10101100100011000001010101110000110100000000110001001010111100110011100111001,116476973,0,0.066667,1.000000
116498925,88,0011001000001111110000010101011100001101100000001000100111110101100001111011001110011000,116476974,0,0.050000,1.000000
116498926,78,010011001000110100001010101110000110100000001100010010111110011000111001110011,116501532,0,0.050000,0.500000
116498927,82,0110100010001101000010101011100001101000000001100010011111110100001110000001011100,116494069,0,0.053333,0.800000
116498928,81,010010011000100100001010101110000110100000000111001001111111010000111110100101110,116501532,0,0.050000,0.600000
116498929,77,11010001000110100001010101110000110100010000100001001011111000110111000111001,116476974,0,0.050000,1.000000
116498930,83,01011010001000110100001010101110000110110000000110001001111111010000111100100101110,116476974,0,0.050000,1.000000
116498931,81,011010001000110100001010101110000110100010000110001001111111010000111000000101110,116501532,0,0.040000,0.500000
116498932,76,0110100001100000010101011100001101000000001000011010111100011100001001100011,116508501,0,0.080000,0.800000
116498933,75,101010111000000101010111000011010000000010000101101110001110010100110001111,116494069,0,0.053333,0.800000
116498936,75,000110101110100011110101110000110100010000100001001011110011010111001100000,116494069,0,0.040000,0.600000
116498938,81,011010001000110100001010101110000110100000000110001001111111010000111000000101110,116476974,0,0.050000,1.000000
116498939,83,10110100010001101000010101011100001101000000001100010011111110000001111001001011101,116494069,0,0.053333,0.800000
116498941,81,011010001000110100001010101110000110100000000110001001111111010000111000000101110,116476974,0,0.050000,1.000000
116498943,78,010011001000110100001010101110000110100000001100010010111110011000111001110011,116494069,0,0.046667,0.700000
116498944,79,1100100101011000000101010011000011010000000011000110100111100011000100011100100,116476976,0,0.050000,1.000000
116498945,74,11101000011000000101010111000011010000000010000110101110000111000001110001,116476976,0,0.050000,1.000000
116498946,82,0111100010001101000010101011100001101000000001100010011111110100001111001001011101,116503235,0,0.053333,0.800000
116498947,75,111101110000001010101110000110100000000100001011011110001110011100110101111,116503235,0,0.053333,0.800000
116498948,77,11110000000010100001010101110000110100000000111000001110110100011010010010111,116476976,0,0.050000,1.000000
116498949,73,1101011101000010101011110001101000000001100001010011100011001110011110100,116476976,0,0.050000,1.000000
116498950,82,0110100010001101000010101011100001101000000001100010011111110000001110000010111011,116503235,0,0.053333,0.800000
116498954,79,0100100110001001000010101011100001101000000001100110011111110100001111010010111,116492282,0,0.053333,0.800000
116498955,82,1001000001001100000010101011100001101000000001000100110100101001011010011001110011,116490329,0,0.100000,0.800000
116498958,82,0011010001000110100011010101110000110100000000110101001111111010000111000001011101,116476987,0,0.100000,1.000000
116498959,79,0111100000001101000010101011100001101000000001110010011101101000011010010010111,116480045,0,0.066667,1.000000
116498960,75,111010000110000001010101110000110100000000100001101011100001110000011100010,116500013,0,0.080000,1.000000
116498961,80,01101000100011000001010101110000110100000000111000001111111010000011000001011101,116478433,0,0.066667,1.000000
116498962,80,01101000100011000001010101110000110100000000111000001111111010000011000001011101,116478433,0,0.066667,1.000000
116498963,80,11100100101011000000101010111000011010000000011000100101111100011000100011100100,116478433,0,0.066667,1.000000
116498964,70,0101011101000010001011100001101000000011000010101111001110001100111111,116478433,0,0.066667,1.000000
116498965,79,1111011001000110000001010101110000110100000000100001001001101000100111001111001,116478433,0,0.066667,1.000000
116498966,80,01101000100011000001010101110000110100000000111000001111111010000011000001011101,116478433,0,0.066667,1.000000
116498967,79,0100100110001001000010101011100001101000000001100110011111110100001111010010111,116478433,0,0.066667,1.000000
116498968,70,1010111010000111010111000011010000000011000010101111010110010100111111,116478433,0,0.066667,1.000000
116498969,80,01111010001001110000001010101110000110110000000110011101011111001110011111110101,116478433,0,0.066667,1.000000
116498970,83,10110100010101101000010101011100001101000000001100110011111110100001111000001011100,116478433,0,0.066667,1.000000
116498971,82,1011010001000110100001010101110000110100000000110001001111110010000111100100101110,116478433,0,0.066667,1.000000
116498972,81,011101000100111010000101010110000011010000000011100100111111101001011100100101111,116478433,0,0.066667,1.000000
116498973,79,1110100101011000000101010111010011010000000011000100101111100011000100011101100,116478433,0,0.066667,1.000000
116498974,80,01111011001011111000001010101100000110100000000100011001011111001110011100111001,116478433,0,0.066667,1.000000
116498975,73,0111101010100001010101111000110100000000100001100110100011101001001100110,116478433,0,0.066667,1.000000
116498976,78,001011000101000000010101011100001101000000001100010010111110011100111011100010,116478433,0,0.066667,1.000000
116498977,81,011101000100111010000101010110000011010000000011100100111111101001011100100101111,116478433,0,0.066667,1.000000
116498978,80,01111011001001111000011010101100000110110000000100011001011111000010011100111001,116478433,0,0.066667,1.000000
116498981,76,0011010111010000101010111000011010100000010000110101101000111010010011001111,116478435,0,0.066667,1.000000
116498982,80,11010001010110100001010101110000111000000001100110011111110100001111000001001100,116480036,0,0.040000,0.600000
116498983,82,0111100010001101000010111011100001101000000001100010011111110100001111001001011101,116505123,0,0.120000,0.700000
116498984,80,01111011001001111000011010101100010110110000000100011001011111000010011100111001,116478437,0,0.033333,1.000000
116498985,85,0011001000001111110000010101011100001101000000001000100111101011000011110110011100110,116501534,0,0.040000,0.600000
116498986,81,011010001000110100001010101110000110100000000110001001111111110000111000000101111,116483540,0,0.040000,0.800000
116498987,82,0110100010001101000010101011100001101000000001100010011111110000001110000010111011,116478440,0,0.040000,1.000000
116498988,76,1110110001100000010101111100001101000000001000011010111000011100001011100011,116498415,0,0.020000,0.700000
116498989,70,1010111010000111010111000011010000000011000010101111010110010100111111,116478440,0,0.040000,1.000000
116498990,79,0110110010001100000010101011101001101000001001000010101111010001000111101010010,116486641,0,0.017143,0.600000
116498991,74,10101001100000010101011100001101000000001000011010111101011100001001100011,116478440,0,0.040000,1.000000
116498992,79,0100100110001001000011101011100001101000000001100110011011110100001111000010111,116486641,0,0.020000,0.700000
116498993,88,0011001000001111110000010101011100001101000000101000100111110101100001111011001110011000,116478440,0,0.040000,1.000000
116498994,75,011010111000001010101111000110100000000100001001011101001110010101100001100,116498415,0,0.020000,0.700000
116498995,75,011011010100000010101011100001010000000011000000101111100011001101011100110,116478440,0,0.040000,1.000000
116498996,78,110101100100001000000101010111000011010000100011000100101010000110011100111001,116500005,0,0.022857,0.800000
116498997,81,100101000100110000001010101110000110100000000100010011010010111100101001100111001,116478440,0,0.040000,1.000000
116498998,81,011010001000110100001010101110000110101000000110001001111111010000111100000101110,116478440,0,0.040000,1.000000
116498999,81,010010011000000100001010101110000110100000000111001001111111010000111110100101110,116478441,0,0.066667,1.000000
116499000,82,1001000001001100000010101011100001101000000001000100111110101001011010011001110011,116498401,0,0.100000,1.000000
116499001,77,01010000101000000010101011100001101001000001100010010111110001100111011100101,116470086,0,0.040000,0.600000
116499003,77,11010001000110100001010101110000110100000000100001001011111000110111000111001,116478442,0,0.040000,1.000000
116499004,74,11010011000001010101111000110100000000100001001011111001010010101100001100,116478442,0,0.040000,1.000000
116499005,82,1001000001001100000010101011100001101000000001000100110100101001011010011001110011,116478442,0,0.040000,1.000000
116499006,74,11110111000000101010111000011010000000010000101101110001110010100110001111,116492275,0,0.032000,0.800000
116499007,82,0111100010001101000010101011100001101000000001100010011111110100001111001001011101,116478442,0,0.040000,1.000000
116499009,82,0111100010001101000010101011100001101000000001100010011111110100001111001001011101,116506701,0,0.060000,0.600000
116499010,75,101110111000000101000111000011010000000010000101101110001110010100110001111,116478442,0,0.040000,1.000000
116499011,75,101110111000000101000111000011010000000010000101101110001110010100110001111,116506701,0,0.060000,0.600000
116499012,82,0111100010001101000010101011100001101000000001100010011111110100001111001001011101,116503231,0,0.032000,0.800000
116499013,80,01101000100011010000100010111000011010000001011001001011111000000111100100101110,116478442,0,0.040000,1.000000
116499014,75,010110010000100000101010111000011010000000011000100101011100011001110111001,116478442,0,0.040000,1.000000
116499015,79,1101011101110100001010101100001110100000000101001100011100010110010100110101100,116478442,0,0.040000,1.000000
116499016,80,01111011001011111000001010101100000110100000000100011001011111000110011100111001,116478442,0,0.040000,1.000000
116499017,71,01110111000001010101110000110100000000100001011011100011100101001100011,116503231,0,0.032000,0.800000
116499018,73,1101011100000101010111000011010000000010000100101111000111001000010000010,116478442,0,0.040000,1.000000
116499019,81,001101000110011010001101010111010011010000000110001001111111010000111010101010101,116470086,0,0.040000,0.500000
116499020,77,11011001000110000001010101110000110100000100111001001011101000100111000111001,116478442,0,0.040000,1.000000
116499021,83,10010010001000110111001010111110000110100000000111001001111111010000110000001011101,116486626,0,0.013333,0.600000
116499022,81,011010001000110100001010101110000110100000000110001001111111010000111100000101110,116478443,0,0.022222,1.000000
116499024,76,0111110010110000011010101010000110000000000110011001011111000010011100011001,116500007,0,0.033333,0.500000
116499025,82,0111100010001101000010101011100001101000000001100010011111110100001110001001011101,116488562,0,0.053333,0.800000
116499026,83,00110100110101101000010101011100001101000000001100010011111110100001111001001011101,116478446,0,0.100000,1.000000
116499028,81,010010011000100100001010101110000110100000000111001001111111010000111110100101110,116498418,0,0.080000,0.400000
116499029,81,011010001000110100001010101110000110100000000110001001111111010000011100000101110,116478446,0,0.100000,1.000000
116499030,78,001111100010110010001010101110000110100000000110011001011111000011011000111001,116490327,0,0.070000,0.700000
116499031,77,01001001100010100000101010111000011010000000001000100110111010000111101011011,116488562,0,0.046667,0.700000
116499032,84,010110000010001000000101010111000011110000000010001000111101011000111100110011010101,116490327,0,0.070000,0.700000
116499033,77,11111011100000010101011100001101000001001000010110111100011100101001101011111,116488548,0,0.060000,0.600000
116499034,77,01001001100010100000101010111000011010000000001000100110111010000111101011011,116488548,0,0.060000,0.600000
116499035,81,010010011000100100001010101110000110100000000111001001111111010000111110100101110,116490325,0,0.053333,0.800000
116499036,81,011010001000110100001010111110000110100000000110001001111111000000111000001011101,116478446,0,0.100000,1.000000
116499037,79,0111100000001101000010101011100001101000000001110010111101101000011010010010111,116490327,0,0.080000,0.800000
116499038,77,11111011100000010101011100001101000001001000010110111100011100101001101011111,116478446,0,0.100000,1.000000
116499039,70,1010111010000111010111000011010000000011000010101111010110010100111111,116490325,0,0.046667,0.700000
116499040,71,11110110000001010101110000110100000000100001011011100011100101000100011,116478446,0,0.100000,1.000000
116499041,73,1010000110000001010101110000110100000000100001101001110001110000001110011,116478447,0,0.200000,1.000000
116499042,72,011110111010100101010111100011010000000010000110011010001110100100110011,116478447,0,0.200000,1.000000
116499043,79,0011000010011000000101010111000011010000000010001011011010110101101000100110001,116478447,0,0.200000,1.000000
116499044,88,0011001000001111110000010101011100001101000000001000100111110101100001111011001110011000,116471685,0,0.050000,1.000000
116499045,78,010010001010000000101010111001001010000000011000110101111100011000110111100100,116506693,0,0.024000,0.600000
116499046,73,0111101110100001010101111000110100000000100001100110100011101001001100110,116478450,0,0.040000,1.000000
116499047,71,01110111000001010101110000110100000000100001011011100011100101001100011,116478450,0,0.040000,1.000000
116499048,81,011010001000110100001010101110000110100000000110001001111101010000111000000101111,116501525,0,0.040000,1.000000
116499049,81,010010011000100100001010101110000110100000000110001001111111010000111110100101110,116478450,0,0.040000,1.000000
116499050,80,01101000100010000001010101110000110100000000111000011111111010000111000011011101,116478450,0,0.040000,1.000000
116499051,78,110100010000101000010101011100001101000000001100100101111100000011100100101110,116478450,0,0.040000,1.000000
116499052,78,001011000101000000010101011100001101000000001100010010101110011100110011100010,116501525,0,0.040000,1.000000
116499053,75,101100110011000000101010111000011010000000010000100101110100010111100111111,116478450,0,0.040000,1.000000
116499054,73,0101001100000011101011100001101000000001000011010111101011100001001101011,116501525,0,0.032000,0.800000
116499055,86,00110010000011111000000101010111000011010000000010001001111101011000011110110011100110,116490332,0,0.100000,1.000000
116499056,82,0110100011001101000110101011100001101000000001110010011111111100001100000010111010,116490332,0,0.080000,0.800000
116499057,82,0110100011001101000110101011100001101000000001110010011111111100001100000010111010,116490332,0,0.080000,0.800000
116499058,76,0110100001000000010101011100001101000000001000011010111100011100001001100011,116501525,0,0.040000,1.000000
116499059,82,1011010001000110100001010101110000110100000000110001001111111010000011100000101110,116478450,0,0.040000,1.000000
116499060,82,1111000001000100000101010111000010010000000010001001111101011001111100110011110101,116501525,0,0.032000,0.800000
116499061,75,010110010000100000101010111000011010000000011000100101011100011001110111001,116478450,0,0.016000,0.400000
116499063,73,0101001100000011101011100001101000000001000011010111101011100001001101011,116501525,0,0.032000,0.800000
116499064,77,01011001000100000011010101110000110100000000110000010011100101100111111101010,116490332,0,0.080000,0.800000
116499068,81,011010001000110100000010101110000110100000000110001001111111010000111000000101110,116506708,0,0.040000,0.700000
116499069,81,011010101000110100001010101110000110100000100110001001110111010000111101000101110,116478453,0,0.040000,1.000000
116499070,76,1011110010110000001010101110000110100000001100110010111110000100110000110010,116480035,0,0.100000,1.000000
116499071,73,1101011100000101010111000011010000000010000100101111000111001000010000010,116475183,0,0.100000,0.800000
116499072,83,11001000001011110000110101010100001101000000001000100110110101100011011011000110010,116480035,0,0.100000,1.000000
116499073,80,01001001100010010001101010111000011010000000011001100110111101000011110100101110,116494069,0,0.046667,0.700000
116499074,77,11010001010110100001010101110000110100000000100001001011111000110111000111001,116503239,0,0.080000,0.800000
116499075,74,10101001000000010101011100001101000000001000011010111001011100001001100001,116476974,0,0.015000,0.300000
116499076,84,111001000001011100000110101011100001101000000001000100111111101100011010011000110010,116463291,0,0.060000,0.600000
116499077,77,10101100100011000001010101110000110100000000110001001010111100110011100111001,116503239,0,0.080000,0.800000
116499078,75,001101011101000010101011100001101000000001000011011110100011101001001100111,116503239,0,0.080000,0.800000
116499079,73,0011010111010000101010111000011010000000010000110111101000111100100110011,116480036,0,0.066667,1.000000
116499081,78,011011001000110000001010101110000110100000000110101001011101000100111000111001,116480037,0,0.100000,1.000000
116499082,75,000110101110100011010101110000110100000000101001001011111011110111001101001,116500000,0,0.060000,0.600000
116499083,72,011010111010000101010111000011010000000010000110101010001110100100110011,116480037,0,0.100000,1.000000
116499084,75,001101011101000010101011100001101000000001000011010110100011101001001100111,116480037,0,0.100000,1.000000
116499085,82,1011010001000111100001010101110000111100000010110001001011111010000111100001011101,116505130,0,0.100000,0.700000
116499086,82,0111100010001101000010111011100001101000000001100010011111110100001111001001011101,116505130,0,0.100000,0.800000
116499087,75,111101001100000010101011100001111000000001000011010111000011100011001100011,116480037,0,0.100000,1.000000
116499088,81,011010001000110100001010101110000110100000000110001001111111010000111000000101110,116480037,0,0.100000,1.000000
116499089,72,110100101100000010101011101001101000000001000011010111100011001000011101,116480037,0,0.080000,0.800000
116499090,74,10101001100000010101011100001101001000001000011010111101011100001001100001,116480037,0,0.100000,1.000000
116499091,81,011010001000110100001010101110000110101000000110001001111111010000111100000101110,116480037,0,0.100000,1.000000
116499092,79,0110100010001101000010101011100001101000000011000100111111101000011110000010111,116480037,0,0.100000,1.000000
116499093,77,10101100100011000001010101110000110100000000110001001010111100110011100111001,116488556,0,0.024000,0.600000
116499094,78,111010010101100000010101011100001101000000001100010010111110001100100011101100,116480038,0,0.066667,1.000000
116499095,82,0110100010001101000010101011100001101000000001100010011111110100001111000001011100,116480039,0,0.033333,1.000000
116499096,78,011011001000110000101010101110000110110000000110101001011101000000111000111001,116480039,0,0.033333,1.000000
116499097,75,110100001100000010101011100001101000000001000011010011100011100001001110011,116488555,0,0.040000,0.600000
116499098,75,110100001100000010101011100001101000000001000011010011100011100001001110011,116480039,0,0.033333,1.000000
116499099,75,011010111000001010001111000110100000000100001001011101001110010101100001100,116478438,0,0.070000,0.700000
116499100,82,1101110100010001001000010101011100001101000010001000100111011000000011110100000111,116468457,0,0.140000,0.700000
116499101,79,1101000110011010000101010111000011010000000011000100111111010000111000000101110,116478438,0,0.100000,1.000000
116499102,86,00110010000011111100000101010111000011011000000010001001111010110000111101100111001100,116480042,0,0.053333,0.800000
116499103,80,01101000100011000001010101110000110100000000111000001111111010000111000001011101,116480044,0,0.100000,1.000000
116499104,83,01011010001000110100001010101110000110110000000110001001111111010000111100100101110,116498420,0,0.024000,0.700000
116499105,75,110101010000100010010101011100001101000000001100110010011100001000110111011,116480045,0,0.066667,1.000000
116499106,70,1010111010000101011111000011010000000011001110101111100110011100101100,116495374,0,0.066667,0.600000
116499107,80,11000010001101000010101011100011101000000001100010011111110100001110000001011100,116495374,0,0.035000,0.600000
116499108,82,1101110000010001001000010101011100101101000000001000100111011000000011100100000111,116481598,0,0.035000,0.700000
116499109,79,1101100101011000000101010111000011010000000011000000101111100011101101011100110,116481598,0,0.050000,1.000000
116499110,66,010111001001010101110000110100000000110001101010100011001110011110,116481598,0,0.050000,1.000000
116499111,81,011010001000110100001010101110000110100000000110001001111111010000111000001011101,116481598,0,0.050000,1.000000
116499113,81,101110100010101001000010101011000001101000000001010100111110000010011100110010110,116500009,0,0.066667,0.800000
116499114,86,00110010000011111100000101010111000011010000000010001001111101011000011110110011100110,116500009,0,0.066667,1.000000
116499115,77,01001001100010100000101010111000011010000000001000100110111010000111101011011,116481609,0,0.033333,0.500000
116499116,83,11001000001011100000110101011100001101000000001000100110110101100011011011000110010,116501527,0,0.053333,0.800000
116499117,77,10101100100011000001010101110000110100000000110001001010111100110011100111001,116481609,0,0.040000,0.600000
116499118,81,011010101000110100001010101110000110100010000110010011111010100011111001001011111,116481600,0,0.066667,1.000000
116499119,88,0011001000001111110000010111011100101101000000001000100111110101101001110011001110011010,116481609,0,0.033333,0.500000
116499123,77,11001001010110000001000101110000110100000000110100001011111000110011000110010,116481602,0,0.066667,1.000000
116499124,81,011010001000110100001010101110000110100000000110001001111111010000111100000101110,116481602,0,0.066667,1.000000
116499125,83,11001000001011110000110101011100001101000000001000100110110101100011011011000110010,116481602,0,0.046667,0.700000
116499126,78,111010001000110100001010100110000110100000000100000001011111000110111000111001,116481602,0,0.066667,1.000000
116499127,75,111101110000001010101110000110100000000100010110111100011100101001101011111,116501524,0,0.053333,0.800000
116499128,75,110110000100000010101011100001101000000001000011011111100011000001001100001,116481602,0,0.066667,1.000000
116499129,74,10101001100100010101011100001101000000001000011010111100011100001111100011,116481602,0,0.066667,1.000000
116499130,81,011010001000110100001010101110000110101000000110001001111111010000111100000101110,116501524,0,0.046667,0.700000
116499136,81,011010001000110100001010101110000110101000000110001001111111010000111100000101110,116498418,0,0.080000,0.400000
116499140,74,10101001100000010101111100001101000000001000011010111100011001010011000101,116481604,0,0.100000,1.000000
116499141,86,00110010000011111000000101010111000011010000000010001101111001011000011110110011100110,116486636,0,0.026667,0.400000
116499142,75,010101001100000010101011100001101000000001000011010111101011100001001101011,116481604,0,0.100000,1.000000
116499143,80,01110100000001101000010101011100001101000000001110010011111110100001110010010011,116495376,0,0.120000,0.600000
116499145,83,01011010000000110100001010101110000110100000000110001001111111000000011100100101110,116495379,0,0.032000,0.800000
116499149,77,01011001100110000001010101110000110100000000100001001011101000101110001110110,116495379,0,0.032000,0.800000
116499150,81,011010001000110100001010101110000110100000000110001001111111010000111100000111110,116481606,0,0.100000,1.000000
116499151,83,11001000001011100000110101011100001101000000001010100111110101100011010011000111000,116481606,0,0.100000,1.000000
116499152,81,001110100010001101000010101011100001101000000001100010011111110100001110010010111,116481606,0,0.100000,1.000000
116499153,81,110010000010111000001101010111000011010000000010001001101101011000110101100011001,116503246,0,0.070000,0.700000
116499154,82,0110110011001101000110101011100001101000000001110010011111111100001100000010111010,116503246,0,0.070000,0.700000
116499155,81,001111011001011111000001010101100000110100000000100011001011111000110011100111001,116503246,0,0.070000,0.700000
116499156,76,0111110010110000011010101010000110000000000110011001011111000010011100011001,116481614,0,0.060000,0.600000
116499157,74,11110111000000101010111000011010000000010000101101110001110010100110001111,116503243,0,0.120000,0.600000
116499158,79,0011000010011000100101010111000011010000000010001011011010110101101001100111001,116481614,0,0.100000,1.000000
116499159,78,110110010101100001010101011100001101000000001100010111111110001010111101110010,116481614,0,0.100000,1.000000
116499160,85,0011001000001111110100010101011100001101000000001000100111101011000011110110011100110,116500011,0,0.028000,0.700000
116499161,83,00110100110101001000010101011100001101000000001100010011111110100001111001001011101,116470081,0,0.080000,0.800000
116499162,81,011010001000110100001010101110000110100000000110001001111111010000011100000101110,116483540,0,0.050000,1.000000
116499163,79,1101100101011000000101010111000011010000000011000000101111100011001101011100110,116478440,0,0.032000,0.800000
116499169,81,011010001000110100001010101110000110100000000110001001111111010000111100000101110,116483546,0,0.066667,1.000000
116499170,86,00110010001011111100000101010111000011010000000010001001111101011000011110110011100110,116483546,0,0.066667,1.000000
116499171,81,011010001000110100001010101110000110100000000110001001111111010000111100000101110,116468450,0,0.160000,0.800000
116499172,82,1101110100010001001000010101011100001101000010001000100111011000000011110100000111,116490318,0,0.053333,0.800000
116499173,81,011010001000110100000010101110000110100000000110001001111111010000111000000101110,116490320,0,0.100000,0.800000
116499174,75,101010011000000101010111000011010000000010000110101111000111000011111000111,116492276,0,0.032000,0.800000
116499175,76,1010110010000100000101010111000011010000000011000100101011100011001110111001,116508498,0,0.100000,0.600000
116499176,78,011110110010111110000010101011000001101000000001000110010111110011001110011100,116496909,0,0.030000,0.600000
116499177,75,101110111000000101010111000011010000000010000101101110001110010100110001111,116483548,0,0.100000,1.000000
116499178,73,1111011100000010101011100001101000000001000010110111000111001010011000111,116476973,0,0.040000,0.600000
116499179,81,011010001000110100001010101110000110100000000110001001111111010000111100000101110,116483549,0,0.200000,1.000000
116499180,77,11011001000110000001010101110000100100000000100001000011101001100101000111101,116483550,0,0.050000,1.000000
116499181,81,110111010001000100100001011101110100110100000010100010011101100001001110010000011,116483550,0,0.050000,1.000000
116499183,74,00111010111010001101010111000011010000000010100100111011101111011100110110,116483550,0,0.050000,1.000000
116499184,81,110111010001000100100001011101110100110100000010100010011101100001001110010000011,116483550,0,0.050000,1.000000
116499185,75,111101110000001010101110000111100000000100001010011110001110011100110001111,116483550,0,0.050000,1.000000
116499186,74,00111010111010001101010111000011010000000010100100111011101111011100110110,116483550,0,0.050000,1.000000
116499187,74,00111010111010001101010111000011010000000010100100111011101111011100110110,116483550,0,0.050000,1.000000
116499188,75,111010111000001010101111000110100000000100001001011111001110010101100001100,116483550,0,0.050000,1.000000
116499189,77,10010010101100000010101011100001010000100011000110101111100011000100011100100,116483550,0,0.050000,1.000000
116499190,74,00111010111010001101010111000011010000000010100100111011101111011100110100,116483550,0,0.050000,1.000000
116499192,73,1101011100001010101111000110100000000100101001011111001110010101100001100,116483550,0,0.050000,1.000000
116499193,79,0111100000001101000010101011100001101000000001110010011101101000011010010010111,116483550,0,0.050000,1.000000
116499194,79,0111100000001101000010101011100001101000000001110010011101101000011010010010111,116483550,0,0.050000,1.000000
116499196,77,11011001000110000001010101110000100100000000100001000011101001100101000111101,116483550,0,0.050000,1.000000
116499197,74,10101001100000010101011100001101000000001000011010111101011100001001100011,116483550,0,0.050000,1.000000
116499198,78,011111001011000000101010111000011010000000011000100101111100001001100001100100,116483550,0,0.050000,1.000000
116499200,81,010010011000000100001010101110000110100000000111001001111111010000111110100101110,116483551,0,0.100000,1.000000
116499201,80,01111010001001110000001010101110000110100000000110011001011111001010011111111001,116500013,0,0.100000,1.000000
116499202,79,0011000010011000000101010111000011010000000010001011011010110101101000100111101,116483551,0,0.100000,1.000000
116499203,78,110110010101100000010101011100001101000000001100010111111110001010111101110010,116483551,0,0.100000,1.000000
116499204,81,001111010001001110000001010101110000110100000000110011001011111001010011111111001,116483551,0,0.100000,1.000000
116499205,79,1110110010001100000000101011100001101000000001000010010011010001001110011110010,116500013,0,0.100000,0.800000
116499206,80,10011000010011000000101010111000011010000000010001011011010110101101000100110001,116483551,0,0.100000,1.000000
116499208,76,0110110010001100000010101010100001101000000001101010010111000001001110001100,116498405,0,0.028000,0.700000
116499211,80,01111011001011111000001010100100000110100000000100011001011111000110011100111001,116484999,0,0.040000,0.800000
116499212,74,10101001100000010101111100001101000000001000011010111100011001010011000101,116485001,0,0.200000,1.000000
116499213,78,010011001000110100001010101110000110100000001100010010111110011000111001110011,116485001,0,0.200000,1.000000
116499214,81,011010101000111100001010101110000110100000000110001001111111010000111100000101110,116485001,0,0.160000,0.800000
116499215,79,0011000010011000100101010111000011010000000010001011011010110101101001100111001,116495386,0,0.040000,0.600000
116499216,75,101110110110000001010101110000110100000000100101101001111001100100110110001,116485001,0,0.200000,1.000000
116499217,79,0110100010001101000000101011100001101000000011000100111111101000011100000010111,116485001,0,0.200000,1.000000
116499218,81,011010001000111100001011101110000111100000000110001001111111010000111100001011001,116473635,0,0.040000,0.600000
116499219,74,10101001000000010101011100001101000000001000001010111101011100001001100011,116486641,0,0.022857,0.800000
116499220,71,11110110000001010101110000110100000001100001011011100011100111000100011,116473635,0,0.046667,0.700000
116499221,80,01101000100011010000101010111000011010000000011001001011111000000111100100101110,116490328,0,0.046667,0.700000
116499225,83,01011010001000110100001010101110000110110000000110001001111111010000111100100101110,116486640,0,0.040000,0.400000
116499228,82,0110100000001101000010101011110001101000000001100010011111110100001110000010111011,116490319,0,0.080000,0.800000
116499233,75,101010011000000101010111000011000000000010000110101111000111000010011000111,116485008,0,0.200000,1.000000
116499234,80,10101100100000000000101010111000010010000000010000100101011100011001110011100111,116503248,0,0.060000,0.600000
116499235,78,010011001000110000001010101110000110100000001100010010111110001000111001110011,116485009,0,0.100000,1.000000
116499237,78,101011101000110000001110101111000110100000000110011001111110100100110001110010,116490331,0,0.046667,0.700000
116499238,80,11110001000110100001010101010000110100000000110001001111111010000111001001011101,116485010,0,0.066667,1.000000
116499241,77,10110100001100000010101011100001101000000001000011010111000011100001010101011,116481617,0,0.100000,1.000000
116499242,77,11010001000110100001010101110000110100000000100001001011111000110111000110001,116490322,0,0.050000,1.000000
116499243,82,0111100010001101000010101011100001101000000001100010011111110100001110001001011101,116486651,0,0.045788,1.000000
116499244,81,101111000100001010000101010111000011010000000011100100111011010000110100000101111,116498402,0,0.040000,0.800000
116499245,80,01101000100011010000101010111000011010000000011000100111111010000111100100101110,116498402,0,0.040000,0.800000
116499246,77,11011001100110000001010101110000110100000000100001001011101000101110001110110,116498402,0,0.040000,0.800000
116499247,73,0111101110100001010101111000110100000000100001100110100011101001001100110,116486651,0,0.036630,0.800000
116499248,83,01011010001000110100101010101110000110110000000110001001111111010000111100100101110,116486651,0,0.032051,0.700000
116499249,80,01101000100011010000101010111000011010000000011000100111111010000111100100101110,116485012,0,0.050000,1.000000
116499250,83,01011010001000110100001010101110000110110000000110001001111111010000111100100101110,116498408,0,0.080000,0.800000
116499251,70,0101011101000010001011100001101000000011000010101111000110001100111111,116485014,0,0.066667,1.000000
116499252,80,01101000100010000001010101110000110100000000111000001111111010000111000001011101,116485014,0,0.066667,1.000000
116499253,76,1111101110000001010101110000110100000000100001010011110001110011100110001111,116485015,0,0.066667,1.000000
116499254,76,0001101011101000110101011100001101000000001010010010111110111101110011010011,116485015,0,0.066667,1.000000
116499255,79,1101011101110100001010101100001110100000000101001100011100010110010100110101100,116465090,0,0.030000,0.600000
116499256,77,11010001000110100001010101110000110100000000100001001011111000110111000111001,116486627,0,0.050000,1.000000
116499257,81,011010001000110100001010101110000110101000000110001001111111010000111100000101110,116486628,0,0.100000,1.000000
116499260,79,0110110010001100000010101011100001101000000001000010101111010001010111101010010,116486629,0,0.100000,1.000000
116499261,74,10101001100000010101011100001101000000001000011010111100011100001001100011,116488552,0,0.140000,0.700000
116499262,75,111101110000001010101110000110100100000100001111011110001110011100110011111,116488552,0,0.120000,0.600000
116499263,74,11110111000000101010111000011010000000010000101101110001110010100110001111,116486629,0,0.100000,1.000000
116499264,81,011010001000110100001010101110000110100000000110001001110111010000111000000101110,116486629,0,0.100000,1.000000
116499265,81,010010001000110100001010101110000110100000000110001001111111010000111100000101110,116500012,0,0.080000,0.800000
116499266,79,1100100101011000000101010111000011010000100011000110101111100011000100011100100,116508501,0,0.100000,0.700000
116499267,78,011011001000110000001010101110000110100000000110101001011101000100111000111001,116503231,0,0.032000,0.800000
116499269,70,1000111010000101010111000011010000000011000010101111000110011100111101,116500010,0,0.080000,0.800000
116499270,77,11011001000110001001010101110000110100000010100001001111101010100111000110001,116486633,0,0.040000,1.000000
116499271,75,101100110011000000101010111000011010000000010000100101110100010111100011111,116486640,0,0.040000,0.400000
116499272,74,11010011000001110101111000110100000000100001001011111001110010101100001100,116486629,0,0.060000,0.600000
116499273,80,10101100100001000000101010111000011010000000010000100101011100011001110011100111,116486633,0,0.040000,1.000000
116499274,76,1111101110000001010101110000110100000000100001010011110001110011100110001111,116500010,0,0.080000,0.800000
116499275,78,001111100010110010001010101110000110100000000110011001011111000011011000111001,116498401,0,0.080000,0.800000
116499276,77,11011001000110000001010101110010110100000000101001001011100000100111000011101,116486633,0,0.040000,1.000000
116499277,74,10101001100000010100011100001101010000001000011010111100011100001001100011,116488552,0,0.120000,0.600000
116499278,82,1101110100010001001000010101011100001101000000001000100111011000000011100100000111,116471693,0,0.066667,1.000000
116499280,80,01111010001001110000001010101110000110100000000110011001011111001110011111111001,116471693,0,0.066667,1.000000
116499281,82,1100100000100110000001010101110000110100001000100010011011010110001101011100011001,116471693,0,0.053333,0.800000
116499282,77,10011011111010000101010111000011011000000010000110101101000110010010011001111,116486639,0,0.066667,1.000000
116499283,79,0011100000001101000010101011100001100000000001110010011101101000011010010010101,116488545,0,0.080000,0.800000
116499284,79,0100100110001001000010101011100001101000000001101110011011110100101111010010111,116478443,0,0.013333,0.600000
116499285,78,001011100010110010001010101110000110100000000110011001011111000011011000111001,116486641,0,0.028571,1.000000
116499286,88,0011001000001111110000010101011100001101000000001000100111110101100001111011001110011000,116486641,0,0.028571,1.000000
116499287,76,0111110010110000001010101010000110000000000110011001011111000010011000011001,116486641,0,0.028571,1.000000
116499289,75,001101011101000010101011100001101000000001000011011110100011101001001100111,116486642,0,0.200000,1.000000
116499290,74,11101000011000000101010111000011010000000010000110101110000111000001110001,116508503,0,0.200000,0.800000
116499291,82,0110100010101101000010101011100001101000000001100110011111110100001111000001001100,116486642,0,0.160000,0.800000
116499292,75,111101110000001010101110000110100000000100001011011110001110011100110101111,116486643,0,0.100000,1.000000
116499293,82,1011010001000110100001010101110000110100000000110001001111110010000111100100101110,116486643,0,0.100000,1.000000
116499294,79,1100100101011000000101010111000011010000000011000110101111100011000100011100100,116496914,0,0.080000,0.800000
116499295,86,00110000000011111100000101010111000011010000000010001001111101011000011110110011100110,116496914,0,0.080000,0.800000
116499296,81,011010101000110100001010101110000110100000100110001001110111010000111101000101110,116486648,0,0.100000,1.000000
116499297,81,001010001000110100001010101110001110100000000110001001111111010000111110000101110,116486649,0,0.028571,1.000000
116499298,80,01101000100001000001010101110000110100000000111000001111111010000111000001011101,116486649,0,0.028571,1.000000
116499299,74,10101001100000010101011100001101000000001000011010111100011100001001100011,116486650,0,0.100000,1.000000
116499300,79,0100100110001001000010101011100001101000000001100110011111110100001111010010111,116486650,0,0.100000,1.000000
116499301,79,1101000110011010000101010111000011010000000011000100111111010000111000001101110,116492273,0,0.053333,0.800000
116499302,77,11110000000110100001010101110000110100000000111001001110110100001010010010111,116486651,0,0.045788,1.000000
116499303,77,10101100100011000001010101110000110100000100110001001010111100110011100111001,116501532,0,0.025000,0.500000
116499304,75,110101001100000010101011100001101000000001000011010111101011100001001100011,116508508,0,0.030000,0.700000
116499305,75,110101001100000010101011100001101000000001000011010111101011100001001100011,116486652,0,0.066667,1.000000
116499306,80,01110100010001101000010101011100001101000000001100010011111110100001110010010111,116465105,0,0.080000,0.800000
116499307,76,1010110010000100000101010111000011010000000011000100101011100011001110111001,116488542,0,0.053333,0.800000
116499308,75,111010111000001010101111000110100000000100001001011111001110010101100001100,116465087,0,0.070000,0.700000
116499310,82,1101110100010001001000010101011100001101000010001000100111011000000011110100000111,116488547,0,0.066667,1.000000
116499311,77,01011000101000000010111011100001101001000001101010010111110001100111011100001,116481614,0,0.060000,0.500000
116499312,77,11001001010110000001000101110000110100000000100001001011110000110011000110010,116486644,0,0.070000,0.700000
116499313,80,11100100101011000001101010111000011010000000011000100101111100011000100011100100,116488548,0,0.100000,1.000000
116499314,81,010010011000100100001010101110000110100000000111001001111111010000111110100101110,116488548,0,0.100000,1.000000
116499315,74,10101001100000010101011110001101000000001000011010111101011100001001101011,116478446,0,0.080000,0.800000
116499316,86,00110010010011111100100101010111000011010000000010001001111101011000011110110011100110,116488548,0,0.100000,1.000000
116499317,77,10101100100011000001010101110000110100000000110001001010111100110011100111001,116488548,0,0.100000,1.000000
116499318,79,0110100010001101000010101011100001101000000011000100111111101010011110000010111,116488548,0,0.100000,1.000000
116499319,83,00011010101000110100001010101110000110100000000110001001111111010000111100100101110,116478446,0,0.100000,1.000000
116499320,77,11010001010110100001010101110000110100000000100001001011111000110101000111001,116488548,0,0.100000,1.000000
116499321,79,0100100110001001000010101011100001101000000001100110011111110100001111010010111,116488549,0,0.200000,1.000000
116499322,77,11011001000110001101010101110000110100000010100001001111101010100111000111001,116488550,0,0.050000,1.000000
116499323,75,111101110000001010101110000110100000000100001011011110001110011100110101111,116488550,0,0.050000,1.000000
116499324,79,1101100101011000000101010111000011010000000011000000101111100011101101011100110,116476987,0,0.100000,1.000000
116499325,76,1100101011000000101010111000011010000000011000100101111100011000100011101100,116485003,0,0.030000,0.600000
116499326,79,0100100110001001000011101011100001101000000001100110011011110100001111000010111,116488550,0,0.050000,1.000000
116499327,80,01101000100001010000101010111100011010000000011001001111111000000111100100001110,116476987,0,0.080000,0.800000
116499328,70,1010111010000111010111000011010000000011000011101111010110010100111111,116476971,0,0.080000,0.800000
116499329,78,011011001000110000001010101110000110100000000110101001011101000100111000111001,116468455,0,0.053333,0.800000
116499330,82,0011010001000110100001010101110000110100000000110001011111111010000111100000101110,116488552,0,0.200000,1.000000
116499331,75,101010011000000101010111000011010000000010000110101111000111000011111000111,116488552,0,0.140000,0.700000
116499332,81,011010001000111100001011101110000111100000000110001001111111010000111100001011001,116488552,0,0.200000,1.000000
116499333,86,00110010000011111100000001010111000011010000000010001001111101011000011110110011100110,116500010,0,0.070000,0.700000
116499334,77,11110000000010100001010101110000110100000000111000001110110100011010011010111,116488554,0,0.100000,1.000000
116499335,81,100010100000001101000010101011101001101000000001110010011111110100001110010010111,116488554,0,0.100000,1.000000
116499336,75,111101001100000010101011100001111000000001000011010111000011100011001100011,116488554,0,0.100000,1.000000
116499337,79,0111100000001111000010101011100001101000000001110010011101101000011010010010111,116488556,0,0.032000,0.800000
116499338,81,011110001000110100001110101110000110100000000110001001111110010000111100000101100,116501533,0,0.033333,0.500000
116499339,81,010010011000100100001010101110000110100000000111101001111111010000111110100101110,116488558,0,0.040000,1.000000
116499340,79,0111100000001101000010101011100001111000000001110010011101101000011010010010111,116470093,0,0.032000,0.800000
116499341,81,011010001000110100001010101110000110110000000110001001111111010000111100000101110,116488559,0,0.066667,1.000000
116499342,83,01011010001000010100001010101110000111100000000110001001111111100100111000100101110,116488559,0,0.066667,1.000000
116499343,82,0001010001000110100001010101110000110100000000110001001111111010000111100100101110,116488559,0,0.066667,1.000000
116499344,78,111010000000110100001010101110000110100000001110010011111110100001110010010011,116488561,0,0.100000,1.000000
116499345,77,01001001100010100000101010111000011010000000001000100110111010000111101011011,116488561,0,0.060000,0.600000
116499346,78,010011001000110100001010101110000110100000001100010010011110011000111001110011,116488561,0,0.100000,1.000000
116499347,87,001100100000111110000001010101110000110100000000100010011111010110000111101100111001101,116498417,0,0.100000,1.000000
116499348,77,10010010101000000101010111000011010100000010100100101111100011001100111100100,116488561,0,0.060000,0.600000
116499349,78,010110010001000000110101011100001101000000001100000101111001011001111111010100,116488561,0,0.100000,1.000000
116499350,72,011010111010000101010111000011010000000010000110101010001110100100110011,116498417,0,0.100000,1.000000
116499351,82,0001010001000110100001010101110000110100000000110001001111111010000111100100101110,116498417,0,0.100000,1.000000
116499352,82,0011010101000110100011010101110000110100000000110101001111111010000111000001011101,116488561,0,0.100000,1.000000
116499353,77,11010001000110100001010101110000110100000000100001001011111000110111000110001,116496904,0,0.066667,0.800000
116499354,79,0111100000001101000010101011100001101000000001110010011101101000011010010010111,116488562,0,0.066667,1.000000
116499355,85,0011011000011111110000010101011100001101000000001000100111101011000011010110011100111,116486651,0,0.045788,1.000000
116499357,85,0011011000011111110000010101011100001101000000001000100111101011000011010110011100111,116486651,0,0.045788,1.000000
116499358,79,0111100000001101000010101011100001101000000001110010111101101000011010010010111,116490314,0,0.066667,1.000000
116499359,82,1010000101001100000101010111000011010000000010001001111101011000111100110011110101,116506700,0,0.066667,1.000000
116499361,79,0010111010101100100010101011110101101000000001100110010111010000110110001110011,116506700,0,0.066667,0.600000
116499362,79,1110110010001100000010101011100001101000000001000010010011010001001110011110010,116506700,0,0.066667,1.000000
116499364,85,0011011000011111110000010101011100001101000000001000100111101011000011010110011100111,116490314,0,0.066667,1.000000
116499365,81,010010011000100100001010101110000110100000000111101001111111010000111110100101110,116490315,0,0.100000,1.000000
116499366,79,0011000010011000000101010111000011010000000010001011011010110101101000100111001,116505133,0,0.046667,0.700000
116499367,75,010110010000100000101010111000011010000000011000100101011100011001110111001,116490316,0,0.040000,1.000000
116499368,84,010110000010001000000101010111000011110000000010001000111101011000111100110011010101,116501522,0,0.032000,0.800000
116499369,78,111001001010110000001010101110000110100000000110001010111110001100110001110010,116501522,0,0.040000,1.000000
116499370,79,0001011000101000000010101011100001101000000001100010010111110011100111011100010,116498407,0,0.040000,0.800000
116499371,79,0001011000101000000010101011100001101000000000100010010111110011100111011100010,116490316,0,0.032000,0.800000
116499372,78,101011001100110000001010101110000110100000000100000001011101000101110001110110,116490331,0,0.066667,1.000000
116499373,82,0110100010101101000010101011100001101000000001100110011111110100001111000001001100,116490318,0,0.066667,1.000000
116499374,86,00110000000011111100000101010111000011010000000010001001111101011000011110110011100110,116480047,0,0.040000,0.800000
116499375,78,001111100101100000010101011100001101000000001100110011111110000100110000110010,116483540,0,0.040000,0.800000
116499376,82,1001000001001100000010101011100001101000000001000100111110101000011010011001110011,116490320,0,0.060000,1.000000
116499377,83,01011010000000110100001010101110000110100000000110001001101111000000011100100101110,116490320,0,0.060000,1.000000
116499378,82,0011010001001110100001010101110000110100000000110001001111111010000111000001011101,116490322,0,0.050000,1.000000
116499379,74,10101001100000010101011100001101000000001000011010111100011100001001100011,116490323,0,0.066667,1.000000
116499380,78,110101100100001000001010101110000110100000000110001001010111000110011100111001,116490323,0,0.066667,1.000000
116499381,80,01101000100010000001010101110000110100000000111000001111111010000111000001011101,116490323,0,0.066667,1.000000
116499382,73,1011011100000010100011100001101000000001000010110111000111001010011000111,116490323,0,0.066667,1.000000
116499383,81,011010001000110100001010101110000110100000000110001001111111010000111100000101110,116498410,0,0.060000,0.600000
116499384,82,1001000001001100000010101011100001101000000001000100110111101001011010011001110011,116498410,0,0.060000,0.600000
116499385,78,001011000101000000010101011100001101010000001100010010101110011100110011100010,116503240,0,0.066667,0.700000
116499386,74,10101001100000010101011100001101000000001000011010111101011100001001100011,116490323,0,0.066667,1.000000
116499387,74,10101001100000010101011100001101000000001000011010111101011100001001101011,116503240,0,0.066667,0.800000
116499388,75,111010111000001010101111000110100000000100001001011111001110010101100001100,116490324,0,0.050000,1.000000
116499389,74,10101001100000010101011100001101000000001000011010111100011100001111100011,116496904,0,0.053333,0.800000
116499391,81,011010001000110100001010101110000110100000000110001001111111010000111100000111110,116498418,0,0.080000,0.400000
116499392,71,11110110000001010101110000110100000001100001011011100011100111000100011,116490325,0,0.066667,1.000000
116499393,70,1010111010000101011111000011010000000011001110101111100110011100101100,116501515,0,0.066667,0.800000
116499394,76,1110100001100000010101011100001101000000001000011010111000011000011011100011,116490326,0,0.066667,1.000000
116499396,81,011110100010001110000010101011100001101000000101100110010111110011100111111110011,116490327,0,0.080000,0.800000
116499397,82,0111100010001101000010111001100001101000000001100010011111110100001111001001011101,116490327,0,0.100000,1.000000
116499398,74,11110111000000101010111000011010000000010000101101110001110010100110001111,116468459,0,0.040000,0.600000
116499399,76,1001001100010100001010101110000110100000000010001001101110100001111011110111,116485004,0,0.053333,0.800000
116499400,79,0110100010001101000010101011100001101000000001100010011111110100011100000010111,116490328,0,0.066667,1.000000
116499401,79,0110100010001101000010101011100001101000000001100010011111110100011100000010111,116468459,0,0.040000,0.600000
116499402,86,00110010010011111100100101010111000011010000001010001001111100011000001110110011100110,116476985,0,0.066667,0.600000
116499403,88,0011001000001111110000010111011100101101000000001000100111111101101001110011001110011010,116505134,0,0.050000,0.500000
116499404,75,110101111000001010101110010110100000000100001001011110001110010100110001111,116490330,0,0.066667,1.000000
116499405,79,0111100000001101000010101011100001101000000001110010011101101000110010010010111,116505134,0,0.060000,0.600000
116499406,78,110101100100001000000101010111000011010000000011000100101010000110011100111001,116490317,0,0.053333,0.800000
116499407,70,1000111010000101010111000011010000000011000010101111000110010100111101,116490331,0,0.066667,1.000000
116499408,79,1001001100010010000101010111000011010000000011100100111111101000011111010001110,116490332,0,0.100000,1.000000
116499409,75,010110010000100000101010111000011010000000011000100101011100011001110111001,116501525,0,0.040000,1.000000
116499410,75,001101011101000010101011100001101000000001000011011110100011101001001100111,116490333,0,0.200000,1.000000
116499411,83,01011010000000110100001010101110000110100000000110001001111111000000011100100101110,116490333,0,0.200000,1.000000
116499412,83,01011010000000110100001010101110000110100000000110001001111111000000011100100101110,116490333,0,0.200000,1.000000
116499413,83,01111000100011010000101010111000011010000000011000100111111101000011110010010111010,116490334,0,0.066667,1.000000
116499414,76,1110100001110000010101011100001101000000000010011010111000111100001011100011,116506697,0,0.053333,0.800000
116499415,80,01101000100011010000101010111000011010000000011001001011111000000111100100101110,116490334,0,0.066667,1.000000
116499416,74,11010011000001010101111000110100000000100001001011111001110010101000001100,116490334,0,0.066667,1.000000
116499417,82,0000101010001101000010101011100001101000100001100100111110101000111110010010111110,116506697,0,0.053333,0.800000
116499418,78,010100001010000000101010111000011010010000011000100101111100011001110111000010,116506697,0,0.053333,0.800000
116499419,79,0111100000001101000010101011100001101000000001110010111101101000011010010010111,116506697,0,0.066667,1.000000
116499420,77,10010010101000000101010111000011010100000010000100101111100011001100111100100,116490334,0,0.066667,1.000000
116499421,76,1001001100010010000101010111000011010000001110001001101111010000111101001111,116481611,0,0.046667,0.700000
116499422,80,01101000100011010000101010111000011010000000011001001011111000000111100100101110,116490334,0,0.066667,1.000000
116499423,79,0111100100111000100000101010111000011010000000001001100101111100011001111111101,116490334,0,0.066667,1.000000
116499424,81,010010011000100100001010101110000110100000000101001001111111010000111110100101110,116490334,0,0.053333,0.800000
116499425,74,11010011000001010101111000110100000000100001001011111001110010101000001100,116490334,0,0.066667,1.000000
116499426,81,010010011000100100001010101110000110100000000111001001111111010000111110100101110,116490334,0,0.066667,1.000000
116499427,83,01011010001000110100001010101110000110100000000110001001111111000000111000100101110,116490334,0,0.066667,1.000000
116499428,75,101010011000000101010111000011010000000010000110101111000111000010011000111,116501534,0,0.040000,0.600000
116499429,84,010110000010001000000101010111000011110000000010001000111101011000111100110011010101,116503232,0,0.100000,0.700000
116499430,81,010010011000100100001010101110000110100000000111001001111111010000111110100101110,116492268,0,0.200000,1.000000
116499431,83,11001000001011100010110101011100001101000000001000100111110101100011010011000110010,116508507,0,0.200000,0.700000
116499432,79,0110101010001101000010101011100001101000100001100100111110011000111110010110111,116492268,0,0.200000,1.000000
116499433,80,01101100100011000000101000101000011010001100011010100101110100010011100011100110,116492269,0,0.066667,1.000000
116499434,80,01110100010001101000010101011100001101000000001100010011111110000001110010010111,116471674,0,0.080000,0.800000
116499435,77,10101100100011000001010101110000110100000000110001001010111100110011100111001,116492273,0,0.066667,1.000000
116499436,78,010110010001000000110101011100001101000000001100000101111000011001111111010100,116492273,0,0.066667,1.000000
116499437,77,01001001100010100000101010111000011010000000001000100110111010000111101011011,116492274,0,0.100000,1.000000
116499438,82,1010000101001100000101010111000011010000000010001001111101011000111100110011110101,116492275,0,0.040000,1.000000
116499439,79,0111100000001101000010101011100001101000000001110010011101101000011010010010111,116496902,0,0.160000,0.800000
116499440,78,010100001010000000101010111000011010010000011000100101111100011001110111000010,116492277,0,0.050000,1.000000
116499441,80,01101000100010000001010101110000110100000000111000011111111010000111000001011101,116492278,0,0.023333,0.800000
116499442,80,01101000100010000001010101110000110100000000111000011111111010000111000001011101,116486633,0,0.024000,0.600000
116499443,74,10101001100000010101011100001101000000001000011010111100011001010011000101,116492278,0,0.032000,0.800000
116499444,88,0011001000001111110000010101011100001101000000001000100111110101100001111011001110011000,116480039,0,0.026667,0.800000
116499445,82,0111100010001101000010101011100001101000000001100010011111111100001111001001011101,116480039,0,0.026667,0.800000
116499446,86,00110010010011111100100101010111000011010000000010001001111101011000011110110011100110,116478437,0,0.020000,0.600000
116499447,80,01101000100010000001010101110000110100000000111000011111111010000111000001011101,116486633,0,0.024000,0.600000
116499448,88,0011001000001111110000010101011100001101000000001000100111110101100001111011001110011000,116492278,0,0.040000,1.000000
116499449,74,10101001100000010101011100001101000000001000011010111100011001010011000101,116480039,0,0.026667,0.800000
116499450,80,01101000100001010000101010111000011010000000011001001011111000000111100100101110,116492278,0,0.023333,0.800000
116499451,86,00110010010011111100100101010111000011010000000010001001111101011000011110110011100110,116486633,0,0.024000,0.600000
116499452,80,01101000100010000001010101110000110100000000111000011111111010000111000001011101,116480039,0,0.026667,0.800000
116499453,82,0111100010001101000010101011100001101000000001100010011111111100001111001001011101,116480039,0,0.026667,0.800000
116499454,78,011011001000110000101010101110000110110000000110101001011101000000111000111001,116492278,0,0.040000,1.000000
116499455,86,00110010010011111100100101010111000011010000000010001001111101011000011110110011100110,116486633,0,0.024000,0.600000
116499456,80,01101000100001010000101010111000011010000000011001001011111000000111100100101110,116480039,0,0.026667,0.800000
116499457,77,11011001000110000001010101110001110100000000100001001011101000100111000111001,116478437,0,0.040000,0.600000
116499458,88,0011001000001111110000010101011100001101000000001000100111110101100001111011001110011000,116478437,0,0.032000,0.700000
116499459,78,011011001000110000101010101110000110110000000110101001011101000000111000111001,116480039,0,0.020000,0.600000
116499460,76,1110100001100000010101011100001101000000001000011000111000011100001011100011,116500001,0,0.080000,0.800000
116499461,76,1111101110000001010101110000110100000100100001010011110001110011100110001111,116500001,0,0.070000,0.700000
116499462,76,1110110001100000010101111100001101000000001000011010111000011100001011100011,116490329,0,0.070000,1.000000
116499463,76,1110110001100000010101111100001101000000001000011010111000011100001011100011,116490329,0,0.070000,1.000000
116499464,79,1110110010000110000010101011100001100000000011100010010101100001100111001110011,116492282,0,0.066667,1.000000
116499465,74,10101001100000010101011110001101000000001000011010111100011100001001100011,116476985,0,0.070000,0.700000
116499466,78,001011100101000000010101011100001101000000001110010110111110011100010011100010,116492282,0,0.066667,1.000000
116499467,76,1110110001100000010101111100001101000000001000011010111000011100001011100011,116492282,0,0.066667,1.000000
116499468,82,1010000101001100000111010111000011010000000010001001111101011000111100110011110101,116492282,0,0.066667,1.000000
116499469,79,1110110010000110000010101011100001100000000011100010010101100001100111001110011,116492282,0,0.066667,1.000000
116499470,77,01011001000100000011010101110000110100000000110000010111100101100111111101010,116476985,0,0.070000,0.700000
116499471,76,1110100001100000010101011100001101000000001000011010111000011100001010100011,116492282,0,0.066667,1.000000
116499472,81,011010001000110101001010101110000110100000000110001001111111010000111000001101110,116492282,0,0.066667,1.000000
116499473,74,10101001100000010101011110001101000000001000011010111100011100001001100011,116492282,0,0.066667,1.000000
116499474,76,1110110001100000010101111100001101000000001000011010111000011100001011100011,116476985,0,0.070000,0.700000
116499475,78,001011100101000000010101011100001101000000001110010110111110011100010011100010,116492282,0,0.053333,0.800000
116499476,81,011010001000110101001010101110000110100000000110001001111111010000111000001101110,116492282,0,0.066667,1.000000
116499477,77,01011001000100000011010101110000110100000000110000010111100101100111111101010,116476985,0,0.070000,0.700000
116499478,81,011010001000110101001010101110000110100000000110001001111111010000111000000101110,116492284,0,0.040000,1.000000
116499479,81,011010001000110100001010101110000110100000000110001001111111010000111000001011101,116492284,0,0.040000,1.000000
116499480,83,01011010000000110100011010101110000110100000000110001001101111000000011100100101110,116492284,0,0.040000,1.000000
116499481,78,101011001000110000010101011100001101000000001100010010001111001100111001110010,116492284,0,0.040000,1.000000
116499482,77,10010010101000000101010111000011010100000010000100101111100011001100111100100,116492284,0,0.040000,1.000000
116499483,76,1011110010110000001010101110000110100000001100110010111110000100110000110010,116492284,0,0.040000,1.000000
116499484,83,01011010000000110100001010101110000110100000000110001001111111000000011100100101110,116492284,0,0.040000,1.000000
116499485,77,10011011111010000101010111000011011000000010000110101101000110010010011001111,116492286,0,0.100000,1.000000
116499486,79,0111100010001101000010101011100001101000000001110010011101101000011010010010111,116492286,0,0.100000,1.000000
116499487,81,001101010100011000001010101110000110100000000111000001111111010100111000001011101,116492287,0,0.100000,1.000000
116499488,79,0111100100001101000010101011100001101000000001110010011101101000011010010010111,116492287,0,0.100000,1.000000
116499489,79,1101011101110100001010101100001110100000000101001100011100010110010100110101100,116492287,0,0.100000,1.000000
116499490,78,110111010001100000010101011100001101000000001100010101111110001000111101110010,116490324,0,0.030000,0.600000
116499491,78,110110010101000001010101011100001101000000001100010111111110001010111101110010,116492288,0,0.049116,1.000000
116499492,79,1101011101110100001010101100001110100000000101001100011100010110010100110101100,116492289,0,0.100000,1.000000
116499493,79,1111000010011010000101010111000011010000000011000100101111010000111100000101110,116494067,0,0.100000,1.000000
116499494,88,0011001000001111110000010101011100001101100000001000100111110101100001111011001110011000,116495378,0,0.046667,0.700000
116499497,75,001101011101000010101011100001101000000001000011010110100011101001001100111,116495378,0,0.053333,0.800000
116499498,77,01011001000100010011010101110000110100000000110000010111100101100111111101010,116494067,0,0.100000,1.000000
116499499,80,11100100101011000000101010111000011010000000011000100101111100011000100011100100,116495378,0,0.053333,0.800000
116499501,74,10101001000000010101011100001101000000001000011010111101011100001001100011,116494067,0,0.040000,0.400000
116499502,81,011010101000110100001010101110000110100000100110001001110111010000111101000101110,116494067,0,0.100000,1.000000
116499503,77,01011000101000000010111011100001101001000001101010010111110001100111011100001,116494067,0,0.100000,1.000000
116499505,74,00011010111010001111010111000011010001000010000100101111001101011100110000,116495378,0,0.040000,0.600000
116499506,75,001101011101000010101011100001101000000001000011010110100011101001001100111,116494067,0,0.040000,0.400000
116499508,70,1010111010000101010111000011010000000011000010100111000100011100111101,116494067,0,0.100000,1.000000
116499509,70,1010111010000101010111000011010000000011000010100111000100011100111101,116494067,0,0.100000,1.000000
116499510,82,0110101010001001000010101011100001101000100001101010011111010100011011001001011101,116494067,0,0.100000,1.000000
116499511,81,100010100000001001000010101011101001101000000001110010011111110100001110010010111,116494068,0,0.100000,1.000000
116499512,83,00110100110101101000010101011100001101000000001100010011111110100001111001001011101,116478435,0,0.026667,0.400000
116499513,79,0011100000001101000010101011100001100000000001110010011101101000011010010010101,116494069,0,0.066667,1.000000
116499514,82,0110100010001101000010101011100001101000000001100010001111110000001110000010111011,116494069,0,0.066667,1.000000
116499515,72,011010111010000101010111000011010000000010000110101010001110100100110011,116490328,0,0.066667,0.700000
116499516,76,1110100001100000010101011100001101000000001000011010111000011100001010100011,116494069,0,0.066667,1.000000
116499517,79,0011100000001101000010101011100001100000000001110010011101101000011010010010101,116494069,0,0.066667,1.000000
116499518,77,00100110001001000010101011100001101000000001110010011111110100001111100001110,116494071,0,0.000000,0.000000
116499519,75,101100110011000000101010011000011010000001010000100101110100010111000111001,116494071,0,0.050000,1.000000
116499520,81,011010001000111100001011101110000111100000000110001001111111010000111100001011001,116494071,0,0.050000,1.000000
116499521,75,111010000110000001010101110000110100000000100001101011100001110000011100010,116494071,0,0.050000,1.000000
116499522,75,101100110011000100101010111000011010000001010000100101110100010111000111011,116505123,0,0.200000,0.600000
116499523,83,11001000001011100000110101011100001101000000001000100110110101100011011011000110010,116495374,0,0.120000,0.600000
116499524,74,00011010111010001111010111000011010001000010000100101111001101011100110000,116505123,0,0.100000,0.600000
116499525,79,1011011001000110000001010101010000110100000000110101001011100000100111000111001,116495374,0,0.200000,1.000000
116499526,79,1011011001000110000001010101010000110100000000110101001011100000100111000111001,116495374,0,0.200000,1.000000
116499527,72,110100101100000010101011101001101000000001000011010111100011001010011101,116481595,0,0.200000,0.700000
116499528,78,101011101000110000001110101111000110100000000010011001111110000100110001110010,116495375,0,0.066667,1.000000
116499529,77,01011001000010000001010101110000110100000000100001001010111000110011100111011,116495375,0,0.066667,0.600000
116499530,77,01011001000010000001010101110000110100000000100001001010111000110011100111011,116503247,0,0.066667,1.000000
116499531,77,01011001000010000011010101110000110100000000100001001010111000110011100111011,116495375,0,0.053333,0.800000
116499532,77,11010011000110100001010101110000110100000000100001001011111000110111000111001,116503247,0,0.066667,1.000000
116499533,75,001101011101000010101011100001101010000001000011010110100011101001001100111,116503247,0,0.066667,0.800000
116499534,76,1010100110001001010101110000110100000000100001101011110001110000100110001111,116503247,0,0.066667,0.800000
116499535,77,01011001000010000001010101110000110100000000100001001010111000110011100111011,116503247,0,0.066667,1.000000
116499536,75,001101011101000010101011100001101010000001000011010110100011101001001100111,116495375,0,0.053333,0.600000
116499537,76,1010100110001001010101110000110100000000100001101011110001110000100110001111,116488553,0,0.053333,0.800000
116499538,77,01111101110000001010101110010110100000000100001011011110001110010100110101111,116495375,0,0.066667,1.000000
116499539,74,00111010111010001101010111000011010000000010100100111011101111011100110100,116495375,0,0.066667,1.000000
116499540,78,110101100100001000000101010111000011010000000011000100101010000110011100111001,116488553,0,0.066667,1.000000
116499541,76,0111101110000001010101010000010100000000100001011011100001110011100100001111,116503247,0,0.046667,0.700000
116499542,78,110101100100001000000101010111000011010000000011000100101010000110011100111001,116495375,0,0.066667,1.000000
116499543,77,01111101110000001010101110010110100000000100001011011110001110010100110101111,116503247,0,0.066667,0.800000
116499544,77,01001001100010100000101010111000011010000000001000100110111010000111101111011,116481604,0,0.080000,0.800000
116499545,76,1111101110000001010101110000110100000000100001011011110001110010100110101111,116495376,0,0.200000,1.000000
116499546,74,10101001100000010101111100001101000000001000011010111100011001010011000101,116495376,0,0.200000,1.000000
116499547,82,1100100000100110000001010101110000110100001000100010011011010110001101011100011001,116495376,0,0.200000,1.000000
116499548,81,011010001000111100001010101110000110100000000110001001111111010000111100000101110,116506710,0,0.066667,1.000000
116499549,81,011010001000111100001010101110000110100000000110001001111111010000111100000101110,116495377,0,0.066667,1.000000
116499550,79,0111100000001101000010101011100001101000000001110010001101101000011010010010111,116495377,0,0.066667,1.000000
116499551,74,10101001100000010101011100001101000000001000011010111101011100001001101011,116505117,0,0.066667,0.800000
116499552,75,101110111000000101000111000011010000000010000101101110001110010100110001111,116495377,0,0.066667,1.000000
116499553,82,1101110100010001001000010101011100001101000000001000100111011000000011100100000111,116495377,0,0.066667,1.000000
116499554,79,0111100000001101000010101011100001101000000001110010001101101000011000010010111,116495377,0,0.053333,0.800000
116499555,75,110100001100000010101011100001101000000001000011011111100011000001001100001,116505117,0,0.066667,0.800000
116499556,79,0011000010011000100101010111000011010000000010001011011010110101101001100111001,116495377,0,0.066667,1.000000
116499557,76,1011110010110000001010101110000110100000001100110010111110000100110000110010,116495377,0,0.066667,1.000000
116499558,74,10101001100100010101011100001101000000001000011010111100011100001111100011,116495377,0,0.066667,1.000000
116499559,75,101110111000000101000111000011010000000010000101101110001110010100110001111,116490318,0,0.053333,0.800000
116499560,82,1101110000010001001000010101011100101101000000001000100111011000000011101100000111,116495377,0,0.053333,0.800000
116499562,80,01111010001001110000001010101110000110100000000110011001011111001010011111111001,116495378,0,0.066667,1.000000
116499563,76,1100101011000000101010111000011010000000011000100101111100011000100011101100,116495378,0,0.066667,1.000000
116499564,82,0111100010001101000010101011100001101000000001100010011111110100001110001001011101,116495378,0,0.066667,1.000000
116499565,81,100010100000001001000010101011101001101000000001110010011111110100001110010010111,116495378,0,0.066667,1.000000
116499568,83,11001000001011100000110101011100001101000000001000100111110101100011010011000110010,116495378,0,0.066667,1.000000
116499569,77,01001001100010100000101010111000011010000000001000100110111010000111101011011,116495378,0,0.066667,1.000000
116499571,77,11001001010110000001000101110000110000000000100001001011111000110011000110010,116495378,0,0.066667,1.000000
116499572,81,011010001000110100001010101110000110100000000110001001111111010000111100000101110,116495378,0,0.066667,1.000000
116499573,81,011010001000110100001010101110000110101000000110001001111111010000111100000101110,116495378,0,0.066667,1.000000
116499574,82,0101110100010001001000010101011000001101000000001000100111110000010011100110010110,116471689,0,0.140000,0.700000
116499575,72,110100101100000010101011101001101000000001000011010111100011001010011101,116471689,0,0.140000,0.700000
116499577,75,101110111000000101010111000011010000000010000101101110001110010100110001111,116495379,0,0.040000,1.000000
116499578,83,01011010000000110100001010101110000110100000000110001001111111000000011100100101110,116471689,0,0.160000,0.800000
116499579,79,0110110010001100000010101011100001101000001001000010101111010001000111101010010,116495379,0,0.028000,0.700000
116499580,78,110101100100001000000101010111000011010000000011000100101010000110011100111001,116495379,0,0.040000,1.000000
116499581,74,00111010111010001101010111000011010000000010100100101111101111011000110100,116471682,0,0.060000,0.600000
116499582,70,0101011000000101010111000011010000000010000110101101000110010000100001,116495379,0,0.040000,1.000000
116499583,75,010101001100000010101011100001101000000001000011010111100011100001001100011,116495379,0,0.040000,1.000000
116499586,75,101110111000000101010111000011010000000010000111101110001110010100111001111,116471689,0,0.160000,0.800000
116499587,78,010011001000110100001010101110000110100000001100010010111110011000111001110011,116471689,0,0.140000,0.700000
116499588,81,011010001000110100001010101110000110100000000110001001111111010000111000001011101,116471689,0,0.160000,0.800000
116499589,81,011010001000110100001010101110000110100000000110001001111111010000111100000101110,116471682,0,0.060000,0.600000
116499590,87,011101111010000001000010101111100001101000000001101111010110101011000110011100011111000,116495380,0,0.066667,1.000000
116499591,82,0100100110001001000010101011100011101000000001100010011110110100001111101001011100,116495380,0,0.053333,0.800000
116499592,79,1110100101011000000101010111000011010000000011000100101111100011000100011101100,116495380,0,0.066667,1.000000
116499593,75,001101011101000010101011100001101000000001000011011110100011101001001100111,116501517,0,0.040000,0.600000
116499594,79,1110100101011000000101010111000011010000000011000100101111100011000100011101100,116501517,0,0.040000,0.600000
116499595,82,0100100110001001000010101011100001101000000001100010011110110100001111101001011100,116495380,0,0.066667,1.000000
116499596,79,0111100000001101000010101011100001101000000001110010011101101000011010010010111,116495380,0,0.066667,1.000000
116499597,79,0111100000001101000010101011100001101000000001110010011101101000011010010010111,116501517,0,0.040000,0.600000
116499598,77,01011001000100000011010101110000110100000000110000010111100101110111111101010,116501517,0,0.040000,0.600000
116499599,74,11110111000000101010111000011010000000010000101101110001110010100110001111,116501517,0,0.040000,0.600000
116499600,75,101010011000000101010111000011010000000010000110101111000111000011111000111,116495382,0,0.046667,0.700000
116499601,74,10101001100000010101011100001101000000001000011010111100011100001111100011,116495382,0,0.066667,1.000000
116499602,74,10101001100000010101011100001101000000001000011010111100011100001111100011,116495382,0,0.066667,1.000000
116499603,83,01011010001000010100001010101110000111100000000110001001111111100100111000100101110,116501533,0,0.026667,0.400000
116499604,74,10101001010000010101011100001101000000001000011010111101011100001001100011,116501533,0,0.026667,0.400000
116499605,80,01110100010001101000010101011100001111000000001110010011111110100001110010010111,116501533,0,0.026667,0.400000
116499606,74,10101001100000010101011100001101000000001000011010111100011100001111100011,116495382,0,0.066667,1.000000
116499607,83,11001000001011100000110101011100001101000000001010100111110101100011010011000110000,116501533,0,0.026667,0.400000
116499608,74,01111011101000010101011100001111000000001000111010110100011101001001100111,116501533,0,0.026667,0.400000
116499609,74,10101001010000010101011100001101000000001000011010111101011100001001100011,116501533,0,0.026667,0.400000
116499610,80,01111010001001110000001010111110000110100000000110011001011111001110011111111001,116501533,0,0.026667,0.400000
116499611,80,01110100010101101000010101011100001111000000001110010011111110100001110010010111,116495382,0,0.053333,0.800000
116499612,83,01011010001000010100001010101110000111100000000110001001111111100100111000100101110,116501533,0,0.026667,0.400000
116499613,83,11001000001011100000110101011100001101000000001010100111110101100011010011000110000,116495382,0,0.066667,1.000000
116499614,86,00110010000011111100000101010111000011010000000010001001111101011000011110110011100110,116495382,0,0.066667,1.000000
116499615,75,101110011000000101010111000011010000000010000101101110001110010100110001111,116501533,0,0.026667,0.400000
116499616,75,101010011000000101010111000011010000000010000110101111000111000011111000111,116495382,0,0.066667,1.000000
116499617,85,0011001000001111110000010101011100001101000000001000100111101011000011110110011100110,116501533,0,0.033333,0.500000
116499618,80,01111010001001110000001010111110000110100000000110011001011111001110011111111001,116501533,0,0.026667,0.400000
116499619,74,10101001010000010101011100001101000000001000011010111101011100001001100011,116501533,0,0.026667,0.400000
116499620,82,1011110001000010100001010101110000110100000000111001001110110100001101000001011110,116495383,0,0.100000,1.000000
116499621,86,00110010010011111100100101010111000011010000000010001001111101011000011110110011100110,116495384,0,0.066667,1.000000
116499622,75,101110111000000101000111000011010000000010000101101110001110010100110001111,116495384,0,0.066667,1.000000
116499623,75,110101010000100010010101011100001101000000001100110010011100001000110111011,116495384,0,0.066667,1.000000
116499624,75,101110111000000101000111000011010000000010000101101110001110010100110001111,116495384,0,0.066667,1.000000
116499625,86,00110010010011111100100101010111000011010000000010001001111101011000011110110011100110,116495384,0,0.066667,1.000000
116499626,76,1110100001100000010101011100001101000000001000011000111000011100001011100011,116495384,0,0.066667,1.000000
116499627,79,0111100000001101000010101011100001101000000001110010011101101000111010010010111,116495384,0,0.066667,1.000000
116499628,74,10101001100000010001011100001101000000001000011010111100011100001001100011,116495384,0,0.066667,1.000000
116499629,75,101110111000000101000111000011010000000010000101101110001110010100110001111,116495384,0,0.066667,1.000000
116499630,86,00110010010011111100100101010111000011010000000010001001111101011000011110110011100110,116495384,0,0.066667,1.000000
116499631,75,110101010000100010010101011100001101000000001100110010011100001000111111011,116495384,0,0.053333,0.800000
116499632,79,0111100000001101000010101011100001101000000001110010011101101000111010010010111,116495384,0,0.066667,1.000000
116499633,82,1001000001001100000010101011100001101000000001000100111110101001011010011001110011,116495384,0,0.066667,1.000000
116499634,77,11010001000110100001010101110000110100010000100001001011111000110111000111001,116495384,0,0.066667,1.000000
116499635,77,11010001000110100001010101110000110100010000100001001011111000110111000111001,116495384,0,0.066667,1.000000
116499636,73,1001010011000000010101110000110100000000100001101011110001110000100110001,116495384,0,0.066667,1.000000
116499637,74,10101001100000010001011100001101000000001000011010111100011100001001100011,116495384,0,0.066667,1.000000
116499638,76,1110100001100001010101011100001101000000001000011000111000011100001011100011,116495384,0,0.066667,1.000000
116499639,86,00110010010011111100100101010111000011010000000010001001111101011000011110110011100110,116495384,0,0.066667,1.000000
116499640,75,101110111000000101000111000011010000000010000101101110001110010100110001111,116495384,0,0.066667,1.000000
116499641,77,11010001000110100001010101110000110100010000100001001011111000110111000111001,116495384,0,0.066667,1.000000
116499642,77,10101100100011100001010101110000110100000000110001001010111100110011100111001,116495386,0,0.066667,1.000000
116499643,74,10101001100000010101011100001101000000001000011010111101011100001001101011,116495386,0,0.040000,0.600000
116499644,74,10101001100000010101011100001101000000001000011010111101011100001001101011,116505127,0,0.040000,0.400000
116499645,75,000110101110100011010101110000110100000000101001001011111011110111001101001,116505127,0,0.040000,0.400000
116499646,88,0011001000001111110000010101011100001101000000001000100111110101100001111011001110011000,116496900,0,0.066667,1.000000
116499647,83,11001000001011110000110101010100001101000000001000100110110101100011011011000110010,116496900,0,0.066667,1.000000
116499648,75,101010011000000101010111000011010000000010000110101111000111000010011000111,116496900,0,0.066667,1.000000
116499649,75,101100110011000000101010111000011010000000000000100101110100010111100101011,116492279,0,0.066667,0.700000
116499650,81,010010001000110100001010101110000110100000000110001001111111010000111100000101110,116496910,0,0.200000,1.000000
116499654,73,0011010111010000101010111000011010000000010000110111101000111100100110011,116490325,0,0.053333,0.800000
116499655,75,101100110011000000101010111000011010000000010000100101110100010111100101011,116496902,0,0.160000,0.800000
116499656,77,11010001010110100001010101110000110100000000100001001011111000110111000111001,116496902,0,0.200000,1.000000
116499657,78,011011001000110000101010101110000110110000000110101001011101000000111000111001,116496904,0,0.040000,0.600000
116499659,76,0110100001100000010101011100001101000000001000011010111100011100001001100011,116496902,0,0.160000,0.800000
116499660,76,0111101110000001010101010000010100000000100001011011100001110011100100001111,116496904,0,0.040000,0.600000
116499661,74,10101001000000010101011100001101000000001000001010111101011100001001100011,116478440,0,0.032000,0.800000
116499662,81,010010011000100100001010101110000110100000000111001001111111010000111110100101110,116496903,0,0.028571,1.000000
116499663,74,10101001100000010101011100001101000000001000011010111101011100001001101011,116496903,0,0.028571,1.000000
116499664,86,00110010010011111100100101010111000011010000000010001001111101011000010110110011100110,116496903,0,0.028571,1.000000
116499665,83,11001000001011100000110101011100001101000000001000100110110101100011011011000110010,116503253,0,0.053333,0.800000
116499666,88,0011001000001111110000010101011100001101000000001000100111110100100001111011001110011000,116480035,0,0.050000,1.000000
116499667,78,110101100100001000001010101110000110100000000110001001010111000110011100111001,116496905,0,0.050000,1.000000
116499668,88,0011001000001111110000010101011100001101000000001000100111110100100001111011001110011000,116496905,0,0.050000,1.000000
116499669,80,01111011001001111000001010101100000110100000000100011001011111000110011100111001,116480035,0,0.050000,0.800000
116499670,79,1100100101011000000101010111000011010000000011000110101111100011000100011100100,116496905,0,0.050000,1.000000
116499671,74,10101001100000011101011100001101000000001000011010111101011100001001101011,116496905,0,0.050000,1.000000
116499672,75,101110111000000101010111000011010000000010000101101110001110010100110001111,116486634,0,0.032000,0.800000
116499673,71,01010111010000101010111000011010000000011000010101111000100011100111101,116496905,0,0.050000,1.000000
116499674,81,011010001000110100000010101110000110100000000110001001111111010000111000000101110,116496905,0,0.050000,1.000000
116499675,78,110110010101100000010101011100001101000000001100010111111110001010111101110010,116496911,0,0.200000,1.000000
116499676,76,1010110010000100000101010111000011010000000011000100101011100011001110111001,116496911,0,0.200000,1.000000
116499677,75,111101110000001010101110000110100000000100001011011110001110011100110001111,116465088,0,0.050000,1.000000
116499678,81,011000001000010100001010101110000110100000000110001001111111010000111100000101110,116496911,0,0.200000,1.000000
116499679,78,110110010101100000010101011100001101000000001100010111111110001010111101110010,116470088,0,0.050000,1.000000
116499680,76,1010110010000100001101010111000011010000000011000100101011100011001110111001,116496911,0,0.160000,0.800000
116499681,79,0011110000001101000010101011100001100000000001110010011101101000011010010010001,116496912,0,0.100000,1.000000
116499682,82,0110100010101101000010101011100001101000000001100110011111110100001111000001001100,116459872,0,0.040000,0.600000
116499683,73,1011101110000001010101110000110100000000100101011011100111001010011000111,116496914,0,0.080000,0.800000
116499685,77,10010011000100100001011101110000110100000000110001001100110100001010010010111,116498401,0,0.100000,1.000000
116499686,79,1101110100011000000101010111000011010000000011000101011111100010001111011100101,116498401,0,0.100000,1.000000
116499687,81,010010011000100100001010101110000110100000000111001001111111010000111110100101110,116498401,0,0.100000,1.000000
116499688,75,001101011101000010101011100001101000000001000011010110100011101001101000111,116490319,0,0.100000,1.000000
116499689,80,10110101000001101000010101011100001101000100001100100111110011000111110010110111,116500009,0,0.053333,0.800000
116499690,82,1101110100010001001000010101011100001101000000001000100111011000000011100100000111,116498401,0,0.100000,1.000000
116499691,75,111101110000001010101110000110100000000100001011011110001110011100110101111,116498401,0,0.100000,1.000000
116499692,77,01111101110000001010101110010110100000000100001011011110001110010100110101111,116500009,0,0.053333,0.800000
116499693,78,001011101010110000001010101110000110100000000010011001011110000010011000111001,116500009,0,0.053333,0.800000
116499694,77,10010011000100100001011101110000110100000000110001001100110100001010010010111,116500009,0,0.053333,0.800000
116499695,83,10110100010101101000010101011100001101000000001100110011111110100001111000001001100,116486640,0,0.040000,0.400000
116499696,75,111101001100000010101011100001111000000001000011010111000011100011001100011,116500009,0,0.053333,0.800000
116499697,81,001001001100010010001101010111000011010000000011001100110110101000011110100101110,116498401,0,0.100000,1.000000
116499698,82,1101110100010001001000010101011100001101000000001000100111011000000011100100000111,116500009,0,0.066667,1.000000
116499699,83,10111100010001101000010101011100001101000000001100010011111110100000111001001011101,116498401,0,0.100000,1.000000
116499700,74,10101001100000010101011100001101000000001000011010111100011001010011000101,116481600,0,0.066667,1.000000
116499701,75,010110010000100000101010111000011010000000011000100101011100011001110111001,116498401,0,0.100000,1.000000
116499702,77,10010011000100100001011101110000110100000000110001001100110100001010010010111,116486640,0,0.040000,0.400000
116499703,81,011010001000110100001010101110000110100000000110001001111111010000111100000101110,116498401,0,0.100000,1.000000
116499704,80,01001011101000110000001010101110000110100000000110011001011111000010011000011001,116490319,0,0.100000,1.000000
116499706,81,011010001000110100001010101110000110100000000110001001111111010000111100000101110,116486640,0,0.040000,0.400000
116499708,80,01111011001101111000001010101100100100100000000100011001011110000110011100110001,116485012,0,0.030000,0.600000
116499709,82,0010010001000110111001010111110000110100000000111001001111111010000110000001011101,116498402,0,0.050000,1.000000
116499710,74,01011001000110000010101011100001101000000001100010011110100001001101011100,116492267,0,0.060000,0.600000
116499711,82,1101110100010001001000010101011100001101100000001000100111011000000011100100000111,116498402,0,0.040000,0.800000
116499712,79,0100100110001001000010101011100001101000000001101110011011110100101111010010111,116498402,0,0.050000,1.000000
116499713,75,001101011101000010101011100001101000000001000011010110100011101001101000111,116498402,0,0.050000,1.000000
116499714,77,01011000101000000010101011100101101000000001100011010100110001100111011100010,116498402,0,0.050000,1.000000
116499715,79,1010110010000100000010101011100001101000000001000010010101110001100111001110011,116485012,0,0.050000,1.000000
116499716,81,100101000100110000001010101110000110100000000100010011011010111100101001100111001,116498402,0,0.050000,1.000000
116499717,86,00110010010011111100100101010111000011010000000010001001111101011000011110110011100110,116498402,0,0.050000,1.000000
116499718,82,1101110100010001001000010101011100001101000000001000100111011000000011100100000111,116485012,0,0.050000,1.000000
116499719,76,1010110010000100000101010111000011010000000011000100101011100011001110111001,116498402,0,0.050000,1.000000
116499720,82,0011010001000110100001010101110000110100000000110001011111111010000111100000101110,116505124,0,0.053333,0.800000
116499721,82,0110100011001101000110101011100011101000000001110010011111111100001100000010111010,116490314,0,0.046667,0.700000
116499723,76,1111101110000001010100110000110100000000100001010011110001110011100110001111,116498402,0,0.050000,1.000000
116499724,78,010011001000110000001010101110000110100000001100010010111110001000111001110011,116498402,0,0.050000,1.000000
116499725,76,1111101110000001010101110000110100000000100001011011110001111010100110011111,116498402,0,0.040000,0.800000
116499726,83,00011010001000110100001010101110000110100000000110001001111111010000111100100101110,116498402,0,0.050000,1.000000
116499727,79,0100100110001001000010101011100001101000000001101110011011110100101111010010111,116498402,0,0.050000,1.000000
116499728,82,1111000001000100000101010111000011010000001010001001111101011001111100110011110101,116485012,0,0.040000,0.800000
116499729,79,0100100110001001000010101011100001101000000001100110011111110100001111010010111,116498403,0,0.200000,1.000000
116499730,79,0111100000001101000010101011100001101000000001110010011101101000011010010010111,116498403,0,0.200000,1.000000
116499731,80,01110100000001101000010101011100001101000000001110010011111110100001110010110111,116498403,0,0.200000,1.000000
116499732,88,0011001000001111110000010111011100101101000000001000100111111101101001110011001110011010,116498403,0,0.200000,1.000000
116499733,75,101010011000000101010111000011010000000010000110101111000111000010011000111,116503233,0,0.080000,0.800000
116499734,75,101010011000000101010111000011010000000010000110101111000111000010011000111,116498403,0,0.200000,1.000000
116499735,80,01101000100011010000101010111000011110000000011001001111111000000111000000001110,116503233,0,0.070000,0.700000
116499736,75,001101011101000010101011100001101010000001000011010110100011101001001100111,116503233,0,0.070000,0.700000
116499737,74,00111010111010001101010111000011010000000010100100101111101111011000111100,116498403,0,0.160000,0.800000
116499738,75,101010011000000101010111000011010000000010000110101111000111000010011000111,116503233,0,0.080000,0.800000
116499739,74,10101001100000010101011100001101000000001000011010111101011100001001101011,116498403,0,0.200000,1.000000
116499740,77,10011011111010000101010111000011011000000010000110101101000110010010011001111,116496901,0,0.140000,0.700000
116499741,74,10101001100000010101011100001101000000001000011010111100011001010011000101,116496901,0,0.160000,0.800000
116499742,83,11001000001011110000110101011100001101000000001000100110110101100011011011000110010,116496901,0,0.140000,0.700000
116499743,72,110100101100000010101011101001101000000001000011010111100011001010011101,116503233,0,0.070000,0.700000
116499744,70,0101011000000101010111000011010000000010000110101101000110010001110001,116498403,0,0.200000,1.000000
116499745,76,1110100101100000010101011100001101000000001000010010111000011100001011100011,116465105,0,0.080000,0.800000
116499746,82,1101110100010001001000010101011100101101000010001000100111011000000011110100000111,116488541,0,0.060000,0.600000
116499747,75,101010011000000101010111000011010000000010000110101111000011000010011000111,116498404,0,0.100000,1.000000
116499748,81,011010001000110100001010101110000110100000000110001001111111010000111100000101110,116498404,0,0.080000,0.800000
116499749,77,01111101110000001010101110000110100000001100001011011110001110010100110101111,116488541,0,0.070000,0.700000
116499750,82,1101110100010001001000010101011100001101000010001000100111011000000011110100000111,116498404,0,0.100000,1.000000
116499751,70,0101011000000101010110000011010000000010000110101101000110010000110001,116465105,0,0.070000,0.700000
116499752,84,001011010000000110100001010101110000110100000000110001001111111000000111100100101110,116498404,0,0.100000,1.000000
116499753,75,101010011000000101010111000011010000000010000110100111000111000010011000111,116498405,0,0.040000,1.000000
116499754,75,010110010000100000101010111000011010000000011000100101011100010001110111001,116478450,0,0.016000,0.400000
116499755,79,1110110010000110000010101011100001100000000011100010010101100001100111001110011,116468457,0,0.120000,0.600000
116499756,79,0100100110001001000010101011100001101000000001100110011111110100001111010010111,116501525,0,0.040000,1.000000
116499757,83,11001000001011100000110101011100011101000000001000100110110101100011011011000110010,116498405,0,0.024000,0.600000
116499760,79,1101100100011000000101010111000011010010000011000100111111100010001100011000111,116498405,0,0.040000,1.000000
116499761,81,011010001000110101001010101110000110100000000110001001111111010000111000001101110,116498405,0,0.040000,1.000000
116499762,81,010010001000110100001010101110000110100000000110001001111111010000111101000101110,116498405,0,0.032000,0.800000
116499763,76,1001110010110000001010101110000110100000001100110010111110000100110000110010,116498405,0,0.040000,1.000000
116499767,83,11001000001011100000110101011100011101000000001000100110110101100011011011000110010,116468457,0,0.120000,0.600000
116499768,77,11010001000110100001010101110000110100000001101001001011111000110111000110001,116468457,0,0.140000,0.700000
116499770,80,01110100010001101000010101011100001101000000001100010011111110100001110010010111,116461655,0,0.100000,1.000000
116499771,76,0001101011101000110101011100001101000000001010010010111110111101110011010011,116498406,0,0.100000,1.000000
116499772,76,1000110010000100000101010111000011010000000011000100101011100011001110111001,116498406,0,0.100000,1.000000
116499773,76,0001101011101000110101011100001101000000001010010010111110111101110011010011,116498406,0,0.100000,1.000000
116499774,82,0011010001000110100001010101110000110100000000110101001111111010000111000001011101,116498406,0,0.100000,1.000000
116499775,80,01001011101000110000001010101110000110100000000110011001011111000010011000011001,116498406,0,0.100000,1.000000
116499776,82,0111100010001101000010101011100001101000000001100010011111110100001111001001010101,116461655,0,0.100000,1.000000
116499777,82,0100010100000001101000010101011101001101000000101110010011111110100001110010010110,116461655,0,0.070000,0.700000
116499778,76,0001101011101000110101011100001101000000001010010010111110111101110011010011,116461655,0,0.080000,0.800000
116499779,74,10101001100000010100011000001101000000001000011010111100011100001001100011,116461655,0,0.070000,0.700000
116499780,83,11001000001011100000110101011100001101000000001000100111110101100011010011000110010,116498406,0,0.070000,0.700000
116499781,82,0100010100000001101000010101011101001101000000101110010011111110100001110010010110,116498406,0,0.060000,0.600000
116499782,75,101101011101000010101011100001101000000001000011010110100011101001001100111,116498406,0,0.100000,1.000000
116499783,70,0101011000000101010111000011010000000010000110101101000110010000100001,116498406,0,0.080000,0.800000
116499784,77,10101100100011000001010101110000110100000000110001001010111100110011100111001,116461655,0,0.100000,1.000000
116499785,79,0101100101010000000101010111000001010001100011100100101111100011001110011111110,116498406,0,0.100000,1.000000
116499786,83,01011010010000110100001010101110000110100000000110001101111111000000011100100101110,116461655,0,0.100000,1.000000
116499787,81,011010101000110100001010101110000110100010000110010011111010100011111001001011111,116498406,0,0.100000,1.000000
116499788,81,001110100010001101000010101011100001101000000001100010011111110100001110010010111,116498406,0,0.100000,1.000000
116499789,76,0001101011101000110101011100001101000000001010010010111110111101110011010011,116461655,0,0.080000,0.800000
116499790,81,011010001000110100001010101010000110100000000110001001111111010000111100000101110,116498406,0,0.100000,1.000000
116499791,75,001101011101000010101011100001101000000001000011010110100011101001001100111,116498406,0,0.100000,1.000000
116499792,80,01111010001000110000001010111110000110100000000110011001011111001110011111111001,116498406,0,0.100000,1.000000
116499793,74,10101001100000010101011101001101000000001000011010111101011100001001100011,116498407,0,0.040000,1.000000
116499794,84,111001000001011100000110101011100011101000000001000100111111101100011010011000110010,116490316,0,0.040000,0.700000
116499795,78,101011101000111000001110101111000110100000000110011001111110000100110001110010,116488550,0,0.030000,0.600000
116499796,74,10101001100000010100011100001101000000001000011010111100011100001001100011,116498407,0,0.040000,1.000000
116499797,70,1010111010000111010111000011010000000011000110101011010110010100111111,116498407,0,0.040000,1.000000
116499798,79,0111100000001101000010101011100001101000000001110010001101101000011010010010111,116501522,0,0.040000,1.000000
116499799,74,10101001100000010101011100001101000000001000011010111100011100001001100011,116468455,0,0.030000,0.800000
116499800,83,00011010101000110100001010101110000110100000000110001001111111010000111100100101110,116501522,0,0.040000,1.000000
116499801,83,11001000001011100000110101011100001101000000001010100111110101100011010011000110000,116501522,0,0.032000,0.800000
116499802,75,101110011000000101010111000011010000000010000101101110001110010100110001111,116498407,0,0.040000,1.000000
116499803,83,01011010001000010100001010101110000111100000000110001001111111100100111000100101110,116485003,0,0.030000,0.600000
116499804,79,1101000110011010000101010111000010010000000011000100111111010000111000000101110,116498407,0,0.040000,1.000000
116499805,74,00111010111010001101010111000011010000000010100100101111101111011000110100,116498407,0,0.040000,1.000000
116499806,78,110101100100001000000101010111000011010000000011000100101010000110011100111001,116468455,0,0.053333,0.800000
116499807,83,01011010001000010000001010101110000111100000000110001001111111100100111000100101110,116498408,0,0.080000,0.800000
116499808,80,01101000100001010000101010111000011010000000011001001011111000000111100100101110,116498408,0,0.100000,1.000000
116499809,81,011010001000110100001010101110000110100000000110001001111111010000111100000101110,116486627,0,0.035000,0.700000
116499810,76,0111101110000001010101010000010100000000100001011011100001110111100100001111,116498408,0,0.100000,1.000000
116499812,74,00011010111010001111010111000011010001000010000100101111001101011100110000,116492273,0,0.046667,0.700000
116499814,83,00110100110101101000010101011100000101000000001100010011111110100001111001001001101,116498408,0,0.100000,1.000000
116499815,81,011010001000110100001010101110000110100000000110001001111111010000111100000101100,116483545,0,0.100000,1.000000
116499816,76,0111101110000001010101010000010100000000100001011011100001110011100100001111,116486627,0,0.030000,0.600000
116499817,75,101110111000000101010111000011010000000000000101101110001110010100110001111,116492273,0,0.046667,0.700000
116499820,81,011010001000110100001010101110000110101000000110001001111111010000111100000101110,116486627,0,0.030000,0.600000
116499821,81,010010011000100100001010101110000110100000000111101001111111010000111110100101110,116498408,0,0.100000,1.000000
116499822,77,10101100100011000001010101110000110100000000110001001010111100110011100111001,116492290,0,0.080000,0.800000
116499823,77,11001001010110000001000101110000110100000000100001001011111000110011000010010,116498409,0,0.200000,1.000000
116499824,79,0111100000001101000010101011100001101000000001110010001101101000011010010010111,116498409,0,0.200000,1.000000
116499825,82,0111100010001101000010101011100001101000000001100010011111110100001111001001011101,116503239,0,0.080000,0.800000
116499826,82,0111100010001101000010101011100001101000000001100010011111110100001111001001011101,116463291,0,0.080000,0.700000
116499827,74,00011010111010001111010111000011010001000010000100101111001101011100110000,116492290,0,0.060000,0.600000
116499828,76,0111110010110000001010101010000110000000000110011001011111000010011000011001,116498409,0,0.200000,1.000000
116499829,75,101100100011000111010101110000110100000010100001001111101010100111000111001,116498410,0,0.100000,1.000000
116499830,81,101111000100011000001010101110000110100000000111000001111111010100111000001111101,116490323,0,0.053333,0.800000
116499831,81,101111000100011000001010101110000110100000000111000001111111010100111000001111101,116498410,0,0.100000,1.000000
116499832,80,01110100000001101000000101011100001101000000001110010011111110100001110010010111,116498410,0,0.100000,1.000000
116499833,75,101100100011000111010101110000110100000010100001001111101010100111000111001,116498410,0,0.100000,1.000000
116499834,79,1010110010000100000010101011100001101000000001000010010101110001100111001110011,116498410,0,0.100000,1.000000
116499835,77,11010001000110100001010101110000110100000000100001001011111000110111000111001,116498410,0,0.100000,1.000000
116499836,78,011011001000110000101010101110000110110000000110101001011101000000111000111001,116498410,0,0.100000,1.000000
116499837,77,01011001100110000001010001110100110100000000100001001011101000101110001110110,116498410,0,0.100000,1.000000
116499838,81,011010001000110100001010101110000110100000000110001001111111010000111000000101110,116498410,0,0.100000,1.000000
116499839,77,01011001100110000001010001110100110100000000100001001011101000101110001110110,116498410,0,0.100000,1.000000
116499840,83,01011010001000110100001010101110000110110000000110001001111111010000111100100101110,116498410,0,0.100000,1.000000
116499841,83,11001000001011100000110101011100001101000000001000100110110101100011011011000110010,116475188,0,0.046667,0.700000
116499842,76,0011010111010000101010111000011010100000010000110101101000111010010011001111,116501528,0,0.200000,0.800000
116499843,76,0011010111010000101010111000011010000000010000110101101000111010010011001110,116501528,0,0.200000,1.000000
116499844,80,10101100100001000000101010111000011010000000010000100101011100011000110011100111,116501528,0,0.200000,1.000000
116499845,86,00110010000011111000000101010111000011010000000010001001111101011000011110110011100110,116475188,0,0.053333,0.800000
116499846,77,01011000101000000010111011100001101001000001101010010111110001100111011100001,116475188,0,0.040000,0.600000
116499847,74,10101001100000010101011100001101000000001000011010111100011100001001100011,116498411,0,0.200000,1.000000
116499849,79,0111100000001101000010101011100001101000000001110010111101101000011010010010111,116475188,0,0.053333,0.800000
116499850,75,001101011101000010101011100001101000000001000011010110100011101001001100111,116498411,0,0.160000,0.800000
116499851,77,11010001000100100001010101110000110100010000100001001011111000110111000111001,116498411,0,0.140000,0.700000
116499852,77,01011001100110000001010101110100110100000000100001001011101000101110001110110,116501528,0,0.200000,0.800000
116499854,75,101110111000000101000111000011010000000010000101101110001110010100110001111,116501528,0,0.200000,0.800000
116499855,80,10101100100001000000101010111000011010000000010000100101011100011000110011100111,116498411,0,0.200000,1.000000
116499856,79,1101100101011000000101010111000011010000000011000000101111100011101101011100110,116501528,0,0.200000,1.000000
116499857,75,001101011101000010101011100001101000000001000011011110100011101001001100111,116498411,0,0.160000,0.800000
116499858,66,010111001001010101110000110100000000110001101010100011001110011110,116475188,0,0.046667,0.700000
116499859,79,1101100101011000000101010111000011010000000011000000101111100011101101011100110,116498411,0,0.200000,1.000000
116499860,79,1010110010000100000010101011100001101000000001000010010101110001100111001110011,116498412,0,0.066667,1.000000
116499861,80,01101000100011010000100010111000011010000001011001001011111000000111100100101110,116481607,0,0.066667,0.700000
116499862,77,11110000000010100001010101110000110100000000111000001110110100011010010010111,116498412,0,0.066667,1.000000
116499863,80,01101000100011000001010101110000110100000000111000001111111010000011000001011101,116498412,0,0.066667,1.000000
116499864,80,01101000100011010000101010111000011010000000011000100111111010000111100100101110,116481607,0,0.066667,1.000000
116499865,78,001111100101100000010101011100001101000000001100110011111110000100110000110010,116498412,0,0.066667,1.000000
116499866,81,011110001000110100001110101110000110100000000110001001111110010000111100000101100,116498412,0,0.066667,1.000000
116499867,73,1111011100000010101011100001101000000001000010010111000111001010011000111,116498412,0,0.066667,1.000000
116499868,81,011010001000110100001010101010000110100000000110001001111111010000111100000101110,116498413,0,0.100000,1.000000
116499869,75,110101111000001010101110010110100000000100001001011110001110010100110001111,116498413,0,0.100000,1.000000
116499870,79,0111100000001101000010101011100001101000000001110010011101101000110010010010111,116498413,0,0.100000,1.000000
116499871,76,0110100001100000010101011100001101000000001000011010111100011100001001100011,116498413,0,0.100000,1.000000
116499872,77,11011001000110000001010101110000100100000000100001000011101001100101000111101,116498413,0,0.100000,1.000000
116499873,82,1011010001000110100001010101110000110100000000110001001111110010000111100100101110,116498413,0,0.100000,1.000000
116499874,79,0111100000001101000010101011100001101000000001110010111101101000011010010110111,116498413,0,0.100000,1.000000
116499875,83,10111100010001101000010101011100001101000000001100010011111110100000111001001011101,116498413,0,0.100000,1.000000
116499876,75,110110001100000010101011100001101000000001000011011111100011000001001100001,116498413,0,0.100000,1.000000
116499877,74,10101001100100010101011100001101000000001000011010111100011100001101100011,116498413,0,0.100000,1.000000
116499878,78,110100010001000000010101011100001101000000001100010111111110001010111101110010,116498413,0,0.100000,1.000000
116499879,81,011101000100111010000101010110000011010000000011100100111111101001011100100101111,116498414,0,0.032680,1.000000
116499880,81,100010100000001001000010101011101001101000000001110010011111110000001110010010111,116492287,0,0.032680,0.600000
116499881,86,01110111101000000100001010101110000110100000000110111101011010101100011101110001111100,116498414,0,0.032680,1.000000
116499883,75,111101110000001010101110000110100100000100001111011110001110011100110011111,116498414,0,0.032680,1.000000
116499884,75,010101001100000010101011100001101000000001000011010111101011100001001101011,116498414,0,0.032680,1.000000
116499885,82,1101110100010001001000010101011100001101000000001000100111011000000011100100000111,116498414,0,0.032680,1.000000
116499886,82,0110100010101101000010101011100001101000000001101110011111110100001111000001011100,116498414,0,0.032680,1.000000
116499887,83,00110100010101101000010101011100001101000000001100110011111110100001111000001001100,116498414,0,0.032680,1.000000
116499888,82,1101110100010001001000010101011100001101000000001000100111011000000011100100000111,116492287,0,0.032680,0.600000
116499889,78,001011000101000000010101011100001101000000001100010010111110011100111011100010,116498414,0,0.032680,1.000000
116499890,80,01111011001001111000011010101100000110110000000100011001011111000010011100111001,116492287,0,0.032680,0.600000
116499891,86,01110111101000000100001010101110000110100000000110111101001010101100011001110001111100,116500005,0,0.028571,1.000000
116499892,72,110100101100000010101011101001101000000001000011010111100001001010011101,116498415,0,0.028571,1.000000
116499893,72,011110111010000101010111100011010000000010000110011010011110100100110011,116486641,0,0.020000,0.700000
116499894,74,10101001100000110101011100001101000001001000011010111100011100001101110011,116496903,0,0.017143,0.600000
116499895,82,1001000001001100000010101011100001101000000001000100110111101001011010011001110011,116498415,0,0.028571,1.000000
116499896,75,111101110000001010101110000110100000000100010110111100011100101001101011111,116483540,0,0.040000,0.800000
116499897,79,0011000010011000000101010111000011010000000010001011011010110101101000100110001,116483540,0,0.040000,0.800000
116499898,79,0011000010011000100101010111000011010000000010001011011010110101101001100111001,116500005,0,0.022857,0.800000
116499899,74,10101001100000110101011100001101000001001000011010111100011100001101110011,116498415,0,0.028571,1.000000
116499900,74,10101001100000010101011100001101000000001000011010111101011100001001101011,116498415,0,0.028571,1.000000
116499901,79,1101100101011000000101010111000011010000000011000000101111100011001101011100110,116478440,0,0.032000,0.800000
116499902,86,01110111101000000100001010101110000110100000000110111101001010101100011001110001111100,116478440,0,0.032000,0.800000
116499903,79,1101101101011000000101010111000011010000000011000000101111100011001101011100110,116498415,0,0.028571,1.000000
116499904,83,01011010001000010100001010101110000111100000000110001001111111000100111000100101110,116498415,0,0.028571,1.000000
116499905,79,0111100000001101000010101011100001101000000001110010001101101000011010010010111,116498415,0,0.028571,1.000000
116499906,75,001101011101000010101011100001101010000001000011010110100011101001001100111,116498415,0,0.028571,1.000000
116499907,79,0011000010011000000101010111000011010000000010001011011010110101101000100110001,116496903,0,0.017143,0.600000
116499908,75,001101011101000010101011100001101010000001000011010110100011101001001100111,116486626,0,0.013333,0.600000
116499909,81,001010001000110100001010101110001110100000000110001001111111010000111110000101110,116498416,0,0.100000,1.000000
116499910,77,11010001000110100001010101110000110100000000100001001011111000110111000111001,116498416,0,0.080000,0.800000
116499911,77,11010001010110100001010101110000110110000000100001001011111000110111000111001,116481606,0,0.070000,0.700000
116499912,77,01010000101000000010101011100001101001000001100010010111010001100111011100101,116498416,0,0.100000,1.000000
116499913,80,01101000100011010000100010111000011010000001011001001011111000000111100100101110,116481606,0,0.060000,0.600000
116499914,81,001101010100011000001010101110000110100000000111000001111111010100111000001011101,116498416,0,0.100000,1.000000
116499915,81,001010001000110100001010101110001110100000000110001001111111010000111110000101110,116481606,0,0.070000,0.700000
116499916,82,0110101010001101000010101011100001101000100001100100111110101000111110010010111110,116481606,0,0.070000,0.700000
116499917,79,0101100000001101000010101011100001101000000001110010011101101000011010010010111,116498416,0,0.100000,1.000000
116499918,88,0011001000001111110000010101011100001101000000001000100111110101100001111011001110011000,116486639,0,0.066667,1.000000
116499919,74,10101001100000010101011100001101000000001000011010111100011100001001100011,116481606,0,0.080000,0.800000
116499920,75,101100110011000100101010111000011010000101010000100101110100010111000111011,116498416,0,0.100000,1.000000
116499921,88,0011001000001111110000010101011100001101000000001000100111110101100001111011001110011000,116481606,0,0.080000,0.800000
116499922,82,1001000001001100000010101011100001101000000001000100110100101001011010011001110011,116481606,0,0.080000,0.800000
116499923,81,001110001000110100001010101110000110100000000110001001111111110000111100000101110,116480044,0,0.060000,0.600000
116499924,83,01011010001000110100001010101110000110100000000110001001111111000000111100100101110,116498416,0,0.100000,1.000000
116499925,88,0011001000001111110000010101011100001101000000001000100111110101100001111011001110011000,116481606,0,0.080000,0.800000
116499926,80,01111011001011111000001010101100000110100000000100011001011111000110011100111001,116480044,0,0.050000,0.500000
116499927,82,0111100010001101000010101011100001101000000001100010011111110100001111001001011101,116480044,0,0.060000,0.600000
116499928,83,10110100010101101000010101011100001101000000001100110011111110100001111000001001100,116481606,0,0.080000,0.800000
116499929,78,001111100010110010001010101110000110100000000110011001011111000011011000111001,116498417,0,0.100000,1.000000
116499930,80,01101000100010000001010101110000110100000000111000001111111010000111000001011101,116488561,0,0.060000,0.600000
116499931,71,11110110000001010101110000110100000000100001011011100011100101000100011,116498417,0,0.100000,1.000000
116499932,77,11111011100000010101011100001101000001001000010110111100011100101001101011111,116498417,0,0.100000,1.000000
116499933,78,001111100010110010001010101110000110100000000110011001011111000011011000111001,116498417,0,0.100000,1.000000
116499934,75,001101011101000010101011100001101000000001000011011110100011101001001100111,116488561,0,0.060000,0.600000
116499935,78,011110110010011110000010101011000011010000000010001100101111100011001110011100,116488561,0,0.040000,0.400000
116499936,80,01101000100010000001010101110000110100000000111000001111111010000111000001011101,116498417,0,0.100000,1.000000
116499937,79,0111100000001101000010101011100001101000000001110010111101101000011010010010111,116498417,0,0.100000,1.000000
116499938,71,11110110000001010101110000110100000000100001011011100011100101000100011,116498417,0,0.100000,1.000000
116499939,75,001101011101000010101011100001101000000001000011011110100011101001001100111,116498417,0,0.100000,1.000000
116499940,79,0100100110001001000010101011100001101000000001100110011111110100001111010010111,116488561,0,0.060000,0.600000
116499941,75,001101011101000010101011100001101000000001000011011110100011101001001100111,116498417,0,0.100000,1.000000
116499942,78,001111100010110010001010101110000110100000000110011001011111000011011000111001,116498417,0,0.100000,1.000000
116499944,77,10101100100011000001010101110000110100000000110001001010111100110011100111001,116478446,0,0.100000,1.000000
116499945,73,0101001100000011101011100001101000000001000011010111101011100001001101011,116488562,0,0.046667,0.700000
116499947,86,00110010010011111100100101010111000011010000000010001001111101011000011110110011100110,116496904,0,0.046667,0.700000
116499948,77,01011001000100000011010101110000110100000000110000010111100101100111111101010,116478446,0,0.080000,0.800000
116499949,82,1111000001000100000101010111000010010000000010001001111101011001111100110011110101,116490325,0,0.046667,0.700000
116499950,82,0110100011001101000110101011100001101000000001110010011111111100001100000010111010,116498418,0,0.200000,1.000000
116499951,82,1001000001001100000010101011100001101000000001000100111110101001011010011001110011,116488562,0,0.053333,0.800000
116499952,79,1011011001000110000101010101110000110110000000110101001011101000000111000111001,116498418,0,0.200000,1.000000
116499953,81,011010001000110101001010101110000110100000000110001001111111010000111000000101110,116478446,0,0.080000,0.800000
116499954,78,010011001000110100001010101110000110100000001100010010011110011000111001110011,116478446,0,0.080000,0.800000
116499955,79,0101100010100000001000101110010110100000000110000101011111000110011101110001010,116478446,0,0.070000,0.700000
116499956,81,011010001010110100001010101110000110100000000110001001110111110000111000000101110,116498419,0,0.100000,1.000000
116499957,78,001011000101000000010101011100001101000000001100010010101110011100110011100010,116498419,0,0.100000,1.000000
116499958,82,1010000101001100000101010111000011010000000010001001111101011000111100110011110101,116470090,0,0.040000,0.400000
116499959,77,01111100101100000010101011100001101000000001100110010111110000100110000110010,116498419,0,0.100000,1.000000
116499960,74,10101001100000010101011100001101000000001000011010111100011100001001100011,116470090,0,0.040000,0.400000
116499961,81,010010011000100100001010101110000110100000000110001001111111010000111110100101110,116498419,0,0.100000,1.000000
116499962,73,1101011100000101010111100011010000000010000100101111100111001010110000110,116498419,0,0.100000,1.000000
116499963,74,11111011100000010101011100001101000000001000010110111000111001010011000111,116498419,0,0.100000,1.000000
116499964,81,011010001000110100001010101110000110100000000110001001111111010000111100000101110,116498419,0,0.100000,1.000000
116499965,80,10110101000001101000010101011100001101000100001100100111110011000111110010110111,116498419,0,0.100000,1.000000
116499966,79,0100100110001001000010101011100001101000000001100110011111110100001111010010111,116470090,0,0.040000,0.400000
116499967,82,1010000101001100000101010111000011010000000010001001111101011000111100110011110101,116498419,0,0.100000,1.000000
116499968,74,10101001100000010101011100001101000000001000011010111101011100001001100011,116498419,0,0.100000,1.000000
116499969,81,011010001000110100001010101110000110101000000110001001111111010000111100000101110,116498419,0,0.100000,1.000000
116499970,75,111110111000001010101110000110100000000100001011011110001110010100110101111,116470090,0,0.040000,0.400000
116499971,80,01101000100011010000101010111000011110000000011001001111111000000111000100001110,116498419,0,0.100000,1.000000
116499972,72,010100101100000010101011101001101000000001000011010101100011001010011101,116506691,0,0.040000,0.400000
116499973,74,10101001100000010101011100001101000000001000011010111100011100001001100011,116498419,0,0.100000,1.000000
116499974,75,010110010000100000101010111000011010000000011000100101011100011001110111001,116498419,0,0.100000,1.000000
116499975,70,0101001100000010101011100001101100000001000011010111100010010110101001,116470090,0,0.040000,0.400000
116499976,70,0101011101000010001011100001101000000011000010101111000110001100111111,116498419,0,0.100000,1.000000
116499977,80,01101000100001010000101010111000011010000000011001001011111000000111100100101110,116498420,0,0.050000,1.000000
116499978,75,111101110000001010101110000111100000000100001010011110001110011100110001111,116503237,0,0.050000,0.600000
116499979,81,110111010001000100100001011101110100110100000010100010011101100001001110010000011,116498420,0,0.050000,1.000000
116499980,81,011010001000110100001010101110000110100000000110001001111111010000111100000101110,116498420,0,0.050000,1.000000
116499981,74,00111010111010001101010111000011010000000010100100111011101111011100110100,116498420,0,0.050000,1.000000
116499982,77,01011000000100000011010101110000110100000000110000010111100101100111111101010,116498420,0,0.050000,1.000000
116499983,77,01011001100110000001010101110000110100000000100001001011101000101110001110110,116503237,0,0.050000,0.600000
116499984,74,00111010111010001101010111000011010000000010100100111011101111011100110100,116498420,0,0.050000,1.000000
116499985,77,01011001100110000001010101110000110100000000100001001011101000101110001110110,116503237,0,0.050000,0.600000
116499986,74,00111010111010001101010111000011010000000010100100111011101111011100110110,116503237,0,0.050000,0.700000
116499987,79,0011100000001101000010101011100001100000000001110010011101101000011010010010101,116503237,0,0.050000,0.600000
116499988,77,11010001000110100001010101110000110100000000100001001011111000110111000111001,116498420,0,0.050000,1.000000
116499989,77,11010001000110100001010101110000110100000000100001001011111000110111000110001,116498420,0,0.050000,1.000000
116499990,79,1110110010001100000000101011100001101000000001000010010011010001001110011110010,116498420,0,0.050000,1.000000
116499991,75,101110111000000101010111000011010000000010000101101110001110010101110001111,116503237,0,0.050000,0.600000
116499992,79,1101011100011000000101010111000011010000000011000000111111100011001100011000110,116498420,0,0.050000,1.000000
116499993,77,01011000000100000011010101110000110100000000110000010111100101100111111101010,116498420,0,0.050000,1.000000
116499994,75,101010011001000101010111000011010000000010000110101111000111000010011000111,116498420,0,0.050000,1.000000
116499995,78,011111001011000000101010111000011010000000011000100101111100001001100001100100,116498420,0,0.050000,1.000000
116499996,79,0111100000001101000010101011100001101000000001110010011101101000011010010010111,116498420,0,0.050000,1.000000
116500030,78,001011000101000000010101011100001101000000001100010010111110011100111011100010,116490326,0,0.053333,0.800000
116500031,73,1111011100000010101011100001101000000001000010110111000111001010011000111,116490326,0,0.053333,0.800000
116500032,74,10101001100000010101011100001101000000001000011010111100011001010011000101,116488546,0,0.053333,0.800000
116500033,75,101110111000000101010111000011010000000010000101101110001110010100110001111,116459871,0,0.100000,1.000000
116500034,78,110101100100001000000101010111000011010000100011000100101010000110011100111001,116459871,0,0.100000,1.000000
116500035,86,01110111101000000100001010101110000110100000000110111101001010101100011001110001111100,116459871,0,0.100000,1.000000
116500036,73,1101011100000100010111100011010000000010000100101111100111001010110000110,116459871,0,0.100000,1.000000
116500037,74,10101001100000010101011100001101000000001000011010111100011100001001100011,116459871,0,0.100000,1.000000
116500038,82,1010000101001100000111010111000011010000000010001001111101011000111100110011110101,116459871,0,0.100000,1.000000
116500039,79,1101101101011000000101010111000011010000000011000000101111100011001101011100110,116473641,0,0.200000,1.000000
116500040,74,10101001100000010101111100001101000000001000011010111100011001010011000101,116459871,0,0.100000,1.000000
116500041,82,0110100010001101000010101011100001101000000001100010011111110000001110000010111011,116459871,0,0.100000,1.000000
116500042,86,00110010000011111000000101010101000011010000000010001001111101011000011110110011100110,116459871,0,0.100000,1.000000
116500043,79,0111100000001101000010101011100001101000000001110010011101101000111010010010111,116459871,0,0.100000,1.000000
116500044,82,0110100010001101000010101011100001101000000001100010011111110000001110000010111011,116459871,0,0.100000,1.000000
116500045,88,0011001000001111110000010111011100101101000000001000100111110101101001110011001110011010,116473641,0,0.140000,0.700000
116500046,86,01110111101000000100001010101110000110100000000110111101001010101100011001110001111100,116473641,0,0.200000,1.000000
116500047,74,10101001100000010101011100001101000000001000011010111101011100001001101011,116459871,0,0.100000,1.000000
116500048,80,01101000100011010000101010111000011010000000011000100111111010000111100100101110,116459871,0,0.100000,1.000000
116500049,81,011010001000110101001010101110000110100000000110001001111111010000111000001101110,116459871,0,0.100000,1.000000
116500050,74,10101001100000010101011100001101000000001000011010111100011100001001100011,116473641,0,0.200000,1.000000
116500051,75,101100110011000000101010111000011010000000010000100101110100010111100111111,116459872,0,0.066667,1.000000
116500052,80,10110101000001101000010101011100001101000100001100100111110011000111110010110111,116459872,0,0.066667,1.000000
116500053,79,1001001100010010000101010111000011010000000011100100111111101000011111010001110,116459872,0,0.066667,1.000000
116500054,80,01110100010001101000010101011100001111000000001110010011111110100001110010010111,116459872,0,0.066667,1.000000
116500055,76,1011010111000001010101111000110100000000100001001011101001110010101100001100,116459872,0,0.066667,1.000000
116500056,81,001110001000110100001010101110000110100000000110001001111111110000111100000101110,116459872,0,0.066667,1.000000
116500057,81,101110101010001101000010101001000001101000000001000010011011110100000110010010111,116495378,0,0.040000,0.600000
116500058,82,0011010001000110100001010101110000110100000000110001001111111010000111100100101110,116461655,0,0.100000,1.000000
116500059,77,01011000000100000011010101110000110100000000110000010111100101100111111101010,116461655,0,0.100000,1.000000
116500060,80,01111000100011010100101010111000011010000100011100100111011010000110100100101111,116461655,0,0.070000,0.700000
116500061,81,011101000100111010000101010110000011010000000011100100111111101001011100100101111,116461655,0,0.100000,1.000000
116500062,82,0011010001000110100001010101110000110100000000110001001111111010000111100100101110,116498406,0,0.080000,0.800000
116500063,77,10011011111010000101010111000011011000000010000110101101000110010010011001111,116498406,0,0.070000,0.700000
116500064,80,01111011001001111000011010101100000110110000000100011001011111000010011100111001,116508500,0,0.120000,0.600000
116500065,81,011101000100111010000101010110000011010000000011100100111111101001011100100101111,116461655,0,0.100000,1.000000
116500066,77,11010001010110100001010101110000110100000000100001001011111000110111000111001,116485007,0,0.200000,1.000000
116500067,75,101110111000000101010111000011010000000010000101101110001110010100110001111,116461656,0,0.066667,1.000000
116500070,75,001101011101000010101011100001101000000001000011011110100011101001001100111,116488541,0,0.100000,0.800000
116500071,78,010011001000110000001010101110000110100000001100010010111110001000111001110011,116488541,0,0.100000,0.700000
116500072,84,111001000011011100000110101011100001101000000001000100111111101100011010011000110010,116463286,0,0.100000,1.000000
116500073,73,1101011100001010101111000110100000000100101001011111001110010101100001100,116463286,0,0.100000,1.000000
116500074,74,10101001100100010101011100001101000000001000011010111100011100001111100011,116505120,0,0.035000,0.700000
116500075,83,11001000001011100000110101011100011101000000001000100110110101100011011011000110010,116463286,0,0.100000,1.000000
116500077,72,011010111010000101010111000011010000000010000110101010001110100100110011,116475186,0,0.060000,0.600000
116500078,81,001010001000110100001010101110001110100000000110001001111111010000111110000101110,116475186,0,0.060000,0.600000
116500080,84,101011010001001010100001010101110000111100000000110001001111111100100111000100101110,116478447,0,0.140000,0.700000
116500082,77,01001001100010100000101010111000011010000000001000100110111010000111101011011,116465100,0,0.040000,0.800000
116500083,72,110101110100001010101110000110100000100110000101001110001100111001111010,116486638,0,0.040000,0.800000
116500084,82,0100100110001001000010101011100001101000000001100010011110110100001111101001011100,116481613,0,0.160000,0.800000
116500085,77,01110100101100000010101011100001101000000001000110010111110000100110000110010,116492271,0,0.046667,0.700000
116500086,77,10101100100011000001010101010000110100000000110001001010111100110011100111001,116470088,0,0.046382,0.800000
116500087,75,101010111000000101010111000011010000000010000101101110001110010100110101111,116465088,0,0.046382,1.000000
116500088,75,010110010000100000101010111000011010000000011000100101011100011001110111001,116465089,0,0.200000,1.000000
116500089,74,10101001110000010101011100001101000000001000011010111100011100001001100011,116475188,0,0.053333,0.800000
116500090,78,010110010001000000110101011100001101000000001100000101111000011001111111010100,116465100,0,0.066667,1.000000
116500095,77,11010001000110100001010101110000110100010000100001001011111000110111000111001,116465105,0,0.070000,0.700000
116500096,76,1111101110000001010101110000110100000000100001010011110001110011100110001111,116498404,0,0.080000,0.800000
116500097,78,111010001000110100001011101110000110100000000110001001011111000110111000111001,116465105,0,0.100000,1.000000
116500098,77,11110000000010100001010101110000110100000000111000001110110100011010011010111,116465105,0,0.080000,0.800000
116500099,77,01001001100010100000101010111000011010000000001000100110111010000111101011011,116465105,0,0.100000,1.000000
116500103,74,10101001100000010101011100001101000000001000011010111101011100001001100011,116466864,0,0.100000,1.000000
116500104,80,01111010001001110000001010101110000110110000000110011101011111001110011111110101,116471682,0,0.028000,0.500000
116500105,75,101010111000000101010111000011010000000010000101101110001110010100110001111,116466868,0,0.200000,1.000000
116500106,79,0100100110001001000011101011100001101000000001100110011011110100001111000010111,116466868,0,0.200000,1.000000
116500107,81,011010001000110100001010101110000110100000000110001001111111010000111100000101110,116466868,0,0.200000,1.000000
116500108,79,0100100110001001000010101011100001101000000001101110011011110100101111010010111,116466868,0,0.200000,1.000000
116500109,82,0110100010101101000010101011100001101000000001100110011111110100001111000001011100,116466868,0,0.200000,1.000000
116500110,79,0100100110001001000010101011100001101000000001101110011011110100101111010010111,116466868,0,0.200000,1.000000
116500111,82,0100100110001001000010101011100001101000000001100010011110110100001111101001011100,116466868,0,0.200000,1.000000
116500112,79,1101000110011010000101010111000011010000000011000100111111010000111000000101110,116466868,0,0.200000,1.000000
116500113,86,00110000000011111100000101010111000011010000000010001001111101011000011110110011100110,116466868,0,0.200000,1.000000
116500114,79,0100100110001001000010101011100001101000000001101110011011110100101111010010111,116466868,0,0.200000,1.000000
116500115,72,011110111010000101010110000011010000000010000110011010001110100100110011,116466868,0,0.200000,1.000000
116500116,81,011110100010001100000010101011100001101000000001100110010111110011100111111110011,116466868,0,0.200000,1.000000
116500119,82,0111100010001101000010101011100001101000000001100010011111110100001111001001011101,116468450,0,0.200000,1.000000
116500120,79,0001011101010110000001010101110000010100000000010011001011110000010011000111001,116468450,0,0.200000,1.000000
116500121,80,01101000100010000001010101110000110100000000111000001111111010000111000001011101,116468450,0,0.200000,1.000000
116500122,79,1001001100010010000101010111000011010000000011100100111111101000011111010001110,116468450,0,0.200000,1.000000
116500123,80,01111011001011111000001010101100000110100000000100011001011111000110011100111001,116492288,0,0.200000,0.800000
116500126,82,1001000001001100000010101011100001101000000001000100110110101101010010011001110011,116468455,0,0.066667,1.000000
116500127,76,1110100001100000010101011100001101000000001000011000111000011100001011100011,116503232,0,0.080000,0.800000
116500128,74,10101001000000010101011100001101000000001000011010111001011100001001100001,116468457,0,0.200000,1.000000
116500129,75,101010111000000101010111000011010000000010000101101110001110010100110001111,116468457,0,0.200000,1.000000
116500135,77,10101100100011000001010101110000110000000000110001001010111100110011100111001,116501525,0,0.032000,0.800000
116500136,80,01101000100011000001010101110000110100000000111000001111111010000111000001011101,116468457,0,0.200000,1.000000
116500137,83,01011010000000110100001010101110000110100000000110001001101111000000011100100101110,116478450,0,0.016000,0.400000
116500138,75,101110111000000101010111000011010100000010000101101110001110010100110001111,116498405,0,0.028000,0.700000
116500139,82,0011010001000110100001010101110000110100100000110101001111111010000111000001011101,116468459,0,0.066667,1.000000
116500140,83,00110100110101001000010101011100001101000010001100010011111110100001111001001011101,116495380,0,0.046667,0.700000
116500141,70,1010111010000111010111000011010000000011000010101111010110010100111111,116468459,0,0.066667,1.000000
116500142,86,00110000000011111100000101010111000011010000000010001001111101011000011110110011100110,116468460,0,0.066667,1.000000
116500143,75,101110111000000101010111000011010000000010000111101110001110010100111001111,116468460,0,0.066667,1.000000
116500144,75,101110111000000101010110000011010000000010000111101110001110010100111001111,116506690,0,0.040000,0.600000
116500145,83,00011010101000110100001010101110000110100000000110001001111111010000111100100101110,116508491,0,0.033333,0.800000
116500146,82,0011010001000110100001010101110000110100000000110001001111111010000111100100101110,116468461,0,0.033333,1.000000
116500149,74,11010011000001010101111000110100000000100001001011111001110010101000001100,116468462,0,0.050000,1.000000
116500150,77,10101100100011000001010101110000110100010000110001001010111100110011100111001,116468462,0,0.050000,1.000000
116500151,75,101110111000000101010111000011010000000010000101101110001110010100110001111,116468462,0,0.050000,1.000000
116500152,78,011111001011000000101010111000011010000000011001100101111100001001100001100101,116468462,0,0.050000,1.000000
116500153,83,00110100110101101000010101011100000101000000001100010011111110100001111001001001101,116468462,0,0.050000,1.000000
116500154,75,101110111000000101010111000011010000000010000101101110001110010100110001111,116468462,0,0.050000,1.000000
116500155,74,11010011000001010101111000110100000000100001001011111001110010101000001100,116468462,0,0.050000,1.000000
116500156,82,1010000101001100000101010111000011010000000010001001111101011000111100110011110101,116468462,0,0.050000,1.000000
116500157,79,1110110010001000000110101011100000001000000001100010010111110000100110001110010,116468462,0,0.050000,1.000000
116500158,77,10101100100011000001010101110000110100010000110001001010111100110011100111001,116468462,0,0.050000,1.000000
116500159,81,010010011000100100001010101110000110100001000111101001111111010100111110100101110,116468462,0,0.050000,1.000000
116500160,80,01111011001001111000011010101100010110110000000100011001011111000010011100111001,116468462,0,0.050000,1.000000
116500161,76,0111101001100000010101011100001111000000001000011010111000011100011001100011,116468462,0,0.050000,1.000000
116500162,79,1110110010001100000010101011100001101000000001000010010011010001001110011110010,116468462,0,0.050000,1.000000
116500163,77,11011001000110000001010101110000100100000000100001000011101001100101000111101,116468462,0,0.050000,1.000000
116500164,77,01011000101000000010111011100001101001000001101010010111110001100111011100001,116468462,0,0.050000,1.000000
116500165,79,1110110010001100000010101011100001101000000001000010010011010001001110011110010,116468462,0,0.050000,1.000000
116500166,78,010110010001000000110101011100011101000000001100000101111000011001111111010100,116468463,0,0.100000,1.000000
116500167,75,101101110000001010101010000010100000000100001011010100001110011100100001111,116468463,0,0.050000,0.500000
116500168,79,0100100110001001000010101011100001101000000001100110011111110100001111000010111,116470078,0,0.053333,0.800000
116500169,78,010010001010000000101010111001001010000000011000110101111100011000110111100100,116470078,0,0.066667,1.000000
116500170,80,11101100100011000000101010111000011010010000011000100111111100010001100011000111,116476972,0,0.100000,0.800000
116500171,74,00111010111010001101010111000011010000000010100100101111101111011000110100,116470079,0,0.100000,1.000000
116500172,83,00110100110101001000010101011100001101000000001101010011111110100001111001001011101,116470079,0,0.100000,1.000000
116500177,83,00110100110101101000010101011100001101000000001100010011111110100001111001001011101,116476972,0,0.100000,1.000000
116500178,77,10101100100011000001010101110000110100000000110001001010111100110011100111001,116470083,0,0.100000,1.000000
116500179,75,101100110011000000101010111000011010000001010000100101110100010111000111011,116470084,0,0.200000,1.000000
116500180,76,1110110001100000010101011100001101000000001000011010111000011100001011100011,116508492,0,0.200000,1.000000
116500181,78,100101110100010000001010101110000110100000000110011001011111000010011000011001,116508492,0,0.200000,1.000000
116500182,76,1110110001100000010101011100001101000000001000011010111000011100001011100011,116490325,0,0.053333,0.800000
116500183,78,011010011000110100001010101110000110100000000100001001011111000110111100111001,116465100,0,0.046667,1.000000
116500184,75,101010011000000101010111000011010000000010000110101111000111000010011000111,116470086,0,0.050000,1.000000
116500185,74,11101000011000000101010111000011010000000010000110101110000111000001110001,116506691,0,0.100000,0.400000
116500186,79,0111100000001101000010101011100001101000000001110010011101101000011010010010111,116470090,0,0.100000,1.000000
116500193,81,010010011000100100001010101110010110100000000110001001111111010000111100100101110,116470092,0,0.066667,1.000000
116500194,77,01111100101100000010101011100001101000000001100110010111110000100110000110010,116500002,0,0.040000,0.600000
116500195,80,11100100101011000000101010111000011010000000011000100101111100011000100011100100,116486645,0,0.016000,0.800000
116500196,81,011010001000111100001011101110000111100000000110001001111111010000111100001011001,116492272,0,0.046667,0.700000
116500197,81,011010001000111100001011101110000111100000000100001001111111010000111100001011001,116492272,0,0.046667,0.700000
116500198,79,1101011101110100001010101100001110100000000101001100011100010110010100110101100,116496910,0,0.140000,0.700000
116500199,76,0111101110000001010101010000010100000000100001011011100001110011100100001111,116471682,0,0.100000,1.000000
116500200,73,1101011100000101010111100011010000000010000100101111100111001010110000110,116471682,0,0.100000,1.000000
116500201,77,10010010101000000101010111000010110100000010000100101111100011001100111100100,116481615,0,0.030000,0.600000
116500202,74,11010011000001010101111000110100000000100001001011111001010010101100001100,116488544,0,0.066667,0.800000
116500203,76,1110100001100000010101011100001101000000001000011010111000111100001010100011,116481615,0,0.040000,0.800000
116500204,81,010010011000100100001010101110000110100000000110001001111011010000111110100101110,116471685,0,0.053333,0.800000
116500205,82,0110101010001101000010101011100001101000100001100100111110101000111110010010111110,116481615,0,0.035000,0.700000
116500206,74,11010011000001010101111000110100000000100001001011111001010010101100001100,116488544,0,0.066667,0.800000
116500207,80,01111011001101111000001010101100100100100000000100011001011111000110011100110001,116488544,0,0.066667,0.600000
116500208,82,1000000001001000000000101011100001100000001001000100110111101001011010011001110011,116488544,0,0.066667,0.600000
116500209,78,000001001101000000010101011100101101000000001100011010111110001100011011110010,116471685,0,0.066667,0.800000
116500210,79,1111000010011010000101010111000011010000000011000100111111010000111000000101110,116488544,0,0.066667,1.000000
116500211,75,111010111000001010101111000110100000000100001001011111001110010101100001100,116471685,0,0.066667,0.800000
116500212,82,0110101010001101000010101011100001101000100001100100111110101000111110010010111110,116471685,0,0.066667,1.000000
116500213,79,1111000010011010000101010111000011010000000011000100111111010000111000000101110,116488544,0,0.066667,1.000000
116500214,82,0110101010001101000010101011100001101000100001100100111110101000111110010010111110,116481615,0,0.035000,0.700000
116500215,80,01101000100010000001010101110000110100000000111000001111111010000111000001011101,116471684,0,0.053333,0.800000
116500216,72,011110111010000101010111100011010000000010000110011010001110100100110011,116471685,0,0.066667,1.000000
116500217,71,11110110000001010101110000110100000000100001011011100011100101000100011,116471685,0,0.066667,1.000000
116500218,79,1110110010001000000110101011100000001000000001100010010111110000100110001110010,116488544,0,0.066667,0.600000
116500219,80,01101000100001010000101010111100011010000000011001001111111000000111100100001110,116471684,0,0.046667,0.700000
116500220,76,1110100010011010000101010111000011010000000011000100111111101000111001001011,116506709,0,0.024000,0.600000
116500223,76,0110110010001100000010100010100001101000100001101010010110100010011100011100,116471693,0,0.066667,1.000000
116500224,78,001011101010110000001010101110000110100000000010011001011110000000011000111001,116471693,0,0.053333,0.800000
116500225,79,1110110010001100000010101011100001101000000001000010010011010001001110011110010,116471693,0,0.066667,1.000000
116500226,81,011010001000111100001010101110000110100000000110001001111111010000111100000101110,116471693,0,0.066667,1.000000
116500227,81,011010001000110100001010101110000110100000000110001001111111000000111101000101110,116471693,0,0.066667,1.000000
116500228,80,10110101000001101000010101011100001101000100001100100111110011000111110010110111,116471694,0,0.100000,1.000000
116500229,74,10101001100000010100011100001101000000001000011010111100011100001001100011,116471694,0,0.100000,1.000000
116500230,78,110101100100001000000101010111000011010000000011000100101010000110011100111001,116471694,0,0.100000,1.000000
116500231,75,110101010010100010010101011100001101000000001100110010011100001000100111011,116471694,0,0.100000,1.000000
116500232,82,0101110100010001001000010101011000001101000000001000100111110000010011100110010110,116471694,0,0.100000,1.000000
116500233,76,1101100110011000000101010111000011010000001010000100101110100010111000111011,116471694,0,0.100000,1.000000
116500234,81,011010001000110101001010101110000110100000000110001001111111010000111000000101110,116471694,0,0.100000,1.000000
116500235,78,001011101010110010001010101110000110100000000110011001011111000011011000111001,116471694,0,0.100000,1.000000
116500236,78,001011000101000000010101011100001101010000001100010010101110011100110011100010,116471694,0,0.100000,1.000000
116500237,79,0111100000001101000010101011100001101000000001110010001101101000011010010010111,116471694,0,0.100000,1.000000
116500238,82,0011010001000110100001010101110000110100000000110101001111111010000111000001011101,116471694,0,0.100000,1.000000
116500239,81,101110100010101001000010101011000001101000000001010100111110000010011100110010110,116471694,0,0.100000,1.000000
116500240,72,011110111010000101010111100011010000000010000110011010011110100100110011,116471694,0,0.100000,1.000000
116500241,80,10110101000001101000010101011100001101000100001100100111110011000111110010110111,116471694,0,0.100000,1.000000
116500242,78,001011000101000000010101011100001101010000001100010010101110011100110011100010,116471694,0,0.100000,1.000000
116500243,78,001011000101000000010101011100001101010000001100010010101110011100110011100010,116471694,0,0.100000,1.000000
116500244,74,10101001100000010100011100001101000000001000011011111100011100001001100011,116471694,0,0.080000,0.800000
116500245,81,001101000110011010000101010111010011010000000110001001111111010000111010101010101,116471694,0,0.100000,1.000000
116500246,77,10010010101000000101010111000011010100000010000100101111100011001100111100100,116471694,0,0.100000,1.000000
116500247,79,1001011000101000000010101011100001101010000001100010010101110011100110011100010,116471694,0,0.100000,1.000000
116500248,73,1010000110000001010101110000110101000000100001001011110011100001001100011,116471694,0,0.100000,1.000000
116500249,84,111001000001011100000110101011100011101000000001000100111111101100011010011000110010,116471694,0,0.100000,1.000000
116500250,78,001011101010110000001010101110000110100000000010011001011110000010011000111001,116481617,0,0.100000,0.800000
116500256,79,1110100010001101000010101101100001101000000001000010010111010001101110001110011,116486626,0,0.011111,0.500000
116500257,80,01110000000000101000010101011100001101000000001110010011111110100001110010010111,116473635,0,0.066667,1.000000
116500258,75,001101011101000010101011100001101000000001000011010110100011101001001100111,116473635,0,0.066667,1.000000
116500259,73,1101011100000101010111100011010000000010000100101111100111001010110000110,116473635,0,0.066667,1.000000
116500260,78,110111010001100000010101011100001101000000001100010101111110001000111101110010,116473635,0,0.066667,1.000000
116500261,80,01101000100011010000101010111000011010000000011011001011111000000111100000111110,116473635,0,0.066667,1.000000
116500262,75,001101011101000010101011100001101010000001000011010110100011101001001100111,116473636,0,0.046667,0.700000
116500263,74,11110011000000111010111000011010000001010010101101111000010001100110001111,116503241,0,0.040000,0.600000
116500264,77,11001001010110000001000101110000110100000000100001001011111000110011000010010,116473636,0,0.040000,1.000000
116500265,86,01110111101000000100001010101110000110100000000110111101011010101100011001110001111100,116503241,0,0.040000,0.800000
116500266,75,001101011101000010101011100001101000000001000011010110100011101001001100111,116503241,0,0.040000,0.800000
116500267,75,011010111000001010001111000110100000000100001001011101001110010101100001100,116503241,0,0.040000,0.600000
116500268,81,011010001000110100001010101110000110100000000110001001111111010000111100000101110,116503241,0,0.040000,0.800000
116500269,73,0110110011000100101010111000011010000101010000100101110100010111000101011,116473636,0,0.032000,0.800000
116500270,82,0011010001000110100001010101110000110100000000110001011111111010000111100000101110,116473636,0,0.040000,1.000000
116500271,75,101010011000000101010111000011010000000010000110101111000111000010011000111,116473636,0,0.040000,1.000000
116500272,79,0011000010011000000101010111000011010000000010001011011010110101101000100111001,116503241,0,0.053333,0.800000
116500274,76,0111101110000001010101010000010100000000100001011011100001110011100100001111,116492267,0,0.050000,0.500000
116500278,73,1111011100000010101011100001101000000001100010110111000111001010001000111,116490314,0,0.066667,1.000000
116500304,75,110100001100000010101011100001101000000001000011010011100011100001001110011,116473639,0,0.200000,1.000000
116500305,84,111001000001011100000110101011100001101000000001000100111111101100011010011000110010,116473639,0,0.200000,1.000000
116500306,74,10101001100000010101011110001101000000001100011010111101011100001001101011,116473639,0,0.200000,1.000000
116500307,75,111101110000001010101010000010100000000100001011011100001100011100100001111,116473639,0,0.200000,1.000000
116500308,81,101110100010001101000010101001000001101000000001000010011011110100000110010010111,116473639,0,0.200000,1.000000
116500309,74,00011010111010001101010111000011010000000010000100101111001101011100110000,116501519,0,0.022857,0.800000
116500314,81,011010001001110101001010101110000110100000000110001001111111010000111000000101110,116459871,0,0.070000,0.700000
116500315,79,1011011001000110000001010101010000110100000000110101001011100000100111000111001,116459871,0,0.070000,0.700000
116500316,88,0011001000001110110000010111011100101101000000001000100111110101101001110011001110011010,116470078,0,0.040000,0.600000
116500317,79,0111100000001101000010101011100001101000000001110010011101101000011010010010111,116488550,0,0.040000,0.800000
116500323,77,10101100100011000001010101110000110100000000110001001010111100110011100111001,116481598,0,0.040000,0.800000
116500324,75,001101011101000010101011100001101010000001000011010110100011101001001100111,116481598,0,0.035000,0.700000
116500326,77,01011000000100000011010101110000110100000000110000010111100101100111111101010,116481598,0,0.035000,0.700000
116500327,81,011010001000110101001010101110000110100000000110001001111111010000111000000101110,116481598,0,0.035000,0.700000
116500329,76,0011010111010000101010111000011010100000010000110101101000111010010011001111,116481598,0,0.035000,0.700000
116500332,74,10101001100100010101011100001101000000001000011010111100011100001111100011,116475175,0,0.200000,1.000000
116500333,80,01111010001001110000001010101110000010110000000110011101010111001110011111111101,116486627,0,0.030000,0.600000
116500334,77,11010001000100100001010101110000110100010000100001001011111000110111000111001,116475175,0,0.200000,1.000000
116500335,81,011010101000110100001010101110000110100000000110001001110111010000111101000101110,116475175,0,0.200000,1.000000
116500336,82,0110100010101101000010101011100001101000000001100110011111110100001111000001011100,116475175,0,0.200000,1.000000
116500339,75,101010011000000101010111000011010000000010000110101111000111000010011000111,116475180,0,0.200000,1.000000
116500340,76,1110100001100000010101011100001101000000001000011010111000011100001001100011,116475180,0,0.200000,1.000000
116500341,76,1111011100000010101011100001101001000001000011110111100011100111001100111111,116475180,0,0.200000,1.000000
116500342,83,01011010000000110100001010101110000110100000000110001001111111000000011100100101110,116475180,0,0.200000,1.000000
116500343,79,0101100101010000000101010111000001010001100011100100101111100011001110011111110,116475180,0,0.200000,1.000000
116500344,78,011011001000110000101010101110010110110000000110101001011101000000111000111001,116475180,0,0.200000,1.000000
116500345,77,01010000101000000010101011100001101001000001100010010111110001100111011100101,116475180,0,0.200000,1.000000
116500346,78,010011001000110000001010101110000110100000001100010010111110001000111001110011,116475180,0,0.200000,1.000000
116500347,76,1110100001100000010101011100001101000000001000011010111000011100001001100011,116475180,0,0.200000,1.000000
116500348,78,010011001000110100001010101110000110100000001100010010111110011000111001110011,116475180,0,0.200000,1.000000
116500349,78,011011001000110000011010101010000111100000000110101001011100000100111000111001,116498414,0,0.019608,0.600000
116500350,72,011010111010000101010111000011010000000010000110101010001110100100110011,116498414,0,0.032680,1.000000
116500352,70,1010111010000111010111000011010000000011000010101111010110010100111111,116501520,0,0.046667,0.700000
116500353,77,01110100101100000010101011100001101000000001000110010111110000100110000110010,116492273,0,0.053333,0.800000
116500356,80,01110100000001101000000101011100001101000000001110010011111110100001110010010111,116490326,0,0.080000,0.700000
116500358,81,011010001000110100001010101110000110100000000110001001111111010000111100000101110,116475187,0,0.033333,1.000000
116500359,85,1110010000010111000001101010111000011010000000010001001111111011000110100110001100101,116475187,0,0.033333,1.000000
116500361,79,0000100110001001000010101011100001101000000001100110011111110100001111010010111,116475187,0,0.033333,1.000000
116500362,74,10101001100000010101011100001101000000001000011010111101011100001001100011,116475187,0,0.033333,1.000000
116500364,77,01011000101000000010111011100001101001000001101010010111110001100111011100001,116490313,0,0.033333,0.500000
116500365,78,110100010000101000010101011100001101000000001100100101111100000011100100101110,116486652,0,0.040000,0.600000
116500368,83,01011010001000110100001010101110000110110000000110001001111111010000111100100101110,116490313,0,0.033333,0.500000
116500369,80,01101000100011010000101010111000011010000000011001001111111000000111100100001110,116490319,0,0.100000,1.000000
116500370,78,110100010000101000010101011100001101000000001100100101111100000011100100101110,116475187,0,0.033333,1.000000
116500371,74,01111011101000010101011100001111000000001000111010110100011101001001100111,116498411,0,0.140000,0.700000
116500372,79,0111100000001101000010101011100001101000000001110010011101101000011010010010111,116475188,0,0.066667,1.000000
116500373,77,01111101110000001010101110010110100000000100001011011110001110010100110101111,116475188,0,0.066667,1.000000
116500374,79,0111100000001101000010101011100001101000000001110010011101101000011010010010111,116475188,0,0.066667,1.000000
116500375,84,111010000010111000001101010111000011010000000010001101111101011000010100110001100101,116476971,0,0.100000,1.000000
116500376,82,0110100010101101000010101011100001101000000001100110011111110100001111000001011100,116476987,0,0.100000,1.000000
116500377,75,101010011010000101010111000011010000000010000110101111000111000010011000111,116476987,0,0.100000,1.000000
116500378,79,1101100101011000000101010111000011010000000011000000101111100011101101011100110,116476971,0,0.100000,1.000000
116500379,82,0011010001000110100001010101110000110100000000110101001111111010000111000001011101,116476971,0,0.100000,1.000000
116500380,82,0110101010001001000010101011100001101000100001101010011111010100011011001001011101,116476987,0,0.080000,0.800000
116500381,81,011010001010110100001010101110000110100000000110001001110111110000111000000101110,116476971,0,0.100000,1.000000
116500382,75,110101010010100010010101011100001101000000001100110010011100001000100111011,116476971,0,0.100000,1.000000
116500383,75,001101011101000010101011100001101000000001000011010110100011101001001100111,116476971,0,0.100000,1.000000
116500384,75,001101011101000010101011100001101000000001000011010110100011101001001100111,116476987,0,0.100000,1.000000
116500385,79,0111100000001101000010101011100001101000000001110010011101101000011010010010111,116476987,0,0.100000,1.000000
116500386,72,110101110100001010101110000110100000100110000101001110001100111001111010,116476971,0,0.100000,1.000000
116500387,77,10101100100011000001010101110000110100000000110001001010111100110011100111001,116476971,0,0.100000,1.000000
116500388,75,111101110000001010101110000110100000000100010110111100011100101001101011111,116476987,0,0.100000,1.000000
116500389,75,110101010010100010010101011100001101000000001100110010011100001000100111011,116476971,0,0.100000,1.000000
116500390,73,1011110111010000101010111100011010000000010000110011010011110100100110011,116476971,0,0.100000,1.000000
116500391,77,01001001100010100000101010111000011010000000001000100110111010000111101011011,116476987,0,0.080000,0.800000
116500392,79,1110110010001100000010101011100001101000000001000010010011010001001110011110010,116476987,0,0.100000,1.000000
116500393,84,111010000010111000001101010111000011010000000010001101111101011000010100110001100101,116476971,0,0.100000,1.000000
116500394,80,01101000100011010000101010111000011010000000011001000011111000000111100100101110,116476971,0,0.100000,1.000000
116500395,81,011010001000110100001010101110000110100000000110001001111111010000111000000101110,116476971,0,0.100000,1.000000
116500396,87,011101111010000001000010101111100001101000000001101111010110101001000110011100011111000,116476987,0,0.080000,0.800000
116500397,76,1010110010000100000101010111000011010000000011000100101011100011001110111001,116476972,0,0.100000,1.000000
116500398,82,0011010101000110100011110101110000110100000000110101001111111010000111000001011101,116476972,0,0.100000,1.000000
116500399,79,1111000010011010000101010111000011010000000011000100111111010000111100000101110,116470079,0,0.100000,1.000000
116500400,72,010100101100000010101011101001101000000001000011010111100011001010011101,116476972,0,0.100000,1.000000
116500401,80,00111011001011111000000010101100000110100000000100011001011111000110011100111001,116470079,0,0.100000,0.700000
116500402,75,111010111000001010101111000110100000000100001001011111001110010111100001100,116470079,0,0.066667,0.800000
116500403,80,01101000100011000001010101110000110100000000111000001111111010000011000001011101,116470093,0,0.040000,1.000000
116500404,81,111010001000110100001010101110000110100010000110001001111111010000111100000101110,116476973,0,0.066667,1.000000
116500405,72,011010111010100101010111000011010000000010000110101010001110100100110011,116488551,0,0.024000,0.600000
116500406,75,101010111000000101010111000011010000000010000101101110001110010100110001111,116488551,0,0.024000,0.600000
116500407,81,011010001000110100001010101110000110100000000110001001111111010000111100000101110,116476974,0,0.050000,1.000000
116500408,84,011001000001111110000010101011000001101000000001000100111110101000011110100011100110,116476974,0,0.050000,1.000000
116500409,82,1001000001001100000010101011100001101000000001000100111110101001011010011001110011,116476974,0,0.050000,1.000000
116500410,77,11010001010110100001010101110000110100000000100001001011111000110111000111001,116501532,0,0.050000,0.600000
116500411,81,110101100100001000000101010111000011010000000010000100101011100011001110011100111,116481610,0,0.050000,1.000000
116500412,79,1100100101011000000101010111000011010000000011000110101111100011000100011100100,116503235,0,0.053333,0.800000
116500413,81,011010001000100101001010101110000110100000000110001001111111010000111000001101110,116501521,0,0.120000,0.600000
116500427,82,0011010001000110100001010101110000110100000000110001001111111010000111101100101110,116476984,0,0.100000,1.000000
116500428,74,10101001100000010101011100001101000000001000011010111101011100001001100111,116476984,0,0.100000,1.000000
116500429,82,0011010001000110100001010101110000110100000000110001001111111010000111101100101110,116476984,0,0.100000,1.000000
116500430,74,10101001100000010101011100001101000000001000011010111101011100001001100011,116476984,0,0.100000,1.000000
116500431,75,101110111000000101010111000011010000000010000111101110001110010100111001111,116501513,0,0.040000,0.600000
116500432,82,0011010001000110100001010101110000110100000000110001001111111010000111100100101110,116501513,0,0.040000,0.600000
116500433,75,101110111000000101010111000011010000000010000111101110001110010100111001111,116501513,0,0.040000,0.600000
116500434,82,1011010001000111100001010101110000110100000010110001001011111010000111100001011101,116501513,0,0.033333,0.500000
116500435,77,11011001000110000001010101110001110100000000100001001011101000100111000111001,116476984,0,0.100000,1.000000
116500436,82,0011010001000110100001010101110000110100000000110001001111111010000111101100101110,116476984,0,0.050000,0.500000
116500437,82,1011010001000111100001010101110000110100000010110001001011111010000111100001011101,116476984,0,0.100000,1.000000
116500438,82,0110100010101101000010101011100001101000000001100110011111110100001111000001001100,116476984,0,0.100000,1.000000
116500439,81,110010000010111000001101010111000011010000000010001001111101011000110100110001101,116476984,0,0.060000,0.600000
116500440,82,0000101010001101000010101011100001101000100001100100111110101000111110010010111110,116476985,0,0.100000,1.000000
116500441,79,1101011101110100001010101100001110100000000101001100011100010110010100110101100,116492282,0,0.040000,0.600000
116500442,74,10101001100000010101011100001101000000001000011010111100011001010011000101,116492282,0,0.053333,0.800000
116500443,78,001111100010110010001010101110000110100000000110011001011111000011011000111001,116476985,0,0.100000,1.000000
116500444,78,011011001000110000101010101110000110110000000110101001011101000000111000111001,116476985,0,0.100000,1.000000
116500445,78,001011101010110000001010101110000110100000000010011001011110000010011000111001,116490329,0,0.100000,0.700000
116500446,78,001111100010110010001010101110000110100000000110011001011111000011011000111001,116492282,0,0.046667,0.700000
116500447,75,111101111000001010101110010110100000000100001001011110001110010100110001111,116492282,0,0.046667,0.700000
116500448,85,0011001000001111110000010101011100001101000000001000100101101011000011010110011100111,116476985,0,0.100000,1.000000
116500449,80,01101000100011000001010101110000110100000000111000001111111010000111000001011101,116490329,0,0.100000,0.800000
116500450,85,0011001000001111110000010101011100001101000000001000100101101011000011010110011100111,116492282,0,0.053333,0.800000
116500451,75,010101001100000010101011101001101000000001000011010111101011100001001101011,116476985,0,0.070000,0.700000
116500452,80,10110101000001101000010101011100001101000100001100100111110011000111110010110111,116476987,0,0.100000,1.000000
116500453,74,10101001100000010101011100001101000000001000011010111101011100001001100111,116476987,0,0.100000,1.000000
116500455,83,01101110100010001001000010101011100001101000000001000100111011000000011100100000111,116480045,0,0.066667,1.000000
116500456,76,1111101110000001110101110000110100000000100001010011110001110011100110001111,116480045,0,0.053333,0.800000
116500457,75,111010000110000001010101110000110100000000100001101011100001110000011100010,116483551,0,0.080000,0.800000
116500461,80,01101000100010000001010101110000110100000000111000011111111010000111000001011101,116485007,0,0.200000,1.000000
116500462,80,01101000100010000001010101110000110100000000111000001111111010000111000001011101,116461655,0,0.100000,1.000000
116500464,81,111010001000110100001010101110000110100010000110001001111111010000111100000101110,116508500,0,0.160000,0.800000
116500466,79,0100100110001001000010101011100001101000000001100110011111110100001111010010111,116461655,0,0.100000,1.000000
116500470,78,000001001101000000010101011100101101000000001100011010111110001100011011110010,116485007,0,0.160000,0.800000
116500471,74,10101001100000010101011100001101000000001000011010111100011001010011000101,116485007,0,0.200000,1.000000
116500473,78,000001001101000000010101011100101101000000001100011010111110001100011011110010,116485007,0,0.160000,0.800000
116500476,80,11100100101011000001101010111000011010000000011000100101111100011000100011100100,116478435,0,0.066667,1.000000
116500477,82,0110100010101101000010101011100001101000000001100110011111110100001111000001001100,116478435,0,0.066667,1.000000
116500478,75,110100001100000010101011100001101000000001000011010011100011100001001110011,116481609,0,0.040000,0.600000
116500479,82,1101110100010001101001010101011100001101000000001000100111011000000010100100000111,116478435,0,0.066667,1.000000
116500480,82,0011110100010001100000010101011100001101000000001100110010111110011100111111110011,116481609,0,0.040000,0.600000
116500481,79,0111100000001101000010101011100001101000000001110010011101101000011010010010111,116495374,0,0.140000,0.700000
116500482,82,0011010001000110100001010101110000110100000000110001001111111010000111100100101110,116478436,0,0.100000,1.000000
116500483,80,01111011001001111010011010101100010110110000000100011001011111000010011100111001,116478437,0,0.026667,0.800000
116500484,82,0110110011001101000110101011100001101000000001110010011111111100001100000010111010,116492278,0,0.033333,0.700000
116500485,78,010011001000110100001010101110000110100000001100010010111110011000111001110011,116501534,0,0.033333,0.500000
116500486,83,01011010001000010100001010101110000111100000000110001001111111100100111000100101110,116478439,0,0.100000,1.000000
116500487,82,0110100011001101000110101011100001101000000001110010011111111100001100000010111010,116483540,0,0.035000,0.700000
116500488,82,0110100010001101000010101011100001101000000001100010011111110000001110000010111011,116498415,0,0.022857,0.800000
116500489,80,01001001100010010000111010111000011010000000011001100110111101000011110000101111,116478440,0,0.040000,1.000000
116500490,79,1101101101011000000101010111000011010000000011000000101111100011001101011100110,116478440,0,0.040000,1.000000
116500491,82,0110100010001101000010101011100001101000000001100010011111110000001110000010111011,116478443,0,0.013333,0.600000
116500492,80,01001001100010010000111010111000011010000000011001100110111101000011110000101111,116478440,0,0.040000,1.000000
116500493,79,1101100101011000000101010111000011010000000011000000101111100011001101011100110,116478440,0,0.040000,1.000000
116500494,79,1101101101011000000101010111000011010000000011000000101111100011001101011100110,116483540,0,0.040000,0.800000
116500495,79,1101100101011000000101010111000011010000000011000000101111100011001101011100110,116478440,0,0.040000,1.000000
116500496,80,01111011001001111000001010101100000110100000000100011001011111000110011100111001,116478441,0,0.066667,1.000000
116500497,73,1111011100000010101011100001101000000001100010110111000111001010011000111,116478441,0,0.066667,1.000000
116500498,79,0111100000001101000010101011100001101000000001110010001101101000011010010010111,116500009,0,0.066667,1.000000
116500499,75,111101111000001010101110010110100000000100001001011110001110010100110001111,116503238,0,0.066667,0.600000
116500500,79,0010110001010000000101010111000011010000000011000100101111100111001100111000101,116478441,0,0.046667,1.000000
116500501,79,0010110001010000000101010111000011010000000011000100101111100111001100111000101,116503238,0,0.066667,0.700000
116500502,79,0100100110001001000010101011100001101000000001100110011111110100001111010010111,116500009,0,0.066667,1.000000
116500503,76,1111101110000001010101110000110100000000100001010011110001110011100110001111,116500009,0,0.066667,1.000000
116500504,73,1111011100000010101011100001101000000001100010110111000111001010011000111,116503238,0,0.066667,0.700000
116500505,75,111101111000001010101110010110100000000100001001011110001110010100110001111,116483541,0,0.046667,0.700000
116500506,79,1101000110011010000101010111000011010000000011000100111111010000111000000101110,116503238,0,0.046667,0.700000
116500507,73,1111011100000010101011100001101000000001100010110111000111001010011000111,116478441,0,0.066667,1.000000
116500508,72,011110111010100101010111100011010000000010000110011010001110100100110011,116478441,0,0.066667,1.000000
116500509,79,0100100110001001000010101011100001101000000001100110011111110100001111010010111,116500009,0,0.066667,1.000000
116500510,82,0100100110001001000010101011100001101000000001100010011111110100001111101001011100,116478441,0,0.066667,1.000000
116500511,80,01001001100010010000101010111000011010000000011001100111111101000011110100101111,116508497,0,0.053333,0.800000
116500512,79,0100100110001001000010101011100001101000000001100110011111110100001111010010111,116503238,0,0.046667,0.700000
116500513,79,0111100000001101000010101011100001101000000001110010001101101000011010010010111,116478441,0,0.066667,1.000000
116500514,78,011111001011000000101010111000011010000000011000100101111100001001100001100100,116478441,0,0.066667,1.000000
116500515,79,0010110001010000000101010111000011010000000011000100101111100111001100111000101,116478441,0,0.066667,1.000000
116500516,78,011011001000110000001010101110000110100000000110101001011101001100111000111001,116483541,0,0.053333,0.800000
116500517,74,01101011101001010101011100001101000000001000011010110100011101001000100111,116503238,0,0.066667,0.600000
116500518,79,0010110001010000000101010111000011010000000011000100101111100111001100111000101,116478441,0,0.066667,1.000000
116500519,80,01111011001011111000001010101100000110100000000100011001011111000110011100111001,116470086,0,0.040000,0.600000
116500520,76,1111101110000001010100110000110100000000100001010011110001110011100110001111,116486626,0,0.013333,0.600000
116500521,83,10010010001000110111001010111110000110100000000111001001111111010000110000001011101,116478443,0,0.022222,1.000000
116500522,73,1101011100000101010111100011010000000010000100101111100111001010110000110,116486626,0,0.013333,0.600000
116500523,79,1010110010000100100010101011100001101000000001000010010101110001100111001110011,116478443,0,0.022222,1.000000
116500524,77,01011001000010000001010101110000110100000000100001001010111000110011100111011,116478443,0,0.022222,1.000000
116500525,81,101110100010101001000010101011000001101000000001010100111110000010011100110010110,116478443,0,0.022222,1.000000
116500526,73,1101011100000100010111100011010000000010000100101111100111001010110000110,116478443,0,0.022222,1.000000
116500529,82,0100100110001001000010101011100001101000000001100010011110110100001111101001011100,116498407,0,0.040000,0.800000
116500530,75,010101001100000010101011100001101000000001000011010111101011100001001101011,116501522,0,0.040000,1.000000
116500531,70,1010111010000101011111000011010000000011001010101111100110011100101100,116501522,0,0.032000,0.800000
116500533,81,011010001000110100001010101110000110100000000110001001111111010000111100000101110,116501522,0,0.040000,1.000000
116500534,79,0100100110001001000011101011100001101000000001100110011011110100001111000010111,116501522,0,0.032000,0.800000
116500535,75,101010011000000101010111000011010000000010000110101111000111000010011000111,116476984,0,0.050000,0.500000
116500536,76,1111101110000001010101110000110100000000100001011011110001110010100110011111,116478445,0,0.066667,1.000000
116500537,71,11110110000001010101110000110100000000100001011011100011100101000100011,116478446,0,0.100000,1.000000
116500538,71,11110110000001010101110000110100000000100001011011100011100101000100011,116478446,0,0.100000,1.000000
116500539,82,1100010100000001101000010101011101001101000000001110010011111110100001110010010111,116478446,0,0.100000,1.000000
116500540,81,010010011000100100001010101110000110100000000111001001111111010000111110100101110,116478446,0,0.100000,1.000000
116500541,77,11111011100000010101011100001101000001001000010110111100011100101001101011111,116478446,0,0.100000,1.000000
116500542,77,01001001100010100000101010111000011010000000001000100110111010000111101011011,116478446,0,0.100000,1.000000
116500543,81,011010001000110100001010101110000110100000000110001001111111010000011100000101110,116478446,0,0.100000,1.000000
116500544,81,011001001010110000001010101110000110100000000110001001011111000110001000111001000,116478446,0,0.100000,1.000000
116500545,75,001101011101000010101011100001101000000001000011011110100011101001001100111,116498416,0,0.080000,0.800000
116500546,73,0111101110100001010101111000110100000000100001100110100011101001001100110,116478446,0,0.100000,1.000000
116500547,75,000110111110100011110101110000110100010000100001001011110011010111001100000,116478446,0,0.100000,1.000000
116500548,78,111011001000110000001010101110000100100000000100001000011101001100101000111101,116478447,0,0.200000,1.000000
116500549,74,10101001100100010101011100001101000000001000011010111100011100001111100011,116478447,0,0.200000,1.000000
116500550,79,0110100010001101000000101011100001101000000011000100111111101000011100000010111,116506693,0,0.028000,0.700000
116500551,83,01101000101011010000101010111000011010000000011001100111111101000011110000010011000,116478448,0,0.028000,0.700000
116500552,85,0011001000001111110000010101011101001101000000001000100101101011000011010110011100111,116478448,0,0.040000,1.000000
116500553,73,0101001100000011101011100001101000000001000011010111101011100001001101011,116490332,0,0.080000,0.800000
116500554,77,01011001000100000011010101110000110100000000110000010111100101100111111101010,116490332,0,0.080000,0.800000
116500555,77,01011001000100000011010101110000110100000000110000010111100101100111111101010,116501525,0,0.032000,0.800000
116500558,79,0110010010001100000010101011100001101000001001000010101111010001000111101010010,116478453,0,0.040000,1.000000
116500559,79,1101011100011000000001010111000011010000000011000000111111100011001100011000110,116501521,0,0.160000,0.500000
116500560,80,01111011001011111000001010101100000110100000000100011001011111000110011100111001,116480035,0,0.100000,1.000000
116500561,81,001010001000110000010100011100001101000000001110000011111110100001110000010111011,116480035,0,0.100000,1.000000
116500562,81,011010001000110100001010101110000110100000000110001001111111010000111000000101110,116505130,0,0.100000,1.000000
116500563,80,01101000100010000001010101110000110100000000111000001111111010000111000001011101,116480037,0,0.100000,1.000000
116500564,79,0100100110001001000010101011100001101000000001100110011111110100001111010010111,116480037,0,0.100000,1.000000
116500565,77,01111100101100000010101011100001101000000001100110010111110000100110000110010,116505130,0,0.100000,1.000000
116500566,78,011011001000110000001010101110000110100000000110101001011101000100111000111001,116480037,0,0.100000,1.000000
116500567,73,1001010011000000010101110000110100000000100001101011110001110000100110001,116480038,0,0.066667,1.000000
116500568,78,101101100100110000001010101110000110100000000110001001011111000100111000111001,116480038,0,0.066667,1.000000
116500569,82,0110100010001101000010101011100001101000000001100010011111110100001111000001011100,116480039,0,0.033333,1.000000
116500570,78,010110010001100000110101011100001101000000001101000101111000011001111101010100,116505122,0,0.046667,0.700000
116500571,75,011101001100000010101011100001101000000001000011010111101011100001001101011,116505122,0,0.040000,0.600000
116500572,86,01110111101000000100001010101110000110100000000110111101001010101100011001110001111100,116478450,0,0.016000,0.400000
116500573,75,101110110110000001010111110000110100000000100101101001111001100100110111001,116480042,0,0.066667,1.000000
116500574,77,01111101110000001010101110010110100000000100001011011110001110010100110101111,116478438,0,0.080000,0.800000
116500575,80,01111010001000110000001010101110000110100000000100011001011111001110011111111001,116478450,0,0.016000,0.400000
116500576,70,1000111010000101010111000011010000000011000010101111000110011100111101,116480042,0,0.066667,1.000000
116500577,79,0110100010001101000010101011100001100000000011000100111111101000011100000010111,116480042,0,0.066667,1.000000
116500578,82,1101110100010001001000010101011100001101000010001000100111011000000011110100000111,116480042,0,0.053333,0.800000
116500579,70,1010111010000101010111000011010000000011000000101111000100011100111101,116480043,0,0.100000,1.000000
116500580,74,10101001100000010001011100001101000000001000011010111100011100001001100011,116480045,0,0.066667,1.000000
116500582,75,101110111000000101000111000011010000000010000101101110001110010100110001111,116483551,0,0.070000,0.700000
116500583,75,011010111000001010001111000110100000000100001001011101001110010101100001100,116503240,0,0.040000,0.600000
116500584,75,101110111000000101000111000011010000000010000101101110001110010100110001111,116503240,0,0.046667,0.700000
116500585,79,0111100000001101000010101011100001101000000001110010011101101000011010010010111,116505126,0,0.053333,0.800000
116500586,76,1111101110000001010101110000110100000000100001010011110001110011100110001111,116505126,0,0.053333,0.800000
116500587,78,110100010001000000010101011100001101000000001100010111111110001010111101110010,116501520,0,0.053333,0.800000
116500588,78,011011001000110000001010101110000110100000000110101001011101000100111000111001,116501520,0,0.053333,0.800000
116500591,74,00011010111010001111010111000011010001000010000100101110001101011100010000,116492267,0,0.060000,0.600000
116500592,88,0011001000001111110000010101011100001101100000001000100111110101100001111011001110011000,116488543,0,0.070000,0.700000
116500594,79,1110100101011000000101010111000011010000000011000100101111100011000100011101100,116505124,0,0.053333,0.800000
116500596,80,01110100000000101000010101011100001101000000001110010011111110100001110010010111,116488543,0,0.080000,0.800000
116500597,75,110100001100000010101011100001101000000001000011011111100011000001001100001,116501527,0,0.066667,1.000000
116500598,70,1010111010000101011111000011010000000011001010101111100110011100101100,116500009,0,0.066667,0.800000
116500599,79,1101011100011000000101010111000011010000000011000000111111100011001100011001110,116500009,0,0.066667,1.000000
116500600,83,11001000001011100000110101011100001101000000001010100111110101100011010011000110000,116481600,0,0.066667,1.000000
116500601,74,11110111000000111010111000011010000001010010101101111000010001100110001111,116505125,0,0.028000,0.700000
116500602,79,1101100101011000000101010111100011010000000011000000101111101011001101011100110,116486636,0,0.026667,0.400000
116500603,78,110110010101100000010101011100001101000000001100010111111110001010111101110010,116505125,0,0.040000,1.000000
116500604,80,10110101000001101000010101011100001101000100001100100111110011000111110010110111,116486636,0,0.026667,0.400000
116500605,74,10101001000000010101011100001101000000001000011010111001011100001001100001,116481600,0,0.066667,1.000000
116500606,80,01111010001001110000001010101110000010110000000110011101011111001110011111111101,116500009,0,0.066667,0.700000
116500607,82,1101110100010001001000010101011100001101000000001000100111011000000011100100000111,116505125,0,0.040000,1.000000
116500608,74,10101001100000010101011100001101000000001000111010111101011100001001101011,116501527,0,0.066667,1.000000
116500610,89,10011001000001111110000010101011100001101000000001000100111110101100001111011001110011000,116492288,0,0.049116,1.000000
116500611,75,101010011000000101010111000011010000000010000110101111000111000010011000111,116501524,0,0.053333,0.800000
116500612,81,011010001000110100001010101110000110101000000110001001111111010000111100000101110,116501524,0,0.046667,0.700000
116500615,70,1000111010000101010111000011010000000011000010101111000110011100111101,116495376,0,0.120000,0.600000
116500616,79,0110100010001101000010101011100001101000000011000100111111101000011110000010111,116495376,0,0.100000,0.500000
116500617,79,0111100000001101000010101011100001101000000001110010011101101000011010010010111,116481604,0,0.100000,1.000000
116500620,78,110101100100001000000101010111000011010000000011000100101010000110011100111001,116495379,0,0.032000,0.800000
116500622,86,00110010010011111100100101010111000011010000000010001001111101011000011110110011100110,116498416,0,0.070000,0.700000
116500623,84,111001000001011100000110101011100001101000000001000100111111101100011010011000110010,116481606,0,0.100000,1.000000
116500624,74,10101001100000010101011100001101000000001000011010111101011100001001100111,116481606,0,0.100000,1.000000
116500625,78,010110010001100000110101011100001101000000001101000101111000011001111101010100,116481606,0,0.100000,1.000000
116500626,75,000110101110100011010101110000110100000000101001001011111011110111001101001,116498416,0,0.070000,0.700000
116500627,77,11111011100000010101011100001101000000001000010110111100011100101001101011111,116498416,0,0.080000,0.800000
116500628,77,11010001000110100001010101110000110100010000100001001011111000110111000111001,116498416,0,0.070000,0.700000
116500629,79,0111100000001101000010101011100001101000000001110010011101101000011010010010111,116498412,0,0.066667,0.600000
116500630,77,10010010101000000101010111000010110100000010000100101111100011001100111100100,116498412,0,0.066667,0.500000
116500631,79,0111100000001101000010101011100001101000000001110010111101101000011010010110111,116471687,0,0.046667,0.700000
116500632,84,010110000010001000000101010111000011110000000010001000111101011000111100110011010101,116476976,0,0.050000,0.700000
116500633,80,01101000100010000001010101110000110100000000111000011111111010000111000011011101,116490334,0,0.053333,0.800000
116500634,77,11001001010110000001000101110000110100000000110100001011111000110011000110010,116506697,0,0.053333,0.800000
116500635,77,01010000101000000010101011100001101001000001100010010111110001100111011100101,116476982,0,0.080000,0.800000
116500636,80,01001001100010010001101010111000011010000000011001100110110101000011110100101110,116503242,0,0.070000,0.700000
116500637,79,0111100000001101000010101011100001101000000001110010011101101000110010010010111,116465090,0,0.040000,0.800000
116500638,80,01111010001001110000001010101110000010110000000110011101010111001110011111111101,116503243,0,0.100000,0.500000
116500639,86,01110111101000000100001010101110000110100000000110111101011010101100011001110001111100,116471684,0,0.053333,0.800000
116500640,79,0111100000001101000010101011100001101000000001110010011101101000011010010010111,116481615,0,0.050000,1.000000
116500641,75,101101011101000010101011100001101000000001000011010110100011101001001100111,116488544,0,0.066667,1.000000
116500642,77,01001001100010100000101010111000011010000000001000100110111010000111101011011,116481615,0,0.050000,1.000000
116500643,82,0011010001000110100001010101110000110100100000110101001111111010000111000001011101,116490322,0,0.040000,0.800000
116500644,79,0100100110001001000010101011100001101000000001100110011111110100001111010010111,116508504,0,0.050000,1.000000
116500645,88,0011001000001111110000010111011100101101000000001000100111110101101001110011001110011010,116481617,0,0.100000,1.000000
116500653,77,01011001100110000001010101110000110100000000100001001011101000101110001110110,116483539,0,0.100000,1.000000
116500654,81,010010011000100100001010101110000110100000000111001001111111010000111110100101110,116483539,0,0.100000,1.000000
116500655,89,10011001000001111110000010101011100001101000000001000100111110101100001111011001110011000,116483539,0,0.100000,1.000000
116500656,74,10101001100000010101011100001101000000001000011010111101011100001001100011,116483540,0,0.050000,1.000000
116500657,74,10101001100000010101011100001101000000001000011010111101011100001001100011,116483540,0,0.050000,1.000000
116500659,82,1111000001000100000101010111000010010000000010001001111101011001111100110011110101,116478450,0,0.016000,0.400000
116500661,82,1111000001000100000101010111000010010000000010001001111101011001111100110011110101,116498405,0,0.028000,0.700000
116500664,73,1111011100000010101011100001101000000001000010110111000111001010011000111,116498405,0,0.032000,0.800000
116500665,78,111001001010110000001010101110000110100000000110001010111110001100110001110010,116478450,0,0.016000,0.400000
116500666,73,1111011100000010101011100001101000000001000010110111000111001010011000111,116478450,0,0.016000,0.400000
116500669,82,0011010001000110100001010101110000110100000000110001001111111010000111100100101110,116498405,0,0.032000,0.800000
116500671,78,111001001010110001001010101110000110100000000110001010111110001100110001110010,116498405,0,0.028000,0.700000
116500673,79,1100100101011000000101010111000011010000100011000110101111100011000100011100100,116498405,0,0.028000,0.700000
116500674,75,101010111000000101010111000011010000000010000101101110001110010100110001111,116498405,0,0.032000,0.800000
116500675,75,101010111000000101010111000011010000000010000101101110001110010100110001111,116478450,0,0.016000,0.400000
116500676,81,011010001000111100001011101110000111100000000110001001111111010000111100001011001,116478450,0,0.016000,0.400000
116500679,75,101010111000000101010111000011010000000010000101101110001110010100110001111,116478450,0,0.016000,0.400000
116500682,78,110101100100001000000101010111000011010000000011000100101010000110011100111001,116498405,0,0.032000,0.800000
116500683,70,0101011000000101010111000011010000000010000110101101000110010000100001,116490321,0,0.032000,0.800000
116500685,73,1101011100001010101111000110100000000100101001011111001110010101100001100,116483550,0,0.050000,1.000000
116500687,73,1101011100001010101111000110100000000100101001011111001110010101100001100,116483550,0,0.050000,1.000000
116500691,79,0100100110001001000010101011100001101000000001100110011111110100001111010010111,116501514,0,0.200000,1.000000
116500692,80,01110100010001101000010101011100001101000000001100010011111110100001110010010111,116501514,0,0.200000,1.000000
116500693,77,11011001000110000001010101110000110100000000100001000011101001100101000111101,116484998,0,0.200000,1.000000
116500694,78,001111100101100000010101011100001101000000001100110011111110000100110000110010,116484998,0,0.200000,1.000000
116500695,74,10101001100000010101011100001101000000001000011010111101011100001001101011,116484998,0,0.200000,1.000000
116500696,79,1001001100010010000101010111000011010000000011100100111111101000011111010001110,116503230,0,0.200000,1.000000
116500697,78,010001001010110000001010101110000110100000001100010010101110001000111001110001,116484998,0,0.200000,1.000000
116500698,78,110110010101100000010101011100001101000000001100010111111110001010111101110010,116484998,0,0.200000,1.000000
116500699,77,11011001000110000001010101110000110100000000100001000011101001100101000111101,116500013,0,0.100000,1.000000
116500700,74,10101001100000010101011100001101000000011000011010111100011100001001100011,116484998,0,0.200000,1.000000
116500701,74,10101001100000010101011100001101000000001000011010111100011100001001100011,116484998,0,0.200000,1.000000
116500702,79,1001000100010010000101010111000011010000000011100100111111101000011111010001110,116484998,0,0.200000,1.000000
116500703,74,11111011100000010101011100001101000000001000010100111100011100111001100011,116484998,0,0.200000,1.000000
116500704,79,1001000100010010000101010111000011010000000011100100111111101000011111010001110,116501514,0,0.200000,1.000000
116500705,77,11001001010110000001000101110000110100000000110100001011111000110011000110010,116484998,0,0.200000,1.000000
116500706,81,011010001000110100001010101110000110100000000110001001111111010000111100000101110,116500013,0,0.100000,1.000000
116500707,70,1010111010000111010111000011010000000011000110101011010110010100111111,116484998,0,0.160000,0.800000
116500708,79,0100100110001001000010101011100001101000000001100110011111110100001111010010111,116500013,0,0.100000,1.000000
116500709,79,0100100110001001000010101011100001101000000001100110011111110100001111010010111,116484998,0,0.200000,1.000000
116500710,78,010001001010110000001010101110000110100000001100010010101110001000111001110001,116500013,0,0.080000,0.800000
116500711,81,001010001000110100001010101110001110100000000110001001111111010000111110000101110,116484999,0,0.050000,1.000000
116500712,81,001010001000110100001010101110001110100000000110001001111111010000111110000101110,116484999,0,0.050000,1.000000
116500713,76,1111101110000001010100110000110100000000100001010011110001110011100110001111,116485001,0,0.200000,1.000000
116500714,81,011010001000110100001010101110000110100000000110001001111101000000111000000101111,116495386,0,0.040000,0.600000
116500715,80,01101000100011010000101010111000011010000000011001001011111000000111100100101110,116485002,0,0.066667,1.000000
116500716,77,01111101110000001010101110010110100000000100001011011110001110010100110101111,116485002,0,0.066667,1.000000
116500717,82,0011010000011111000000101010111000011010000000010001001111101011000011110110011001,116506699,0,0.066667,1.000000
116500719,74,00111010111010001101010111000011010000000010100100111011101111011100110100,116485008,0,0.200000,1.000000
116500720,75,101010011000000101010111000011000000000010000110101111000111000010011000111,116485008,0,0.200000,1.000000
116500721,70,0100011000000101010111000011010000000010000110101101000110010000110001,116485008,0,0.200000,1.000000
116500722,78,011011001000110000101010101110000110110000000110101001011101000000111000111001,116485008,0,0.200000,1.000000
116500723,82,1011000101011100000010101011100001101000000011001100111110101100011110011100110100,116485008,0,0.200000,1.000000
116500724,75,111101110000001010101110000110100000000100001001011110001110010100110001111,116485009,0,0.100000,1.000000
116500725,80,11100100101011000000101010111000011010000000011000100101111100011000100011100100,116490331,0,0.066667,1.000000
116500726,80,01111000100011010000101010111000011010000100011100100111011010000110100100101111,116485010,0,0.066667,1.000000
116500727,75,111110111000001010101110000110100000000100001011011110001110010100110101111,116485010,0,0.066667,1.000000
116500728,79,0111100000001101000010101011100001101000000001110010011101101000011010010010111,116508505,0,0.066667,1.000000
116500729,82,0111100010001101000010101011100001101000000001100010011111110100001111001001011101,116508505,0,0.066667,1.000000
116500730,71,11110110000001010101110000110100000000100001011011100011100101000100011,116485010,0,0.066667,1.000000
116500731,81,011010001000110100001010101110000110100000000110001001111111010000111100000101110,116485010,0,0.066667,1.000000
116500732,77,01111100101100000010101011100001101000000001100110010111110000100110000110010,116485010,0,0.053333,1.000000
116500733,75,101110111000000101010111000011010000000010000111101110001110010100111001111,116508505,0,0.066667,1.000000
116500734,74,10101001100000010101011100001101000000001000011010111100011100001001100011,116490317,0,0.053333,0.800000
116500735,78,001011000101000000010101011100001101000000001100010010111110011100111011100010,116505129,0,0.040000,0.600000
116500736,75,010101001100000010101011100001101000000001000011010111101011100001001101011,116505129,0,0.040000,0.600000
116500737,70,0101011101000010001011100001101000000011000010101111000110001100111111,116485014,0,0.066667,1.000000
116500738,76,1011011100000010101011000001100000000001000010100111100011100111001100011111,116485015,0,0.066667,1.000000
116500739,81,011010001000110100001010101110000110100000000110001001111111010000111100000101110,116485015,0,0.066667,1.000000
116500740,82,0011010001001110100001010101110000110100000000110001001111111010000111000001011101,116485015,0,0.066667,1.000000
116500741,81,010010011000000100001010101110000110100000000111001001111111010000111110100101110,116485015,0,0.066667,1.000000
116500742,80,01101000100011010000101010111000011010000000011000100111111010000111110100101110,116485015,0,0.066667,1.000000
116500743,82,0011010001001110100001010101110000110100000000110001001111111010000111000001011101,116485015,0,0.066667,1.000000
116500744,86,11111011000101011100000010101011100001101000001001000100110010101100010110011001110010,116485015,0,0.066667,1.000000
116500745,85,1110111010000001000010101011100001101000000001101111010110101011000110011100011111000,116485015,0,0.066667,1.000000
116500746,80,01101000100010000011010101110000110100000000111000001111111010000111000001011101,116485015,0,0.066667,1.000000
116500747,71,11110111000000101010111000011010000000010000101101100011100101001100011,116485015,0,0.066667,1.000000
116500748,83,01111000100011010000101010111000011010000000011000100111111101000011110010010111010,116485015,0,0.066667,1.000000
116500749,75,110101010010100010010101011100001101000000001100110010011100001000100111011,116485015,0,0.066667,1.000000
116500750,80,11000010001101000010101011100011101000000001100010011111110100001110000001011100,116485015,0,0.066667,1.000000
116500751,74,01101011101000010101011100001101000000001000011010110100011101001001100011,116485015,0,0.066667,1.000000
116500752,81,001110100010001101000010101011100001101000000001100010011111110100001110010010111,116485015,0,0.066667,1.000000
116500753,85,1110111010000001000010101011100001101000000001101111010110101011000110011100011111000,116485015,0,0.066667,1.000000
116500754,85,1110111010000001000010101011100001101000000001101111010110101011000110011100011111000,116485015,0,0.066667,1.000000
116500755,78,001111100010110010001010101110000110100000000110011001011111000011011000111001,116471700,0,0.040000,0.800000
116500756,78,001111100010110010001010101110000110100000000110011001011111000011011000111001,116486641,0,0.020000,0.700000
116500757,74,00111010111010001101010111000011010000000010100100101111101111011000110100,116496909,0,0.035000,0.700000
116500758,74,10101001010000010101011100001101000000001000011010111101011100001001100011,116471700,0,0.050000,1.000000
116500759,81,011010001000110100001010101110000110100000000110001001111111010000111000000101110,116486627,0,0.050000,1.000000
116500760,79,0111100000001101000010101011100001101000000001110010011101101000011010010010111,116486628,0,0.100000,1.000000
116500761,79,1101000110011010000101010111000011010000000011000100111111010000111000000101110,116466864,0,0.080000,0.800000
116500763,81,011010001000110100001010101110000110100000000110001001111111110000111000000101111,116488552,0,0.140000,0.700000
116500764,82,1001000001001100000010101011100001101000000001000100110100101001011010011001110011,116500012,0,0.080000,0.800000
116500765,72,010100101100000010101011101001101000010001000011010111100011001010011101,116486630,0,0.100000,1.000000
116500766,71,11110111000000101010111000011010000000010000101101100011100101001100011,116500012,0,0.080000,0.800000
116500767,80,01110100000001101000000101011100001101000000001110010011111110100001110010010111,116486630,0,0.100000,1.000000
116500769,80,01101000100011000001010101110000110100000000111000001111111010000111000001011101,116492275,0,0.032000,0.800000
116500770,79,1101100101011000000101010111000011010000000011000000101111100011001101011100110,116486633,0,0.040000,1.000000
116500771,79,1100100101011000000101010111000011010000000011000110101111100011000100011100100,116486633,0,0.040000,1.000000
116500772,75,001101011101000010101011100001101010000001000011010110100011101001001100111,116486635,0,0.033333,1.000000
116500773,82,0110100010101101000010101011100001101000000001100110011111110100001111000001001100,116486635,0,0.033333,1.000000
116500774,82,0010010001000110111001010111110000110100000000111001001111111010000110000001011101,116478435,0,0.026667,0.400000
116500775,82,0110100010101101000010101011100001101000000001100110011111110100001111000001001100,116492269,0,0.046667,0.700000
116500776,75,101101011101000010101011100001101000000001000011010110100011101001001100111,116465088,0,0.046382,1.000000
116500777,82,0110100010101101000010101011100001101000000001100110011111110100001111000001001100,116486638,0,0.050000,1.000000
116500778,80,01101000100010000001010101110000110100000000111000001111111010000111000001011101,116486638,0,0.050000,1.000000
116500779,70,1010111010000111010111000011010000000011000010101111010110010100111111,116470088,0,0.037106,0.800000
116500780,83,01011010001000110100001010101110000110100000000110001001111111000000111100100101110,116486639,0,0.066667,1.000000
116500781,78,110110010001100000010101011100001101000000000110010010111010001001110001110010,116486639,0,0.066667,1.000000
116500782,77,01001001100010100000101010111000011010000000001000100110111010000111101011011,116486639,0,0.066667,1.000000
116500783,77,01110100001100000010101011100001101000000001000011010110000011100001011100011,116486639,0,0.066667,1.000000
116500784,76,1111101110000001010101110000110100000000100001010011110001110011100110001111,116486639,0,0.066667,1.000000
116500785,77,11001001010110000001000101110000110100000000110100001011111000110011000110010,116486626,0,0.013333,0.600000
116500786,75,001101011101000010101111100001101000000001000011010110100011101001001100111,116501530,0,0.060000,0.600000
116500787,75,100101001100000010101011100001101000000001000011010111100011100001001100011,116501530,0,0.060000,0.600000
116500788,75,010101001100000010101011100001101000000001000011010111101011100001001101011,116486649,0,0.028571,0.600000
116500789,75,110101010010100010010101011100001101000000001100110010011100001000100111011,116486626,0,0.015556,0.700000
116500790,74,11101000011000000101010111000011010000000010000110101110000111000001110001,116486642,0,0.200000,1.000000
116500791,75,101010011000000101010111000011010000000010000110100111000111000010011000111,116508503,0,0.200000,0.800000
116500792,74,10101001100000010101011100001101000000001000011010111100011100001001100011,116486642,0,0.200000,1.000000
116500793,75,111101111000001010101110010110100000000100001001011110001110010100110001111,116508503,0,0.200000,0.700000
116500794,82,1101110000010001001000010101011100101101000000001000100111011000000011100100000111,116486643,0,0.100000,1.000000
116500795,74,00011010111010001101010111000011010000000010000100101111001101011100110000,116488558,0,0.040000,0.400000
116500796,83,01111000100011010000101010111000011010000000011000100111111101000011110010010111010,116470093,0,0.040000,1.000000
116500797,82,1101110100010001001000010101011100001101000000001000100111011000000011100100100111,116486645,0,0.040000,1.000000
116500798,88,0011001000001110110000010111011100101101000000001000100111110101101001110011001110011010,116486645,0,0.040000,1.000000
116500799,82,0011010001000110100001010101110000110100000000110001001111111010000111100100101110,116488558,0,0.040000,0.400000
116500801,85,0011011000011111110000010101011100001101000000001000100111101011000011010110011100111,116486647,0,0.066667,1.000000
116500802,81,011010001000110100001010101110000110100000000110001001111111010000111100000101110,116486647,0,0.066667,1.000000
116500803,86,00110010010011111100100101010111000011010000000010001001111101011000011110110011100110,116486647,0,0.066667,1.000000
116500804,77,01010000101000000010101011100001101001000001100010010111110001100111011100001,116486647,0,0.066667,1.000000
116500805,70,0100011000000101010111000011010000000010000110101101000110010000110001,116490313,0,0.066667,0.600000
116500806,80,10110110010001100000010101011100001101000000001100010010111110001001110001110010,116486641,0,0.028571,0.800000
116500807,70,1010111010000101010111000010010000000011000010101111000100011100111101,116506706,0,0.060000,0.600000
116500808,77,11010001000110100001010101110000110100010000100001001011111000110111000111001,116486650,0,0.100000,1.000000
116500809,79,0111100000001101000010101011100001101000000001110010011101101000011010010010111,116483545,0,0.100000,1.000000
116500810,78,111110111000000101010111000011010000000010000101101111000111001010011010111110,116486651,0,0.045788,1.000000
116500811,81,011010001000110100001010101110000110100000000110001001111110100001111001001011101,116492273,0,0.053333,0.800000
116500812,77,11011001000110000001010101110001110100000000100001001011101000100111000111001,116492273,0,0.046667,0.700000
116500813,75,110101001100000010101011100001101000000001000011010111101011100001001100011,116486652,0,0.066667,1.000000
116500814,85,0011001000001111110000010101011101001101000000001000100101101011000011010110011100111,116486652,0,0.066667,1.000000
116500815,79,0001011101010110010001010101110000110100000000110011001011111000011011000111001,116498404,0,0.070000,0.700000
116500816,81,011010001000110100001010101110000110100000000110001001111111010000111000001011101,116465105,0,0.080000,0.800000
116500817,74,10101001100000010001011100001101000000001000011010111100011100001001100011,116506707,0,0.100000,0.700000
116500818,78,111011001000110000001010101110000110100000000100001001001101000100111010111001,116492267,0,0.080000,0.600000
116500819,74,00011010111010001111010111000011010001000010000100101111001101011100110000,116488545,0,0.100000,1.000000
116500820,74,10101001010000010101011100001101000000001000011010111101011100001001100011,116465087,0,0.080000,0.800000
116500821,77,11011001100110000001010101110000110100000000100001011011101000101110001110110,116505131,0,0.040000,0.800000
116500822,81,011010001000110100001010101110000110100000000110001001111111010000111100000101110,116486644,0,0.080000,0.800000
116500823,79,1001001100010010000101010111000011010000000011100100111111101000011111010001110,116505133,0,0.046667,0.700000
116500824,80,01111010001001110000001010101110000110100000000110011001011111001010011111111001,116478446,0,0.100000,1.000000
116500825,75,101100110011000100101010111000011010000101010000100101110100010111000111011,116490327,0,0.060000,0.600000
116500826,78,111010010101100000010101011100001101000000001100010010111110001100100011101100,116478446,0,0.100000,1.000000
116500827,82,1001000001001100000010101011100001101000000001000100110110101101010010011001110011,116485003,0,0.030000,0.600000
116500828,83,10110100010001101000010101011100001101000000001100010011111110000001110000010111011,116485003,0,0.030000,0.600000
116500829,77,11010001000100100001010101110000110100010000100001001011111000110111000111001,116488550,0,0.050000,1.000000
116500830,77,01111101110000001010101110010110100000000100001011011110001110010100110101111,116488550,0,0.050000,1.000000
116500831,78,011011001000110000001010101110000110100000000110101001011101000100111000111001,116488551,0,0.040000,1.000000
116500832,76,1011110010110000001010101110000110100000001100110010111110000100110000110010,116476973,0,0.040000,0.600000
116500833,84,111001000001011100000110101011100011101000000001000100111111101100011010011000110010,116470093,0,0.028000,0.700000
116500834,81,011010001000110100001010101110000110100000000110001001111111010000111100000101110,116476973,0,0.040000,0.600000
116500835,82,1101110100010001001000010101011100001101000010001000100111011000000011110100000111,116488552,0,0.200000,1.000000
116500836,84,111001000001011100000110101011100011101000000001000100111111101100011010011000110010,116488552,0,0.200000,1.000000
116500837,88,0011001000001111110000010101011100001101000000001000100111110101100001111011001110011000,116486629,0,0.080000,0.800000
116500838,83,11001000001011100000110101011100001101000000001000100110110101100011011011000110010,116488552,0,0.200000,1.000000
116500839,86,00110010010011111100100101010111000011010000000010001001111101011000011110110011100110,116488552,0,0.200000,1.000000
116500840,77,01011001000100010011010101110000110100000000110000010111100101100111111101010,116488552,0,0.200000,1.000000
116500841,83,00010100110101001000010101011100001101000000001100010011111110100001111001001011101,116503247,0,0.040000,1.000000
116500842,78,110111010001100000010101011100001101000000001100010101111111001000111101110010,116495375,0,0.066667,0.600000
116500843,81,011010001000110100000010101110000110100000000110001001111111010000111000000101110,116488553,0,0.066667,1.000000
116500844,79,1100100101011000000101010111000011010000000011000110101111100011000100011100100,116488553,0,0.066667,1.000000
116500845,77,11010001000110100001011101110000110100000000110001001011111000110111000111001,116503247,0,0.053333,0.800000
116500846,78,110111010001100000010101011100001101000000001100010101111110001000111101110010,116495375,0,0.066667,0.600000
116500847,82,0111100010001101000010111011100001101000000001100010011111110100001111001001011101,116495375,0,0.053333,0.600000
116500848,78,110101100100001000001010101110000110100000000110001001010111000110011100111001,116488553,0,0.066667,1.000000
116500849,76,0111110010110000001010101010000110000000000110011001011111000010011000011001,116488554,0,0.100000,1.000000
116500850,74,11101000011000000101010111000011010000000010000110101110000111000001110001,116488554,0,0.100000,1.000000
116500851,70,0100011000000101010111000011010000000010000110101101000110010000110001,116501524,0,0.053333,0.800000
116500852,78,111110000000110100001010101110000110100000000111001001110110100001101101001011,116488556,0,0.040000,1.000000
116500853,70,1010111010000111010111000011010000000011000010101111010110010100111111,116488556,0,0.040000,1.000000
116500854,81,011010001000110100001010101110000110100000000110001001111111010000111100000101110,116488557,0,0.066667,1.000000
116500855,78,110111010001100000010101011100001101000000001100010101111110001000111101110010,116488557,0,0.066667,1.000000
116500856,78,110111010001100000010101011100001101000000001100010101111110001000111101110010,116488557,0,0.066667,1.000000
116500857,75,101110111000000101010111000011010000000010000101101110001110010100110001111,116488557,0,0.066667,1.000000
116500858,80,01101000100010000001010101110000110100000000111000001111111010000111000001011101,116503251,0,0.060000,0.600000
116500859,78,110111010001100000010101011100001101000000001100010101111110001000111101110010,116488557,0,0.066667,1.000000
116500860,78,110111010001100000010101011100001101000000001100010101111110001000111101110010,116488557,0,0.066667,1.000000
116500861,81,011110001000110100001110101110000110100000000110001001111110010000111100000101100,116488558,0,0.040000,1.000000
116500862,72,110101110100001010101110000110100000000110000101001110001100111001111010,116503252,0,0.053333,0.800000
116500863,75,110101001100000010101011100001101000000001000011010111100011100001001100011,116490325,0,0.053333,0.800000
116500864,80,01001011101000110000001010101010000110100000000110011001011111000010011000011001,116496904,0,0.066667,0.700000
116500865,73,0011010111010000101010111000011010000000010000110111101000111100100110011,116490325,0,0.053333,0.800000
116500866,86,01110111101000000100001010101110000110100000000110111101011010101100011001110001111100,116490315,0,0.100000,1.000000
116500867,77,10101100100011100001010101110000110100000000110001001010111100110011100111001,116505133,0,0.046667,0.700000
116500868,81,101111000001000110000001010101110000110100000000110011001011111001110011111111001,116505133,0,0.046667,0.700000
116500869,76,1110100001100000010101011100001101000000001000011010111000011100001010100011,116490316,0,0.040000,1.000000
116500870,81,101110100010001101000010101001000001101000000001000010011011110100000110010010111,116500012,0,0.060000,0.600000
116500871,79,0110101010001101000010101011100001101000100001100100111110011000111110010110111,116500012,0,0.070000,0.700000
116500872,83,11001000001011100000110101011100001101000000001010100111110101100011010011000111000,116505117,0,0.066667,0.700000
116500873,87,011101111010000001000010101111100001101000000001101111010110101011000110011100011111000,116490318,0,0.066667,1.000000
116500874,79,1101100101011000000101010111000011010000000011000000101111100011101101011100110,116490320,0,0.040000,1.000000
116500875,77,11010001000100100001010101110000110100010000100001001011111000110111000111001,116496905,0,0.040000,0.800000
116500876,77,11010001000110100001010101110000110100010000100001001011111000110111000111001,116496905,0,0.040000,0.800000
116500877,81,011010001000110100001010101110000110100000000110001001111111010000111100000101110,116508504,0,0.050000,1.000000
116500878,73,1011011100000010101011100001101000000001000010110111000111001010011000111,116503240,0,0.066667,0.800000
116500879,80,01101000100010000001010101110000110100000000111000001111111010000111000001011101,116503240,0,0.066667,0.800000
116500880,80,01110100010001101000010101011100001101000000001100010011111110100001110010010111,116468450,0,0.049116,0.800000
116500881,77,01110100001100000010101011100001101000000001000011010110000011100001011100011,116468463,0,0.060000,0.600000
116500882,79,1000110010000100000010101011100001101000000011000010010101110001100111001110011,116488562,0,0.046667,0.700000
116500883,74,10101001100000010101011100001101000000001000011010111100011100001001100010,116488562,0,0.053333,0.800000
116500886,76,1110100001100000010101011100001101000000001000011000111000011100001011100011,116490326,0,0.066667,1.000000
116500887,79,1101100100011000000101010111000011010000000010000101011110100010001111011100101,116490327,0,0.100000,1.000000
116500888,76,1010110010000100000101010111000011010000000011000100101011100011001110111001,116488548,0,0.070000,0.700000
116500889,79,1010110010000100000010101011100001101000000001000010010101110001100111010110011,116490327,0,0.100000,1.000000
116500890,79,0110100010001101000010101011100001101000000001100010011111110100011100000010111,116468459,0,0.040000,0.600000
116500891,79,1110100101011000001101010111000011010000000011000100101111100011000100011101100,116490329,0,0.066667,1.000000
116500892,80,01111000100011010000101010111000011010000100011100100111011010000110100100101111,116490329,0,0.066667,1.000000
116500893,82,0111100010001101000010101011100001101000000001100010011111110100001111001001011101,116490332,0,0.100000,1.000000
116500894,75,101010011000000101010111000011010000000010000110100111000111000010011000111,116490332,0,0.100000,1.000000
116500895,82,0011010001000110100001000101110000110100000000110001001111111010000111100100101110,116490333,0,0.160000,0.800000
116500896,75,101010011000000101010111000011010000000010000110101111000111000010011000111,116501534,0,0.040000,0.600000
116500897,73,1111011100000010101011100001101000000001100010110111000111001010011000111,116490335,0,0.200000,1.000000
116500898,81,010010011000100100001010101110000110100000000111101001111111010000111110100101110,116490336,0,0.100000,1.000000
116500899,75,101010111000000101010111000011010000000010000101101110001110010100110001111,116490336,0,0.100000,1.000000
116500900,74,00111010111010001101010111000011010000000010100100111011101111011100110100,116503232,0,0.100000,0.700000
116500901,81,010111010001000100110001011101110000110110000000100010011101100001001110010000011,116508506,0,0.100000,0.600000
116500902,77,01001001100010100000101010111000011010000000001000100110111010000111101011011,116488543,0,0.060000,0.700000
116500903,82,1111000001000100000101010111000010010000000010001001111101011001111100110011110101,116492267,0,0.070000,0.600000
116500904,83,11001000001011100000110101011100001101000000001000100111110101100011010011000110010,116498402,0,0.035000,0.700000
116500905,83,11001000001011110000110101011100001101000000001000100110110101100011011011000110010,116492267,0,0.100000,1.000000
116500906,82,0011010001000110100001010101110000110100100000110101001111111010000111000001011101,116488543,0,0.070000,0.700000
116500907,81,110101100100001000000101010111000011010000000010000100101011100011001110011100111,116492267,0,0.080000,0.600000
116500908,80,01111011001001111000011010101100000110110000000100011001011111000010011100111001,116492268,0,0.200000,1.000000
116500909,82,1011010001000111100001010101110000111100000010111001001011111010000111100001011101,116492268,0,0.200000,1.000000
116500910,79,1001001100010010000101010111000011010000000011100100111111101000011111010001110,116492269,0,0.066667,1.000000
116500911,80,01101000100001010000101010111000011010000000011001001011111000000111100100101110,116485013,0,0.066667,1.000000
116500912,80,01101000100010000001010101110000110100000000111000001111111010000111000001011101,116465088,0,0.046382,1.000000
116500913,78,110000100011010000101010111001110100000000110001001111111010000111000000101110,116492269,0,0.000000,0.000000
116500914,77,01001001100010100000101010111000011010000000001000100110111010000111101011011,116481613,0,0.140000,0.700000
116500915,75,101110111000000101010111000011010000000010000111101110001110010100111001111,116492269,0,0.066667,1.000000
116500916,80,01101000100010000001010101110000110100000000111000001111111010000111000001011101,116492270,0,0.100000,1.000000
116500918,76,1111101110000001010100110000110100000000100001010011110001110011100110001111,116492272,0,0.066667,1.000000
116500919,77,01110100001100000010101011100001101000000001000011010110000011100001011100011,116471674,0,0.080000,0.800000
116500920,78,111011001000110000001010101110000110100000000100001001001101000100111000111001,116492272,0,0.066667,1.000000
116500921,78,010110010001000000110101011100001101000000001100000101111000011001111111010100,116485012,0,0.040000,0.800000
116500922,78,100100101010000001010101110000110101000000101001001011111000110011001111001001,116492273,0,0.066667,1.000000
116500923,75,110100001100000010101011100001101000000001000011010011100011100001001110011,116501523,0,0.040000,0.800000
116500924,79,1010110010000100000010101011100001101000000001000010010101110001100111001110011,116501523,0,0.040000,0.800000
116500925,78,101011001000110000001010101110000110100000000100001001001101000100111000111001,116501523,0,0.040000,0.800000
116500926,81,011010001000111100001011101110000111100000000110001001111111010000111100001011001,116492277,0,0.050000,1.000000
116500927,75,101010011000000101010111000011010000000010000110101111000111000010011000111,116500014,0,0.026667,0.400000
116500928,88,0011001000001111110000010101011100001101100000001000100111110101100001111011001110011000,116492279,0,0.066667,1.000000
116500929,75,010110010000100000101010111000011010000000011000100101011100011001110111001,116500014,0,0.026667,0.400000
116500930,75,010110010000100000101010111000011010000000011000100101011100011001110111001,116492279,0,0.066667,1.000000
116500931,88,0011001000001111110000010101011100001101100000001000100111110101100001111011001110011000,116496900,0,0.066667,0.800000
116500932,78,001011101110110000001010101110000110100000000010011001011110000010011000111001,116500014,0,0.026667,0.400000
116500933,76,1110100001100000010101011100001101000000001000011000110000011100001011100011,116492279,0,0.066667,1.000000
116500934,76,1111101110000001010101110000110100000000100001010011110001110011100110001111,116492279,0,0.066667,1.000000
116500935,76,1111101110000001010101110000110100000000100001010011110001110011100110001111,116492279,0,0.066667,1.000000
116500936,76,1110100001100000010101011100001101000000001000011010111000011100001011100111,116470087,0,0.120000,0.600000
116500937,77,11101100011000000101011111000011010000000010000110101110000111000010111000110,116490329,0,0.070000,1.000000
116500938,76,1110100001100000010101011100001101000000001000011010111000011100001010100011,116492282,0,0.066667,1.000000
116500939,76,1110100001100000010101011100001101000000001000011010111000011100001010100011,116492282,0,0.066667,1.000000
116500940,79,1110110010000110000010101011100001100000000011100010010101100001100111001110011,116492282,0,0.066667,1.000000
116500941,76,1110110001100000010101111100001101000000001000011010111000011100001011100011,116490329,0,0.070000,1.000000
116500942,81,011010001000110101001010101110000110100000000110001001111111010000111000001101110,116490329,0,0.070000,0.700000
116500943,77,01011001000100000011010101110000110100000000110000010111100101100111111101010,116492282,0,0.066667,1.000000
116500944,76,1110110001100000010101011100001101000000001000011010111000011100001010100011,116476985,0,0.080000,0.800000
116500945,74,10101001100000010101011110001101000000001000011010111100011100001001100011,116492282,0,0.066667,1.000000
116500946,79,0111100000001101000010101011100001101000000001110010011101101000011010010010111,116492283,0,0.200000,1.000000
116500947,79,1101100101011000000101010111000011010000000011000000101111100011101101011100110,116492283,0,0.200000,1.000000
116500948,77,10101100100011000001010101110000110100000000110001001000111100110011100111001,116492284,0,0.040000,1.000000
116500949,80,01110100010001101000010101011101001101100000101100010011111110100001110110010111,116492286,0,0.100000,1.000000
116500950,82,0110101010001001000010101011100001101000100001101010011111010100001011001001011101,116492286,0,0.100000,1.000000
116500951,74,10101001100000010101011100001101000000001000011010111100011100001001100011,116490326,0,0.053333,0.800000
116500952,78,110110010101000001010101011100001101000000001100010111111110001010111101110010,116468450,0,0.049116,0.700000
116500953,75,110101010010100010010101011100001101000000001100110010011100001000100111011,116492289,0,0.100000,1.000000
116500954,78,001011101010110010001010101110000110100000000110011001011111000011011000111001,116492289,0,0.100000,1.000000
116500955,79,0110100010001101000010101011100001101000000011000100111111101000011110000010111,116485004,0,0.053333,0.800000
116500956,79,1101001100011000000101010111000011010000000011000000111111000011001100011010111,116490328,0,0.046667,0.700000
116500957,78,110110010101000001010101011100001101000000001100010111111110001010111101110010,116492290,0,0.100000,1.000000
116500958,82,0110100010101101000010101011100001101000000001100110011111110100001111000001001100,116498409,0,0.200000,1.000000
116500959,74,10101001100000010101011100001101000000001000011010111101011100001001100011,116494067,0,0.100000,1.000000
116500961,81,011010001000111100001011101110000111100000000110001001111111010000111100001011001,116494068,0,0.100000,1.000000
116500963,75,101110111000000101010111000011010000000010000111101110001110010100111001111,116478435,0,0.026667,0.400000
116500964,79,1011011001000110000001010101010000110100000000110101001011100000100111000111001,116494070,0,0.100000,1.000000
116500965,77,11010001000100100001010101110000110100000000100001001011111000110111000111011,116494070,0,0.080000,0.800000
116500966,77,00101100100011000001101010111000011010000000011000100111101000010011010111001,116494070,0,0.100000,1.000000
116500967,77,00101100100011000001101010111000011010000000011000100111101000010011010111001,116494070,0,0.100000,1.000000
116500968,82,0011010001000110100001010101110000110100000000110001001111111010000111100100101110,116494070,0,0.100000,1.000000
116500969,79,1011011001000110000001010101010000110100000000110101001011100000100111000111001,116494070,0,0.100000,1.000000
116500970,77,11010001000100100001010101110000110100000000100001001011111000110111000111001,116494070,0,0.100000,1.000000
116500971,82,0011010001000110100001010101110000110100000000110001001111111010000111100100101110,116494070,0,0.100000,1.000000
116500972,81,011110100010001100000010101011100001101000000001100110010111110011100111111110011,116494070,0,0.100000,1.000000
116500973,81,011110100010001100000010101011100001101000000001100110010111110011100111111110011,116494070,0,0.100000,1.000000
116500974,79,1110110010001100000010101011100001101000000001000010010011010001001110011110010,116494070,0,0.100000,1.000000
116500975,74,10111100101100000010101011100001101000000011001101011111000010011000011001,116495373,0,0.066667,1.000000
116500976,76,0001101011101000010101011100001100100000001000011010110100010101000001100111,116495373,0,0.066667,1.000000
116500977,81,011010001000110100001010101110000110100000000110001001101111010000111100000101110,116468463,0,0.060000,0.600000
116500978,75,010110010000100000101010111000011010000000011000100101011100011001110111001,116495373,0,0.066667,1.000000
116500979,81,011010001000110100001010101110000110100000000110001001101111010000111100000101110,116468463,0,0.060000,0.600000
116500980,77,01010000101000000010101011100001101001000001100010010111110001100111011100101,116495373,0,0.066667,1.000000
116500981,80,01110100010001101000010101011100001101000000001100010011111110100001110010010111,116495373,0,0.066667,1.000000
116500982,80,01110100010001101000010101011100001101000000001100010011111110100001110010010111,116495373,0,0.066667,1.000000
116500983,76,0001101011101000010101011100001100100000001000011010110100010101000001100111,116495373,0,0.066667,1.000000
116500984,77,01010000101000000010101011100001101001000001100010010111110001100111011100101,116495373,0,0.066667,1.000000
116500985,77,01010000101000000010101011100001101001000001100010010111110001100111011100101,116468463,0,0.060000,0.600000
116500986,73,1101011100000101010111001011010000000010000100101111000111001000010000010,116468463,0,0.060000,0.600000
116500987,73,1101011100000101010111001011010000000010000100101111000111001000010000010,116468463,0,0.060000,0.600000
116500988,75,010110010000100100101010111000011010000000011000100101011100011001110111001,116495374,0,0.200000,1.000000
116500989,76,1111101110000001010101110000110100000000100001011011110001110010100110011111,116495374,0,0.140000,0.700000
116500990,76,1110100001100000010101011100001101000000001000011010111000011100001011100111,116505123,0,0.200000,0.800000
116500991,81,011010001000110100000010101110000110100000000110001001111111010000111000000101110,116495374,0,0.200000,1.000000
116500992,76,0110100001000000010101011100001101000000001000011010111100011100001001100011,116495374,0,0.140000,0.700000
116500993,82,0111100010001101000010101011100001101000000001100010011111111100001111001001011101,116508494,0,0.100000,1.000000
116500994,75,010110010000100100101010111000011010000000011000100101011100011001110111001,116505123,0,0.200000,0.700000
116500995,79,1011011001000110000001010101010000110100000000110101001011100000100111000111001,116495374,0,0.200000,1.000000
116500996,77,11010001000110100001010101110000110100000000100001001011111000110111000111001,116495375,0,0.066667,1.000000
116500997,77,11010001000110100001010101110000110100000000100001001011111000110111000111001,116503247,0,0.066667,1.000000
116500998,76,0111101110000001010101010000010100000000100001011011100001110011100100001111,116495375,0,0.066667,1.000000
116500999,76,1011110010110000001010101110000110100000001100110010111110000100110000110010,116495377,0,0.066667,1.000000
116501000,74,10101001100100010101011100001101000000001000011010111100011100001111100011,116495377,0,0.066667,1.000000
116501001,75,111101110000001010101110000110100000000100001011011110001110011100110101111,116483550,0,0.040000,0.800000
116501002,74,11010111000001010101111000110100000000100001001011111001110010101100001100,116471682,0,0.050000,0.500000
116501003,77,01110100001100000010101011100001101000000001000011010110000011100001011100011,116495380,0,0.066667,1.000000
116501004,83,11001000001011100000110101011100001101000000001010100111110101100011010011000110000,116501533,0,0.026667,0.400000
116501005,78,111011001000110000001010101110000110100000000100001001001101000100111000111001,116495383,0,0.100000,1.000000
116501006,83,01101110100010001001000010101011100001101000000001000100111011000000011100100000111,116495383,0,0.100000,0.800000
116501007,75,010110010000100000101010111000011010000000011000100101011100011001110111001,116495385,0,0.200000,1.000000
116501008,82,0110100011001101000110101011100001101000000001110010011111111100001100000010111010,116495385,0,0.200000,1.000000
116501009,83,00110100110101101000010101011100000101000000001100010011111110100001111001001001101,116495385,0,0.200000,1.000000
116501010,81,010010011000100100001010101110000110100000000110001001111111010000111110100101110,116495385,0,0.200000,1.000000
116501011,75,101110011000000101010111000011010000000010000101101110001110010100110001111,116495385,0,0.200000,1.000000
116501012,80,01111011001001111000001010101100000110100000000100011001011111000110011100111001,116495385,0,0.200000,1.000000
116501013,78,010110010001000000110101011100011101000000001100000101111000011001111111010100,116495385,0,0.200000,1.000000
116501014,81,010010011000100100001010101110000110100000000110001001111111010000111110100101110,116495385,0,0.200000,1.000000
116501015,81,010010011000100100001010101110000110100000000110001001111111010000111110100101110,116495385,0,0.200000,1.000000
116501016,75,101110011000000101010111000011010000000010000101101110001110010100110001111,116495385,0,0.200000,1.000000
116501017,85,0011010111010110100001010101110000110100000000110001001111111010000111100100111110111,116495385,0,0.200000,1.000000
116501018,75,101110011000000101010111000011010000000010000101101110001110010100110001111,116495385,0,0.200000,1.000000
116501019,81,010010011000100100001010101110000110100000000110001001111111010000111110100101110,116495385,0,0.200000,1.000000
116501020,80,01001011101000110000001010101110000110100000000110011001011111000010011000011001,116496901,0,0.200000,1.000000
116501021,80,10110110010001101010010101011100001101000000001100010010111110001001110001110010,116496901,0,0.200000,1.000000
116501022,77,11010001000100100001010101110000110100010000100001001011111000110111000111001,116496901,0,0.200000,1.000000
116501023,75,111010111000001010101111000110100000000100001001011111001110010101100001100,116503233,0,0.070000,0.700000
116501024,77,01111100101100000010101011100001101000000001100110010111110000100110000110010,116496901,0,0.200000,1.000000
116501025,86,00110010010011111100100101010111000011010000000010001001111101011000011110110011100100,116496901,0,0.200000,1.000000
116501026,80,01001001100010010001101010111000011010000000001001100110111101000011010100101110,116496901,0,0.200000,1.000000
116501027,75,001101011101000010101011100001101000000001000011011110100011101001001100111,116496902,0,0.160000,0.800000
116501028,76,1011110010110000001010101110000110100000001100110010111110000100110000110010,116496904,0,0.066667,1.000000
116501029,75,101100110011000000101010111000011010000001010000100101110100010111000111011,116496902,0,0.140000,0.700000
116501030,75,101100110011000000101010111000011010000001010000100101110100010111000111011,116488562,0,0.046667,0.700000
116501031,79,1110110010000110000010101011100001100000000011100010010101100001100111001110011,116496904,0,0.066667,1.000000
116501032,75,000110111110100011110101110000110100010000100001001011110011010111001100000,116496902,0,0.120000,0.600000
116501033,80,01111010001000110000001010101110000110100000000100011001011111001110011111111001,116496902,0,0.160000,0.800000
116501034,82,1100010100000001101000010101011101001101000000001110010011111110100001110010010111,116496904,0,0.066667,1.000000
116501035,74,11110111000000111010111000011010000001010010101101111000010001100110001111,116496902,0,0.120000,0.600000
116501036,77,10101100100011000001010101110000110100000000110001001010111100110011100111001,116490325,0,0.053333,0.800000
116501037,77,01001001100010100000101010111000011010000000001000100110111010000111101011011,116496902,0,0.140000,0.700000
116501038,75,101100110011000000101010111000011010000001010000100101110100010111000111011,116490325,0,0.046667,0.700000
116501039,82,0111100010001101000010101011100001101000000001100010011111110100001110001001011101,116496902,0,0.160000,0.800000
116501040,78,001111100010110010001010101110000110100000000110011001011111000011011000111001,116496902,0,0.140000,0.700000
116501041,79,0110100010001101000010101011100001101000000011000100111111101000011110000010111,116490325,0,0.046667,0.700000
116501042,77,01011001100110000001010111110000110100000000100001001011101000101110001110110,116496905,0,0.050000,1.000000
116501043,82,0111100010001101000010111011100001101000000001100010011111110100001111001001011101,116480035,0,0.050000,0.800000
116501044,75,101110011000000101010111000011010000000010000101101110001110010100110001111,116480035,0,0.050000,1.000000
116501045,77,10010010101000000101010111000010110100000010000100101111100011001100111100100,116503253,0,0.040000,0.600000
116501046,82,0111100010001101000010111011100001101000000001100010011111110100001111001001011101,116496905,0,0.050000,1.000000
116501047,81,101111000001000110000001010101110000110100000000110011001011111001110011111111001,116496905,0,0.050000,1.000000
116501048,70,1000111010000101010111000011010000000011000010101111000110011100111101,116496905,0,0.050000,1.000000
116501049,83,11001000001011100000110101011100001101000000001000100110110101100011011011000110010,116480035,0,0.050000,0.800000
116501050,75,110100001100000010101011100001101000000001000011010111100011100001001100011,116496905,0,0.050000,1.000000
116501051,80,01111010001000110000001010101110000110100000000100011001011111001110011111111001,116480035,0,0.050000,1.000000
116501052,81,011010001000110100001010101110000110100000000110001001111111010000111100000101110,116496905,0,0.050000,1.000000
116501053,77,01011001100110000001010101110000110100000000100001001011101000101110001110110,116496905,0,0.050000,1.000000
116501054,80,01111010001000110000001010101110000110100000000100011001011111001110011111111001,116496905,0,0.050000,1.000000
116501055,75,110100010001101000010101011100001101000000001000010010111110001101100011000,116480035,0,0.050000,1.000000
116501056,77,01011001100110000001010101110000110100000000100001001011101000101110001110110,116480035,0,0.050000,1.000000
116501057,75,101110011000000101010111000011010000000010000101101110001110010100110001111,116480035,0,0.050000,1.000000
116501058,81,010010011000100100001010101110000110100000000111001001111111010000111110100101110,116496906,0,0.100000,1.000000
116501059,82,0110101010001101000010101011100001101000100001100100111110101000111110010010111110,116496906,0,0.100000,1.000000
116501060,77,01010000101000000010101011100001101001000001100010010111110001100111011100101,116503245,0,0.070000,0.700000
116501061,81,011010001000110100001010101110000110100000000110001001111111010000111100000101110,116496906,0,0.100000,1.000000
116501062,77,01010000101000000010101011100001101001000001100010010111110001100111011100101,116503245,0,0.070000,0.700000
116501063,70,1010111010000111010111000011010000000011000110101011010110010100111111,116496906,0,0.100000,1.000000
116501064,84,111011000101011100000010101011100011101000000001000100111100100100011110011001110010,116496906,0,0.100000,1.000000
116501065,82,0011010001000110100011010101110000110100000000110101001111111010000111000001011101,116496906,0,0.100000,1.000000
116501066,75,101100110011000100101010111000011010000101010000100101110100010111000111011,116503245,0,0.060000,0.600000
116501067,79,1001001100010010000101010111000011010000000011100100111111101000011111010001110,116496906,0,0.100000,1.000000
116501068,75,010110010000100000101010111000011010000000011000100101011100011001110111001,116496906,0,0.100000,1.000000
116501069,80,01110100010001101000010101011100001101000000001100010011111110100001110010010111,116503245,0,0.080000,0.800000
116501070,82,0011010001000110100001010101110000100100000000110001001111111010000111100100101110,116496906,0,0.100000,1.000000
116501071,82,1001000001001100000010101011100001101000000001000100110111101001011000011001110011,116496906,0,0.060000,0.600000
116501072,78,110101100100001000001010101110000110100000000110001001010111000110011100111001,116503245,0,0.080000,0.800000
116501073,75,101010011000000101010111000011010000000010000110101111000111000011111000111,116496906,0,0.100000,1.000000
116501074,76,1010110010000100000101010111000011010000000011000100101011100011001110111001,116496907,0,0.100000,1.000000
116501075,80,10110101000001101000010101011100001101000100001100100111110011000111110010110111,116492268,0,0.160000,0.800000
116501076,74,11010011000101010101111000110100000000100001001011111001010010101100001100,116492270,0,0.050000,0.500000
116501077,74,11010011000001010101111000110100000000100001001011111001010010101100001100,116496907,0,0.100000,1.000000
116501078,78,010110010001100000110101011100001101000000101101000101111000011001111101010100,116496908,0,0.053333,0.800000
116501079,79,0111100000001101000010101011100001101000000001110010011101101000011010010010111,116496908,0,0.066667,1.000000
116501080,77,11010001000100100001010101110000110100000000100001001011111000110111000111001,116495382,0,0.066667,0.700000
116501081,79,1110100010001101000010101001100001101000000001000010010111110001101110001110011,116496908,0,0.066667,1.000000
116501082,81,011010001000111100001011101110000111100000000110001001111111010000111100001011001,116495382,0,0.066667,0.600000
116501083,82,0110100011001101000110101011100001101000000001110010011111111100001100000010111010,116496908,0,0.066667,1.000000
116501084,77,11010001000100100001010101110000110100000000100001001011111000110111000111001,116496908,0,0.066667,1.000000
116501085,79,0111100000001101000010101011100001101000000001110010011101101000011010010010111,116496908,0,0.066667,1.000000
116501086,79,0111100000001101000010101011100001101000000001110010011101101000011010010010111,116496908,0,0.066667,1.000000
116501087,77,11011001000110001011010101110000110100000010100001001111101010100111000111001,116496908,0,0.066667,1.000000
116501088,81,011010001000111100001011101110000111100000000110001001111111010000111100001011001,116495382,0,0.066667,0.600000
116501089,81,011010001000111100001011101110000111100000000110001001111111010000111100001011001,116496908,0,0.066667,1.000000
116501090,72,011010111010000101010111000011010000000010000110101010001110100100110011,116496908,0,0.066667,1.000000
116501091,72,011010111010000101010111000011010000000010000110101010001110100100110011,116495382,0,0.066667,0.700000
116501092,79,0111100000001101000010101011100001101000000001110010011101101000011010010010111,116495382,0,0.066667,0.700000
116501093,79,0110110010001100000010101011100001101000000001000010101111010001010111101010010,116495382,0,0.066667,0.700000
116501094,80,01101100100011000000101010111000011010000000010000101011110100010101111010100101,116495382,0,0.066667,0.700000
116501095,81,011010001000111100001011101110000111100000000110001001111111010000111100001011001,116496908,0,0.066667,1.000000
116501096,79,1110100010001101000010101001100001101000000001000010010111110001101110001110011,116496908,0,0.066667,1.000000
116501097,82,0110100011001101000110101011100001101000000001110010011111111100001100000010111010,116496908,0,0.066667,1.000000
116501098,77,11011001000110001011010101110000110100000010100001001111101010100111000111001,116496908,0,0.066667,1.000000
116501099,75,111101110000001010101110000110100000000110001011011110001110011100110101111,116471700,0,0.050000,1.000000
116501100,83,00010100110101001000010101011100001101000000001100010011111110100001111001001011101,116496909,0,0.050000,1.000000
116501101,84,010110000010001000000101010111000011110000000010001000111101011000111100110011010101,116496909,0,0.050000,1.000000
116501102,77,11010001000110100001010101110000110100000000100001001011111000110111000111001,116496909,0,0.050000,1.000000
116501103,78,110101100100001000001010101110000110100000000110001001010111000110011100111001,116492276,0,0.032000,0.800000
116501104,82,0110101010001000000010101011100001101000100001101010011111010100011011001001011101,116492276,0,0.028000,0.700000
116501105,78,110111010001100000010101011100101101000000001100010101111110001000111101110010,116496909,0,0.040000,0.800000
116501106,75,001101011101000010101011100011101000000001000011010110100011101001001100111,116492276,0,0.028000,0.700000
116501107,77,01001001100010100000101010111000011010000000001000100110111010000111101011011,116496909,0,0.050000,1.000000
116501108,77,11010001000110100001010101110000110100000000100001001011111000110111000111001,116496909,0,0.050000,1.000000
116501109,87,100110010000011111100000101010111000011010000000010001001111101011000011110110011100110,116496909,0,0.030000,0.600000
116501110,87,100110010000011111100000101010111000011010000000010001001111101011000011110110011100110,116492276,0,0.032000,0.800000
116501111,77,11010001000110100001010101110000110100000000100001001011111000110111000111001,116496909,0,0.050000,1.000000
116501112,83,00010100110101001000010101011100001101000000001100010011111110100001111001001011101,116471700,0,0.050000,1.000000
116501113,83,00010100110101001000010101011100001101000000001100010011111110100001111001001011101,116471700,0,0.050000,1.000000
116501114,82,0110101010001000000010101011100001101000100001101010011111010100011011001001011111,116496909,0,0.050000,1.000000
116501115,88,0011001000001111110000010101011100001101000000001000100111110101100001111011001010011000,116496909,0,0.050000,1.000000
116501116,78,111001001010110000001010101110000110100000000110001010111110001100110001110010,116492276,0,0.032000,0.800000
116501117,88,0011001000001111110000010101011100001101000000001000100111110101100001111011001110011000,116471700,0,0.050000,1.000000
116501118,79,0111100000001101000010100111100001101000000001110010001101101000011011010010111,116471700,0,0.035000,0.700000
116501119,75,111101110000001010101110000110100000000110001011011110001110011100110101111,116492276,0,0.032000,0.800000
116501120,82,0011010001000110100001010101110000110100000000110001001111111010000111100000101110,116492276,0,0.032000,0.800000
116501121,76,1010110010000100001101010111000011010000000011000100101011100011001110111001,116496911,0,0.200000,1.000000
116501122,77,11101001010110000010101011100001101000000001100010010111110001100010001110110,116496911,0,0.000000,0.000000
116501123,81,011000001000010100001010101110000110100000000110001001111111010000111100000101110,116508504,0,0.050000,1.000000
116501124,74,11101001100000010101011100001101000000001000011010111100011001010011000101,116496911,0,0.200000,1.000000
116501125,80,01101001100011011000101010111000011110000000011001001011111100000111100100101110,116496911,0,0.200000,1.000000
116501126,78,110110010101100000010101011100001101000000001100010111111110001010111101110010,116496911,0,0.200000,1.000000
116501127,78,110110010101100000010101011100001101000000001100010111111110001010111101110010,116465088,0,0.050000,1.000000
116501128,74,11101001100000010101011100001101000000001000011010111100011001010011000101,116496911,0,0.200000,1.000000
116501129,76,1010110010000100000101010111000011010000000011000100101011100011001110111001,116496911,0,0.200000,1.000000
116501130,75,111101110000001010101110000110100000000100001011011110001110011100110001111,116465088,0,0.050000,1.000000
116501131,78,110110010101100000010101011100001101000000001100010111111110001010111101110010,116496911,0,0.200000,1.000000
116501132,75,111101110000001010101110000110100000000100001011011110001110011100110001111,116496911,0,0.200000,1.000000
116501133,76,1010110010000100000101010111000011010000010011000100101011100011001110111001,116470088,0,0.040000,0.800000
116501134,81,011000001000010100001010101110000110100000000110001001111111010000111100000101110,116496911,0,0.200000,1.000000
116501135,78,110110010101100000010101011100001101000000001100010111111110001010111101110010,116496911,0,0.200000,1.000000
116501136,76,1010110010000100000101010111000011010000000011000100101011100011001110111001,116496911,0,0.200000,1.000000
116501137,78,110101100100001000000101010111000011010000000011000100101010000110011100111001,116496912,0,0.100000,1.000000
116501138,74,10101001100000110101011100001101000000001000011010111101011100001001101011,116496912,0,0.100000,1.000000
116501139,78,001100100011000000101010111000011010110000010000100101011100011001110011100110,116496912,0,0.100000,1.000000
116501140,79,1101101101011000000101010111000011010000000011000000101111100011001101011100110,116496912,0,0.100000,1.000000
116501141,82,0110100011001101000110101011100001101000000001110010011111111100001100000010111010,116496913,0,0.200000,1.000000
116501142,81,011010000000110100001010101111000110100000000110001001111111010000111000001011101,116496913,0,0.200000,1.000000
116501143,87,011101111010000001000010101111100001101000000001101111010110101001000110011100011111000,116496913,0,0.200000,1.000000
116501144,87,011101111010000001000010101111100001101000000001101111010110101001000110011100011111000,116496913,0,0.200000,1.000000
116501145,74,10101001100000010101011100001101000000001000011010111101011100001001100011,116496913,0,0.200000,1.000000
116501146,82,0111100010001101000010111011100001111000000001100010011111110000001111001001011001,116496913,0,0.200000,1.000000
116501147,82,0110110011001101000100101011100001101000000001110010011111111100001100000010111010,116496913,0,0.200000,1.000000
116501148,75,101010111000000101010111000011010000000010000101101110001110010100110001111,116496913,0,0.200000,1.000000
116501149,87,011101111010000001000010101111100001101000000001101111010110101001000110011100011111000,116496913,0,0.200000,1.000000
116501150,75,101110111000000101010111000011010000000010000101101110001110010100110001111,116496913,0,0.200000,1.000000
116501151,71,11110111000000101010101000011010000000010000101101100011100101001100011,116496913,0,0.200000,1.000000
116501152,77,11010001000110100001010101110000110100000000100001001011111000110111000111001,116496913,0,0.200000,1.000000
116501153,82,0111100010001101000010111011100001111000000001100010011111110000001111001001011001,116496913,0,0.200000,1.000000
116501154,77,10011011111010000101010111000011011000000010000110101101000110010010011001111,116496913,0,0.200000,1.000000
116501155,79,0100100110001001000011101011100001101000000001100110011011110100001111010010111,116496913,0,0.200000,1.000000
116501156,75,101110111000000101010111000011010000000010000101101110001110010100110001111,116496913,0,0.200000,1.000000
116501157,87,011101111010000001000010101111100001101000000001101111010110101001000110011100011111000,116496913,0,0.200000,1.000000
116501158,82,0110100011001101000110101011100001101000000001110010011111111100001100000010111010,116496913,0,0.200000,1.000000
116501159,82,0111100010001101000010101011100001101000000001100010011111110100001110001001011101,116496913,0,0.200000,1.000000
116501160,75,101110111000000101010111000011010000000010000101101110001110010100100001111,116496913,0,0.160000,0.800000
116501161,76,0111101110000001010101010000010100000000100001011011100001110011100100001111,116496914,0,0.100000,1.000000
116501162,80,01101000100001010000101010111000011010000000011001001011111000000111100100101110,116496914,0,0.100000,1.000000
116501163,86,00110010010011111100100101010111000011010000000010001001111101011000011110110011100110,116496914,0,0.100000,1.000000
116501164,80,01101000100010000001010101110000110100000000111000001111111010000111000001011101,116496914,0,0.100000,1.000000
116501165,70,1010111010000101011111000011011000000011001010101111100110011100101100,116496914,0,0.080000,0.800000
116501166,80,01101000100001010000101010111000011010000000011001001011111000000111100100101110,116496914,0,0.100000,1.000000
116501167,70,1010111010000101011111000011010000000011001010101111100110011100101100,116496914,0,0.100000,1.000000
116501168,73,1011101110000001010101110000110100000000100001011011100111001010011000111,116496914,0,0.100000,1.000000
116501169,83,01011010000000110100001010101110000110100000000110001001111111000000011100100101110,116496914,0,0.100000,1.000000
116501170,81,010010011000100100001010101110000110100000000111001001111111010000111110100101110,116500009,0,0.066667,1.000000
116501171,79,0011000010011000000101010111000011010000000010001011011010110101101000100110001,116498401,0,0.100000,1.000000
116501172,79,0011000010011000000101010111000011010000000010001011011010110101101000100110001,116498401,0,0.100000,1.000000
116501173,82,0110100000001101000010101011110001101000000001100010011111110100001110000010111011,116486640,0,0.040000,0.400000
116501174,75,101010011000000101010111000011010000000010000110101111000111000010011000111,116498402,0,0.050000,1.000000
116501175,74,10101001100000010101011100001101000000001000011010111100011100001001100011,116498402,0,0.050000,1.000000
116501176,82,1111000001000100000101010111000010010000000010001001111101011001111100110011110101,116498402,0,0.050000,1.000000
116501177,77,01111100101100000010101011100001101000000001100110010111110000100110000110010,116498403,0,0.200000,1.000000
116501178,72,010100101100000010101011101001101000000001000011010111100011001010011101,116498403,0,0.200000,1.000000
116501179,74,11111011100000010101011100001101000000001000010110111100011100110011010111,116498403,0,0.200000,1.000000
116501180,75,111101110000001010101110000110100000000100001011011110001110011100110101111,116498405,0,0.040000,1.000000
116501181,76,0001101011101000110101011100001101000000001010010010111110111101110011010011,116498406,0,0.100000,1.000000
116501182,76,0001101011101000110101011100001101000000001010010010111110111101110011010011,116461655,0,0.080000,0.800000
116501183,76,0001101011101000110101011100001101000000001010010010111110111101110011010011,116461655,0,0.080000,0.800000
116501184,77,10101100100011000001010101110000110100000000110001001010111100110011100111001,116461655,0,0.100000,1.000000
116501185,75,101010011000000101010111000011010000000010000110101111000111000010011000111,116498408,0,0.100000,1.000000
116501189,76,1111101110000001010100110000110100000000100001010011110001110011100110001111,116492273,0,0.046667,0.700000
116501191,74,10101001100000010101011100000101000000001000011010111100011100001001100011,116498408,0,0.080000,0.800000
116501192,77,01110100001100000010101011100001101000000001000011010110000011100001011100011,116498408,0,0.100000,1.000000
116501193,78,010011001000110100001010101110000110100000001100010010111110011000111001110011,116492273,0,0.046667,0.700000
116501194,78,111011001000110000001010101110000110100000000100001001001101000100111000111001,116492273,0,0.053333,0.800000
116501195,81,011010001000110101001010101110000110100000000110001001111111010000111000000101110,116486627,0,0.030000,0.600000
116501196,82,0011010001000110100001010101110000110100000000110001001111111010000111100100101110,116498409,0,0.200000,1.000000
116501197,77,11010001000100100001010101110000110100010000100001001011111000110111000111001,116498409,0,0.200000,1.000000
116501198,77,01111101110000001010101110010110100000000100001011011110001110010100110101111,116501528,0,0.200000,0.800000
116501199,75,001101011101000010101011100001101010000001000011010110100011101001001100111,116470093,0,0.032000,0.800000
116501200,80,01111010001001110000001010101110000110110000000110011101011111001110011111110101,116498413,0,0.100000,1.000000
116501201,77,01011000101000000010101011100001101001000001101010010111110000100111011100001,116498413,0,0.100000,1.000000
116501202,75,111101110000001010101110000110100100000100001111011110001110011100110011111,116498414,0,0.032680,1.000000
116501203,75,010101001100000010101011100001101000000001000011010111101011100001001101011,116498414,0,0.032680,1.000000
116501205,81,100010100000001001000010101011101001101000000001110010011111110000001110010010111,116498414,0,0.032680,1.000000
116501206,75,010101001100000010101011100001101000000001000011010111101011100001001101011,116498414,0,0.032680,1.000000
116501207,73,0111101010100001010101111000110100000000100001100110100011101001001100110,116492287,0,0.032680,0.600000
116501208,80,01111011001001111000011010101100000110110000000100011001011111000010011100111001,116498414,0,0.032680,1.000000
116501209,82,1101110100010001001000010101011100001101000000001000100111011000000011100100000110,116498414,0,0.026144,0.800000
116501210,82,0110100010101101000010101011100001101000000001101110011111110100001111000001011100,116498414,0,0.032680,1.000000
116501211,81,100010100000001001000010101011101001101000000001110010011111110000001110010010111,116498414,0,0.032680,1.000000
116501212,81,100010100000001001000010101011101001101000000001110010011111110000001110010010111,116492287,0,0.032680,0.600000
116501214,86,01110111101000000100001010101110000110100000000110111101011010101100011101110001111100,116498414,0,0.032680,1.000000
116501215,81,011101000100111010000101010110000011010000000011100100111111101001011100100101111,116498414,0,0.032680,1.000000
116501216,83,00110100010101101000010101011100001101000000001100110011111110100001111000001001100,116492287,0,0.032680,0.600000
116501217,82,1101110100010001001000010101011100001101000000001000100111011000000011100100000111,116498414,0,0.032680,1.000000
116501219,73,1010101110000001101011100001101000000001000010110111000111001010011000111,116498414,0,0.032680,1.000000
116501220,82,1101110100010001001000010101011100001101000000001000100111011000000011100100000111,116492287,0,0.032680,0.600000
116501221,82,0110100010101101000010101011100001101000000001101110011111110100001111000001011100,116498414,0,0.032680,1.000000
116501222,79,1101100101011000000101010111000011010000000011000000101111100011001101011100110,116498414,0,0.032680,1.000000
116501223,81,100010100000001001000010101011101001101000000001110010011111110000001110010010111,116498414,0,0.032680,1.000000
116501224,78,001011000101000000010101011100001101000000001100010010111110011100111011100010,116492287,0,0.032680,0.600000
116501225,83,00110100010101101000010101011100001101000000001100110011111110100001111000001001100,116498414,0,0.032680,1.000000
116501226,77,01011001000010000001010101110000110100000000100001001010111000110011100111011,116498415,0,0.028571,1.000000
116501227,71,11110110000001010101110000110100000000100001011011100011100101000100011,116498417,0,0.100000,1.000000
116501228,78,001111100010110010001010101110000110100000000110011001011111000011011000111001,116498417,0,0.100000,1.000000
116501229,80,01101000100010000001010101110000110100000000111000001111111010000111000001011101,116488561,0,0.060000,0.600000
116501230,78,011110110010011110000010101011000011010000000010001100101111100011001110011100,116498417,0,0.100000,1.000000
116501231,79,0100100110001001000010101011100001101000000001100110011111110100001111010010111,116498417,0,0.100000,1.000000
116501232,71,11110110000001010101110000110100000000100001011011100011100101000100011,116488561,0,0.060000,0.600000
116501233,78,001111100010110010001010101110000110100000000110011001011111000011011000111001,116488561,0,0.060000,0.600000
116501234,71,11110110000001010101110000110100000000100001011011100011100101000100011,116498417,0,0.100000,1.000000
116501235,75,001101011101000010101011100001101000000001000011011110100011101001001100111,116498417,0,0.100000,1.000000
116501236,75,001101011101000010101011100001101000000001000011011110100011101001001100111,116498417,0,0.100000,1.000000
116501237,79,0111100000001101000010101011100001101000000001110010111101101000011010010010111,116488561,0,0.060000,0.600000
116501238,75,001101011101000010101011100001101000000001000011011110100011101001001100111,116488561,0,0.060000,0.600000
116501239,79,0111100000001101000010101011100001101000000001110010111101101000011010010010111,116498417,0,0.100000,1.000000
116501240,77,11111011100000010101011100001101000001001000010110111100011100101001101011111,116488561,0,0.060000,0.600000
116501241,78,001111100010110010001010101110000110100000000110011001011111000011011000111001,116488561,0,0.060000,0.600000
116501242,78,001111100010110010001010101110000110100000000110011001011111000011011000111001,116498417,0,0.100000,1.000000
116501243,80,01101000100010000001010101110000110100000000111000001111111010000111000001011101,116498417,0,0.100000,1.000000
116501244,75,001101011101000010101011100001101000000001000011011110100011101001001100111,116488561,0,0.060000,0.600000
116501245,75,001101011101000010101011100001101000000001000011011110100011101001001100111,116498417,0,0.100000,1.000000
116501246,71,11110110000001010101110000110100000000100001011011100011100101000100011,116498417,0,0.100000,1.000000
116501247,80,01101000100010000001010101110000110100000000111000001111111010000111000001011101,116488561,0,0.060000,0.600000
116501248,78,001111100010110010001010101110000110100000000110011001011111000011011000111001,116498417,0,0.100000,1.000000
116501249,75,001101011101000010101011100001101000000001000011011110100011101001001100111,116498417,0,0.100000,1.000000
116501250,80,01101000100010000001010101110000110100000000111000001111111010000111000001011101,116508492,0,0.200000,1.000000
116501251,81,011010001000110100001010101110000110100000000110001001111111110000111000000101111,116498419,0,0.100000,1.000000
116501252,85,1110111010000001000010101011100001101000000001101111010110101011000110011100011111000,116498419,0,0.100000,1.000000
116501253,75,101010011000000101010111000011010000000010000110101111000111000011111000111,116498419,0,0.100000,1.000000
116501254,75,111101110000001010101110000110100000000100001011011110001110011100110101111,116498419,0,0.100000,1.000000
116501255,75,001101011101000010101011100001101000000001000011010110100011101001101000111,116498419,0,0.100000,1.000000
116501256,74,11101000011000000101010111000011010000000010000110101110000111000001110001,116498419,0,0.100000,1.000000
116501257,83,00110100110101101000010101011100000101000000001100010011111110100001111001001001101,116498419,0,0.100000,1.000000
116501258,75,101010011000000101010111000011010000000010000110101111000111000011111000111,116498419,0,0.100000,1.000000
116501259,80,01101000100001010000101010111000011010000000011001001011111000000111100100101110,116498420,0,0.050000,1.000000
116501260,74,00111010111010001101010111000011010000000010100100111011101111011100110110,116498420,0,0.050000,1.000000
116501261,82,0110101010001001000010101011100001101000100001101010011111010100011011001001011101,116499997,0,0.066667,1.000000
116501262,76,1110110001100000010101111100001101000000001000011010111000011100001011100011,116499997,0,0.066667,1.000000
116501263,70,0101011000000101010111000011011000000010000110101101000110010000110001,116499997,0,0.066667,1.000000
116501264,82,0110101010001001000010101011100001101000100001101010011111010100011011001001011101,116499997,0,0.066667,1.000000
116501265,74,11101000011000000101010111000011010000000010000101011100001110000101110001,116499997,0,0.000000,0.000000
116501266,72,011110111010000101010111100011010000000010000110011010011110100100110011,116499997,0,0.066667,1.000000
116501267,70,1000111010000101010111000011010000000011000010101111000110011100111101,116499997,0,0.066667,1.000000
116501268,74,10101001100000010101011100001101000000001000011010111101011100001001101011,116499997,0,0.066667,1.000000
116501269,74,10101001100000010101011100001101000000001000011010111101011100001001101011,116499997,0,0.066667,1.000000
116501270,74,10101001100000010101011100001101000000001000011010111101011100001001101011,116499997,0,0.066667,1.000000
116501271,82,0110101010001001000010101011100001101000100001101010011111010100011011001001011101,116499997,0,0.066667,1.000000
116501272,76,1110100001100000010101011100001101000000001000011010111000011100001011100011,116499997,0,0.066667,1.000000
116501273,81,011010001000110101001010101110000110100000000110001001111111010000111000001101110,116499997,0,0.066667,1.000000
116501274,86,00110010000011111000000101010101000011010000000010001001111101011000011110110011100110,116499997,0,0.066667,1.000000
116501275,79,1101100100011000000101010111000011010010000011000100111111100010001100011000111,116499997,0,0.066667,1.000000
116501276,83,01011010001000110100001010101110000110110000000110001001111111010000111100100101110,116499997,0,0.066667,1.000000
116501277,80,01101000100010000001010101110000110100000000111000011111111010000111000001011101,116499998,0,0.100000,1.000000
116501278,82,0110101010001001000010101011100001101000100001101010011111010100011011001001011101,116499998,0,0.100000,1.000000
116501279,82,1011000001000100000010101011100001111000000001000100011110101100011110011001010101,116499998,0,0.100000,1.000000
116501280,79,0011000010011000000101010111000011010000000010001011011010110101101000100111101,116499998,0,0.100000,1.000000
116501281,81,011010001000110100001010101110000110100000000100001001111111010000111000001011101,116499998,0,0.080000,0.800000
116501282,83,01011010001000110100001010101110000110100000000110001001111111000000111100100101110,116499998,0,0.100000,1.000000
116501283,79,0100100110001001000010101011100001101000000001100110011111110100001111010010111,116499998,0,0.100000,1.000000
116501284,80,01101000100010000001010101110000110100000000111000001111111010000111000001011101,116499998,0,0.100000,1.000000
116501285,79,0111100000001101000010101011100001101000000001110010011101101000011010010010111,116499998,0,0.100000,1.000000
116501286,80,10110110010001100010010101011100001101000000001100010010111110001001110001110010,116499998,0,0.100000,1.000000
116501287,80,01101000100010000001010101110000110100000000111000011111111010000111000001011101,116499998,0,0.100000,1.000000
116501288,80,01001011101000110000001010101110000110100000000110011001011111000010011000011001,116499998,0,0.100000,1.000000
116501289,77,01011000101000000010101011100001101001000001101010010111110000100111011100001,116499998,0,0.100000,1.000000
116501290,74,10101001100000010101011100001101000000001000011010111100011100001111100011,116499998,0,0.100000,1.000000
116501291,80,01110100000000101000010101011100001101000000001110010011111110100001110010010111,116499998,0,0.100000,1.000000
116501292,82,0110101010001001000010101011100001101000100001101010011111010100011011001001011101,116499998,0,0.100000,1.000000
116501293,79,0010110001010000000101010111000011010000000011000100101111100111001100111000101,116499998,0,0.100000,1.000000
116501294,81,111010001000110100001010101110000110100010000110001001111111010000111100000101110,116499998,0,0.100000,1.000000
116501295,82,0110101010001001000010101011100001101000100001101010011111010100011011001001011101,116499998,0,0.100000,1.000000
116501296,77,11011001000110000001010101110000110100000100111001001011101000100111000111001,116499998,0,0.100000,1.000000
116501297,79,0100100110001001000010101011100001101000000001100110011011110100001111010010111,116499999,0,0.040000,1.000000
116501298,81,001101000110011010000101010111010011010000000110001001111111010000111010101010101,116499999,0,0.040000,1.000000
116501299,79,0100100110001001000010101011100001101000000001100110011011110100001111010010111,116499999,0,0.040000,1.000000
116501300,82,0010101010001101000010101011100001101000100001100100111110101000111110010010111110,116499999,0,0.040000,1.000000
116501301,76,1011110010110000001010101110000110100000001100110010111110000100110000110010,116499999,0,0.040000,1.000000
116501302,82,0110100010001101000010101011100001101000000001100010011111110100001111000001011100,116499999,0,0.040000,1.000000
116501303,79,1110110010001000000110101011100000001000000001100010010111110000100110001110010,116499999,0,0.040000,1.000000
116501304,82,0110100010101101000010101011100001101000000001100110011111110100001111000001001100,116499999,0,0.040000,1.000000
116501305,82,1010000101001100000101010111000011010000000010001001111101011000111100110011110101,116499999,0,0.040000,1.000000
116501306,80,01101000100011010000101010111000011010000000011001000011111000000111100100101110,116499999,0,0.040000,1.000000
116501307,72,010100110000001010101100011101000000001000011010111101011100001001101011,116499999,0,0.040000,1.000000
116501308,74,11010011000001010101111000110100000000100001001011111001110010101000001100,116499999,0,0.040000,1.000000
116501309,85,0011010111010110100001010101110000110100000000110001001111111010000111100100111110111,116499999,0,0.040000,1.000000
116501310,82,0110100010101101000010101011100001101000000001100110011111110100001111000001001100,116500000,0,0.100000,1.000000
116501312,75,010110010000100000101010111000011010000000011000100101011100011001110111000,116500000,0,0.080000,0.800000
116501313,80,01001011101000110000001010101110000110100000000110011001011111000010011000011001,116500000,0,0.100000,1.000000
116501314,82,0011010001000110100001010101110000110100000000010101001111111010000111000001011101,116500000,0,0.100000,1.000000
116501315,77,01011000101000000010101011100001101001000001101010010111110000100111011100000,116500000,0,0.100000,1.000000
116501316,83,01001000001001100000010101011100011101000000001000110100110101101011010011001110110,116500000,0,0.100000,1.000000
116501317,75,001101011101000010101011100101101000000001000011010110100011101001001100111,116500000,0,0.100000,1.000000
116501318,83,01001000001001100000010101011100011101000000001000110100110101101011010011001110110,116500000,0,0.100000,1.000000
116501319,83,00110100110101101000010101011100000101000000001100010011111110100001111001001001101,116500000,0,0.100000,1.000000
116501320,73,0101011100000010101011100001101000000010000101101110001110010100110001111,116500000,0,0.100000,1.000000
116501321,80,01101000100011000001010101110000110100000000111000001111111010100111000001011101,116500000,0,0.100000,1.000000
116501322,80,01001001100010010001101010111000011010000000011001100110111101000011110100101110,116500000,0,0.100000,1.000000
116501323,77,01010000101000000010101011100001101001000001100010010111111001100111011100001,116500000,0,0.100000,1.000000
116501324,78,110101100100001000000101010111000011010000000011000100101010000110011100111001,116500000,0,0.100000,1.000000
116501325,80,01111010001001110000001010101110000110110000000110011101011111001110011111111001,116500001,0,0.100000,1.000000
116501326,75,001101011101000011101011100001101000000001000011010110100011101001001100111,116500001,0,0.100000,1.000000
116501327,77,01011001100110000001010101110000110100000000100001001011101000101110001110110,116486628,0,0.060000,0.600000
116501328,77,01111001000100000011010101110000110100000000110000010111100101100111111101010,116486628,0,0.060000,0.600000
116501329,76,1111101110000001010101110000110100000000100001010011110001110011100110001111,116486628,0,0.060000,0.600000
116501330,77,01111001000100000011010101110000110100000000110000010111100101100111111101010,116500001,0,0.100000,1.000000
116501331,75,010110010000100000101010111000011010000000011000100101011100011001110111001,116500001,0,0.100000,1.000000
116501332,81,011010000000110100001010101111000110100000000110001001111111010000111000001011101,116500001,0,0.100000,1.000000
116501333,76,1111101110000001010101110000110100000000100001010011110001110011100110001111,116486628,0,0.060000,0.600000
116501334,81,001111011001001111000001010101100000110100000000100011001011111000110011100111001,116500001,0,0.100000,1.000000
116501335,77,01111001000100000011010101110000110100000000110000010111100101100111111101010,116466864,0,0.070000,0.700000
116501336,76,1010110010000100000101010111000011010000000011000100101011100011001110111001,116500001,0,0.100000,1.000000
116501337,88,0011001000001111110000010101011100001101000000001000100111110101100001111011001110011000,116500001,0,0.100000,1.000000
116501338,74,10101001100001010101011100001101000000001000011010111101011100001001100011,116500001,0,0.100000,1.000000
116501339,86,01110111101000000100001010101110000110100000000110111101011010101100011001110001111100,116500001,0,0.100000,1.000000
116501340,75,010110010000100000101010111000011010000000011000100101011100011001110111001,116500002,0,0.066667,1.000000
116501341,79,0011000010011000000101011111000011010000000010001011011010110101101000100111001,116500002,0,0.066667,1.000000
116501342,76,1110100101100000010101011100001101000000001000011010111000011100001011100011,116500002,0,0.066667,1.000000
116501343,82,0111100010001101000010101011100001101000000001100010011111110100001110001001011101,116500002,0,0.066667,1.000000
116501344,78,010010001010000000101010111001001010000000011000110101111100011000110111100100,116470092,0,0.040000,0.600000
116501345,86,01110111101000000100001010111110000110100000000110111101011010101100011001110001111100,116500002,0,0.066667,1.000000
116501346,79,0100100110001001000010101011100001101000000001101110011011110100101111010010111,116500002,0,0.066667,1.000000
116501347,74,11101000011000000101010111000011010000000010000110101110000111000001110001,116500002,0,0.066667,1.000000
116501348,79,1010110010000100000010101011100001101000000001000010010101110001100111001110011,116500002,0,0.066667,1.000000
116501349,74,11010111000001010101111000110100000000100001001011111001110010101101001100,116470092,0,0.040000,0.600000
116501350,81,011010001000110100001010101110000110100000000110001001111111010000111100000101110,116500002,0,0.066667,1.000000
116501351,79,1101011101110100001010101100001110100000000101001100011100010110010100110101100,116500003,0,0.200000,1.000000
116501352,77,11010001000110100001010101110000110100000000100001001011111000110111000111001,116500003,0,0.200000,1.000000
116501353,75,010010011000101000001010111100001101000000000100010011011101000011110111101,116500003,0,0.200000,1.000000
116501354,75,101010111000000101010111000011010000000010000101101110001110010100110001111,116500003,0,0.200000,1.000000
116501355,75,101010111000000101010111000011010000000010000101101110001110010100110001111,116500003,0,0.200000,1.000000
116501356,75,101010111000000101010111000011010000000010000101101110001110010100110001111,116500003,0,0.200000,1.000000
116501357,79,0011000010011000000101010111000011010000000010001011011010110101101001100111001,116500003,0,0.200000,1.000000
116501358,82,1011010001000110100001010101110000110100000000110001001111110010000111100100101110,116500003,0,0.200000,1.000000
116501359,76,0110100001100000010101011100001101000000001000011010111100011100001001100011,116500003,0,0.200000,1.000000
116501360,79,0011000010011000000101010111000011010000000010001011011010110101101001100111001,116500003,0,0.200000,1.000000
116501361,75,101010111000000101010111000011010000000010000101101110001110010100110001111,116500003,0,0.200000,1.000000
116501362,75,101010011000000101010111000011010000000010000110101111000111000010011000111,116500003,0,0.200000,1.000000
116501363,79,1101100101011000000101010111000011010000000011000000101111100011001101011100110,116505128,0,0.066667,1.000000
116501364,79,1101100101011000000101010111000011010000000011000000101111100011001101011100110,116500004,0,0.066667,1.000000
116501365,77,11010001000110100001010101110000110100000000100001001011111000110111000110001,116500004,0,0.066667,1.000000
116501366,82,1101110100010001001000010101011100001101000000001000100111011000000011101100000111,116505128,0,0.066667,1.000000
116501367,74,11111011100000010101011100001101000000001000010110111000111001010011000111,116500004,0,0.066667,1.000000
116501368,79,0110100010001101000010101011100001101000000011000100111111101000011110000010111,116500004,0,0.066667,1.000000
116501369,86,00110000000011111100000101010111000011010000000010001001111101011000011110110011100110,116505128,0,0.066667,1.000000
116501370,80,01101000100011010000101010111000011010000000011001001111111000000111100100001110,116500004,0,0.066667,1.000000
116501371,74,10101001100000010101011100001101000000001000011010111101011100001001100011,116500004,0,0.066667,1.000000
116501372,82,0110100010101101000010101011100001101000000000100110011111110100001111000001011100,116500004,0,0.066667,1.000000
116501373,74,11111011100000010101011100001101000000001000010110111000111001010011000111,116500004,0,0.066667,1.000000
116501374,76,1110100010011010000101010111000011010000000011000100111111101000111001001011,116473639,0,0.200000,1.000000
116501375,77,11001001010110000001000101110000110100000000100001001011111000110011000010010,116500005,0,0.028571,1.000000
116501376,82,0110101010001001000010101011100001101000100001101010011111010100011011001001011101,116500005,0,0.028571,1.000000
116501377,87,011101111010000001000010101111100001101000000001101111010110101001000110011100011111000,116500005,0,0.028571,1.000000
116501378,75,110101001100000010101011100001101000000001000011010111100011100001001100011,116498415,0,0.022857,0.800000
116501379,72,110101110100001010101110000110100000100110000101001110001100111001111010,116500005,0,0.028571,1.000000
116501380,79,0011000010011000000101010111000011010000000010001011011010110101101000100110001,116500005,0,0.028571,1.000000
116501381,70,1010111010000111010111000011010000000011000011101111010110010100111111,116500005,0,0.028571,1.000000
116501382,79,0011000010011000000101010111000111010000000010001011011010110101101000100110001,116500005,0,0.022857,0.800000
116501383,76,1110100001100000010101011100001101000000001000011000111000011100001011100011,116500005,0,0.028571,1.000000
116501384,75,001101011101000010101011100001101000000001000011010110100011101001001100111,116500005,0,0.028571,1.000000
116501385,79,0100100110001001000010101011100001101000000001100110011111110100001111010010111,116500005,0,0.028571,1.000000
116501386,76,1110100010011010000101010111000011010000000011000100111111101000111001001011,116498415,0,0.022857,0.800000
116501387,82,1101110000010001001000010101011100101101000000001000100111011000000011100100000111,116473639,0,0.160000,0.800000
116501388,79,1101000110011010000101010111000011010000000011000100111111010000111000000101110,116473639,0,0.200000,1.000000
116501389,82,0110101010001001000010101011100001101000100001101010011111010100011011001001011101,116500005,0,0.028571,1.000000
116501390,75,110101001100000010101011100001101000000001000011010111100011100001001100011,116500005,0,0.028571,1.000000
116501391,78,110111010001100000010101011100001101000000001100010101111110001000111101110010,116500006,0,0.200000,1.000000
116501392,75,111101110000001010101110000110100000000100001011011110001110011101110101111,116500006,0,0.200000,1.000000
116501393,73,0111101110100001010101111000110100000000100001100110100011101001001100110,116500006,0,0.200000,1.000000
116501394,81,011010001000110100001010101110000110100000000110001001111111010001111100000101110,116500006,0,0.200000,1.000000
116501395,82,0011010001000110100001010101110000110100000000110001001111111010000111100100101110,116508490,0,0.160000,0.800000
116501396,83,00110100100101101000010101011100000101000000001100010011111110100001111001001001101,116500006,0,0.200000,1.000000
116501397,78,110111010001100000010101011100001101000000001100010101111110001000111101110010,116500006,0,0.200000,1.000000
116501398,82,1101110100010001001000010101011100001101000000001000100111011000000011100100000111,116500006,0,0.200000,1.000000
116501399,78,100100101010000001010101110000110101000000101001001011111000110011001111001001,116500006,0,0.200000,1.000000
116501400,75,001101011101000010101011100001101010000001000011010110100011101001001100111,116500006,0,0.200000,1.000000
116501401,73,1111011100000010101011100001101000000001000010110111000111001010011000111,116468448,0,0.160000,0.800000
116501402,75,101110111110000001010111110000110100000000100101101001111001100100110111001,116500006,0,0.200000,1.000000
116501403,74,10101001100000010101011100001101000000001000011010111100011001010011000101,116500006,0,0.200000,1.000000
116501404,82,0110100010101101000010101011100001101000000001100110011111110100001111000001001100,116500007,0,0.066667,1.000000
116501405,75,111101000011000000101010111000011010000000010000110101110000111000001110001,116500007,0,0.066667,1.000000
116501406,77,01011001100110000001010101110000110100000000100000001011101000101110001110110,116500007,0,0.066667,1.000000
116501407,77,01110100001100000010101011100001101000000001000011010110000011100001011100011,116500007,0,0.066667,1.000000
116501408,70,0101011000000101010111000011010000000010000110101101000110010000110001,116505121,0,0.066667,1.000000
116501409,77,01111101110000001010101110000110100000001100001011011110001110010100110101111,116505121,0,0.053333,0.800000
116501410,79,0000100110001001000010101011100001101000000001100110011111110100001111010010111,116505121,0,0.066667,1.000000
116501411,80,11100100101011000000101010111000011010000000011000100101111100011000100011100100,116500008,0,0.200000,1.000000
116501412,75,110101010000100010010101011100001101000000001100110010011100001000110111011,116500008,0,0.200000,1.000000
116501413,70,1010111010000111010111000011010000000011000110101011010110010100111111,116500008,0,0.200000,1.000000
116501414,75,110101010000100010010101011100001101000000001100110010011100001000110111011,116503236,0,0.200000,0.800000
116501415,79,0101100000001101000010101011100001101000000001110010011101101000011010010010111,116500008,0,0.200000,1.000000
116501416,75,110101010000100010010101011100001101000000001100110010011100001000110111011,116500008,0,0.200000,1.000000
116501417,78,001011101010110000001010101110000111100000000010011001011110000010011000111001,116503236,0,0.200000,0.700000
116501418,78,001111100010110010001010101110000110100000000110011001011111000011011000111001,116500008,0,0.200000,1.000000
116501419,78,111010010101100000010101011100001101000000001100010010111110001100100011101100,116500008,0,0.200000,1.000000
116501420,79,0101100000001101000010101011100001101000000001110010011101101000011010010010111,116500008,0,0.200000,1.000000
116501421,79,0100100110001001000010101011100001101000000001100110011011110100001111010010111,116500008,0,0.200000,1.000000
116501422,79,0100100110001001000010100011100001101010000001000100111111101000011111010010111,116500009,0,0.066667,1.000000
116501423,75,001101011101000010101011100001101010000001000011010110100011101001001100111,116481600,0,0.066667,0.800000
116501424,79,0111100000001101000010101011100001101000000001110010111101101000011010010010111,116500009,0,0.066667,1.000000
116501425,84,111001000001011100000110111011100011101000000001000100111111101100011010011000110010,116500009,0,0.066667,1.000000
116501426,82,1101110100010001001000010101011100001101000000011000100111011000000011100100000111,116503238,0,0.040000,0.600000
116501427,78,011011001000110000001010101110000110100000000110101001011101000100111000111001,116500009,0,0.066667,1.000000
116501428,81,011010001000110100001010101110000110100000000110001000111111010000111100000101110,116498401,0,0.100000,1.000000
116501429,83,01101000101011010000101010111000011010000000011001100111111101000011110000010011001,116500009,0,0.066667,1.000000
116501430,79,1110110010001100000010101011100001101000000001000010010010010001001110011110010,116500009,0,0.066667,1.000000
116501431,80,01101000100011000001010101110000110100000000111000001111111010000111000001011101,116503238,0,0.066667,0.700000
116501432,82,0110100010101101000010101011100001101000000001100110011111110100001111000001001100,116500009,0,0.066667,1.000000
116501433,79,0100100110001001000010100011100001101010000001000100111111101000011111010010111,116500009,0,0.066667,1.000000
116501434,72,110101110100001000101110000110100000001000011010110100011101001001100110,116483541,0,0.040000,0.600000
116501435,78,011111001011000000101010111000011010000000011000100101111100001001100001100100,116500009,0,0.066667,1.000000
116501436,75,011010111000001010001111000110100000000100001001011101001110010101100001100,116500009,0,0.066667,1.000000
116501437,80,01101000100011010000101010111000011010000000011001001111111000000111100100001110,116500009,0,0.066667,1.000000
116501438,81,010010011000000100001010101110000110100000000111001001111111010000111110100101110,116503238,0,0.046667,0.700000
116501439,81,010010011000000100001010101110000110100000000111001001111111010000111110100101110,116483541,0,0.053333,0.800000
116501440,82,1101110100010001001000010101011100001101000000011000100111011000000011100100000111,116483541,0,0.046667,0.700000
116501441,75,101010011000000101010111000011010000100010000110101111000111000010011000111,116500009,0,0.066667,1.000000
116501442,79,0011110000001101000010101011100001100000000001110010011101101000011010010010001,116500010,0,0.100000,1.000000
116501443,81,001110100010001101000010101011100001101000000001100010011111110100001110010010111,116500010,0,0.100000,1.000000
116501444,74,00011010111010001101010111000011010000000010000100101111001101011100110000,116500010,0,0.070000,0.700000
116501445,78,001100100011000000101010111000011010110000010000100101011100011001110011100110,116486640,0,0.050000,0.500000
116501446,87,011101111010000001000010101011100001101000000001101111010110101011000110011100011111001,116500010,0,0.100000,1.000000
116501447,82,0111000010001101000010101011100001101000000001100010011111110100001111001001011101,116486640,0,0.040000,0.400000
116501448,81,011010001000110100001010101110000110100000000110001001111111010000111100000101110,116500010,0,0.100000,1.000000
116501449,81,010010011000100100001010101110000110100000000111001001111111010000111110100101110,116500010,0,0.100000,1.000000
116501450,77,11111011100000010101011100001101000000001000010110111100011100101001101011111,116486640,0,0.040000,0.400000
116501451,77,11111011100000010101011100001101000000001000010110111100011100101001101011111,116486640,0,0.040000,0.400000
116501452,86,00110010010011111100100101010111000011010000000010001001111101011000011110110011100100,116500010,0,0.100000,1.000000
116501453,85,0011001000001111110000010101011100001101000000001000100111101011000011110110011100110,116500011,0,0.040000,1.000000
116501454,77,11111011100001010101011100001101000000001000010110111100011100101001101011111,116500011,0,0.040000,1.000000
116501455,75,101101011101000010101011100001101000000001000011010110100011101001001100111,116500011,0,0.040000,1.000000
116501456,86,00110000000011111100000101010111000011010000000010001001111101011000011110110011100110,116500011,0,0.040000,1.000000
116501457,82,0011010001001110100001010101110000110100000000110001001111111010000111000001011101,116500011,0,0.040000,1.000000
116501458,75,101010111000000101010111000011010000000010000101101110001110010100110001111,116500011,0,0.040000,1.000000
116501459,82,1101110000010001001000010101011100101101000000001000100111011000000011100100000111,116486630,0,0.070000,0.700000
116501460,78,111001001010110000001010101110000110100000000110001010111110001100110001110010,116500012,0,0.100000,1.000000
116501461,73,1111011100000010101011100001101000000001000010110111000111001010011000111,116500012,0,0.080000,0.800000
116501462,82,0011010001000110100001010101110000110100000000110001001111111010000111100100101110,116500012,0,0.080000,0.800000
116501463,78,010110001010000000101010111001011010000000011000010101111100011001110111000101,116486630,0,0.070000,0.700000
116501464,76,0111110010110000001010101010000110000000000110011001011111000010011000011001,116500012,0,0.100000,1.000000
116501465,81,011010001000110100001010101110000110100000000110001001111111010000111100000101110,116500012,0,0.100000,1.000000
116501466,77,10011011111010000101010111000011011000000010000110101101000110010010011001111,116505117,0,0.053333,0.700000
116501467,78,111001001010110000001010101110000111100000000110001010111110001100110001110010,116500012,0,0.080000,0.800000
116501468,82,1111000001000100000101010111000010010000000010001001111101011001111100110011110101,116500012,0,0.100000,1.000000
116501469,79,1110110010001100000010101011100001101000000001000010010011010001001110011110010,116500012,0,0.100000,1.000000
116501470,78,111001001010110100101010101110000110100000000110001010111110001100110001110010,116486630,0,0.070000,0.700000
116501471,78,111001001010110000001010101110000110100000000110001010111110001100110001110010,116490318,0,0.066667,1.000000
116501472,78,010110001010000000101010111001011010000000011000010101111100011001110111000101,116500012,0,0.100000,1.000000
116501473,78,111001001010110000001010101110000110100000000110001010111110001100110001110010,116490318,0,0.066667,1.000000
116501474,78,101011001000110000010101011100001101000000001100010010101111001100111001110010,116506710,0,0.066667,1.000000
116501475,75,101010111000000101010111000011010000000010000101101110001110010100110001111,116505117,0,0.066667,0.800000
116501476,78,110101100100001000000101010111000011010000000011000100101010000110011100111001,116500012,0,0.100000,1.000000
116501477,81,011010001000110101001010101110000110100000000110001001111111010000111000001101110,116490318,0,0.053333,0.800000
116501478,77,10011011111010000101010111000011011000000010000110101101000110010010011001111,116508501,0,0.070000,0.700000
116501479,76,1011110010110000001010101110000110100000001100110010111110000100110000110010,116490318,0,0.053333,0.800000
116501480,78,110110010101100000010101011100001101000000001100010111111110001010111101110010,116501514,0,0.200000,1.000000
116501481,77,11001001010110000001000101110000110100000000110100001011111000110011000110010,116500013,0,0.100000,1.000000
116501482,79,1101100101011000000101010111000011010000000011000000101111100011001101011100110,116484998,0,0.200000,1.000000
116501483,80,01101000100011010000101010111000011010000000011000100111111010000111100100101110,116500013,0,0.100000,1.000000
116501484,77,11001001010110000001000101110000110100000000110100001011111000110011000110010,116484998,0,0.160000,0.800000
116501485,84,111001000001011100000110101001100011101000000001000100111111101100011010011010110010,116501514,0,0.120000,0.600000
116501486,79,1101000110011010000101010111000011010000000011000100111111010000111000100101111,116500013,0,0.100000,1.000000
116501487,80,01110100010001101000010101011100001101000000001100010011111110100001110010010111,116500013,0,0.100000,1.000000
116501488,73,0111101110100001010101111000110100000000100001100110100011101001001100110,116500013,0,0.080000,0.800000
116501489,84,111001000101011100000110101001100011101000000001000100111111101100011010011010110010,116500013,0,0.080000,0.800000
116501490,70,1010111010000111010111000011010000000011000110101011010110010100111111,116483551,0,0.100000,0.700000
116501491,82,0011010001000110100001010101110000110100000000110101001111111010000111000001011101,116500013,0,0.100000,1.000000
116501492,75,101110111110000001010111110000110100000000100101101001111001100100110111001,116484998,0,0.160000,0.800000
116501493,78,110110010101100000010101011100001101000000001100010111111110001010111101110010,116484998,0,0.200000,1.000000
116501494,79,1101000110011010000101010111000011010000000011000100111111010000111000100101111,116484998,0,0.200000,1.000000
116501495,79,1001001100010010000101010111000011010000000011100100111111101000011111010001110,116500013,0,0.100000,1.000000
116501496,74,10101001100000010101011100001101000000011000011010111100011100001001100011,116484998,0,0.160000,0.800000
116501497,78,001111100101100000010101011100001101000000001100110011111110000100110000110010,116500013,0,0.100000,1.000000
116501498,80,01101000100010000001010101110000110100000000111000001111111010000111000001011101,116500014,0,0.066667,1.000000
116501499,81,011110010011100110000010101011100001101000000000100110010111110001100111111110010,116492279,0,0.046667,0.700000
116501500,81,001110100010001101000010101011100001101000000001100010011111110000001110010010111,116500014,0,0.053333,0.800000
116501501,78,010011001000110000001010101110000110100000001100010010111110001000111001110011,116500014,0,0.066667,1.000000
116501502,81,011010001000110100001010101110000110100000000110001001111111010000011100000101110,116496900,0,0.053333,1.000000
116501503,76,1111101110000001010101110000110100000000100001011011110001110010100110011111,116492279,0,0.053333,0.800000
116501504,85,1110111010000001000010101011100001101000000001101111110110101011000110011100011111000,116500014,0,0.066667,1.000000
116501505,85,1110111010000001000010101011100001101000000001101111010110101011000110011100011111000,116500014,0,0.066667,1.000000
116501506,85,1110111010000001000010101011100001101000000001101111010110101011000110011100011111000,116496900,0,0.053333,1.000000
116501507,76,1011011100000010101011000001100000000001000010100111100011100111001100011111,116492279,0,0.053333,0.800000
116501508,80,01101000100010000001010101110000110100000000111000001111111010000111000001011101,116500014,0,0.066667,1.000000
116501509,74,01101011101000010101011100001101000000001000011010110100011101001001100011,116500014,0,0.066667,1.000000
116501510,71,11110111000000101010111000011010000000010000101101100011100101001100011,116500014,0,0.066667,1.000000
116501511,84,010110000010001000000101010111010011010010000010001000111111011000111100110011010101,116492279,0,0.040000,0.600000
116501512,85,1110111010000001000010101011100001101000000001101111010110101011000110011100011111000,116500014,0,0.066667,1.000000
116501537,81,011010101000110100001010101110000110100000100110001001110111010000111101000101110,116501516,0,0.070000,0.700000
116501538,80,01101000100010000001010101110000110100000000111000001111111010000111000001011101,116501516,0,0.080000,0.800000
116501539,80,01111011001001111000011010101100000110110000000100011001011111000010011100111001,116501516,0,0.060000,0.600000
116501543,75,001100110011000000101010111000011010000000010000100101110100010111000111010,116501516,0,0.080000,0.800000
116501553,86,00110010010011111100100101010111000011010000001010001001111100011000001110110011100110,116488546,0,0.040000,0.600000
116501556,79,1010110010100100000010101011100001101000000001000010010101110001100111001110011,116459872,0,0.066667,1.000000
116501558,82,0011010000011111000000101010111000011010000000010001001111101011000011110110011001,116483550,0,0.040000,0.800000
116501560,70,0101011000000101010111000011010000000110000110101101000110010000110001,116461655,0,0.100000,1.000000
116501561,81,011101000100111010000101010110000011010000000011100100111111101001011100100101111,116498406,0,0.070000,0.700000
116501562,77,11010001010110100001010101110000110100000000100001001011111000110111000111001,116461655,0,0.100000,1.000000
116501563,80,10110101000001101000010101011100001101000100001100100111110011000111110010110111,116461655,0,0.100000,1.000000
116501564,70,0101011000000101010111000011010000000010000110101101000110010000110001,116461655,0,0.100000,1.000000
116501565,70,0101011000000101010111000011010000000010000110101101000110010000110001,116498406,0,0.080000,0.800000
116501566,70,0101011000000101010111000111010000000110000110101101000110010000110001,116461655,0,0.100000,1.000000
116501567,75,101010011000000101010111000011010000000010000110101111000111000010011000111,116503228,0,0.080000,0.800000
116501568,75,110101010000100010010101011100001101000000001100110010011100001000110111011,116461656,0,0.046667,0.700000
116501569,78,001011101010110000001010101110000110100000000010011001011110000010011000111001,116503228,0,0.070000,0.700000
116501570,71,01101001011000000101010111010010100000000100001101011110001100101001110,116461656,0,0.026667,0.400000
116501571,77,01011001100110000000010101110000110100000000100001001011101000100110001110110,116503228,0,0.100000,1.000000
116501572,79,0100100110001001000010101011100001101000000001100110011111110100001111010010111,116494067,0,0.040000,0.400000
116501576,78,111101100101111100000101101100000110100000000100011001011111000110011100111001,116494067,0,0.040000,0.400000
116501580,75,101010111000000101010111000011010000000010000101101110001110010100110001111,116494067,0,0.040000,0.400000
116501581,80,01110100010001101000010101011100001101000000001110010011111110100001110110010111,116494067,0,0.040000,0.400000
116501586,82,1001000001001100000010101011100001101000000001000100111110101001011010011001110011,116461673,0,0.100000,1.000000
116501587,77,01011001100110000001010101110000110100000000100000001011101000101110001110110,116463286,0,0.100000,1.000000
116501588,74,10101001100000010101011100001101000000001000011010111100011100001111100011,116463286,0,0.100000,1.000000
116501589,83,11001000001011100000110101011100011101000000001000100110110101100011011011000110010,116503229,0,0.080000,0.400000
116501610,76,1010100001100000010101011100001101000000001000011010111000111100001010100011,116463291,0,0.100000,1.000000
116501611,78,011111011100000010101011100001101000000001000010110111100011100101001101011111,116478447,0,0.160000,0.800000
116501612,74,10101001100000010101011100001101000000001000011010111100011001010011000101,116463291,0,0.100000,1.000000
116501613,79,1110100101011000000101010111000011010000000011000100101111100011001000111011000,116503239,0,0.080000,0.800000
116501614,79,0110101010001101000010001011100001101000100001100100111110011000111110010110111,116463291,0,0.100000,1.000000
116501615,78,001011101010110000001010101110000111100000000010011001011110000010011000111001,116503239,0,0.060000,0.600000
116501616,79,1001001100010010000101010111000011010000000011100100111111101000011111010001110,116478447,0,0.160000,0.800000
116501617,74,10101001100000010101011100001101000000001000011010111100011001010011000101,116463291,0,0.080000,0.700000
116501618,76,0101100100001000001010101110000110100000000110001001010111000110011101110010,116503239,0,0.080000,0.800000
116501619,76,1010100001100000010101011100001101000000001000011010111000111100001010100011,116463291,0,0.100000,1.000000
116501620,80,01111011001001111000001010101100000100100000000100011001011111000110011100111001,116463291,0,0.100000,1.000000
116501621,74,10101001100000010101011100001101000000001000011010111100011001010011000101,116478447,0,0.160000,0.800000
116501622,87,011101111010000001000010101011100001101000000001001111010110101011000110011100011111000,116503239,0,0.080000,0.800000
116501623,73,1111011100000010101011100001101000000001000010110111000111001010011000111,116463291,0,0.100000,1.000000
116501624,79,1001001100010010000101010111000011010000000011100100111111101000011111010001110,116463291,0,0.100000,1.000000
116501625,82,1011010001000110100001010101110000110100000000110001001111110010000111100100101110,116478447,0,0.160000,0.800000
116501626,78,111010010101100000010101011100001101000000001100010010111110001100100011101100,116463291,0,0.100000,1.000000
116501627,80,11000010001101000010101011100011101000000001100010011111110100001110000001011100,116463291,0,0.100000,1.000000
116501628,80,11000010001101000010101011100011101000000001100010011111110100001110000001011100,116463291,0,0.100000,1.000000
116501653,77,10101100100011000001010101010000110100000000110001001010111100110011100111001,116481613,0,0.140000,0.700000
116501654,79,0100100110001001000010101011100001101000000001100110011111110100001111010010111,116465088,0,0.046382,1.000000
116501655,75,111110111000001010101110000110100000000100001011011110001110010100110101101,116508504,0,0.046382,1.000000
116501656,81,011010001000110100001010101110000110100000000110001001111101000000111000000101111,116465088,0,0.046382,1.000000
116501657,74,11010111000001010101111000110100000000100001001011111001110010101100001100,116470088,0,0.046382,0.800000
116501658,79,0111100000001101000010101011100001101000000001110010011001101000011010010010111,116486638,0,0.050000,1.000000
116501659,74,00111010111010001101010111000011010000000010100100111011101111011100110100,116465089,0,0.200000,1.000000
116501660,80,01110100010001101000010101011100001101000000001100010011111110100001110010010111,116465089,0,0.200000,1.000000
116501661,83,11001000001011100000110101011100001101010000001000100110110101100011011011000110010,116465089,0,0.160000,0.800000
116501662,73,0101001011000000101010111010011010000000010000110101111000110010100111011,116503246,0,0.070000,0.700000
116501663,83,11001000001011110000110101011100001101000000001000100110110101100011011011000110010,116503249,0,0.070000,0.700000
116501664,79,0110100010001101000010101011100001101000000001100010111111101000011110000010111,116465090,0,0.040000,0.800000
116501665,77,01111100101100000010101011100001101000000001100110010111110000100110000110010,116503246,0,0.080000,0.800000
116501666,81,011010001000111100001011101110000111100000000110001001111111010000111100001011001,116465090,0,0.050000,1.000000
116501667,77,11111011100000010101011100001101000000001000010110111100011000101001101011111,116503230,0,0.200000,1.000000
116501668,81,011010001000110100001010101110000110100000000110001001111111110000111000000101111,116465100,0,0.066667,1.000000
116501669,66,010111001001010101110000110100000000110001101010100011001110011110,116465100,0,0.066667,1.000000
116501670,80,01101000100011000001010101110000110100000000111000001111111010000111000001011101,116480043,0,0.100000,1.000000
116501671,76,1110100001100000010101011100001101000000001000011010111000011100001001100011,116465102,0,0.100000,1.000000
116501673,77,11010001000110100001010101110000110100010000100001001011101000110111000111001,116498404,0,0.070000,0.700000
116501675,78,111110000000110100001010101110000110100000000111001001110110100001101101001011,116466864,0,0.100000,1.000000
116501676,72,101011100000101010111100011010000000010000100101111001110010101100001100,116466864,0,0.100000,1.000000
116501677,77,01011001000100000011010101110000110100000000110000010111100101100111111101010,116466864,0,0.100000,1.000000
116501678,80,01111010001001110000001010101110000110110000000110011101011111001110011111111001,116466864,0,0.070000,0.700000
116501679,77,11111011100000010101011100001101000001001000010110111100011100101001101011111,116466864,0,0.100000,1.000000
116501680,72,110101110100001010101110000110100000000110000101001110101100111001111010,116486628,0,0.060000,0.600000
116501681,73,1001010011000000010101110000110100000000100001101011110001110000100110001,116466864,0,0.100000,1.000000
116501682,81,001101000110011010000101010111010011010000000110001001111111010000111010101010101,116466865,0,0.050000,1.000000
116501683,81,011010101000110100001010101110000110100000000110001001111111010000111100000101110,116466865,0,0.050000,1.000000
116501684,74,10101001100000010101111100001101000000001000011010111100011001010011000101,116466865,0,0.050000,1.000000
116501685,82,1101110100010001001000010101011100001101000010001000100111011000000011110100000111,116466865,0,0.050000,1.000000
116501688,80,01110100010001101000010101011100001101000000001100010011111110100001110010010111,116503231,0,0.032000,0.800000
116501690,81,011010001000110100001010101110000110100000000110001001111111010000111000000101110,116492275,0,0.032000,0.800000
116501691,86,00110010010011111100100101010111000011010000000010001001111101011000011110110011100110,116466868,0,0.200000,1.000000
116501692,78,111110111000010101010111000011010000000010000101101111000111001010011010111110,116466868,0,0.200000,1.000000
116501693,75,110100001100000010101011100001101000000001000011010011100011100001001110011,116466868,0,0.200000,1.000000
116501694,79,1101011100011000000101010111000011010000010011000000111111100011001100011000111,116468448,0,0.200000,1.000000
116501695,79,1001001100010010000101010111000011010000000011100100111111101000011111010001110,116468448,0,0.200000,1.000000
116501696,82,1001000001001100000010101011100001101000000001000100110111101001011010001001110011,116468448,0,0.200000,1.000000
116501697,80,01101000100011010000101000111000011010000000011001001111111000000111100100001110,116468448,0,0.160000,0.800000
116501698,82,1001000001001100000010101011100001101000000001000100110111101001011010001001110011,116468448,0,0.200000,1.000000
116501699,75,101010011000000101010111000011010000000010000110101111000101000010011000111,116508490,0,0.200000,0.800000
116501700,79,1101011100011000000101010111000011010000010011000000111111100011001100011000111,116468448,0,0.200000,1.000000
116501701,78,110111010001100000010101011100001001000000001100010101111110001000111101110010,116508490,0,0.160000,0.700000
116501702,75,001101011101000010101011100001101000000001000011010110100011101001001100111,116468448,0,0.200000,1.000000
116501703,79,1111000010011010000101010111000011010000000011000100101111010000111100000101110,116508490,0,0.200000,0.800000
116501704,79,0111100000001101000010101011100001101000000001110010111101101000011010010010111,116508490,0,0.200000,0.800000
116501705,76,0111101110000001010101010000010100000000100001011011100001110011100100001111,116468450,0,0.200000,1.000000
116501706,75,110100001100000010101011100001101000000001000011010011100011100001001110011,116468461,0,0.026667,0.800000
116501707,75,101110111000000101010111000011010000000010000101101110001110010100110001111,116468461,0,0.026667,0.800000
116501710,70,0101011000000101010111000011010000000010000110101101000110010000110001,116468454,0,0.066667,1.000000
116501711,79,0111100000001101000010101011100001101000000001110010001101101000011010010010111,116468454,0,0.066667,1.000000
116501712,75,101010111000000101010111000011010000000010000101101110001110010100110001111,116468454,0,0.066667,1.000000
116501713,81,011010001000110100001010101110000110100000000110001001111111010000111000000101110,116468454,0,0.066667,1.000000
116501714,79,0111100000001101000010101011100001101000000001110010001101101000011010010010111,116468454,0,0.066667,1.000000
116501715,83,00110100110101101000010101011100001101000000001100010011111110100001111001001011101,116468454,0,0.066667,1.000000
116501716,78,101101100100110000001010101110000110100000000110001001011111000100111000111001,116468454,0,0.066667,1.000000
116501717,80,01111000100011010000101010111000011010000100011100100111011010000110100100101111,116468454,0,0.066667,1.000000
116501718,82,0011010001000110100001010001110000110100000000110001001111111010000111100100101110,116468454,0,0.066667,1.000000
116501719,82,0111100010001101000010111011100001101000000001100010011111110100001111001001011101,116468454,0,0.066667,1.000000
116501720,75,111101110000001010101110000110100000000100010110111100011100101001101011111,116503232,0,0.080000,0.800000
116501721,77,11111011100000010101011100001101000000001000010110111100011100101001101011111,116468455,0,0.066667,1.000000
116501722,80,01101000100011010000101010111000011010000000011000100111111010000111100100101110,116468456,0,0.066667,1.000000
116501723,78,111100000000101000010101011100001101000000001110010011101101000110100100101111,116468457,0,0.200000,1.000000
116501724,81,011010001000110100001010101110000110100000000110001001111111010000111000000101110,116468457,0,0.200000,1.000000
116501725,72,110101110100001010101110000110100000001000011010110100011101001000100110,116468457,0,0.200000,1.000000
116501727,82,1101110100010001001001010101011100001101000000001000100111011000000011100100000111,116468457,0,0.200000,1.000000
116501728,81,011010001000110101001010101110000110100000000110001001111111010000111000001101110,116468457,0,0.200000,1.000000
116501729,80,01101000100011000001010101110000110100000000111000001111111010000111000001011101,116468457,0,0.200000,1.000000
116501730,81,010010011000000100001010101110000110100000000111001001111111010000111110100101110,116468459,0,0.066667,1.000000
116501731,82,0011010001000110100001010101110000110100100000110101001111111010000111000001011101,116468459,0,0.066667,1.000000
116501732,79,0011000010011000000101010111010011010000000010001011011010110101101000100110001,116468459,0,0.066667,1.000000
116501733,83,11001000001011100000110101011100001101000000001010100111110101100011010011000110000,116468459,0,0.066667,1.000000
116501734,76,1111101110000001010101110000110101000000100001011011110001110010100110011111,116468459,0,0.066667,1.000000
116501735,83,11001000001011100000110101011100001101000000001010100111110101100011010011000110000,116468459,0,0.066667,1.000000
116501736,83,11001000001011100000110101011100001101000000001010100111110101100011010011000110000,116485004,0,0.040000,0.800000
116501737,81,011010001000110101001010101110000110100000000110001001111111010000111000000101110,116485004,0,0.040000,0.800000
116501738,75,101010011000000101010111000011010000000010000110101111000111000010011000111,116468459,0,0.066667,1.000000
116501739,79,1101011101100100001010101100001110100000000101001100011100010110010100110101100,116468459,0,0.066667,1.000000
116501740,87,011101111010000001000010101111100001101000000001101111010110101011000110011100011111000,116468459,0,0.066667,1.000000
116501741,81,010010011000000100001010101110000110100000000111001001111111010000111110100101110,116468459,0,0.066667,1.000000
116501742,74,10101001100100010101011100001101000100001000011010111100011100001111100011,116468459,0,0.053333,0.800000
116501743,77,01011001000100000011010101110000110100000000110000010111100101100111111101010,116468460,0,0.066667,1.000000
116501744,81,011010101000110100001010101110000110100000100110001001110111010000111101000101110,116468461,0,0.033333,1.000000
116501745,78,111001001010110000001010101110000110100000000110001010111110001100110001110010,116468461,0,0.033333,1.000000
116501746,81,010010011000100100001010101110000110100000000110001001111111010000111100100101110,116468461,0,0.033333,1.000000
116501747,79,1010110010000100100010101011100001101000000001000010010101110001100111001110011,116468461,0,0.033333,1.000000
116501748,75,101010111000000101010111000011010000000010000101101110001110010100110001111,116486635,0,0.026667,0.800000
116501749,74,11101000011000000101010111000011010000000010000110101110000111000001110001,116486635,0,0.026667,0.800000
116501750,79,0010110001010100000101010111000011010000000011000100101101100111001100111000101,116468461,0,0.033333,1.000000
116501751,82,1101110000010001001000010101011100101101000000001000100111011000000011100100000111,116468461,0,0.033333,1.000000
116501752,82,0110100010001101000010101011100001101000000001100010011111110100001111000001011100,116468462,0,0.050000,1.000000
116501753,82,1001000001001100000010101011100001101000000001000100110111101001011010011001110011,116495373,0,0.053333,0.800000
116501754,76,1111101110000001010100110000110100000000100001010011110001110011100110001111,116495373,0,0.046667,0.700000
116501755,78,001011101010110000001010101110000110100000000010011001011110000010011000111001,116473642,0,0.069170,0.700000
116501756,81,011010000000110100001010101111000110100000000110001001111111010000111000001011101,116470078,0,0.066667,1.000000
116501757,80,01001011101000110000001010101110000110100000000110011001011111000010011000011001,116470078,0,0.066667,1.000000
116501758,74,10101001100100010101011100001101000000001000011010111100011100001111100011,116470078,0,0.066667,1.000000
116501759,77,10101100100011000001010101110000110100000000110001001010111100110011100111001,116470079,0,0.100000,1.000000
116501760,83,11001000001011110000110101011100001101000000001000100110110101100011011011000110010,116476973,0,0.100000,0.700000
116501764,80,00111011001011111000000010101100000110100000000100011001011111000110011100111001,116470083,0,0.100000,1.000000
116501765,81,011010001000110100001010101110000110100000000110001001111111010000111000001011101,116470084,0,0.200000,1.000000
116501766,82,0011010001000110100001010101110000110100000000110001001111111010000111100100101110,116496904,0,0.053333,0.800000
116501767,75,000110101110100011110101110000110100010000100001001011110011010111001100000,116508492,0,0.200000,0.600000
116501768,80,11100100101011000000101010111000011010000000011000100101111100011000100011100100,116470086,0,0.050000,1.000000
116501769,74,10101001100000010101011100001101000000001000011010111100011100001111100011,116470086,0,0.050000,1.000000
116501770,79,0111100000001101000010101111100001101000000001110010001101101000011011010010111,116470087,0,0.200000,1.000000
116501771,79,1010110010000100000010101011100001101000000001000010010101110001100111001110011,116470087,0,0.200000,1.000000
116501772,74,00111010111010001101010111000011010000000010100100101111101111011000110100,116470087,0,0.200000,1.000000
116501773,77,11010001000100100001010101110000110100010000100001001011111000110111000111001,116470087,0,0.200000,1.000000
116501774,86,01110111101000000100001010101110000110100000000110111101011010101100011001110001110100,116508493,0,0.200000,0.600000
116501775,76,1110100001100000010101011100001101000000001000011010111000011100001011100111,116470087,0,0.200000,1.000000
116501776,75,110101111000001010101110010110100100000100001001011110001110010100110001111,116470087,0,0.200000,1.000000
116501777,77,01111100101100000010101011100001101000000001100110010111110000100110000110010,116470087,0,0.200000,1.000000
116501778,86,01100100000111111000001010101110001101000000001000100111110101100001111011001110011000,116470087,0,0.000000,0.000000
116501779,77,11010001000100100001010101110000110100010000100001001011111000110111000111001,116470087,0,0.200000,1.000000
116501780,81,011010001010110100001010101110000110100000000110001001110111110000111000000101110,116470087,0,0.200000,1.000000
116501781,82,0011010001001110100001010101110000110100000000110001001111111010000111000001011101,116470087,0,0.200000,1.000000
116501782,77,01001001100010100000101010111000011010000000001000100110111010000111101011011,116470088,0,0.050000,1.000000
116501783,79,1010110010000100000010101011100001101000000001000010010101110001100111011110011,116470088,0,0.050000,1.000000
116501784,82,0111100010001101000010111011100001101000000001100010011111110000001111001001011001,116470090,0,0.100000,1.000000
116501785,77,11110000000010100001010101110000110100000000111000001110110100011010010010111,116506691,0,0.040000,0.400000
116501786,81,011010101000110100001010101110000110100000100110001001110111010000111101000101110,116470092,0,0.066667,1.000000
116501787,79,1101011100011000000101010111000011010000000011000000111111100011001100011000110,116470092,0,0.066667,1.000000
116501788,83,01011010000000110100001010101110000110100000000110001001101111000000011100100101110,116500002,0,0.040000,0.600000
116501789,73,1010000110000001010101110000110100000000100001001011110011100001001100011,116488551,0,0.024000,0.600000
116501790,74,10101001100000010101011100001101000000001000011010111100011100001001100011,116470093,0,0.040000,1.000000
116501791,80,11100100101011000000101010111000011010000000011000100101111100011000100011100100,116486645,0,0.016000,0.800000
116501792,80,11100100101011000000101010111000011010000000011000100101111100011000100011100100,116488551,0,0.024000,0.600000
116501793,75,101010011000000101010111000011010000000010000110101111000111000010011000111,116470093,0,0.040000,1.000000
116501794,81,011110100010001100000010101011100001101000000001100110010111110011100111111110011,116470093,0,0.040000,1.000000
116501795,77,10010010101000000101010111000011010100000010000100101111100011001100111100100,116478442,0,0.100000,0.700000
116501796,81,011010001000110100001010101110000110100000000110001001111111010000111000001011101,116471682,0,0.100000,1.000000
116501797,77,11010001000110100001010101110000110100000000100001000011111000110111000111001,116471689,0,0.160000,0.800000
116501798,77,01111100101100000010101011100001101000000001100110010111110000100110000110010,116471684,0,0.066667,1.000000
116501799,78,011111001011000000101000111000011010000000010001100101111100001001100001100100,116471684,0,0.066667,1.000000
116501800,76,1110100101100000010101011100001101000000001000011010111000011100001011100011,116471685,0,0.066667,1.000000
116501801,82,0110100010101101000010101011100001101000000001100110011111110100001111000001001100,116471687,0,0.066667,1.000000
116501802,86,00110010000011111100000101010111010011010000000010001001011010110000110101100111001111,116471687,0,0.066667,1.000000
116501803,79,1111000010011010000101010111000011010000000011000100101111010000111100000101110,116471687,0,0.066667,1.000000
116501806,79,1110100101011000000101010111000011010000000011000100101111100011000100011101100,116471693,0,0.066667,1.000000
116501807,74,11101000011000000101010111000011010000000010000110101110000111000001110001,116471693,0,0.066667,1.000000
116501808,82,1101110100010001001000010101011100001101000000001000100111011000000011100100000111,116471693,0,0.066667,1.000000
116501809,77,11010001000110100001010101110000110100000000100001001011111000110111000110001,116471693,0,0.066667,1.000000
116501810,75,010110010000100000101010111000011010000000011000100101011100011001110111001,116471693,0,0.066667,1.000000
116501811,73,1111011100000010101011100001101000000001000010010111100011001010011000111,116471693,0,0.066667,1.000000
116501812,75,010110010000100000101010111000011010000000011000100101011100011001110111001,116471693,0,0.066667,1.000000
116501813,75,001101011101000010101011100001101000000001000011010110100011101001001100111,116471693,0,0.066667,1.000000
116501814,80,01111000100011010000101010111000011010000100011100100111011010000110100100101111,116471693,0,0.066667,1.000000
116501815,82,0110100011001101000110101011100011101000000001110010011111111100001100000010111010,116471694,0,0.100000,1.000000
116501816,75,111101110000001010101010000010100000000100001011011100001110011100100001111,116471694,0,0.100000,1.000000
116501817,70,1000111010000101010111000011010000000011000010101111000110010100111101,116471694,0,0.100000,1.000000
116501818,83,01011010001000110100001010101110000110110000000110001001111111010000111100100101110,116471694,0,0.100000,1.000000
116501819,76,1110100001100000010101011100001101000000001000011010111000011100001011100111,116473635,0,0.066667,1.000000
116501820,88,0011001000001111110000010101011100001101000000001000100111110101100001111011001110011000,116503241,0,0.040000,0.800000
116501821,80,01101000100010000001010101110000110100000000111000011111111010000111000011011101,116473636,0,0.040000,1.000000
116501822,75,001101011101000011101011100001101000000001000011010110100011101001001100111,116503241,0,0.040000,0.700000
116501823,77,01011000101000000010101011100001101001000001101010010111110000100111011100001,116503241,0,0.040000,0.700000
116501825,81,001101010100011000001010101110000110100000000111000001111111010100111000001011101,116500006,0,0.200000,1.000000
116501830,82,1011010001000110100001010101110000110100000000110001001111110010000111100100101110,116500006,0,0.200000,1.000000
116501833,77,11010001000100100001010101110000110100010000100001001011111000110111000111001,116500006,0,0.160000,0.800000
116501834,80,01111011001001111000001010101100000110100000000100011001011111000110011100111001,116500006,0,0.160000,0.800000
116501836,77,01111100101100000010101011100001101000000001100110010111110000100110000110010,116500006,0,0.200000,1.000000
116501841,80,11100100101011000001101010111000011010000000011000100101111100011000100011100100,116473639,0,0.200000,1.000000
116501842,81,001101000110011010000101010111010011010000000110001001111111010000111010101010101,116473639,0,0.200000,1.000000
116501843,77,11010001000110100001010101110000110100010000100001001011111000110111000111001,116473639,0,0.200000,1.000000
116501844,78,110110010101100000010101011100001001000000001100010111111110001010111101110010,116500005,0,0.022857,0.800000
116501845,75,111101110000001010101010000010100000000100001011011100001100011100100001111,116473639,0,0.200000,1.000000
116501846,83,01011010001000010100001010101110000111100000000110001001111111000100111000100101110,116473639,0,0.200000,1.000000
116501847,80,11100100101011000001101010111000011010000000011000100101111100011000100011100100,116498415,0,0.020000,0.700000
116501848,88,0011001000001111110000010111011100101101000000001000100111110101101001110011001110011010,116473639,0,0.200000,1.000000
116501849,83,11001000001011100000110101011100001101000000001010100111110101100011010011000111000,116473639,0,0.200000,1.000000
116501850,81,101110100010001101000010101001000001101000000001000010011011110100000110010010111,116473639,0,0.200000,1.000000
116501851,76,0111110010110000011010101010000110000000000110011001011111000010011100011001,116473639,0,0.200000,1.000000
116501852,84,111001000001011100000110101011100001101000000001000100111111101100011010011000110010,116473639,0,0.200000,1.000000
116501853,76,1010110010000100000101010111000011110000000011000100101011100011001110111001,116498415,0,0.020000,0.700000
116501854,75,010110010000100000101010111000011010000000011000100101011100011001110111001,116473639,0,0.200000,1.000000
116501855,75,101110111110000001010111110000110100000000100101101001111001100100110111001,116473641,0,0.200000,1.000000
116501856,78,001011001000011000010101011100001101000000001100010010100110001100111001110011,116473641,0,0.160000,0.800000
116501857,81,100010100000001001000010101011101001101000000001110010011111110100001110010010111,116473641,0,0.200000,1.000000
116501858,70,1000111010000101010111000011010000000011000010101111000110011100111101,116473641,0,0.200000,1.000000
116501859,73,1101011101000010101011110001101000000001100001010011100011001110011110100,116473641,0,0.200000,1.000000
116501860,74,11111011100000110101011100001101000000001010010110111000111001010001000111,116473641,0,0.160000,0.800000
116501861,81,011110100010001100000010101011100001101000000101100110010111110011100111111110011,116473641,0,0.200000,1.000000
116501862,76,1111101110000001010101110000110100000000100001011011110001110010100110011111,116473641,0,0.200000,1.000000
116501863,78,001011000101000000010101011100001101000000001100010010111110011100111011100010,116473642,0,0.098814,1.000000
116501864,74,10101001100000010101011100001101000000001000011010111100011100001001100011,116508506,0,0.080000,0.800000
116501865,82,0110100010001101000010101011100001101000000001100010011111110000001110000010111011,116473642,0,0.098814,1.000000
116501866,80,01111010001001110000001010111110000110100000000110011001011111001110011111111001,116473642,0,0.098814,1.000000
116501867,78,001011000101000000010101011100001101000000001100010010111110011100111011100010,116470078,0,0.053333,0.800000
116501868,82,0101110100010001001000010101011000001101000000001000100111110000010011100110010110,116473642,0,0.098814,1.000000
116501869,79,1101100101011000000101010111000011010010000011000000101111100011101101011100110,116473642,0,0.098814,1.000000
116501870,73,1111011100000010101011100001101000000001100010110111000111001010011000111,116473642,0,0.098814,1.000000
116501871,82,0011010001000110100001010101110000110100000000110001001111111010000111100100101110,116470078,0,0.053333,0.800000
116501872,81,011010001000110100001010101110000110100000000110001001111111010000111100000101110,116470078,0,0.053333,0.800000
116501873,82,1100100000100110000001010101110000110100001000100010011011010110001101011100011001,116473642,0,0.098814,1.000000
116501874,79,0001011000101000000010101011100001101000000001100010010111110011100111011100010,116473642,0,0.098814,1.000000
116501875,73,1111011100000010101011100001101000000001100010110111000111001010011000111,116473642,0,0.098814,1.000000
116501876,80,01111010001001110000001010111110000110100000000110011001011111001110011111111001,116473642,0,0.098814,1.000000
116501877,81,011010001000110100001010101110000110100000000110001001111111010000111000001011101,116473642,0,0.098814,1.000000
116501878,73,1111011100000010101011100001101000000001100010110111000111001010011000111,116473643,0,0.100000,1.000000
116501879,73,1110101110100001010101110000110100000000110000101001110001100111001111010,116473643,0,0.100000,1.000000
116501887,81,010010011000100100001010101110000110100000000111101001111111010000111110100101110,116481598,0,0.040000,0.800000
116501888,81,011010101000110100001010101110000110100000000110001001110111010000111101000101110,116475175,0,0.200000,1.000000
116501889,79,0110110010001100000010101010100001101000000001111010010111000001001110001110011,116486627,0,0.030000,0.600000
116501890,83,11001000001011100000110101011100001101000000001010100111110101100011010011000111000,116475175,0,0.200000,1.000000
116501891,75,110101001100000010101011100001101000000001000011010111100011100001001100011,116498408,0,0.100000,1.000000
116501892,81,011010101000110100001010101110000110100000000110001001110111010000111101000101110,116475175,0,0.200000,1.000000
116501894,82,1101110100010001001001010101011100001101000000001000100111011000000011100100000111,116475180,0,0.200000,1.000000
116501895,78,110100010001000000010101011100001101000000001100010111111110001010111101110010,116475183,0,0.066667,1.000000
116501896,79,0111100000001101000010101011100001101000000001110010011101101000011010010010111,116475183,0,0.066667,1.000000
116501897,81,011010001000111100001010101110000110100000000110001001111111010000111100000101110,116475183,0,0.066667,1.000000
116501898,83,11001000001011100000110101011100001101000000001000100111110101100011010011000110010,116475183,0,0.066667,1.000000
116501899,76,1111101110000001010101110000110100000000100001011011110001110010100110011111,116475183,0,0.066667,1.000000
116501900,81,101111000100011000001010101111000110100000000111000001111111010100111000001111101,116475183,0,0.066667,1.000000
116501901,77,00010010101000000101010111000011010100000010000100101111100011001100111100100,116475183,0,0.066667,1.000000
116501902,73,1111011100000010101011100001101000000001000010110111000111001010011000111,116475183,0,0.066667,1.000000
116501903,77,11011001000110000001010101110000100100000000100001000011101001100101000111101,116475183,0,0.066667,1.000000
116501904,78,010110001010000001101010111000011010010000011010100101111100001001110111000010,116480035,0,0.066667,0.700000
116501905,81,101111000100001010000101010101000011010000000011100100111011010000110100000101111,116480035,0,0.066667,0.800000
116501906,80,01110101000001101000010101011100001101000000001110010011111110100001110010110111,116475183,0,0.066667,1.000000
116501907,76,1111101110000001010101110000110100000000100001011011110001110010100110011111,116475183,0,0.066667,1.000000
116501908,82,1001000001001100000010101011100001101000000001000100111110101001011010011001110011,116475183,0,0.066667,1.000000
116501909,76,1010110010000100000101010111000011010000000011000100101011100011001110111001,116496905,0,0.066667,1.000000
116501910,80,01110101000001101000010101011100001101000000001110010011111110100001110010110111,116475183,0,0.066667,1.000000
116501911,80,11100100101011000000101010111000011010000000011000100101111100011000100011100100,116475183,0,0.066667,1.000000
116501912,81,110111010001000100100101011101110100110100000010100010011101100001001110010000011,116475183,0,0.066667,1.000000
116501913,77,10101100100011000001010101110000110100000000110001001010111100110011100111001,116506711,0,0.100000,0.800000
116501914,79,1101100101011000000101010111000011010000000011000000101111100011001101011100110,116501515,0,0.100000,1.000000
116501915,81,011010001000110100001010101110000110100000000110001001111111010000111100000101110,116475186,0,0.100000,1.000000
116501916,76,1110100001100000010101011100001101000000001000011010111000011100001001100011,116506711,0,0.100000,0.800000
116501917,81,011010001000110100001010101110000110100000000110001001111111010000111100000101110,116506711,0,0.100000,0.800000
116501918,79,1101100101011000000101010111000011010000000011000000101111100011001101011100110,116475186,0,0.100000,1.000000
116501919,79,1010110010000100000010101011100001101000000001000010010101110001100111001110011,116506711,0,0.100000,0.800000
116501920,82,0011010001000110100001010101110000110100000000110001001111111010000111100100101110,116475186,0,0.100000,1.000000
116501921,73,1101011100000101010111100011010000000010000100101111100111001010110000110,116475186,0,0.100000,1.000000
116501922,75,010101001100000010101011100001101000000001000011010111101011100001001101011,116475186,0,0.100000,1.000000
116501923,81,011010001000110100001010101110000110100000000110001001111111010000111100000101110,116475186,0,0.100000,1.000000
116501924,75,110101010010100010010101011100001101000000001100110010011100001000100111011,116475187,0,0.033333,1.000000
116501925,79,0111100000001101000010101011100001101000000001110010111101101000011010010010111,116475187,0,0.033333,1.000000
116501926,77,01010000101000000010101011100001101001000001100010010111110001100111011100101,116475187,0,0.033333,1.000000
116501927,74,11111011100000010101011100001101000000001000010110111000111001010011000111,116490319,0,0.100000,1.000000
116501928,75,010110010000100000101010111000011010000000011000100101011100011001110111001,116475187,0,0.033333,1.000000
116501929,75,111010111000001010101111010110100000000100001001011111001110010101100001100,116490319,0,0.070000,0.700000
116501930,87,001100100000111111000001010101110000110100000000100010011111010110000111101100111001100,116475187,0,0.033333,1.000000
116501932,79,1011011001000110000001010101010000110100000000110101001011100000100111000111001,116475187,0,0.033333,1.000000
116501933,80,01101000100001010000101010111100011010000000011001001111111000000111100100001110,116476971,0,0.080000,0.800000
116501934,78,110110010101100000010101011100001101000000001100010111111110001010111101110010,116476972,0,0.100000,1.000000
116501935,76,1010110010000100000101010111000011010000000011000100101011100011001110111001,116476972,0,0.100000,1.000000
116501936,70,0101011000000101010111000011010000000010000110101101000110010000110001,116476973,0,0.100000,0.600000
116501937,75,110110010001110000101010111000011010000000010000100101110100010011100011100,116476972,0,0.100000,1.000000
116501938,79,1111000010011010000101010111000011010000000011000100111111010000111100000101110,116476972,0,0.100000,1.000000
116501939,83,00011010101000110100001010101110000110100000000110001001111111010000111100100101110,116476972,0,0.066667,1.000000
116501940,80,01101000100011010000100010111000011010000001011001001011111000000111100100101110,116476973,0,0.066667,1.000000
116501941,78,010011001000110100001010101110000110100000001100010010111110011000111001110011,116476974,0,0.050000,1.000000
116501942,75,101010111000000101010111000011010000000010000101101110001110010100110001111,116476974,0,0.050000,1.000000
116501943,77,01011000101000000010101011100001101001000001101010010111110000100111011100001,116476974,0,0.050000,1.000000
116501944,88,0011001000001111110000010101011100001101100000001000100111110101100001111011001110011000,116476974,0,0.050000,1.000000
116501945,80,01101000100001010001101010111100011010000000011001001111111000000111100100001110,116503235,0,0.040000,0.600000
116501946,74,10101001100000010100011100001101010000001000011010111100011100001001100011,116481610,0,0.050000,0.700000
116501947,73,1101011101000010101011110001101000000001100001010011100011001110011110100,116476976,0,0.050000,1.000000
116501948,81,110010000010111000001101010111000011010000000010001001111101011000110100110001101,116476984,0,0.100000,1.000000
116501949,79,1101100101011000000101010111000011010000000011000000101111100011101101011100110,116501513,0,0.040000,0.600000
116501950,77,01110100001100000010101011100001101000000001000011010110000011100001011100011,116501513,0,0.040000,0.600000
116501951,75,101110111000000101010111000011010010000010000101101110101110010100110001111,116476984,0,0.050000,0.500000
116501952,75,110101001100000010101011100001101000000001000011010111101011100001001101011,116476985,0,0.080000,0.800000
116501953,78,001111100010110010001010101110000110100000000110011001011111000011011000111001,116476985,0,0.100000,1.000000
116501954,80,01101000100001010000101010111000011010000000011001001011111000000111100100101110,116476971,0,0.100000,1.000000
116501955,82,0011010001000110100011010101110000110100000000110101001111111010000111000001011101,116476971,0,0.080000,0.800000
116501956,82,0011010001000110100011010101110000110100000000110101001111111010000111000001011101,116476987,0,0.100000,1.000000
116501957,75,101110110110000001010101110000110100000000100101101001111001100100110110001,116476971,0,0.100000,1.000000
116501964,86,00110010010011111100100101010111000011010000001010001001111100011000001110110011100110,116478433,0,0.066667,1.000000
116501965,70,0101011101000010001011100001101000000011000010101111001110001100111111,116478433,0,0.066667,1.000000
116501966,79,0011000010011000100101010111000011010000000010001011011010110101101001100111001,116478435,0,0.066667,1.000000
116501967,83,11001000001011100000110101011100001101000000001010100111110101100111010011000110000,116478435,0,0.053333,0.800000
116501968,75,000110101110100011010101110000110100000000101001001011111011110111001101001,116478435,0,0.066667,1.000000
116501969,75,001101011101000010101011100001101000000001000011011110100011101001001100111,116480036,0,0.053333,0.800000
116501970,82,0010010001000110111001010111110000110100000000111001001111111010000110000001011101,116478435,0,0.066667,1.000000
116501971,78,110101100100001000000101010111000011010000000011000100101010000110011100111001,116480036,0,0.053333,0.800000
116501972,77,11011001000110000001010101110000100100000000100001000011101001100101000111101,116505123,0,0.120000,0.700000
116501973,82,0011010001000110100001010101110000110100000000110001001111111010000111100100101110,116478436,0,0.100000,1.000000
116501974,79,1011011001000110000001010101010000110100000000110101001011100000100111000111001,116505123,0,0.080000,0.700000
116501975,70,1000111010000101010111000011010000000011000010101111000111010100111101,116495374,0,0.140000,0.700000
116501976,79,1110110010001100000010101011100001101000000001000010010010010001001110011110010,116495374,0,0.140000,0.700000
116501977,81,100101000100110000001010101110000110100000000100010011010010111100101001100111001,116483540,0,0.040000,0.800000
116501978,79,0100100110001001000011101011100001101000000001100110011011110100001111000010111,116478440,0,0.040000,1.000000
116501979,75,111101110000001010101110000110100000000100010110111100011100101001101011111,116486641,0,0.022857,0.800000
116501980,82,0110100010001101000010101011100001101000000001100010011111110000001110000010111011,116478440,0,0.040000,1.000000
116501981,74,10101001000000010101011100001101000000001000001010111101011100001001100011,116478440,0,0.040000,1.000000
116501982,86,01110111101000000100001010101110000110100000000110111101001010101100011001110001111100,116486626,0,0.013333,0.600000
116501983,74,10101001100000010101011100001101000000001000011010111101011100001001100011,116478440,0,0.040000,1.000000
116501984,82,1001000001001100000010101011100001101000000001000100111110101001011010011001110011,116478441,0,0.066667,1.000000
116501985,81,010010011000000100001010101110000110100000000111001001111111010000111110100101110,116483541,0,0.053333,0.800000
116501986,82,0111100010001101000010101011100001101000000001100010011111110100001111001001011101,116503231,0,0.032000,0.800000
116501987,83,01101000110011010001101010111000011010000000011100100111111111000011000000101110101,116478443,0,0.022222,1.000000
116501988,72,110100101100000010101011101001101000000001000011010111100001001010011101,116478443,0,0.022222,1.000000
116502006,81,011010001000110101001010101110000110100000000110001001111111010000111000000101110,116478446,0,0.100000,1.000000
116502007,77,01011001000100000011010101110000110100000000110000010111100101100111111101010,116488548,0,0.060000,0.600000
116502008,83,00110100110101101000010101011100001101000000001100010011111110100001111001001011101,116488548,0,0.070000,0.700000
116502009,73,1010000110000001010101110000110100000000100001101001110001110000001110011,116478447,0,0.200000,1.000000
116502010,77,01111101110000001010101110010110100000000100001011011110001110000100110101111,116478447,0,0.160000,0.800000
116502011,77,01111101110000001010101110010110100000000100001011011110001110010100110101111,116478447,0,0.200000,1.000000
116502012,83,01101110100010001001000010101011100001101000000001000100111011000000011100100000111,116478447,0,0.200000,1.000000
116502013,83,01011010000000110100001010101110000110100000000110001001111111000000011100100101110,116478447,0,0.200000,1.000000
116502014,73,1010000110000001010101110000110100000000100001101001110001110000001110011,116478447,0,0.200000,1.000000
116502015,81,011010001000110100001010101110000110100000000110001001111111010000111100000101110,116503239,0,0.070000,0.800000
116502016,73,1010000110000001010101110000110100000000100001101001110001110000001110011,116478447,0,0.200000,1.000000
116502017,72,011110111010100101010111100011010000000010000110011010001110100100110011,116478447,0,0.200000,1.000000
116502018,79,1101100101011000000101010111000011010000000011000000101111100111001101011100110,116463291,0,0.070000,0.700000
116502019,72,011110111010100101010111100011010000000010000110011010001110100100110011,116478447,0,0.200000,1.000000
116502020,75,010110010000100000101010111000011010000000011000100101011100011001110111001,116478447,0,0.200000,1.000000
116502021,75,010110010000100000101010111000011010000000011000100101011100011001110111001,116478447,0,0.200000,1.000000
116502022,79,0011000010011000000101010111000011010000000010001011011010110101101000100110001,116478447,0,0.200000,1.000000
116502023,86,00110010010011111100100101010111000011010000000010001001111101011000011110110011100110,116478447,0,0.200000,1.000000
116502024,79,0011000010011000000101010111000011010000000010001011011010110101101000100110001,116478447,0,0.200000,1.000000
116502025,72,011110111010100101010111100011010000000010000110011010001110100100110011,116478447,0,0.200000,1.000000
116502026,70,1010111010000111010111000011010000000011000010101111010110010100111111,116488544,0,0.040000,0.800000
116502027,82,1001000001001100000110101011100001101000000101000100110111101001011010011001110011,116478448,0,0.040000,1.000000
116502028,70,1010111010000111010111000011010000000011000010101111010110010100111111,116478448,0,0.040000,1.000000
116502029,86,00110010010011111100100101010111000011010000001010001001111100011000001110110011100110,116478448,0,0.024000,0.600000
116502030,73,0101101100000011101011100001101000000001000011010111101011100001001101011,116501525,0,0.032000,0.800000
116502031,82,1011010001000110100001010101110000110100000000110001001111111010000011100000101110,116501525,0,0.040000,1.000000
116502037,79,1001001100010010000101010111000011010000000111100100111111101000011111010001110,116478453,0,0.040000,1.000000
116502038,75,010110010000100000101010111000011010000000011000100101011100010001110111001,116506708,0,0.040000,0.800000
116502039,78,011011001000110000101010101110010110110000000110101001011101000000111000111001,116478453,0,0.040000,1.000000
116502040,80,01101000100010000001010101110000110100000000111000001111111010000111000001011101,116475183,0,0.100000,0.800000
116502041,83,01011010001000010100001010101110000111100000000110001001111111100100111000100101110,116506695,0,0.160000,0.800000
116502042,77,01001001100010100000101010111000011010000000001000100110111010000111101011011,116480035,0,0.100000,1.000000
116502043,79,0011000010011000100101010111000011010000000010001011011010110101101001100111001,116503239,0,0.060000,0.700000
116502044,83,10111100010001101000010101011100001101000000001100010011111110100000111001001011101,116503239,0,0.080000,0.800000
116502045,71,11110111000000101010111000011010000000010000101100100011100101001100011,116505130,0,0.100000,1.000000
116502046,81,011010001000110100001010101110000110101000000110001001111111010000111100000101110,116480037,0,0.100000,1.000000
116502047,81,011010001000110100001010101110000110100000000110001001111111010000111000000101110,116480037,0,0.100000,1.000000
116502048,72,110100101100000010101011101001101000000001000011010111100011001000011101,116480037,0,0.100000,1.000000
116502049,87,000110010010011111100100101010111000011010000000010001001111101011000011110110011100110,116480038,0,0.066667,1.000000
116502050,74,10101001100000010101011100001101000000001000011010111101011100001001100011,116480038,0,0.066667,1.000000
116502051,82,0110100010101101000010101011100001101000000001100110011111110100001111000001001100,116480039,0,0.026667,0.800000
116502052,75,110100001100000010101011100001101000000001000011010011100011100001001110011,116480039,0,0.033333,1.000000
116502053,83,00011010101000110100001010101110000110100000000110001001111111010000111100100101110,116492278,0,0.032000,0.800000
116502054,79,1001001100010010000101010111000011010000000011100100111111101000011111010001110,116478437,0,0.023333,0.700000
116502055,75,111101110000001010101110000110100100000100001111011110001110011100110011111,116480039,0,0.023333,0.700000
116502056,73,0011010111010000101010111000011010000000010000110111101000111100100110011,116480039,0,0.026667,0.800000
116502057,83,00110100110101001000010101011100001101000000001100010011111110100001111001001011101,116480039,0,0.033333,1.000000
116502058,79,1101000110011010000101010111000011010000000011000100111111010000111000000101110,116480039,0,0.026667,0.800000
116502059,80,01111011001001111000011010101100010110110000000100011001011111000010011100111001,116478437,0,0.020000,0.600000
116502060,80,11110001000110100001010101010000110100000000110001001111111010000111001001011101,116480039,0,0.033333,1.000000
116502061,74,00110101110100001010101110000110101000000100001101011010001110100001100111,116480039,0,0.000000,0.000000
116502062,81,011010001000110100001010101110000110100000000110001001111111010000111100000101110,116492278,0,0.032000,0.800000
116502063,70,1010111010000111010111000011010000000011000011101111010110010100111111,116486633,0,0.020000,0.500000
116502064,78,011011001000110000101010101110000110110000000110101001011101000000111000111001,116480039,0,0.033333,1.000000
116502065,75,110100001100000010101011100001101000000001000011010011100011100001001110011,116478437,0,0.032000,0.700000
116502066,76,0011010111010000101010111000011010100000010000110101101000111010010011001111,116478437,0,0.020000,0.600000
116502067,82,0111100010001101000010101011100001101000000011100010011111110100001111001001011101,116480039,0,0.033333,1.000000
116502068,82,0111100010001101000010101011100001101000000001100010011111110100001111001001011101,116480041,0,0.066667,1.000000
116502069,79,1011011001000110000001010101010000110100000000110101001011100000100111000111001,116480041,0,0.066667,1.000000
116502070,81,011010001000110100001010101110000110100000000110001001111111010000011100000101110,116505122,0,0.040000,0.600000
116502071,78,110101100100001000000101010111000011010000000011000100101010000110011100111001,116480041,0,0.066667,1.000000
116502072,77,10101100100011000001010101110000110100000000110001001010111100110011100111001,116480041,0,0.066667,1.000000
116502073,82,1101110100010001001000010101011100001101000010001000100111011000000011110100000111,116478438,0,0.080000,0.800000
116502074,77,10101100100011000001010101110000110100000000110001001010111100110011100111001,116480042,0,0.066667,1.000000
116502075,82,0111000010001101000010101011100001101000000001100010011111110100001111001001011101,116478438,0,0.100000,1.000000
116502076,86,00110010010011111100100101010111000011010000001010001001111100011000001110110011100110,116480042,0,0.066667,1.000000
116502077,79,1011010000000100100000101011100001101000000011000100110111100000001110010010111,116478438,0,0.060000,0.600000
116502078,79,1110100101011000000101010111000011010000000011000100101111100011000100011101100,116480042,0,0.066667,1.000000
116502079,82,0111000010001101000010101011100001101000000001100010011111110100001111001001011101,116480042,0,0.066667,1.000000
116502080,81,011010001000110100001010101010000110100000000110001001111111010000111100000101110,116480042,0,0.066667,1.000000
116502081,82,0111000010001101000010101011100001101000000001100010011111110100001111001001011101,116478438,0,0.100000,1.000000
116502082,74,11110111000000101010111000011010000000010001011011110001110010100110011111,116480042,0,0.066667,1.000000
116502083,75,010101001100000010101011100001101000000001000011010111100011100001001100011,116480042,0,0.066667,1.000000
116502084,74,10101001100000010101011100001101000000001000011110111101011100001001101011,116480042,0,0.066667,1.000000
116502085,75,101010011000000101010111000011010000000010000110101111000111000010011000111,116480042,0,0.066667,1.000000
116502086,86,01110111101000000100001010111110000110100000000110111101011010101100011001110001111100,116480042,0,0.053333,0.800000
116502087,80,11100100101011000000101010111000011010000000011000100101111100011010100011100100,116480043,0,0.100000,1.000000
116502088,80,01101000100011010000101010111000011010000000011001001011111000000111100000111110,116480043,0,0.100000,1.000000
116502089,79,1010110010000100000010101011100001101000000001000010010101110011100111001110011,116508496,0,0.100000,1.000000
116502090,77,01001001100010100000101010111000011010000000001000100110111010000111101011011,116488545,0,0.080000,0.800000
116502091,82,0011010001000110100001010001110000110100000000110001001111111010000111100100101110,116480044,0,0.100000,1.000000
116502092,77,10101100100011000001010101110000110100000000110001001010111100110011100111001,116480044,0,0.100000,1.000000
116502093,76,0110100001000000010101011100001101000000001000011010111100011100001001100011,116480044,0,0.100000,1.000000
116502094,80,01111000100011010000101010111000011010000100011100100111011010000110100100101111,116480044,0,0.100000,1.000000
116502095,70,1010111010000101010111000011010000010011000010101111010110010100111111,116480044,0,0.100000,1.000000
116502096,78,110101100100001000000101010111000011010000000011000100101010000110011100111001,116480044,0,0.100000,1.000000
116502097,70,1010111010000101010111000011010000010011000010101111010110010100111111,116488545,0,0.080000,0.800000
116502098,77,01101000010000000101010111000011010000000010000110101111000111000010011000111,116480044,0,0.100000,1.000000
116502099,76,1110100001100000010101011100001101000000001000011010111000011100001010100011,116486639,0,0.066667,1.000000
116502100,82,0011010001000110100001010101110000110100000000110001001111111010000111100100101110,116478436,0,0.066667,1.000000
116502101,74,10101001100000010101011100001101000000001000011010111100011100001001100011,116481595,0,0.066667,1.000000
116502102,80,11000010001101000010101011100011101000000001100010011111110100001110000001011100,116495374,0,0.035000,0.600000
116502103,82,0100100110001001000010101011100001101000000001100010011110110100001111101001011100,116481595,0,0.053333,0.800000
116502104,86,00110000000011111100000101010111000011010000000010001001111101011000011110110011100110,116481596,0,0.066667,1.000000
116502105,79,0100100110001001000010101011100001101000000011100110011111110100001111010010111,116481598,0,0.040000,0.800000
116502108,82,1101110000010001001000010101011100101101000000001000100111011000000011100100000111,116481598,0,0.035000,0.700000
116502110,66,010111001001010101110000110100000000110001101010100011001110011110,116481598,0,0.050000,1.000000
116502112,82,0011010001000110100001010101110000110100000000110001001111111010000111100100101110,116481598,0,0.050000,1.000000
116502113,66,010111001001010101110000110100000000110001101010100011001110011110,116481598,0,0.050000,1.000000
116502117,75,101100110011000000101010111000011010000001010000000101110100010111000111011,116481598,0,0.050000,1.000000
116502119,78,110111010001100000010101011100001101000000001100010101111110001000111101110010,116481598,0,0.050000,1.000000
116502120,66,010111001001010101110000110100000000110001101010100011001110011110,116481598,0,0.050000,1.000000
116502122,77,10011011111010000101010111000011011000000010000110101101000110010010011001111,116488543,0,0.070000,0.700000
116502123,83,01011010000000110100001010101110000110100000000110001001101111000000011100100101110,116505124,0,0.053333,0.800000
116502124,83,11001000001011100000110101011100001101000000001000100111110101100011010011000110010,116481600,0,0.066667,1.000000
116502125,81,101110100010101001000010101011000001101000000001010100111110000010011100110010110,116481600,0,0.066667,1.000000
116502126,81,011010001000110100001010101110000110100000000110001001111111010000111100000101110,116501524,0,0.053333,0.800000
116502127,77,11001001010110000001000101110000110100000000110100001011111000110011000110010,116481602,0,0.066667,1.000000
116502128,75,111101110000001010101110000110100000000100010110111100011100101001101011111,116481602,0,0.053333,0.800000
116502129,83,11001000001011110000110101011100001101000000001000100110110101100011011011000110010,116481602,0,0.066667,1.000000
116502130,75,110101010000100010010101011100001101000000001100110010011100001000110111011,116501524,0,0.046667,0.700000
116502131,74,10101001100100010101011100001101000000001000011010111100011100001111100011,116501524,0,0.046667,0.700000
116502134,83,10111100010001101000010101011100001101000000001100010011111110100000111001001011101,116495376,0,0.120000,0.600000
116502135,79,0100100110001001000011101011100001101000000001100110011011110100001111000010111,116495376,0,0.100000,0.500000
116502136,80,01110100000001101000010101011100001101000000001110010011111110100001110010010011,116481604,0,0.100000,1.000000
116502137,79,0100100110001001000010101011100001101000000001100110011111110100001111010010111,116481604,0,0.100000,1.000000
116502138,79,0100100110001001000011101011100001101000000001100110011011110100001111010010111,116481604,0,0.100000,1.000000
116502139,82,0110101010001001000010101011100001101000100001101010011111010100001011001001011101,116495376,0,0.100000,0.500000
116502140,82,1100100000100110000001010101110000110100001000100010010011010110001101011100011001,116495376,0,0.100000,0.500000
116502141,80,01110100000001101000010101011100001101000000001110010011111110100001110010010011,116495376,0,0.120000,0.600000
116502142,74,10101001100000010101011100001101000000001000011010111100011100001001100011,116481604,0,0.100000,1.000000
116502143,75,101110110110000001010101110000110100000000100101101001111001100100110110001,116481604,0,0.100000,1.000000
116502144,81,011010001000110100001010101110000110100000000110001001111111010000111100000101110,116495376,0,0.120000,0.600000
116502145,77,11101000011000000101010111000011010000000010000110101110000111000010111000110,116481604,0,0.100000,1.000000
116502146,86,01110111101000000100001010101110000110100000000110111101011010101100011101110001111100,116481604,0,0.100000,1.000000
116502147,74,10101001100000010101111100001101000000001000011010111100011001010011000101,116481604,0,0.100000,1.000000
116502148,70,1000111010000101010111000011010000000011000010101111000110011100111101,116481604,0,0.100000,1.000000
116502149,77,11110100001100000010101011100001101000000001000011010111000011100001011100011,116495376,0,0.120000,0.600000
116502150,80,01110100000001101000010101011100001101000000001110010011111110100001110110110111,116495379,0,0.032000,0.800000
116502151,81,101110100010101001000010101011000001101000000001010100111110000010011100110010110,116495379,0,0.028000,0.700000
116502152,79,1100100101011000000101010111000011010000000011000110101111100011000100011100100,116481606,0,0.100000,1.000000
116502153,78,010110010001100000110101011100001101000000001101000101111000011001111101010100,116481606,0,0.100000,1.000000
116502154,73,1110111000000101010111000011010000000010000101101111000101000010011000101,116498416,0,0.080000,0.800000
116502155,81,001110100010001101000010101011100001101000000001100010011111110100001110010010111,116481607,0,0.066667,1.000000
116502156,81,011010001000110100001010101110000110110000000110001001111111010000111100000101110,116498412,0,0.066667,0.600000
116502157,81,011010001000110100001010101110000110100000000110001001111111010000011100000101110,116481607,0,0.066667,1.000000
116502158,82,0111100010001101000010101011100001101000000001100010011111110100001110001001011101,116481607,0,0.066667,1.000000
116502159,75,111101110000001010101110000110100100001100001111011110001110011100110011111,116503241,0,0.040000,0.600000
116502160,77,01010000101000000010101011100001101001000001100010010111110001100111011100101,116503241,0,0.028000,0.700000
116502161,75,110100001100000010101011100001101000000001000011010011100011100001001110011,116476976,0,0.050000,0.800000
116502162,79,1001001100010010000101010111000011010000000011100100111111101000011111010001110,116481610,0,0.050000,1.000000
116502163,79,0110110010001100000010101011100001101000000001000010101111010001010111101010010,116476976,0,0.050000,0.800000
116502164,77,11001001010110000001000101110000110100000000100001001011110000110011000110010,116481610,0,0.050000,1.000000
116502165,78,110101100100001000000101010111000011010000000011000100101010000110011100111001,116481610,0,0.050000,1.000000
116502166,82,1101110000010001001000010101011100101101000000001000100111011000000011100100000111,116471687,0,0.040000,0.600000
116502167,79,0011100000001101000010101011100001100000000001110010011101101000011010010010101,116481610,0,0.050000,1.000000
116502168,84,111001000001011100000110101011100011101000000001000100111111101100011010011010110010,116471687,0,0.040000,0.600000
116502169,77,01011000101000000010111011100001101001000001101010010111110001100111011100001,116476976,0,0.050000,0.600000
116502170,80,01111010001001110000001010101110000110110000000110011101011111001110011111111101,116481610,0,0.050000,1.000000
116502171,78,010010001010000000101010111001001010000000011000110101111100011000110111100100,116481610,0,0.050000,1.000000
116502172,76,1111011100000010101011100001101001000001000011110111100011100111001100111111,116471687,0,0.040000,0.600000
116502173,75,101010111000000101010111000011010000000010000101101110001110010100110001111,116481610,0,0.050000,1.000000
116502174,81,010010001000110100001010101110000110100000000110001001111111010000111100000101110,116490330,0,0.040000,0.600000
116502176,72,010100101100000010101011101001101000000001000011010111100011001010011101,116475188,0,0.046667,0.700000
116502177,81,011010001000110100001010101110000110100000000110001001111111010000111000001011101,116481613,0,0.200000,1.000000
116502178,81,011010101000110100001010101110000010100000100110001001110111010000111101000101110,116465088,0,0.032468,0.700000
116502179,78,111010010101100000010101011100001101000000001100010010101110001100100011101100,116481613,0,0.200000,1.000000
116502180,79,0111100000001101000010101011100001101000000001110010011101101000011010010010111,116481613,0,0.200000,1.000000
116502181,80,01101100100011000000101000101000011010001100011010100101110100010011100011100110,116481613,0,0.200000,1.000000
116502182,78,001011000101010000010101011100001101000000001100010010110110011100110011100010,116481613,0,0.200000,1.000000
116502183,82,0110110011001101000110101011100001101000000001110010011111011100001100000010111010,116481613,0,0.200000,1.000000
116502184,81,101111000100001010000101010111000011010000000011100100111011010000110100000101111,116465088,0,0.046382,1.000000
116502185,78,110111010001100000010101011100001101000000001100010101111110001000111101110010,116481613,0,0.200000,1.000000
116502186,80,11011100000100010011000010101110010110100000000100010011101100000001110010000011,116481613,0,0.000000,0.000000
116502187,78,100101110100010000001010101110000110100000000110011001011111000010011000011001,116486638,0,0.050000,1.000000
116502188,76,1011100010110000001010101110000110100000001100110010111110000100110000110010,116481613,0,0.160000,0.800000
116502189,81,010011001000110000010101011100001101000000001110000011111110100001110000010111011,116481613,0,0.200000,1.000000
116502190,79,0110110010001100000010101010100001111000000001101010010111000001001110001110010,116481613,0,0.200000,1.000000
116502191,77,10101100100011000001010101110000110100000000110001001010111100110011100111001,116465088,0,0.046382,1.000000
116502192,78,010011001000110000001010101110000110100000001100010010111110001000111001110011,116465088,0,0.037106,0.800000
116502193,76,1011110010110000001010101110000110100000001100110010111110000100110000110010,116481614,0,0.100000,1.000000
116502194,75,001101011101000010101011100001101000000001000011011110100011101001001100111,116481614,0,0.100000,1.000000
116502195,88,0011001000001111110000010111011100101101000000001000100111110101101001110011001110011010,116503243,0,0.100000,0.500000
116502196,85,0011001000001111110000010101011100001101000000001000100111101011000011110110011100110,116481615,0,0.050000,1.000000
116502197,80,01101000100010000001010101110000110100000000111000001111111010000111000001011101,116481615,0,0.050000,1.000000
116502198,75,101010111000000101010111000011010000000010000101101110001110010100110001111,116481615,0,0.050000,1.000000
116502199,79,1110100101011000000101010111000011010000000011000100101111100011000100011101100,116490322,0,0.050000,1.000000
116502200,78,011011001000110000101010101110000110110000000110101001011101000000111000111001,116481617,0,0.100000,1.000000
116502201,75,010110010000100000101010111000011010000000011000100101011100011001110111001,116483539,0,0.100000,1.000000
116502202,80,01111010001001110000001010101110000110100000000110011001011111001010011111111001,116470081,0,0.080000,0.800000
116502203,76,1101110011000000101010111000011010000000010000101101110001110010100110001111,116483539,0,0.100000,1.000000
116502204,80,01101000100001000001010101110000110100000000111000001111111010000111000001011101,116483539,0,0.100000,1.000000
116502205,77,01011001100110000001010101110000110100000000100001001011101000101110001110110,116483539,0,0.100000,1.000000
116502206,73,1101011100000101010111000011010000000010000100101111000111001000010000010,116483543,0,0.100000,1.000000
116502207,83,10110100010001101000010101011100001101000000001100010011111110100001111000001011111,116492270,0,0.100000,0.600000
116502210,82,0110101010001000000010101011100001101000100001101010011111010100011011001001011101,116483546,0,0.066667,1.000000
116502211,82,0011010001000110100001010101110000100100000000110001001111111010000111100100101110,116496906,0,0.050000,0.500000
116502212,80,01111011001001111000011010101100000110110000000100011001011111000010011100111001,116483546,0,0.066667,1.000000
116502213,79,0011000010011000000101010111010011010000000010001011011010110101101000100110001,116483546,0,0.066667,1.000000
116502214,79,0001011101010110000001010101110000110100000000010011001011110000010011000111001,116483546,0,0.066667,1.000000
116502215,78,011110110010111110000010101011000001101000000001000110010111110011001110011100,116508498,0,0.100000,0.500000
116502216,81,011101000100111010000101010110000011010000000011100100111111101001011100100101111,116508499,0,0.200000,0.800000
116502217,74,00111010111010001101010111000011010000000010100100111011101111011100110110,116483550,0,0.050000,1.000000
116502218,81,110111010001000100100001011101110100110100000010100010011101100001001110010000011,116483550,0,0.050000,1.000000
116502220,79,0111100000001101000010101011100001101000000001110010011101101000011010010010111,116483550,0,0.050000,1.000000
116502221,74,00111010111010001101010111000011010000000010100100111011101111011100110110,116483550,0,0.050000,1.000000
116502222,77,01011000101000000010101011100001101001000001101010010111110000100111011100001,116501531,0,0.050000,0.500000
116502223,76,1011011100000010101011000001100000000001000010100111100011100111001100011111,116501531,0,0.050000,0.500000
116502226,76,0111101110000001010101010000010100000000100001011011100001110111100100001111,116501531,0,0.050000,0.500000
116502227,74,10101001100100010101011100001101000000001000011010111100011100001111100011,116501531,0,0.050000,0.500000
116502230,79,1100100101011000000101010111000011010000000011000110100111100011000100011100100,116501531,0,0.060000,0.600000
116502232,76,1011110010110000001010101110000110100000001100110010111110000100110000110010,116484996,0,0.200000,1.000000
116502233,81,011010001000110100001010101110000110100000000110001001111111010000111100000101110,116484996,0,0.200000,1.000000
116502236,84,111001000001011100000110101001100011101000000001000100111111101100011010011010110010,116484998,0,0.200000,1.000000
116502237,80,11100100101011000000101010111000011010000000011000100101111100011000100011100100,116484999,0,0.050000,1.000000
116502238,74,01111100101100000010101010100001100000000011001100101111100001001100001100,116481596,0,0.040000,0.600000
116502239,83,11001000001011100000110101011100001101000000001000100111110101100011010011000110010,116484999,0,0.050000,1.000000
116502240,79,0000100110001001000010101011100001101000000001100110011111110100001111010010111,116484999,0,0.050000,1.000000
116502241,80,01101000100010000001010101110000110100000000111000011111111010000111000001011101,116484999,0,0.050000,1.000000
116502242,79,0110100010001101000000101011100001101000000011000100111111101000011100000010111,116485001,0,0.200000,1.000000
116502243,81,011010001000110100001010101110000110100000000110001001111111010000111100000101110,116505127,0,0.040000,0.400000
116502244,73,1101011100000101010111000011010000000010000100101111000111001000010000010,116485002,0,0.066667,1.000000
116502245,79,0000100110001001000010101011100001101000000001100110011111110100001111010010111,116485002,0,0.066667,1.000000
116502246,77,11110000100110100001010101110000110100000000110001010111101000011110000010111,116490316,0,0.032000,1.000000
116502247,75,101010011000000101010111000011010000100010000110101111000111000010011000111,116498407,0,0.028000,0.700000
116502248,78,010011001000110100001010101110000110100000001100010010111110011000111001110011,116498407,0,0.028000,0.700000
116502249,80,11100100101011000000101010111000011010000000011000100101111100011010100011100100,116498407,0,0.032000,0.800000
116502250,74,00111010111010001101010111000011010000000010100100111011001111011100110100,116498407,0,0.028000,0.700000
116502251,77,11010011000110100001010101110000110100000000100001001011111000110111000111001,116468455,0,0.050000,0.800000
116502252,77,10101100100011000001010101110000110100000000110001001010111100110011100111001,116468455,0,0.050000,0.800000
116502253,81,011010001000111100001011101110000111100000000110001001111111010000111100001011001,116498407,0,0.024000,0.600000
116502254,70,1010111010000101011111000011010000000011001010101111100110011100101100,116498407,0,0.028000,0.700000
116502255,83,11001000001011100000110101011100001101000000001000100111110101100011010011000110010,116490316,0,0.028000,0.800000
116502256,79,1010110010000100000010101011100001101000000001000010010101110001100111011110011,116485003,0,0.050000,1.000000
116502257,81,011010001000111100001011101110000111100000000110001001111111010000111100001011001,116501522,0,0.028000,0.700000
116502258,80,01101000100011010000101010111000011010000000011001001011111000000111100100101110,116490328,0,0.066667,0.700000
116502259,86,00110000000011111100000101010111000011010000000010001001111101011000011110110011100110,116485004,0,0.066667,1.000000
116502262,75,001101011101000010101011100001101000000001000011010110100111101001001100111,116485007,0,0.200000,1.000000
116502263,83,11001000001011110000110101011100001101000000001000100110110101100011011011000110010,116508500,0,0.200000,0.800000
116502264,77,10010010101000000101010111000011010100000010000100101111100011001100111100100,116485007,0,0.200000,1.000000
116502265,76,1110100001100000010101011100001101000000001000011010111000011100001010100011,116485008,0,0.200000,1.000000
116502266,74,00111010111010001101010111000011010000000010100100101111101111011000110100,116485008,0,0.200000,1.000000
116502267,76,1011110010110000001010101110000110100000001100110010111110000100110000110010,116485008,0,0.200000,1.000000
116502268,76,1111101110000001010101110000110100000000100001010011110001110011100110001111,116485009,0,0.100000,1.000000
116502269,73,0111101101000010101011100001101000000001000011010110100011101001001101111,116485009,0,0.100000,1.000000
116502270,88,0011001000001111110000010101011100001101000000001000100111110101100001111011001110011000,116485009,0,0.100000,1.000000
116502271,78,010011001000110000001010101110000110100000001100010010111110001000111001110011,116485009,0,0.100000,1.000000
116502272,75,110101010010100010010101011100001101000000001100110010011100001000100111011,116485009,0,0.100000,1.000000
116502273,78,001011101010110000001010101110000110100000000010011001011110000010011000111001,116485010,0,0.066667,1.000000
116502274,80,11110001000110100001010101010000110100000000110001001111111010000111001001011101,116485010,0,0.066667,1.000000
116502275,80,01111000100011010000101010111000011010000100011100100111011010000110100100101111,116490331,0,0.066667,0.800000
116502276,75,101100100011000111010101110000110100000010100001001111101010100111000111001,116485010,0,0.066667,1.000000
116502277,79,0100100110001001000010101011100001101000000001100110011011110100001111010010111,116490317,0,0.066667,0.800000
116502278,76,1110100001100000010101011100001101000000001000011010111000111100001010100011,116505129,0,0.040000,0.600000
116502279,75,010101001100000010101011100001101000000001000011010111101011100001001101011,116485014,0,0.066667,1.000000
116502280,76,1011011100000010101011000001100000000001000010100111100011100111001100011111,116485015,0,0.066667,1.000000
116502281,82,0111100010001101000010111011100001101000000001100010011111110100001111001001011101,116478443,0,0.011111,0.500000
116502282,78,010110010001000000110101011100011101000000001100000101111000011001111111010100,116483540,0,0.030000,0.600000
116502283,70,0101011000000101010111000011010000000010000110101101000110010000110001,116486626,0,0.022222,1.000000
116502284,75,111101110000001010101010000110100000010100001011011110001110011100110001111,116485009,0,0.040000,0.400000
116502285,79,0011000010011000000101010111000011010000000010001011011010110101101001100111001,116486626,0,0.022222,1.000000
116502286,82,0111100010001101000010111011100001111000000001100010011111110000001111001001011001,116486626,0,0.011111,0.500000
116502287,78,010011001000110100001010101110000110100000001100010010111110011000111001110011,116486641,0,0.020000,0.700000
116502288,78,001111100010110010001010101110000110100000000110011001011111000011011000111001,116485009,0,0.040000,0.400000
116502289,81,011010001000110100001010101110000110100000000110001001111111010000111000000101111,116485009,0,0.040000,0.400000
116502290,78,001111100010110010001010101110000110100000000110011001011111000011011000111001,116486641,0,0.020000,0.700000
116502291,74,10101001010000010101011100001101000000001000011010111101011100001001100011,116486626,0,0.013333,0.600000
116502292,75,101010111000000101010111000011010000000010000101101110001110010100110001111,116486627,0,0.050000,1.000000
116502293,78,010011001000110100001010101110000110100000001100010010111100011000111001110011,116475175,0,0.160000,0.800000
116502294,79,0100100110001001000010101011100001101000000001100110011111110100001111010010111,116466864,0,0.080000,0.800000
116502295,82,1010000101001100000111010111000001010000000010001001111101011000111100110011110101,116500001,0,0.060000,0.600000
116502296,79,1100100101011000000101010111000011010000000011000110101111100011000100011100100,116486630,0,0.080000,0.800000
116502297,81,010010001000110100001010101110000110100000000110001001111111010000111100000101110,116500012,0,0.080000,0.800000
116502298,80,01111011001001111000011010101100000110110000000100011001011111000010011100111001,116500012,0,0.060000,0.600000
116502299,77,01011001100110000001010101110000110100000000100001001011101000101110001110110,116506701,0,0.060000,0.600000
116502300,86,00110010010011111100100101010111000011010000000010001001111101011000011110110011100110,116503231,0,0.028000,0.700000
116502301,80,01111010001000110000001010111110000110100000000110011001011111001110011111111001,116503231,0,0.028000,0.700000
116502302,80,10101100100001000000101010111000011010000000010000100101011100011001110011100111,116486633,0,0.040000,1.000000
116502303,83,00011010101000110100001010101110000110100000000110001001111111010000111100100101110,116486633,0,0.040000,1.000000
116502304,80,01101000100010000001010101110000110100000000111000011111111010000111000001011101,116486633,0,0.040000,1.000000
116502305,81,101110100010001101000010101001000001101000000001000010011011110100000110010010111,116486634,0,0.046667,0.600000
116502306,72,011110111010100101010111100011010000000010000110011010001110100100110011,116486634,0,0.040000,1.000000
116502307,82,0011010001000110100001010101110000110100000000110001001111111010000111100100101110,116486635,0,0.033333,1.000000
116502308,76,1000110010000100000101010111000011010000000011000100101011100011001110111001,116486636,0,0.066667,1.000000
116502309,73,1111011100000010101011100001101000000001000010010111000111001010011000111,116501527,0,0.066667,1.000000
116502310,82,0010010001000110111001010111110000110100000000111001001111111010000110000001011101,116501527,0,0.040000,0.600000
116502315,81,011010001000110100001010101110000110100000000110001001111111110000111000000101111,116485013,0,0.066667,1.000000
116502316,81,101111000100011000001010101110000110100000000111000001111111010100111000001111101,116485013,0,0.066667,1.000000
116502317,82,0011010001000110100001010101110000110100000000110001001111111010000111100100101110,116486638,0,0.050000,1.000000
116502318,70,0101011000000101010111000011010000000010000110101101000110010000110001,116485013,0,0.066667,1.000000
116502319,81,011010001000110100001010101110000110100000000110001001111111110000111000000101111,116486638,0,0.050000,1.000000
116502320,88,0011001000001111110000010101011100001101000000001000100111110101100001111011001110011000,116498401,0,0.100000,1.000000
116502321,73,1111011100000010101011100001101000000001000010110111000111001010011000111,116498401,0,0.100000,1.000000
116502322,75,111010111000001010101111000110100000000100001001011111001110010101100001100,116486640,0,0.100000,1.000000
116502323,75,101100110011000000101010111000011010000000010000100101110100010111100101011,116486640,0,0.100000,1.000000
116502324,78,001011101010110000001010101110000110100000000010011001011110000010011000111001,116486640,0,0.100000,1.000000
116502325,75,101010011000000101010111000011010000000010000110101111000111000011111000111,116486640,0,0.100000,1.000000
116502326,82,0111100010001101000010111011100001101000000001100010011111110000001111001001011001,116486640,0,0.100000,1.000000
116502327,86,00110010000011111000000101010111000011010000000010001101111001011000011110110011100110,116486626,0,0.013333,0.600000
116502328,78,001011100010110010001010101110000110100000000110011001011111000011011000111001,116486649,0,0.028571,0.500000
116502329,81,011010101000110100001010101110000110100000000110001001111111010000111100000101110,116486641,0,0.028571,1.000000
116502330,82,0110101010001001000010101011100001101000100001101010011111010100011011001001011101,116486641,0,0.028571,1.000000
116502331,81,011010001000110100001010101110000110100000000110001001111111010000111100000101110,116478443,0,0.013333,0.600000
116502332,81,011110100010001100000010101011100001101000000001100110010111110011100111111110011,116486641,0,0.028571,1.000000
116502333,79,0100100110001001000010101011100001101000000001100110011111110100001111110010111,116486643,0,0.100000,1.000000
116502334,79,0111100000001101000010101111100001101000000001110010001101101000011011010010111,116486643,0,0.100000,1.000000
116502335,79,0111100000001101000010101111100001101000000001110010001101101000011011010010111,116486643,0,0.100000,1.000000
116502336,81,011010001000110100001010101110000110100000000110001001111111010000111000001011101,116486643,0,0.100000,1.000000
116502337,81,011010001000110100001010101110000110100000000110001001111111010000111000001011101,116486643,0,0.100000,1.000000
116502338,79,0100100110001001000010101011100001101000000001100110011111110100001111010010111,116486643,0,0.100000,1.000000
116502339,79,0111100000001101000010101011100001111000000001110010011101101000011010010010111,116486643,0,0.100000,1.000000
116502340,81,011010001000110100001010101110000110100000000110001001111111010000111000001011101,116486643,0,0.100000,1.000000
116502341,76,1110100001100000010101011100001101000000001000011010111000011100001011100011,116486643,0,0.100000,1.000000
116502342,74,01111011101000010101011100001111000000001000111010110100011101001001100111,116486643,0,0.100000,1.000000
116502343,81,011010001000110100001010101110000110100000000110001001111111010000111000001011101,116486643,0,0.100000,1.000000
116502344,75,111101110000001010101110000110100000000100001011011110001110011100110101111,116486643,0,0.100000,1.000000
116502345,81,011010001000110100001010101110000110100000000110001001111111010000111000001011101,116486643,0,0.100000,1.000000
116502346,86,01111111101000000100001010101110000110100000000110111101011010101100011001110001111100,116486643,0,0.100000,1.000000
116502347,82,1011010001000110100001010101110000110100000000110001001111110010000111100100101110,116486643,0,0.100000,1.000000
116502348,78,011110110010111110000010101011000001101000000001000110010111110011001110011100,116486643,0,0.100000,1.000000
116502349,74,01111011101000010101011100001111000000001000111010110100011101001001100111,116486643,0,0.100000,1.000000
116502350,79,0100100110001001000010101011100001101000000001100110011111110100001111110010111,116486643,0,0.100000,1.000000
116502351,81,001110100010001101000010101011100001101000000001100010011111110100001110010010111,116486645,0,0.040000,1.000000
116502352,82,1011000101011100000010101011100001101000000011001100111110101100011110011100110100,116486645,0,0.028000,0.700000
116502353,82,1101110100010001001000010101011100001101000010001000100111011000000011110100000111,116506704,0,0.040000,0.700000
116502354,85,0011011000011111110000010101011100001101000000001000100111101011000011010110011100111,116486647,0,0.066667,1.000000
116502355,73,1111011100000010101011100001101000010001100010110111000111001010011000111,116490313,0,0.066667,0.500000
116502356,78,011111001011000000101010111000011010000000010001100101111100001001100001100100,116486649,0,0.028571,1.000000
116502357,83,11001000001011110000110101011100001101000000001000100110110101100011011011000110010,116486650,0,0.100000,1.000000
116502358,80,01101000100011010000001010111000011110000000011001001111111000000111000100001110,116506706,0,0.060000,0.600000
116502359,74,10101001100000010100011100001101010000001000011010111100011100001001100011,116486651,0,0.045788,1.000000
116502360,73,1101011100000101010011000011010000000010000100101111000111001000010000010,116490314,0,0.053333,0.800000
116502361,77,10010010101000000101010111000011010100000010000100101111100011001100111100100,116486651,0,0.045788,1.000000
116502362,77,10010010101000000101010111000011010100000010000100101111100011001100111100100,116486651,0,0.045788,1.000000
116502364,81,100100000101110000011010101110000110100000000100010011011010110001101101000110010,116486651,0,0.045788,1.000000
116502365,82,0110100010101101000010101011100001101000000001100110011111110100001111000001001100,116490314,0,0.066667,1.000000
116502366,73,1101011100000101010111000011010000000010000100101111000111001000010000010,116486651,0,0.045788,1.000000
116502367,78,001011101010110000001010101110000110100000000010011001011110000010011000111001,116486647,0,0.033333,0.800000
116502368,82,1101110100010001001000010101011100001101000000001000100111011000000011100100000111,116486652,0,0.066667,1.000000
116502369,79,0111100000001101000010101011100001111000000001110010011101101000011010010010111,116486652,0,0.066667,1.000000
116502370,78,001011000101000000010101011100011101010000001100010010101110011100110011100010,116486647,0,0.040000,0.700000
116502371,80,01111010001000110000001010111110000110100000000110011001011111001110011111111001,116490313,0,0.033333,0.500000
116502372,75,110101001100000010101011100001101000000001000011010111101011100001001100011,116501532,0,0.030000,0.600000
116502373,78,001011101010110000001010101110000110100000000010011001011110000010011000111001,116486652,0,0.066667,1.000000
116502374,77,11010011000100100001011101110000110100000000110001001100110100001010010010111,116486652,0,0.066667,1.000000
116502375,82,0111100010001101000010101011100001101000000001100010011111110100001110001001011101,116486652,0,0.066667,1.000000
116502376,80,01111010001100110000001010111110000110100000000110011001011111001110011111111001,116490313,0,0.033333,0.500000
116502377,80,10101100100001000000101010111000011010000000010000100101011100011001110011100110,116490313,0,0.040000,0.600000
116502378,79,0111100000001101000010101011100001111000000001110010011101101000011010010010111,116486652,0,0.066667,1.000000
116502379,77,01011000101000000010101011100101101000000001100011010100110001100111011100010,116490313,0,0.033333,0.500000
116502380,80,10101100100001000000101010111000011010000000010000100101011100011001110011100111,116486647,0,0.040000,1.000000
116502381,75,110101001100000010101011100001101000000001000011010111101011100001001100011,116486652,0,0.066667,1.000000
116502382,77,11011001010110000001010101110000110100000000110000010110110001100110101110011,116501532,0,0.030000,0.600000
116502383,81,011010001000110100001010101110000110101000000110001001111111010000111100000101110,116486652,0,0.066667,1.000000
116502384,75,110101001100000010101011100001101000000001000011010111101011100011001100011,116501532,0,0.030000,0.600000
116502385,87,011101111010000001000010101011100001101000000001101111010110101011000110011100011111001,116486652,0,0.066667,1.000000
116502386,80,01110100010001101000010101011100001101000000001100010011111110100001110010010111,116488541,0,0.100000,1.000000
116502387,78,011011001000110000001010101110000110100000000110111001011101000100111000111001,116488541,0,0.100000,1.000000
116502388,82,0011010001000110100001010101110000110100000000110001001111111010000111100100101110,116488542,0,0.100000,1.000000
116502389,83,01011010001000110100001010101110000110110000000110001001111111010000111100100101110,116492267,0,0.100000,0.600000
116502390,81,011010001000110100001010101110000110100000000110001001111111010000111100000101110,116488545,0,0.100000,1.000000
116502391,76,1111101110000001010101110000110000000000100001010011110001110011100110001111,116480044,0,0.050000,0.500000
116502392,75,101110111000000101010111000011010000000010000101101110001110010100110001111,116488545,0,0.100000,1.000000
116502393,77,01001001100010100000101010111000011010000000001000100110111010000111101011011,116480044,0,0.050000,0.500000
116502394,82,1011010001000110100001010100110000110100000000110001000111110010000111100100101110,116480044,0,0.050000,0.500000
116502395,75,101110111000000101010111000011010000000010000101101110001110010100110001111,116488545,0,0.100000,1.000000
116502396,78,110111010001100000010101011100001101000000001100010101111110001000111101110010,116488545,0,0.100000,1.000000
116502397,82,0011010001000110100001010101110000110100000000110001001111111010000111100100101110,116488545,0,0.100000,1.000000
116502398,82,0011010001000110100001010101110000110100100000110101001111111010000111000001011101,116495383,0,0.046667,0.700000
116502399,82,1101110000010001001000010101011100101101000000001000100111011000000011100100000111,116505133,0,0.040000,0.600000
116502400,76,0001101011101000010101011100001100000000001000011010110100010101000001100111,116488548,0,0.100000,1.000000
116502401,80,01110100010001101000010101011100001101000000001100010011111110100001110010010111,116478446,0,0.100000,1.000000
116502402,86,00110010000011111100000001010111000011010000000010001001111101011000011110110011100110,116488552,0,0.200000,1.000000
116502403,81,011010001000110101001010101110000110100000000110001001111111010000111000000101110,116488552,0,0.200000,1.000000
116502404,81,001111011001001111000001010101100000110100000000100011001011111000110011100111001,116488553,0,0.066667,1.000000
116502405,82,0011010001000110100001010101110000110100000000110001001111111010000111100000101110,116488553,0,0.066667,1.000000
116502406,78,110101100100001000000101010111000011010000000011000100101010000110011100111001,116488553,0,0.066667,1.000000
116502407,75,010110010000100000101010111000011010000000011000100101011100011001110111001,116495375,0,0.040000,0.600000
116502408,78,110111010001100000010101011100001101000000001100010101111110001000111101110010,116488553,0,0.066667,1.000000
116502409,83,00010100110101001000010101011100001101000000001100010011111110100001111001001011101,116488553,0,0.066667,1.000000
116502410,78,110111010001100000010101011100001101000000001100010100111111001000111101110010,116488553,0,0.053333,0.800000
116502411,81,011110100010001100000010101011100001101000000001100110010111110011100111111110011,116488553,0,0.066667,1.000000
116502412,81,011010001000110100001010101110000110100000000110001001111111010000111100000101110,116488553,0,0.066667,1.000000
116502413,81,011010001010110100001010101110000110100000000110001001110111110000111000000101110,116488553,0,0.066667,1.000000
116502414,75,010110010000100000101010111000011010000000011000100101011100011001110111001,116488553,0,0.066667,1.000000
116502415,78,110101100100001000001010101110000110100000000110001001010111000110011100111001,116488553,0,0.066667,1.000000
116502416,74,10101001100000010101011100001101000000001000011010111101011100001001100011,116488556,0,0.040000,1.000000
116502417,77,11010001000110100001010101110000110100000000100001001011111000110111000111001,116503251,0,0.060000,0.600000
116502418,79,0111100000001101000010101011100001111000000001110010011101101000011010010010111,116470093,0,0.032000,0.800000
116502419,81,010010011000100100001010101110000110100000000111101001111111010000111110100101110,116488558,0,0.040000,1.000000
116502420,79,0111100000001101000010101011100001111000000001110010011101101000011010010010111,116488558,0,0.032000,0.400000
116502421,77,01110100001100000010101011100001101000000001000011010110000011100001011100011,116470093,0,0.040000,1.000000
116502422,75,101010111000000101010111000011010000000010000101101110001110010100110001111,116486645,0,0.040000,0.800000
116502423,79,0111100000001101000010101011100001111000000001110010011101101000011010010010111,116488558,0,0.040000,1.000000
116502424,81,010010011000100100001010101110000110100000000111101001111111010000111110100101110,116470093,0,0.040000,1.000000
116502425,81,010010011000100100001010101110000110100000000111101001111111010000111110100101110,116486645,0,0.040000,0.800000
116502426,81,010010011000100100001010101110000110100000000111101001111111010000111110100101110,116486645,0,0.040000,0.800000
116502427,80,01101000100011010000101010111000011010000000011000100111111010000111100100101110,116488558,0,0.040000,1.000000
116502428,80,01101000100011000001010101110000110100000000111000001111111010000011000001011101,116488558,0,0.040000,1.000000
116502429,87,010101111110000001000010101011100001101000100001101111011110101011000110011100011111001,116488558,0,0.040000,1.000000
116502430,87,010101111110000001000010101011100001101000100001101111011110101011000110011100011111001,116488558,0,0.040000,1.000000
116502431,75,001101011101000010101011100001101000000001000011010110100011101001001100111,116488558,0,0.040000,1.000000
116502432,77,11110000000010100001010101110000110100000000111000001110110100011010010010111,116488558,0,0.040000,1.000000
116502433,81,011110001000110100001110101110000110100000000110001001111110010000111100000101100,116486645,0,0.040000,0.700000
116502434,81,010010011000100100001010101110000110100000000111101001111111010000111110100101110,116488558,0,0.040000,1.000000
116502435,75,101010111000001010101111000110100000000100001001011111001110010101100001100,116488558,0,0.032000,0.800000
116502436,75,101110111000000101010011000011010000000010000101101110001110010100111001111,116486645,0,0.040000,0.700000
116502437,75,111010111000001010101111000110100000000100001001011111001110010101100001100,116488558,0,0.040000,1.000000
116502438,81,010010011000100100001010101110000110100000000111101001111111010000111110100101110,116488551,0,0.024000,0.600000
116502439,72,011010111010000101010111000011010000000010000110101010001110100100110011,116488558,0,0.040000,1.000000
116502440,75,010101001100000010101011100001101000000001000011010111101011100001001101011,116488560,0,0.200000,1.000000
116502441,80,01101000100001010000101010111100011010000000011001001111111000000111100100001110,116488560,0,0.200000,1.000000
116502442,77,10101100100011100001010101110000110100000000110001001010111100110011100111001,116490315,0,0.100000,1.000000
116502443,78,111001001010110000001010101110000110100000000110001010111110001100110001110010,116490316,0,0.040000,1.000000
116502444,79,0001011000101000000010101011100001101000000001100010010111110011100111011100010,116501522,0,0.040000,1.000000
116502445,79,0001011000101000000010101011100001101000000001100010010111110011100111011100010,116490316,0,0.040000,1.000000
116502446,88,0011001000001111110000010111011100101101000000001000100111110101101001110011001110011010,116490318,0,0.066667,1.000000
116502447,76,0111110010110000011010101010000110000000000110011001011111000010011100011001,116506710,0,0.040000,0.600000
116502448,81,101110100010001101000010101001000001101000000001000010011011110100000110010010111,116495377,0,0.046667,0.700000
116502449,75,001101011101000010101011100001101000000001000011011110100011101001001100111,116490320,0,0.040000,1.000000
116502450,78,110100010001101000010101011100001101000000001000010010111110001101110001100010,116486634,0,0.032000,0.800000
116502451,73,1001001100000010101011100001101000000001100010010111110101110010001110110,116490321,0,0.040000,1.000000
116502452,81,001110100010001101000010101011100001101000000001100010011111110100001110010010111,116483548,0,0.060000,0.600000
116502453,81,011010001000110100001010101110000110100000000110001001111111010000111100000101110,116480047,0,0.040000,0.800000
116502454,79,1101011101110100001010101100001110100000000101001100011100010110010100110101100,116490321,0,0.040000,1.000000
116502455,83,01011010000000110100001010101110000110100000000110001001101111000000011100100101110,116490321,0,0.032000,0.800000
116502456,81,001111011001001111000001010101100000110100000000100011001011111000110011100111001,116490322,0,0.050000,1.000000
116502457,74,10101001100000010101011100001101000000001000011010111100011100001001100011,116490322,0,0.050000,1.000000
116502458,82,0011010001001110100001010101110000110100000000110001001111111010000111000001011101,116508504,0,0.050000,1.000000
116502459,75,101010011000000101010111000011010000000010000110101111000111000010011000111,116490322,0,0.050000,1.000000
116502460,79,1101100101011000000101010111000011010000000011000000101111100011001101011100110,116471697,0,0.100000,0.600000
116502461,80,01111010001000110000001010111110000110100000000110011001011111001110011111111001,116490322,0,0.050000,1.000000
116502462,74,10101001100000010101011100001101000000001000011010111100011100001001100011,116490323,0,0.066667,1.000000
116502463,83,11001000101011110000010101011100001101000000001000100110110101100011011011000110010,116498410,0,0.060000,0.600000
116502464,77,01110100001100000010101011100001101000000001000011010110000011100001011100011,116468450,0,0.049116,0.800000
116502465,79,0111100000001101000010101011100001101000000001110010011101101000011010010010111,116492288,0,0.049116,1.000000
116502466,79,1101000110011010000101010111000011010000000011000100111111010000111000000101110,116490326,0,0.066667,1.000000
116502467,79,0111101100100111100000101010110000010010000000010001100101111100011001110011101,116490326,0,0.066667,1.000000
116502468,79,0011000010011000000101010111000011010000000010001011011010110101101000100110001,116492287,0,0.060000,0.600000
116502469,76,1110100001100000010101011100001101000000001000011000111000011100001011100011,116498414,0,0.060000,1.000000
116502470,70,1010111010000101011111000011010000000011001110101111100110011100101100,116490326,0,0.066667,1.000000
116502471,76,1110100001100000010101011100001101000000001000011010111000011000011011100011,116490326,0,0.066667,1.000000
116502472,75,010101001100000010101011100001101000000001000001010111101011100001001101011,116490326,0,0.066667,1.000000
116502473,80,01101000100011000001010101110000110100000000111000001111111010000111000001011101,116488548,0,0.070000,0.700000
116502474,81,011110100010001100000010101011100001101000000101100110010111110011100111111110011,116485004,0,0.066667,0.800000
116502475,79,0100100110001001000010101011100001101000000001100110011111110100001111010010111,116490328,0,0.066667,1.000000
116502476,75,101101110011000000101010111000011010000000010000100101110100010111100101011,116490328,0,0.066667,1.000000
116502477,75,110101001100000010101011100001101000000001000011010111100011100001001100011,116490329,0,0.066667,1.000000
116502478,77,11011001000110000001010101110000110100000000100001000011101001100101000111101,116490329,0,0.066667,1.000000
116502479,82,0100100110001001000010101011100001101000000001100010011110110100001111101001011100,116490329,0,0.066667,1.000000
116502480,82,0011010001001110100001010101110000110100000000110001001111111010000111000001011101,116505134,0,0.060000,0.600000
116502481,77,11011001000110000001010101110001110100000000100001001011101000100111000111001,116490332,0,0.100000,1.000000
116502482,74,11010011000001010101111000110100000000100001001011111001010010101100001100,116490332,0,0.100000,1.000000
116502483,71,01110111000001010101110000110100000000100001011011100011100101001100011,116490332,0,0.100000,1.000000
116502484,75,101010011000000101010111000011010000000010000110100111000111000010011000111,116490332,0,0.100000,1.000000
116502485,73,1011001100110000001010101110000110100000010100001001011101000101110001101,116490333,0,0.200000,1.000000
116502486,88,0011001000001111110000010101011100001101000000001000100111110101101001111011001111011000,116490333,0,0.200000,1.000000
116502487,83,10111100010001101000010101011100001101000000001100010011111110100000111001001011101,116490333,0,0.200000,1.000000
116502488,78,010100001010000000101010111000011010010000011000100101111100011001110111000010,116490334,0,0.066667,1.000000
116502489,81,010010011000100100001010101110000110100000000111001001111111010000111110100101110,116490334,0,0.066667,1.000000
116502490,74,00111010111010001101010111000011010000000010100100101111101111011000110100,116490335,0,0.200000,1.000000
116502491,75,101010111000000101010111000011010000000010000101101110001110010100110001111,116501534,0,0.040000,0.600000
116502492,79,1110100101011000000101010111000011010000000011000100101111100011000100011101100,116490335,0,0.200000,1.000000
116502493,73,1011010111010000101010111000011010000000010000110101010001110100100110011,116501534,0,0.040000,0.600000
116502494,73,1111011100000010101011100001101000000001100010110111000111001010011000111,116490335,0,0.200000,1.000000
116502495,75,001101011101000010101011100001101000000001000011010110100011101001001100111,116490335,0,0.200000,1.000000
116502496,75,101010011000000101010111000011010000000010000110101111000111000010011000111,116490335,0,0.200000,1.000000
116502497,73,1111011100000010101011100001101000000001100010110111000111001010011000111,116490335,0,0.200000,1.000000
116502498,75,001101011101000010101011100001101000000001000111010110100011101001001100111,116501534,0,0.040000,0.600000
116502499,80,11100100101011000001101010111000011010000000011000100101111100011000100011100100,116501534,0,0.040000,0.600000
116502500,74,00111010111010001101010111000011010000000010100100101111101111011000110100,116501534,0,0.040000,0.600000
116502501,73,1011010111010000101010111000011010000000010000110101010001110100100110011,116501534,0,0.070000,0.600000
116502502,73,1111011100000010101011100001101000000001100010110111000111001010011000111,116490335,0,0.200000,1.000000
116502503,81,011010001000111100001011101110000111100000000110001001111111010000111100001011001,116490335,0,0.200000,1.000000
116502504,84,010110000010001000000101010111000011110000000010001000111101011000111100110011010101,116490336,0,0.100000,1.000000
116502505,82,1101110100010001001000010101011100001101000000001000100111011000000011100100000111,116492267,0,0.100000,1.000000
116502506,75,101010011000000101010111000011010000000010000110101111000111000010011000111,116488543,0,0.100000,0.800000
116502507,82,0111100010001101000010111011100001111000000001100010011111110000001111001001011001,116492267,0,0.100000,1.000000
116502508,73,1111011100000010101011100001101000000001100010110111000111001010011000111,116488543,0,0.080000,0.800000
116502509,77,01011000101000000010101011100001101001000001101010010111110000100111011100001,116492267,0,0.100000,1.000000
116502510,79,1101011100011000000101010111000011010000000011000000111111100011001100011000110,116492267,0,0.100000,1.000000
116502511,81,011010101000110100001010101110000110100000100110001001110111010000111101000101110,116488543,0,0.070000,0.700000
116502512,83,11001000001011100000110101011100001101000000001010100111110101100011010011000110000,116492267,0,0.070000,0.700000
116502513,82,1011010001000111100001010101110000111100000010111001001011111010000111100001011101,116496907,0,0.070000,0.700000
116502514,81,010010011000100100001010101110000110100000000111101001111111010000111110100101110,116492268,0,0.200000,1.000000
116502515,81,010010011000100100001010101110000110100000000111001001111111010000111110100101110,116492268,0,0.200000,1.000000
116502516,75,101110111000000101010111000011010000000010000111101110001110010100111001111,116485013,0,0.066667,1.000000
116502517,79,0110101010001101000010101011100001101000100001100100111110011000111110010110111,116492269,0,0.066667,1.000000
116502518,75,001100110011000000101010111000011010000000010000100101110100010111000111010,116492270,0,0.100000,1.000000
116502519,78,001111100010110010001010101110000110100000000110011001011111000011011000111001,116492270,0,0.100000,1.000000
116502521,80,01111010001001110000001010101110000110110000000110011101011111001110011111111001,116492270,0,0.100000,1.000000
116502522,82,0011010001000110100001010101110000110100000000110001001111111010000111100100101110,116496907,0,0.100000,1.000000
116502523,79,0100100110001001000010101011100001101000000001100110011111110100001111010010111,116492270,0,0.100000,1.000000
116502524,79,0100100110001001000011101011100001101000000001100110011011111100001111010010111,116496907,0,0.080000,0.800000
116502526,79,1110100101011000000101010111010011010000000011000100101111100011000100011101100,116492270,0,0.100000,1.000000
116502527,82,0011010001000110100001010101110000110100000000110001001111111010000111100100101110,116492270,0,0.100000,1.000000
116502528,70,1010111010000111010111000011010000000011000010101111010110010100111111,116492270,0,0.100000,1.000000
116502529,79,0100100110001001000010101011100001101000000001100110011111110100001111000010111,116492270,0,0.080000,0.800000
116502530,80,01111011001011111000001010101100000110100000000100011001011111001110011100111001,116496907,0,0.080000,0.800000
116502531,80,01101000100011000001010101110000110100000000111000001111111010000011000001011101,116492270,0,0.100000,1.000000
116502532,77,01110100001100000010101011100001101000000001000011010110000011100001011100011,116492272,0,0.066667,1.000000
116502533,76,1111101110000001010100110000110100000000100001010011110001110011100110001111,116492272,0,0.066667,1.000000
116502534,75,100101001100000010101011100001101000000001000011010111100011100001001100011,116492272,0,0.066667,1.000000
116502535,81,011010001000110100001010101110000110100000000110001001111111010000111100000101110,116492275,0,0.040000,1.000000
116502536,83,11001000001011100000110101011100001101000000001000100111110101100011010011000110010,116492277,0,0.050000,1.000000
116502537,81,001101000110011010000101010111010011010000000110001001111111010000111010101010101,116501523,0,0.030000,0.600000
116502538,80,01111010001001110000001010101110000010110000000110011101011111001110011111111101,116508509,0,0.066667,0.700000
116502539,79,0011000010011000000101010111000011010000000010001011011010110101101000100111001,116508509,0,0.066667,1.000000
116502540,78,001011100101000000010101011100001101000000001110010110111110011100010011100010,116476985,0,0.080000,0.800000
116502541,86,01110111101000000100001010101110000110100000000110111101001010101100011001110001111100,116492283,0,0.200000,1.000000
116502542,75,111101110000001010101110000110100000000100001011011110001110011100110101111,116492285,0,0.066667,1.000000
116502543,82,1100100000100110000001010101110000111100001000100010011001010110001101011100011001,116490324,0,0.025000,0.500000
116502544,82,1010000101001100000101010111000001010000000010001001111101011000111100110011110101,116492288,0,0.049116,1.000000
116502545,77,11011001000110000001010101110000100100000000100001000011101001100101000111101,116492288,0,0.049116,1.000000
116502546,76,1110100001100000010101011100001101000000001000011010111000011100001011100111,116492288,0,0.049116,1.000000
116502547,75,101100110011000010101010111000011010000000010000100101110100010111100101011,116506712,0,0.080000,0.800000
116502548,79,1101011101110100001010101100001110100000000101001100011100010110010100110101100,116492289,0,0.100000,1.000000
116502549,88,0011001000001111110000010111011100101101000000001000100111110101101001110011001110011010,116492289,0,0.100000,1.000000
116502550,82,0111100010001101000010111011100001101000000001100010011111110100001111001001011101,116492290,0,0.100000,1.000000
116502553,79,1110100101011000000101010111000011010000000011000100101111100011000100011101100,116494068,0,0.100000,1.000000
116502554,78,011011001000110000001010101110000110100000000110101001011101000100111000111001,116494068,0,0.100000,1.000000
116502555,81,011010101000110100001010101110000110100000100110001001110111010000111101000101110,116494068,0,0.100000,1.000000
116502556,83,00110100110101101000010101011100001101000000001100010011111110100001111001001011101,116480036,0,0.053333,0.800000
116502557,79,0011100000001101000010101011100001100000000001110010011101101000011010010010101,116494069,0,0.066667,1.000000
116502558,80,01101000100011000001010101110000110100000000111000001111111010000111000001011101,116494069,0,0.066667,1.000000
116502559,79,1110100101011000000101010111000011010000000011000100101111100011000100011101100,116494070,0,0.100000,1.000000
116502560,76,0110100001000000010101011100001101000000001000011010111100011100001001100011,116505123,0,0.200000,0.800000
116502561,81,011110100010001100000010101011100001101000000001100110010111110011100111111110011,116503247,0,0.066667,1.000000
116502562,77,01011001000010000001010101110000110100000000100001001010111000110011100111011,116503247,0,0.066667,1.000000
116502563,77,10101100100011000001010101110000110100000000110001001010111100110011100111001,116481604,0,0.100000,1.000000
116502564,77,00110010000100000010101011100001101011000001000010010101110001100111001110011,116490318,0,0.046667,0.700000
116502565,79,0111100000001101000010101011100001101000000001110010001101101000011010010010111,116495377,0,0.066667,1.000000
116502566,79,0011000010011000100101010111000011010000000010001011011010110101101001100111001,116505117,0,0.053333,0.700000
116502567,79,0011000010011000100101010111000011010000000010001011011010110101101001100111001,116490318,0,0.053333,0.800000
116502568,75,101110111000000101010111000011010000000010000101101110001110010100110001111,116495379,0,0.040000,1.000000
116502570,82,0011010001000110100001010101110000110100000000110101001111111010000111000001011101,116506709,0,0.024000,0.600000
116502571,88,0011001000001111110000010101011100001101000000001000100111110101100001111011001110011000,116495379,0,0.032000,0.800000
116502572,72,010100101100100010101011101001101000000001000011010101100011001010011101,116495379,0,0.040000,1.000000
116502574,79,1010110010000100000010101011100001101000000001000010010101110001100111011110011,116495380,0,0.066667,1.000000
116502575,75,001101011101000010101011100001101000000001000011010110100011101001001100111,116495383,0,0.100000,1.000000
116502576,74,11110111001001101010111000011010000000010010101101111000010001100110001111,116495383,0,0.100000,1.000000
116502577,73,1001010011000000010101110000110100000000100001101011110001110000100110001,116495384,0,0.066667,1.000000
116502578,74,10101001100000010001011100001101000000001000011010111100011100001001100011,116495384,0,0.066667,1.000000
116502579,83,00110100110101101000010101011100000101000000001100010011111110100001111001001001101,116495385,0,0.200000,1.000000
116502580,80,01111011001001111000001010101100000110100000000100011001011111000110011100111001,116495385,0,0.200000,1.000000
116502581,75,101110011000000101010111000011010000000010000101101110001110010100110001111,116495385,0,0.200000,1.000000
116502582,80,01111011001001111000001010101100000110100000000100011001011111000110011100111001,116495385,0,0.200000,1.000000
116502583,75,101110011000000101010111000011010000000010000101101110001110010100110001111,116495385,0,0.200000,1.000000
116502584,78,010110010001000000110101011100011101000000001100000101111000011001111111010100,116495385,0,0.200000,1.000000
116502585,74,01101011101001010101011100001101000000001000011010110100011101001000100111,116496900,0,0.066667,1.000000
116502586,79,0111100000001101000010101011100001101000000001110010011101101000011010010010111,116496900,0,0.066667,1.000000
116502587,77,11111011100000010101011100001101000000001000000110111100011100101001101011111,116496900,0,0.066667,1.000000
116502588,82,1010000101001100000111010111000011010000000010001001111101011000111100110011110101,116496900,0,0.066667,1.000000
116502589,79,0111100000001101000010101011100001101000000001110010011101101000111010010010111,116496900,0,0.066667,1.000000
116502590,86,01110111101000000100001010101110000110100000000110111101001010101100011001110001111100,116496900,0,0.066667,1.000000
116502591,77,11010001000110100001010101110000110100010000100001001011111000110111000111001,116496900,0,0.066667,1.000000
116502592,74,00011010111010001111010111000011010001000010000100101111001101011100110000,116496900,0,0.066667,1.000000
116502593,86,01110111101000000100001010101110000110100000000110111101001010101100011001110001111100,116496900,0,0.066667,1.000000
116502594,86,01110111101000000100001110101110000110100000000110111101011010101100011001110001110100,116496900,0,0.053333,0.800000
116502595,77,01001001100010100000101010111000011010000000001000100110111010000111101011011,116496900,0,0.066667,1.000000
116502596,81,010010001000110100001010101110000110100000000110001001111111010000111100000101110,116496901,0,0.200000,1.000000
116502597,80,01001011101000110000001010101110000110100000000110011001011111000010011000011001,116496901,0,0.200000,1.000000
116502598,86,00110010010011111100100101010111000011010000000010001001111101011000011110110011100100,116503233,0,0.070000,0.700000
116502599,80,01001001100010010001101010111000011010000000001001100110111101000011010100101110,116496901,0,0.200000,1.000000
116502600,72,010100101100000010101011101001101000000001000011010111100011001010011101,116503233,0,0.070000,0.700000
116502601,74,11111011100000010101011100001101000000001000010110111100011100110011010111,116496901,0,0.200000,1.000000
116502602,75,001101111101000010101011100001101100000001000011010110100010010010011001111,116496901,0,0.140000,0.700000
116502603,84,111001000001011100000110101011100001101000000001000100111111101100011010011000110010,116490325,0,0.046667,0.700000
116502604,77,11011001000110000001010101110000100100000000100001000011101001100101000111101,116496902,0,0.140000,0.700000
116502605,80,11001001100010010000101010111000011010000000011100100111111101000111111010001110,116496902,0,0.200000,1.000000
116502606,75,101110111000000101010111000011010000000010000111101110001010010100111001111,116496903,0,0.022857,0.800000
116502607,75,001101011101000010101011100001101000000001000011010110100011101001001100111,116496903,0,0.028571,1.000000
116502608,78,001011000101000000010101011100001101010000001100010010101110011100110011100010,116496903,0,0.028571,1.000000
116502609,76,1010100110001001010101110000110100100000100001101011110001110000100110001111,116496903,0,0.028571,1.000000
116502610,73,1110111000000101000111000011010000000010000101101111000101000010011000101,116496903,0,0.028571,1.000000
116502611,80,01101000100011010000101010111000011010000000011000100111111010000111100100101110,116496903,0,0.028571,1.000000
116502612,77,10110100001100000010101011100001101000000001000011010111100011100001001100011,116496903,0,0.028571,1.000000
116502613,81,011010001000110100001010101110000110101000000110001001111111010000111100000101110,116496903,0,0.028571,1.000000
116502614,78,011110110010011110000110101011000001101100000001000110010111110001001110011100,116496903,0,0.028571,1.000000
116502615,80,01101000100011010000101010111000011010000000011000100111111010000111100100101110,116496903,0,0.028571,1.000000
116502616,79,0011000010011000000101010111000011010000000010001011011010110101101001100111001,116496903,0,0.028571,1.000000
116502617,75,101100110011000000101010111000011010000001010000100101110100010111000111011,116490325,0,0.046667,0.700000
116502619,75,101100110011000000101010111000011010000001010000100101110100010111000111011,116496904,0,0.066667,1.000000
116502620,77,01001001100010100000101010111000011010000000001000100110111010000111101011011,116490325,0,0.046667,0.700000
116502621,77,10101100100011000001010101110000110100000000110001001010111100110011100111001,116496902,0,0.160000,0.800000
116502623,75,001101011101000010101011100001101000000001000011011110100011101001001100111,116496902,0,0.160000,0.800000
116502624,79,0110100010001101000010101011100001101000000011000100111111101000011110000010111,116506701,0,0.060000,0.600000
116502625,79,1110110010000110000010101011100001100000000011100010010101100001100111001110011,116496902,0,0.120000,0.600000
116502626,88,0011001000001111110000010101011100001101000000001000100111110100100001111011001110011000,116496905,0,0.050000,1.000000
116502627,81,010010011000100100001010101110000110100000000111001001111111010000111110100101110,116496906,0,0.100000,1.000000
116502628,80,01001011101000110000001010101110000110100000000110011001011111000010011000011001,116492270,0,0.060000,0.600000
116502629,78,010110010001100000110101011100001101000000101101000101111000011001111101010100,116496908,0,0.066667,1.000000
116502630,79,0110110010001100000010101011100001101000000001000010101111010001010111101010010,116495382,0,0.066667,0.700000
116502631,82,0110100011001101000110101011100001101000000001110010011111111100001100000010111010,116495382,0,0.066667,0.600000
116502632,79,0110110010001100000010101011100001101000000001000010101111010001010111101010010,116496908,0,0.066667,1.000000
116502633,81,011010001000111100001011101110000111100000000110001001111111010000111100001011001,116496908,0,0.066667,1.000000
116502634,79,0111100000001101000010101011100001101000000001110010011101101000011010010010111,116496908,0,0.066667,1.000000
116502635,77,11011001000110001011010101110000110100000010100001001111101010100111000111001,116496908,0,0.066667,1.000000
116502636,72,011010111010000101010111000011010000000010000110101010001110100100110011,116495382,0,0.066667,0.700000
116502637,79,0111100000001101000010101011100001101000000001110010011101101000011010010010111,116496908,0,0.066667,1.000000
116502638,74,10101001100000010101011100001101000000001000011010111100011100001001100011,116492276,0,0.032000,0.800000
116502639,78,110111010001100000010101011100001101000000001100010101111110001000111101110010,116496910,0,0.200000,1.000000
116502640,78,000111100101100000010101011100001101000000001100110011111110000100110000110010,116496910,0,0.160000,0.800000
116502641,80,01101000100011010000101010111000011110000000011001001111111000000111000000001110,116471674,0,0.070000,0.700000
116502642,74,00111010111010001101010111000011010000000010100100101111101111011000110100,116503233,0,0.070000,0.700000
116502643,73,1101011100000101010111100011010000000010000100101111100111001010110000110,116471674,0,0.070000,0.700000
116502644,76,1011110010110000001010101110000110100000001100110010111110000100110000110010,116496910,0,0.200000,1.000000
116502645,74,00111010111010001101010111000011010000000010100100101111101111011000110100,116496910,0,0.200000,1.000000
116502646,72,011010111010000101010111000011010000000010000110101010001110100100110011,116496910,0,0.200000,1.000000
116502647,77,10011011111010000101010111000011011000000010000110101101000110010010011001111,116496910,0,0.200000,1.000000
116502648,75,001101011101000010101011100001101010000001000011010110100011101001001100111,116496910,0,0.200000,1.000000
116502649,87,011101111010000001000010101011100001101000000001001111010110101011000110011100011111000,116503233,0,0.080000,0.800000
116502650,80,01101000100011010000100010111000011010000001011001001011111000000111100100101110,116496910,0,0.200000,1.000000
116502651,79,1111001100011000000101010111000011010000000011000000111111100011001100011000111,116503233,0,0.080000,0.800000
116502652,81,101111000100001010000101010111000011010000000011100100111011010000110100000101111,116496910,0,0.200000,1.000000
116502653,79,0111100000001101000010101011100001101000000001110010011101101000011010010010111,116496910,0,0.200000,1.000000
116502654,82,0011010001000110100001010101110000110100000000110001011111111010000111100000101110,116496910,0,0.200000,1.000000
116502655,80,01101000100011010000101010111000011110000000011001001111111000000111000000001110,116471674,0,0.070000,0.700000
116502656,75,011101001100000010101011100001101000000001000011010111101011100001001101011,116503233,0,0.080000,0.800000
116502657,87,011101111010000001000010101011100001101000000001001111010110101011000110011100011111000,116496910,0,0.200000,1.000000
116502658,72,011010111010000101010111000011010000000010000110101010001110100100110011,116496910,0,0.200000,1.000000
116502659,82,0011110100010001100000010101011100001101000000001100110010111110011100111111110011,116496912,0,0.100000,1.000000
116502660,78,011011001000110000101010101110000110110000000110101001011101000000111000111001,116496912,0,0.100000,1.000000
116502661,87,011101111010000001000010101111100001101000000001101111010110101001000110011100011111000,116496913,0,0.200000,1.000000
116502662,76,1110100001100000010101011100001101000000001000011010111000011100001010100011,116496913,0,0.200000,1.000000
116502663,79,0100100110001001000010101011100001101000000001100110011111110100001111010010111,116486646,0,0.100000,0.700000
116502664,81,011010001000110100001010101110000110100000000110001001111111010000111100000101110,116498401,0,0.100000,1.000000
116502665,79,0011000010011000000101010111000011010000000010001011011010110101101000100110001,116498401,0,0.100000,1.000000
116502666,79,0100100110001001000010101011100001101000000001101110011011110100101111010010111,116498402,0,0.050000,1.000000
116502667,83,00011010001000110100001010101110000110100000000110001001111111010000111100100101110,116498402,0,0.050000,1.000000
116502668,82,0110100011001101000110101011100011101000000001110010011111111100001100000010111010,116498402,0,0.050000,1.000000
116502669,82,1101110100010001001000010101011100001101000000001000100111011000000011100100000111,116498402,0,0.050000,1.000000
116502670,82,0011010001000110100001010101110000110100100000110101001111111010000111000001011101,116498402,0,0.050000,1.000000
116502671,76,1111101110000001010100110000110100000000100001010011110001110011100110001111,116498402,0,0.050000,1.000000
116502672,82,0011010001000110100001010101110000110100000000110001011111111010000111100000101110,116498402,0,0.050000,1.000000
116502673,75,111010111000001010101111000110100000000100001001011111001110010101100001100,116498403,0,0.200000,1.000000
116502674,75,101010011000000101010011000011010000000010000110101111000111000010011000111,116498403,0,0.200000,1.000000
116502677,79,0101100101010000000101010111000001010001100011100100101111100011001110011111110,116498406,0,0.100000,1.000000
116502678,76,1000110010000100000101010111000011010000000011000100101011100011001110111001,116461655,0,0.100000,1.000000
116502679,79,0011000010011000000101010111000011010000000010001011011010110101101001100111001,116485003,0,0.030000,0.600000
116502680,74,00111010111010001101010111000011010000000010100100101111101111011000110100,116501522,0,0.032000,0.800000
116502681,79,1101000110011010000101010111000010010000000011000100111111010000111000000101110,116485003,0,0.030000,0.600000
116502682,74,10101001100000010100011100001101000000001000011010111100011100001001100011,116501522,0,0.032000,0.800000
116502683,88,0011001000001110110000010111011100101101000000001000100111110101101001110011001110011010,116490316,0,0.040000,0.700000
116502684,78,110101100100001000000101010111000011010000000011000100101010000110011100111001,116498407,0,0.040000,1.000000
116502685,83,11001000001011100000110101011100001101000000001010100111110101100011010011000110000,116501522,0,0.032000,0.800000
116502686,75,101110011000000101010111000011010000000010000101101110001110010100110001111,116485003,0,0.030000,0.600000
116502687,79,1101000110011010000101010111000010010000000011000100111111010000111000000101110,116488550,0,0.035000,0.700000
116502688,79,0111100000001101000010101011100001101000000001110010011101101000011010010010111,116468455,0,0.053333,0.800000
116502689,70,1010111010000111010111000011010000000011000110101011010110010100111111,116468455,0,0.030000,0.700000
116502690,83,01011010001000010100001010101110000111100000000110001001111111100100111000100101110,116490316,0,0.040000,0.800000
116502691,74,10101001100000010101011100001101000000001000011010111100011100001001100011,116485003,0,0.030000,0.600000
116502692,79,0111100000001101000010101011100001101000000001110010001101101000011010010010111,116498407,0,0.040000,1.000000
116502693,78,110101100100001000000101010111000011010000000011000100101010000110011100111001,116498407,0,0.040000,1.000000
116502694,78,101011101000111000001110101111000110100000000110011001111110000100110001110010,116498407,0,0.040000,1.000000
116502695,70,1010111010000111010111000011010000000011000110101011010110010100111111,116468455,0,0.046667,0.700000
116502696,74,10101001100000010101011100001101000000001000011010111100011100001001100011,116498407,0,0.032000,0.800000
116502697,83,00011010101000110100001010101110000110100000000110001001111111010000111100100101110,116498407,0,0.040000,1.000000
116502698,75,101110011000000101010111000011010000000010000101101110001110010100110001111,116498407,0,0.040000,1.000000
116502699,75,101110111000000101010111000011010000000000000101101110001110010100110001111,116486627,0,0.030000,0.600000
116502700,76,0111101110000001010101010000010100000000100001011011100001110011100100001111,116498408,0,0.100000,1.000000
116502701,75,101110111000000101000111000011010000000010000101101110001110010100110001111,116492273,0,0.046667,0.700000
116502702,75,101110111000000101010111000011010000000000000101101110001110010100110001111,116492273,0,0.046667,0.700000
116502703,74,10101001100000010101010100001101000000001000011010111100011100001001100011,116486627,0,0.030000,0.600000
116502704,78,110100010001101000010101011100001101000000001000010010111110001101110001100011,116498409,0,0.200000,1.000000
116502705,77,10101100100011000001010101110000110100000000110001001010111100110011100111001,116498409,0,0.200000,1.000000
116502706,79,0110100010001101000010101011100001101000000011000100111111101010011110000010111,116498409,0,0.200000,1.000000
116502707,77,10101100100011000001010101110000110100000000110001001010111100110011100111001,116498409,0,0.200000,1.000000
116502708,79,1010110010100100000010101011100001101000000001000010010101110001100111001110011,116498409,0,0.200000,1.000000
116502709,77,11001001010110000001000101110000110100000000100001001011111000110011000010010,116498409,0,0.200000,1.000000
116502710,79,0110100010001101000010101011100001101000000011000100111111101010011110000010111,116492290,0,0.070000,0.700000
116502711,74,11101000011000000101010111000011010000000010000110101110000111000001110001,116498409,0,0.200000,1.000000
116502712,78,001011000101010000010101011100001101000000001100010010110110011100110011100010,116498409,0,0.200000,1.000000
116502713,76,0111110010110000001010101010000110000000000110011001011111000010011000011001,116492290,0,0.080000,0.800000
116502714,79,0110100010001101000010101011100001101000000011000100111111101010011110000010111,116492290,0,0.070000,0.700000
116502715,78,110100010001101000010101011100001101000000001000010010111110001101110001100011,116498409,0,0.200000,1.000000
116502716,79,0110101010001101000010101011100001101000100001100100111110011000111110010110111,116498409,0,0.200000,1.000000
116502717,78,110100010001101000010101011100001101000000001000010010111110001101110001100011,116498409,0,0.200000,1.000000
116502718,78,110110010001100000010101011100001101000000001000010101111010001000111101110010,116498409,0,0.200000,1.000000
116502719,80,01111010001001110000001010101110000110100000000110011001011111001010011111111001,116498409,0,0.200000,1.000000
116502720,79,0111100000001101000010101011100001101000000001110010001101101000011010010010111,116498409,0,0.200000,1.000000
116502721,81,001010001000110100001010101110001110100000000110001001111111010000111110000101110,116498409,0,0.200000,1.000000
116502722,81,101111000100011000001010101110000110100000000111000001111111010100111000001111101,116490323,0,0.053333,0.800000
116502723,81,011010001000110100001010101110000110100000000110001001111111010000111000000101110,116490323,0,0.053333,0.800000
116502724,77,01011001100110000001010001110100110100000000100001001011101000101110001110110,116498410,0,0.100000,1.000000
116502725,77,01011001100110000001010001110100110100000000100001001011101000101110001110110,116498410,0,0.100000,1.000000
116502726,75,101100100011000111010101110000110100000010100001001111101010100111000111001,116503240,0,0.040000,0.600000
116502727,80,01110100000001101000000101011100001101000000001110010011111110100001110010010111,116498410,0,0.100000,1.000000
116502728,78,011011001000110000101010101110000110110000000110101001011101000000111000111001,116498410,0,0.100000,1.000000
116502729,80,01110100000001101000000101011100001101000000001110010011111110100001110010010111,116498410,0,0.100000,1.000000
116502730,82,0110101010001001000010101011100001101000100001101010011111010100011011001001011101,116498410,0,0.100000,1.000000
116502731,77,11010001000110100001010101110000110100000000100001001011111000110111000111001,116498410,0,0.100000,1.000000
116502732,79,1010110010000100000010101011100001101000000001000010010101110001100111001110011,116498410,0,0.100000,1.000000
116502733,75,101100100011000111010101110000110100000010100001001111101010100111000111001,116498410,0,0.100000,1.000000
116502734,81,101111000100011000001010101110000110100000000111000001111111010100111000001111101,116498410,0,0.100000,1.000000
116502735,77,01010001000110100001010101110000110100000000100001001011111000110111000111001,116498410,0,0.080000,0.800000
116502736,79,1010110010000100000010101011100001101000000001000010010101110001100111001110011,116498410,0,0.100000,1.000000
116502737,81,011010001000110100001010101110000110100000000110001001111111010000111000000101110,116498410,0,0.100000,1.000000
116502738,83,01011010001000110100001010101110000110110000000110001001111111010000111100100101110,116498410,0,0.100000,1.000000
116502739,77,01011001100110000001010001110100110100000000100001001011101000101110001110110,116498410,0,0.100000,1.000000
116502740,77,01011001100110000001010001110100110100000000100001001011101000101110001110110,116498410,0,0.100000,1.000000
116502741,78,011011001000110000101010101110000110110000000110101001011101000000111000111001,116498410,0,0.100000,1.000000
116502742,81,101111000100011000001010101110000110100000000111000001111111010100111000001111101,116498410,0,0.100000,1.000000
116502743,75,101100100011000111010101110000110100000010100001001111101010100111000111001,116498410,0,0.100000,1.000000
116502744,79,1101011101110100001010101100001110100000000101001100011100010110010100110101100,116490323,0,0.040000,0.600000
116502745,83,01011010001000110100001010101110000110110000000110001001111111010000111100100101110,116498410,0,0.100000,1.000000
116502746,66,010111001001010101110000110100000000110001101010100011001110011110,116498411,0,0.200000,1.000000
116502747,75,101110111000000101000111000011010000000010000101101110001110010100110001111,116498411,0,0.200000,1.000000
116502748,77,01011000101000000010111011100001101001000001101010010111110001100111011100001,116498411,0,0.200000,1.000000
116502750,76,1110100001100000010101011100001101000000001000011010111000011100001011100111,116498411,0,0.200000,1.000000
116502751,74,01111011101000010101011100001111000000001000111010110100011101001001100111,116475188,0,0.046667,0.700000
116502752,75,001101011101000010101011100001101000000001000011011110100011101001001100111,116501528,0,0.200000,1.000000
116502753,79,1101100101011000000101010111000011010000000011000000101111100011101101011100110,116475188,0,0.053333,0.800000
116502754,79,1101100101011000000101010111000011010000000011000000101111100011101101011100110,116498411,0,0.200000,1.000000
116502755,66,010111001001010101110000110100000000110001101010100011001110011110,116501528,0,0.200000,0.800000
116502756,81,011110100010001100000010101011100001101000000001100110010111110011100111111110011,116481607,0,0.066667,1.000000
116502757,83,01011010000000110100001010101110000110100000000110001001101111000000011100100101110,116498412,0,0.066667,1.000000
116502758,81,011010001000110100001010101110000110100000000110001001111111010000111000000101110,116498412,0,0.066667,1.000000
116502759,80,11100100101011000000101010111000011010000000011000100101111100011000100011100100,116481607,0,0.066667,1.000000
116502760,75,110110001100000010101011100001101000000001000011011111100011000001001100001,116498413,0,0.100000,1.000000
116502761,76,0110100001100000010101011100001101000000001000011010111100011100001001100011,116498413,0,0.100000,1.000000
116502762,83,10111100010001101000010101011100001101000000001100010011111110100000111001001011101,116498413,0,0.100000,1.000000
116502763,84,011001000001111110000010101011000001101000000001000100111110101000011110110011100110,116498413,0,0.100000,1.000000
116502764,79,0111100000001101000010101011100001101000000001110010111101101000011010010110111,116498413,0,0.100000,1.000000
116502765,81,011010001000110100001010101010000110100000000110001001111111010000111100000101110,116498413,0,0.100000,1.000000
116502766,77,11011001000110000001010101110000100100000000100001000011101001100101000111101,116498413,0,0.100000,1.000000
116502767,75,110101111000001010101110010110100000000100001001011110001110010100110001111,116498413,0,0.100000,1.000000
116502768,82,1011010001000110100001010101110000110100000000110001001111110010000111100100101110,116498413,0,0.100000,1.000000
116502769,77,10010011000100100001010101110000110100000000111010011111110100001111101000111,116498413,0,0.100000,1.000000
116502770,78,110100010001000000010101011100001101000000001100010111111110001010111101110010,116498413,0,0.100000,1.000000
116502771,75,101010011000000101010111000011010000000010000110101111000101000010011000111,116498413,0,0.100000,1.000000
116502772,74,11010011000001010101111000110100000000100001001011111001110000101000001100,116498413,0,0.100000,1.000000
116502773,74,10101001100100010101011100001101000000001000011010111100011100001101100011,116498413,0,0.100000,1.000000
116502774,79,0111100000001101000010101011100001101000000001110010011101101000110010010010111,116498413,0,0.100000,1.000000
116502775,75,111101110000001010101110000110100100000100001111011110001110011100110011111,116498414,0,0.032680,1.000000
116502776,82,0110100011001101000110101011100001101000000001110010011111111100001100000010111010,116500005,0,0.022857,0.800000
116502777,78,001011000101000000010101011100001101010000001100010010101110011100110011100010,116498415,0,0.028571,1.000000
116502778,75,111101110000001010101110000110100000000100010110111100011100101001101011111,116498415,0,0.028571,1.000000
116502779,75,101110011000000101010111000011010000000010000101101110001110010100110001111,116498415,0,0.028571,1.000000
116502780,79,0101100000001101000010101011100001101000000001110010011101101000011010010010111,116498416,0,0.100000,1.000000
116502781,83,10110100010101101000010101011100001101000000001100110011111110100001111000001001100,116498416,0,0.100000,1.000000
116502782,88,0011001000001111110000010101011100001101000000001000100111110101100001111011001110011000,116498416,0,0.100000,1.000000
116502783,76,1011110010110000001010101110000110100000001100110010111110000100110000110010,116498416,0,0.100000,1.000000
116502784,77,11111011100000010101011100001101000001001000010110111100011100101001101011111,116498417,0,0.100000,1.000000
116502785,79,0100100110001001000010101011100001101000000001100110011111110100001111010010111,116498417,0,0.100000,1.000000
116502786,80,01101000100010000001010101110000110100000000111000001111111010000111000001011101,116488561,0,0.060000,0.600000
116502787,78,011110110010011110000010101011000011010000000010001100101111100011001110011100,116488561,0,0.040000,0.400000
116502788,77,01011001100110000001010101110100110100000000100001001011101000101110001110110,116498418,0,0.200000,1.000000
116502790,82,1111000001000100000101010111000010010000000010001001111101011001111100110011110101,116498418,0,0.200000,1.000000
116502792,79,1000110010000100000010101011100001101000000011000010010101110001100111001110011,116498418,0,0.200000,1.000000
116502793,75,101110111000010101000111000011010000000010000101101110001110010100110001111,116498418,0,0.200000,1.000000
116502794,81,011010001000110100001010101110000110100000000110001001111111010000111100000111110,116498418,0,0.200000,1.000000
116502795,80,01111010001001110000001010101110000110110000000110011101011111001110011111110101,116498418,0,0.200000,1.000000
116502796,79,1011011001000110000101010101110000110110000000110101001011101000000111000111001,116498418,0,0.200000,1.000000
116502798,79,1111000010011010000101010111000011010000000011000100101111010000111100000101110,116498418,0,0.200000,1.000000
116502799,82,0110100011001101000110101011100001101000000001110010011111111100001100000010111010,116498418,0,0.200000,1.000000
116502800,77,01011001000100000011010101110000110100000000110000010111100101100111111101010,116498418,0,0.200000,1.000000
116502801,79,1000110010000100000010101011100001101000010011000010010101110001100111001110011,116498418,0,0.200000,1.000000
116502802,77,11011001000110000011010101110000110100000100111001001011101000100011000111001,116498418,0,0.200000,1.000000
116502803,74,10101001100000010101011100001101000000001000011010111101011100001001100011,116498419,0,0.100000,1.000000
116502804,82,1010000101001100000101010111000011010000000010001001111101011000111100110011110101,116498419,0,0.100000,1.000000
116502805,77,01111100101100000010101011100001101000000001100110010111110000100110000110010,116498419,0,0.100000,1.000000
116502806,78,001011000101000000010101011100001101000000001100010010101110011100110011100010,116498419,0,0.100000,1.000000
116502807,75,101110111000000101010111000011010000000010000101101110001110010101110001111,116503237,0,0.050000,0.600000
116502808,81,011010001000110100001010101110000110100000000110001001111111010000111100000101110,116503237,0,0.050000,0.600000
116502809,81,011010001000110100001010101110000110100000000110001001111111010000111100000101110,116503237,0,0.050000,0.600000
116502810,80,01101000100001010000101010111000011010000000011001001011111000000111100100101110,116498420,0,0.050000,1.000000
116502811,74,00111010111010001101010111000011010000000010100100111011101111011100110100,116503237,0,0.050000,0.700000
116502812,77,01011001100110000001010101110000110100000000100001001011101000101110001110110,116498420,0,0.050000,1.000000
116502813,75,111101110000001010101110000111100000000100001010011110001110011100110001111,116498420,0,0.050000,1.000000
116502814,83,01011010001000110100001010101110000110110000000110001001111111010000111100100101110,116499997,0,0.066667,1.000000
116502815,82,0110101010001001000010101011100001101000100001101010011111010100011011001001011101,116499997,0,0.066667,1.000000
116502816,86,00110010000011111000000101010101000011010000000010001001111101011000011110110011100110,116499997,0,0.066667,1.000000
116502817,82,0110101010001001000010101011100001101000100001101010011111010100011011001001011101,116499997,0,0.066667,1.000000
116502818,76,1110100001100000010101011100001101000000001000011010111000011100001011100011,116499997,0,0.066667,1.000000
116502819,70,1000111010000101010111000011010000000011000010101111000110011100111101,116499997,0,0.066667,1.000000
116502820,86,00110010000011111000000101010101000011010000000010001001111101011000011110110011100110,116499997,0,0.066667,1.000000
116502821,81,011010001000110101001010101110000110100000000110001001111111010000111000001101110,116499997,0,0.066667,1.000000
116502822,70,1000111010000101010111000011010000000011000010101111000110011100111101,116499997,0,0.066667,1.000000
116502823,72,011110111010000101010111100011010000000010000110011010011110100100110011,116499997,0,0.066667,1.000000
116502824,82,0110101010001001000010101011100001101000100001101010011111010100011011001001011101,116499997,0,0.066667,1.000000
116502825,76,1110100001100000010101011100001101000000001000011010111000011100001011100011,116499997,0,0.066667,1.000000
116502826,70,0101011000000101010111000011011000000010000110101101000110010000110001,116499997,0,0.066667,1.000000
116502827,74,10101001100000010101011100001101000000001000011010111101011100001001101011,116499997,0,0.066667,1.000000
116502828,74,10101001100000010101011100001101000000001000011010111101011100001001101011,116499997,0,0.066667,1.000000
116502829,74,10101001100000010101011100001101000000001000011010111101011100001001101011,116499997,0,0.066667,1.000000
116502830,70,0101011000000101010111000011011000000010000110101101000110010000110001,116499997,0,0.066667,1.000000
116502831,76,1110110001100000010101111100001101000000001000011010111000011100001011100011,116499997,0,0.066667,1.000000
116502832,70,0101011000000101010111000011010000000110000110101101000110010000110001,116499998,0,0.100000,1.000000
116502833,78,000001001101000000010101011100101101000000001100011010111110001100011011110010,116499998,0,0.100000,1.000000
116502834,76,1010110010000100000101010111000011010000000011000100101011100011001110111001,116500000,0,0.100000,1.000000
116502835,70,1000111010000101010111000011010000000011000010101111000110011100111101,116500000,0,0.100000,1.000000
116502836,81,011010001000110100001010101110000110101000000110001001111111110000111100000101110,116500000,0,0.100000,1.000000
116502837,70,1000111010000101010111000011010000000011000010101111000110010100111101,116500000,0,0.100000,1.000000
116502838,81,011010001000110100001010101110000110100000000110001001111111010000111100000101110,116500000,0,0.100000,1.000000
116502839,73,1101011100000101010111100011010000000010000100101111100111001010110000110,116500000,0,0.100000,1.000000
116502840,77,10101100100011100001010101110000110100000000110001001010111100110011100111001,116500000,0,0.100000,1.000000
116502841,79,1101000100011010000100101110000110100000000110001001111111010000111100000101110,116500000,0,0.100000,1.000000
116502842,76,1110100001100000010101011100001101000000001000011000111000011100001011100011,116500001,0,0.100000,1.000000
116502843,76,1110100001100000010101011100001101000000001000011000111000011100001011100011,116500001,0,0.100000,1.000000
116502844,76,1111101110000001010101110000110100000100100001010011110001110011100110001111,116500001,0,0.100000,1.000000
116502845,80,01111010001000110000001010101110000110100000000100011001011111001110011111111001,116500001,0,0.100000,1.000000
116502846,78,010001001010110000001010101110000110100000001100010010101110001000111001110001,116500003,0,0.200000,1.000000
116502847,70,0101011101000010001011100001101000000011000010101111000110001100111111,116500003,0,0.200000,1.000000
116502848,77,11110100001100000010101011100001101000000001000011010111000011100001011100011,116500003,0,0.200000,1.000000
116502849,70,0101011101000010001011100001101000000011000010101111000110001100111111,116500003,0,0.200000,1.000000
116502850,79,0100100110001001000010101011100001101000000001100110011111110100001111010010111,116498415,0,0.022857,0.800000
116502851,82,0111100010001101000010101011100001101000000001100010011111110100001111001001011101,116498415,0,0.022857,0.800000
116502852,79,0100100110001001000010101011100001101000000001100110011111110100001111010010111,116500005,0,0.028571,1.000000
116502853,79,0101100101010000000101010111000001010001100011100100101111100011001110011111110,116500006,0,0.200000,1.000000
116502854,77,01011000101000000010111011100001101001000001101010010111110001100111011100001,116500006,0,0.200000,1.000000
116502855,80,01110100000000101000010101011100001101000000001110010011111110100001110010010111,116500006,0,0.200000,1.000000
116502859,79,1110110010000110000010101011100001100000000011100010010101100001100111001110011,116500006,0,0.200000,1.000000
116502861,79,0011110000001101000010101011100001100000000001110010011101101000011010010010001,116500006,0,0.200000,1.000000
116502863,75,000011010111010001111010111000011010001000010000100101111001101011100110000,116500006,0,0.200000,1.000000
116502865,75,110101010000100010010101011100001101000000001100110010011100001000110111011,116500008,0,0.200000,1.000000
116502866,75,110101010000100010010101011100001101000000001100110010011100001000110111011,116500008,0,0.200000,1.000000
116502867,80,11100100101011000000101010111000011010000000011000100101111100011000100011100100,116500008,0,0.200000,1.000000
116502868,79,0100100110001001000010101011100001101000000001100110011011110100001111010010111,116500008,0,0.200000,1.000000
116502869,78,111010010101100000010101011100001101000000001100010010111110001100100011101100,116500008,0,0.200000,1.000000
116502870,75,110101010000100010010101011100001101000000001100110010011100001000110111011,116503236,0,0.200000,0.800000
116502871,75,110101010000100010010101011100001101000000001100110010011100001000110111011,116500008,0,0.200000,1.000000
116502872,78,001011101010110000001010101110000111100000000010011001011110000010011000111001,116503236,0,0.200000,0.700000
116502873,79,0101100000001101000010101011100001101000000001110010011101101000011010010010111,116500008,0,0.200000,1.000000
116502874,79,0101100000001101000010101011100001101000000001110010011101101000011010010010111,116500008,0,0.200000,1.000000
116502875,70,1010111010000111010111000011010000000011000110101011010110010100111111,116503236,0,0.200000,0.800000
116502876,78,111010010101100000010101011100001101000000001100010010111110001100100011101100,116500008,0,0.200000,1.000000
116502877,78,001111100010110010001010101110000110100000000110011001011111000011011000111001,116500008,0,0.200000,1.000000
116502878,78,001111100010110010001010101110000110100000000110011001011111000011011000111001,116500008,0,0.200000,1.000000
116502879,75,110101010000100010010101011100001101000000001100110010011100001000110111011,116500008,0,0.200000,1.000000
116502880,79,0100100110001001000010101011100001101000000001100110011011110100001111010010111,116500008,0,0.200000,1.000000
116502881,70,1010111010000111010111000011010000000011000110101011010110010100111111,116500008,0,0.200000,1.000000
116502882,80,11100100101011000000101010111000011010000000011000100101111100011000100011100100,116503236,0,0.200000,1.000000
116502883,79,0101100000001101000010101011100001101000000001110010011101101000011010010010111,116500008,0,0.200000,1.000000
116502884,76,1101010100001000100101010111000011010000000011001100100111000010001101110110,116500008,0,0.200000,1.000000
116502885,79,0101100000001101000010101011100001101000000001110010011101101000011010010010111,116503236,0,0.200000,1.000000
116502886,82,1001000001001100000010101011100001101000000001000100111110101001011010011001110011,116481600,0,0.066667,1.000000
116502887,81,010010011000000100001010101110000110100000000111001001111111010000111110100101110,116498401,0,0.100000,1.000000
116502888,79,1010110010000100000010101011100001101000000001000010010101110001100111010110011,116500010,0,0.100000,1.000000
116502889,80,01110100010001101000010101011100001101000000001100010011111110100001110010010111,116500010,0,0.100000,1.000000
116502890,86,00110010010011111100100101010111000011010000000010001001111101011000011110110011100100,116500010,0,0.100000,1.000000
116502891,75,000110101110100011010101110000110100000000101001001011111011110111001101001,116500010,0,0.100000,1.000000
116502892,81,011010001000110100001010101110000110100000000110001001111111010000111000001011101,116500010,0,0.100000,1.000000
116502893,77,01011001100110000001010101110000110100000000100001001011101000101110001110110,116500010,0,0.100000,1.000000
116502894,79,0011110000001101000010101011100001100000000001110010011101101000011010010010001,116500010,0,0.100000,1.000000
116502895,70,1000111010000101010111000011010000000011000010101111000110011100111101,116500010,0,0.100000,1.000000
116502896,75,101100110011000000101010111000011010000000010000100101110100010111100101011,116500010,0,0.100000,1.000000
116502897,86,00110010000011111100000001010111000011010000000010001001111101011000011110110011100110,116500010,0,0.100000,1.000000
116502898,80,01110100010001101000010101011100001101000000001100010011111110100001110010010111,116500010,0,0.100000,1.000000
116502899,74,00011010111010001101010111000011010000000010000100101111001101011100110000,116500010,0,0.100000,1.000000
116502900,75,101010011000000101010111000011010000000010000110101111000111000011111000111,116500010,0,0.100000,1.000000
116502901,87,011101111010000001000010101011100001101000000001101111010110101011000110011100011111001,116500010,0,0.100000,1.000000
116502902,81,011010001000110100001010101110000110100000000110001001111111010000111100000101110,116500010,0,0.100000,1.000000
116502903,76,1111101110000001010101110000110100000000100001010011110001110011100110001111,116500010,0,0.100000,1.000000
116502904,76,1111101110000001010100110000110100000000100001010011110001110011100110001111,116500010,0,0.100000,1.000000
116502905,74,00011010111010001101010111000011010000000010000100101111001101011100110000,116500010,0,0.100000,1.000000
116502906,82,1101110100010001001000010101011100001101000010001000100111011000000011110100000111,116500012,0,0.100000,1.000000
116502907,82,1101110100010001001000010101011100001101000010001000100111011000000011110100000111,116500012,0,0.100000,1.000000
116502908,80,01110100010001101000010101011100001101000000001100010011111110100001110010010111,116500013,0,0.100000,1.000000
116502909,77,10010011000100100001010101110000110100000000110010011111110100001111010010111,116500013,0,0.100000,1.000000
116502910,79,0110100010001101000010101011100001101010000011000100111111101000011110000010111,116500013,0,0.100000,1.000000
116502911,76,0100010010111000000101010111000011010000000110001001010111000100011100111000,116500013,0,0.000000,0.000000
116502912,79,1101000110011010000101010111000011010000000011000100111111010000111000100101111,116500013,0,0.100000,1.000000
116502913,82,1001000001001100000010101011100001101000000001000100111110101001011010011001110011,116500013,0,0.100000,1.000000
116502914,85,1110111010000001000010101011100001101000000001101111110110101011000110011100011111000,116492279,0,0.053333,0.800000
116502915,85,1110111010000001000010101011100001101000000001101111010110101011000110011100011111000,116500014,0,0.066667,1.000000
116502916,71,11110111000000101010111000011010000000010000101101100011100101001100011,116492279,0,0.053333,0.800000
116502917,80,01101000100010000001010101110000110100000000111000001111111010000111000001011101,116500014,0,0.066667,1.000000
116502918,76,1011011100000010101011000001100000000001000010100111100011100111001100011111,116492279,0,0.053333,0.800000
116502919,85,1110111010000001000010101011100001101000000001101111010110101011000110011100011111000,116500014,0,0.066667,1.000000
116502920,85,1110111010000001000010101011100001101000000001101111010110101011000110011100011111000,116500014,0,0.066667,1.000000
116502921,78,010011001000110000001010101110000110100000001100010010111110001000111001110011,116500014,0,0.066667,1.000000
116502922,81,011110010011100110000010101011100001101000000000100110010111110001100111111110010,116500014,0,0.066667,1.000000
116502923,74,01101011101000010101011100001101000000001000011010110100011101001001100011,116500014,0,0.066667,1.000000
116502924,76,1111101110000001010101110000110100000000100001011011110001110010100110011111,116496900,0,0.053333,1.000000
116502925,82,1011010001000110100001010101110000110100000000110001001111111010000011100000101110,116492279,0,0.053333,0.800000
116502926,81,001110100010001101000010101011100001101000000001100010011111110000001110010010111,116492279,0,0.053333,0.800000
116502927,84,010110000010001000000101010111010011010010000010001000111111011000111100110011010101,116500014,0,0.066667,1.000000
116502928,80,01101000100010000001010101110000110100000000111000001111111010000111000001011101,116500014,0,0.066667,1.000000
116502929,81,011010001000110100001010101110000110100000000110001001111111010000111000001011101,116501513,0,0.066667,1.000000
116502930,82,0110101010001001000010101011100001101000100001101010011111010100011011001001011101,116501513,0,0.066667,1.000000
116502931,79,1101011101110100001010101100001110100000000101001100011100010110010100110101100,116501513,0,0.066667,1.000000
116502932,79,0100100110001001000010101011100001101000000001101110011011110100101111010010111,116501513,0,0.066667,1.000000
116502933,70,1010111010000111010111000011010000000011000010101111010110010100111111,116476984,0,0.050000,0.500000
116502934,84,111011000101011100000010101011100011101000000001000100111110100100011110011001110010,116501513,0,0.040000,0.600000
116502935,74,11110111000000101010111000011010000000010001011011110001110010100110011111,116476984,0,0.050000,0.500000
116502936,76,1110100001100000010101011100001101000000001000011010111000111100001010100011,116501513,0,0.066667,1.000000
116502937,79,1110100101011000000101010111000011010000000011000100101111100011000100011101100,116501513,0,0.040000,0.600000
116502938,77,10101100100011000001010101110000110100000000110001001010111100110011100111001,116501513,0,0.040000,0.600000
116502939,79,1011011001000110000001010101010000110100000000110101001011100000100111001111001,116501513,0,0.033333,0.500000
116502940,80,01111011001011111000001010101100000110100000000100011001011111000110011100111001,116501513,0,0.066667,1.000000
116502941,83,11011000101011100000110101011100001101000000001001100111110101100011110011000110010,116476984,0,0.060000,0.600000
116502942,74,11010111000001010101111000110100000000100001001011111001110010101100001100,116476984,0,0.050000,0.500000
116502943,75,101010111000000101010111000011010000000010000101101110001110010100110001111,116476984,0,0.050000,0.500000
116502944,75,110100001100000000101011100001101000000001000011010111100011100001001100011,116476984,0,0.050000,0.500000
116502945,70,0101011101000010001011100001101000000011000010101111000110001100111111,116476984,0,0.040000,0.400000
116502946,86,00110010010011111100100101010111000011010000000010001001111101011000011110110011100110,116476984,0,0.060000,0.600000
116502947,82,1100100000100110000001010101110000111100001000100010011001010110001101011100011001,116501513,0,0.033333,0.500000
116502948,72,011010111010000101010111000011010000000010000110101010001110100100110011,116501513,0,0.040000,0.600000
116502949,81,110101100100001000000101010111000011010000000010000100101011100011001110011100111,116501513,0,0.040000,0.600000
116502950,77,01011001000100000011010101110000110100000000110000010111100101100111111101010,116501514,0,0.200000,1.000000
116502951,77,01011001000100000011010101110000110100000000110000010111100101100111111101010,116501514,0,0.200000,1.000000
116502952,80,01110100010001101000010101011100001101000000001110010011111110100001110010010111,116501514,0,0.200000,1.000000
116502953,81,010110100000001101000010101011100001101000000011000100110111100000001110010010111,116501514,0,0.200000,1.000000
116502954,77,01011000101000000010111011100001101001000001101010010111110001100111011100001,116484998,0,0.140000,0.700000
116502955,78,010011001000110100001010101110000110100000001100010010111110011000111001110011,116484998,0,0.160000,0.800000
116502956,74,10101001100000010001011100001101000000001000011010111100011100001001100011,116503230,0,0.200000,0.800000
116502957,74,10101001100000010001011100001101000000001000011010111100011100001001100011,116503230,0,0.200000,0.800000
116502958,79,1100100101011000000101010111000011010000000011000110101111100011000100011100100,116501514,0,0.200000,1.000000
116502959,75,101010111000000101010111000011010000000010000101101110001110010100110001111,116475186,0,0.060000,0.600000
116502960,81,001010001000110100001010101110001110100000000110001001111111010000111110000101110,116475186,0,0.060000,0.600000
116502961,80,11110001000110100001010101010000110100000000110001001111111010000111001001011101,116490326,0,0.100000,0.700000
116502962,72,011010111010000101010111000011010000000010000110101010001110100100110011,116475186,0,0.060000,0.600000
116502963,81,011010001000110100001010101110000110100000000110001001111111010000111100000101110,116475186,0,0.060000,0.600000
116502964,79,0111100100001101000010101011100001101000000001110010011101101000011010010010111,116490326,0,0.100000,0.800000
116502965,80,10110101000001101000010101011100001101000100001100100111110011000111110010110111,116475186,0,0.050000,0.500000
116502966,82,0110101010001001000010101011100001101000100001101010011111010100011011001001011101,116501515,0,0.100000,1.000000
116502967,73,1101011100000101010111100011010000000010000100101111100111001010110000110,116490326,0,0.100000,0.700000
116502968,74,10101001000000010101011100001101000000001000011010111101011100001001100111,116490326,0,0.100000,0.800000
116502969,74,10101001000000010101011100001101000000001000011010111101011100001001100111,116501515,0,0.100000,1.000000
116502970,77,01011000101000000010111011100001101001000001101010010111110001100111011100001,116501515,0,0.100000,1.000000
116502971,75,111101110000001010101010010110100000000100001011011110001110011100110001111,116490326,0,0.100000,0.600000
116502972,81,001010001000110100001010101110001110100000000110001001111111010000111110000101110,116501515,0,0.100000,1.000000
116502973,82,0001101010100011000001010101110000110100000000111000001111111010100111000001011101,116501515,0,0.100000,1.000000
116502974,87,100110010000011111100000101010111000011010000000010001001111101011000011110110011100110,116490326,0,0.100000,0.800000
116502975,70,0100011000000101010111000011010000000010000110101101000110010000110001,116501515,0,0.100000,1.000000
116502976,80,10110101000001101000010101011100001101000100001100100111110011000111110010110111,116501515,0,0.100000,1.000000
116502977,75,111101110000001010101010010111100000000100001011011110001110011100110001111,116475186,0,0.040000,0.400000
116502978,73,1111011100000010101011100001101000000001110010110111000111001010011000111,116475186,0,0.060000,0.600000
116502979,80,01101000100011010000101010111000011110000000011001001111111000000111000100001110,116501515,0,0.100000,1.000000
116502980,74,00111010111010001101010111000011010000000010100100111011101111011100110100,116501516,0,0.100000,1.000000
116502981,77,10011011111010000101010111000011011000000010000110101101000110010010011001111,116501516,0,0.100000,1.000000
116502982,72,011010111010000101010111000011010000000010000110101010001110100100110011,116501516,0,0.100000,1.000000
116502983,78,010011001000110000001010101110000110100000001100010010111110001000111001110011,116501516,0,0.100000,1.000000
116502984,71,11110110000001010101110000110100000000100001011011100011100101000100011,116501516,0,0.100000,1.000000
116502987,77,01111101110000001010101110010110100000000100001011011110001110010100110101111,116501516,0,0.100000,1.000000
116502988,78,011011001000110000001010101110000110100000000110101001011101000100111000111001,116501516,0,0.100000,1.000000
116502989,81,011010001010110100001010101110000110100000000110001001110111110000111000000101110,116501516,0,0.100000,1.000000
116502990,80,01101000100001010000101010111100011010000000011001001111111000000111101100001110,116501516,0,0.100000,1.000000
116502991,74,00111010111010001101010111000011010000000010100100111011101111011100110100,116501516,0,0.100000,1.000000
116502993,79,0011000010011000000101010111010011010000000010001011011010110101101000100110001,116501517,0,0.066667,1.000000
116502994,77,01111100101100000010101011100001101000000001000110010111110000100110000110010,116495380,0,0.053333,0.800000
116502995,70,1010111010000111010111000011010000000011000010101111010110010100111111,116501517,0,0.066667,1.000000
116502996,84,011001000001111110000010101011100001101000000101000100111110101000011110110011100110,116501517,0,0.066667,1.000000
116502997,79,1101001100011000000101010111000011010000000011000000111111000011001100011010111,116501517,0,0.066667,1.000000
116502998,82,0011010001000110100001010101110000110100100000110101001111111010000111000001011101,116495380,0,0.046667,0.700000
116502999,81,011010001000110100001010101110000110100000000110001001111111010000111100000101110,116495380,0,0.053333,0.800000
116503000,83,11001000001011100000110101011100001101000000001010100111110101100011010011000110000,116501517,0,0.066667,1.000000
116503001,86,00110010000011111000000101010111010011010000000010001001111101011000011110110011100110,116501517,0,0.066667,1.000000
116503002,79,0011000010011000000101010111010011010000000010001011011010110101101000100110001,116501517,0,0.066667,1.000000
116503003,74,10101001100000010101011100001101000000001000011010111100011100001001100011,116501517,0,0.066667,1.000000
116503004,74,10101001100100010101011100001101000000001000011010111100011100001111100011,116501518,0,0.200000,1.000000
116503005,81,100101000100110000001010101110000110100000100100010011011010111100101001100111001,116501518,0,0.200000,1.000000
116503006,77,01011001100110000001010101110000110100000000100001001011101000101110001110110,116501518,0,0.200000,1.000000
116503007,81,011010001000110101001010101110000110100000000110001001111111010000111000000101110,116501518,0,0.200000,1.000000
116503008,76,0110110010001100000010100010100001101000100001101010010110100010011100011100,116501518,0,0.200000,1.000000
116503009,80,01111010001001110000001010101110000110100000000110011001011111001110011111111001,116501518,0,0.200000,1.000000
116503010,77,10010011000100100001011101110000110100000000110001001100110100001010010010111,116501518,0,0.200000,1.000000
116503011,78,110100010010000001010101110000110100000000111000001111111010000111000001011101,116501518,0,0.200000,1.000000
116503012,74,10101001000000010101011100001101000000001000011010111101011100001001100011,116501519,0,0.028571,1.000000
116503013,79,1011010001000110100001010100100000110100000000100001001101111010000011001001011,116501519,0,0.000000,0.000000
116503014,74,10101001100000010101011110001101000000001100011010111101011100001001101011,116501519,0,0.028571,1.000000
116503015,81,010010011000100100001010101110000110100000000111101001111111010000111110100101110,116501519,0,0.028571,1.000000
116503016,77,11011001000110000001010101110000100100000000100001000011101001100101000111101,116501519,0,0.028571,1.000000
116503017,83,01011010001000010100001010101110000111100000000110001001111111000100111000100101110,116501519,0,0.028571,1.000000
116503018,79,1001001100010010000101010111000011010000000011100100111111101000011111010001110,116501519,0,0.028571,1.000000
116503019,77,01010001000110100001010101110000110100010000100001001011111000110111000111001,116501519,0,0.028571,1.000000
116503020,83,11001000001011100000110101011100001101000000001010100111110101100011010011000111000,116501519,0,0.028571,1.000000
116503021,74,00011010111010001101010111000011010000000010000100101111001101011100110000,116501519,0,0.028571,1.000000
116503022,78,001011000101000000010101011100001101000000001100010010111110011100111011100010,116501520,0,0.066667,1.000000
116503023,74,11110111000000101010111000011010000000010000101101110001110010100110001111,116501520,0,0.066667,1.000000
116503024,76,1111101110000001010101110000110100000000100001010011110001110011100110001111,116501520,0,0.066667,1.000000
116503025,73,1111011100000010101011100001101000000001000010110111000111001010011000111,116501520,0,0.066667,1.000000
116503026,81,100101000100110000001010101110000110100000000100010011011010111100101001100111001,116501520,0,0.066667,1.000000
116503027,80,01110101000001101000010101011100001101000000001110010011111110100001110010110111,116501520,0,0.066667,1.000000
116503028,80,11100100101011000000101010111000011010000000011000100101111100011000100011100100,116501520,0,0.066667,1.000000
116503029,81,010010011000100100001010101110000110100000000110001001111111010000111100100101110,116481596,0,0.053333,0.800000
116503030,74,11101000010000000101010111000011010000000010000110101110000111000001110001,116501520,0,0.066667,1.000000
116503031,81,111010001000110100001010101110000110100010000110001001111111010000111100000101110,116501520,0,0.066667,1.000000
116503032,79,0111100000001101000010101011100001101000000001110010011101101000011010010010111,116505126,0,0.053333,0.800000
116503033,79,0110100010001101000010101011100001101000000011000100111111101000011110000010111,116501520,0,0.066667,1.000000
116503034,79,0110100010001101000010101011100001101000000011000100011111101000011110000010111,116501520,0,0.066667,1.000000
116503035,80,01101000100011010000101010111000011010000000011001001111111000000111100100001110,116501520,0,0.066667,1.000000
116503036,70,1010111010000111010111000011010000000011000010101111010110010100111111,116501520,0,0.066667,1.000000
116503037,78,001011101010110000001010101110000110100000000010011001011110000010011000111001,116506695,0,0.200000,0.800000
116503038,73,1011101110000001010101110000110100000000100001011011100111001010011000111,116506695,0,0.200000,1.000000
116503039,74,10101001010000010101011100001101000000001000011010111101011100001001100011,116501521,0,0.200000,1.000000
116503040,71,01010111010000101010111000011010000000011000010101111000100011100111101,116501521,0,0.200000,1.000000
116503041,74,00011010111010001101010111000011010000000010000100101111001101011100110000,116501521,0,0.200000,1.000000
116503042,86,00110010010011111100100101010111000011010000000010001001111101011000011110110011100110,116501521,0,0.200000,1.000000
116503043,73,1011101110000001010101110000110100000000100001011011100111001010011000111,116501521,0,0.200000,1.000000
116503044,75,101110111000000101010111000011010000000010000101101110001110010100110001111,116501521,0,0.200000,1.000000
116503045,75,110100001100000010101011100001101000000001000011010011100011100001001100011,116501521,0,0.200000,1.000000
116503046,76,1111101110000001010101110000110100000000100001010011110001110011100110001111,116501521,0,0.200000,1.000000
116503047,82,1101110100010001001000010101011100001101000010001000100111011000000011110100000111,116501521,0,0.200000,1.000000
116503048,81,011010001000110100001010101110000110100000000110001001110111010000111000000101110,116501521,0,0.200000,1.000000
116503049,80,01101000100011010000101010111000011010000000011000100111111010000111100100101110,116506695,0,0.200000,1.000000
116503050,83,01101110100010001001000010101011100001101000000001000100111011000000011100100000111,116501521,0,0.200000,1.000000
116503051,79,0111100000001101000010101011100001101000000001110010011101101000011010010010111,116501522,0,0.040000,1.000000
116503052,75,110101001100000010101011100001101000000001000011010111100011100001001100011,116490316,0,0.040000,1.000000
116503053,75,010101001100000010101011100001101000000001000011010111101011100001001101011,116501522,0,0.040000,1.000000
116503054,73,0011011111010001111010111000011010001000010000100111110011010111001100000,116501522,0,0.040000,1.000000
116503055,86,00110010000011111100000101010111000011010000000010001001111101011000011110110011100110,116501522,0,0.040000,1.000000
116503056,75,110101010010100010010101011100001101000000001100110010011100001000100111011,116501522,0,0.040000,1.000000
116503057,81,110010000010111000001101011111000011010000000010101001111101011000110100110001100,116501522,0,0.000000,0.000000
116503058,82,1100100000100110000001010101110000110100001000100010011011010110001101011100011001,116501522,0,0.040000,1.000000
116503059,72,011110111010100101010111100011010000000010000110011010001110100100110011,116508508,0,0.030000,0.600000
116503060,75,011101001100000010101011100001101000000001000011010111101011100001001101011,116501523,0,0.050000,1.000000
116503061,83,11001000001011110000110101011100001101000000001000100110110101100011011011000110010,116501523,0,0.050000,1.000000
116503062,78,001101010100110100001010101110000110100010000110010011111001100011111001011011,116501523,0,0.050000,1.000000
116503063,83,11001000001011110000110101011101001101000000001000100110110101100011011011000110010,116501523,0,0.040000,0.800000
116503064,74,10101001100100010101011100001101000000001000011010111100011100001111100011,116508508,0,0.030000,0.600000
116503065,74,10101001100100010101011100001101000000001000011010111100011100001111100011,116501523,0,0.050000,1.000000
116503066,74,10101001100100010101011100001101000000001000011010111100011100001111100011,116501523,0,0.050000,1.000000
116503067,75,011101001100000010101011100001101000000001000011010111101011100001001101011,116501523,0,0.050000,1.000000
116503068,79,0011000010011000000101010111000011010000000010001011011010110101101000100110001,116501523,0,0.050000,1.000000
116503069,83,11001000001011110000110101011100001101000000001000100110110101100011011011000110010,116501523,0,0.050000,1.000000
116503070,81,010010011000100100001010101110000110100000000111001001111111010000111110100101110,116501523,0,0.050000,1.000000
116503071,78,001101010100110100001010101110000110100010000110010011111001100011111001011011,116501523,0,0.050000,1.000000
116503072,74,00011010111010001101010111000011010000000010000100101111001101011100110000,116481602,0,0.046667,0.700000
116503073,83,11001000001011100000110101011100001101000000001010100111110101100011010011000110000,116501524,0,0.066667,1.000000
116503074,82,0110100010101101000010101011100001101000000001100110011111110100001111000001001100,116501524,0,0.066667,1.000000
116503075,75,101110110110000001010101110000110100000000100101101001111001100100110110001,116501524,0,0.066667,1.000000
116503076,82,0110100010001101000010101011100001101000000001100010011111110100001111000001011100,116501524,0,0.066667,1.000000
116503077,75,110100001100000010101011100001101000000001000011010011100011100001001110011,116501524,0,0.066667,1.000000
116503078,82,0100010100000001101000010101011101001101000000101110010011111110100001110010010110,116501524,0,0.040000,0.600000
116503079,79,0110100010001101000010101011100001101000000001100100001111100000011100100101111,116501524,0,0.066667,1.000000
116503080,82,0110100010101101000010101011100001101000000001100110011111110100001111000001001100,116501524,0,0.066667,1.000000
116503081,78,011111001000110000101010101110000110110000000110101001011101000000111000111001,116488555,0,0.033333,0.500000
116503082,74,00011010111010001101010111000011010000000010000100101111001101011100110000,116501524,0,0.046667,0.700000
116503083,75,110100001100000010101011100001101000000001000011010011100011100001001110011,116488555,0,0.040000,0.600000
116503084,81,011010001000110100001010101110000110100000000110001001111111010000111100000101110,116481602,0,0.053333,0.800000
116503085,83,10110100010001101000010111011100001101000100001100010011111110100001111000001011101,116501525,0,0.040000,1.000000
116503086,74,11010111000001010101111000110100000000100001001011111001110010101100001100,116501525,0,0.040000,1.000000
116503087,75,011010111000001010001111000110100000000100001001011101001110010101100001100,116501525,0,0.040000,1.000000
116503088,80,01001001100010010001101010111000011010000000011001100110111101000011110100101110,116501525,0,0.040000,1.000000
116503089,81,011010001000110100001010101110000110100000000110001001111111010000111000001011101,116501526,0,0.200000,1.000000
116503090,79,1101100101011000000101010111000011010000000011000000101111100011101101011100110,116501526,0,0.200000,1.000000
116503091,82,0011010001000110100001010101110000110100000000110001001111111010000111100100101110,116501526,0,0.200000,1.000000
116503092,71,01010111010000101010111000011010000000011000010101111000100011100111101,116501526,0,0.200000,1.000000
116503093,79,0100100110001001000011101011100001101000000001100110011011110100001111000010111,116501526,0,0.200000,1.000000
116503094,81,011010001000110100001010101110000110100000000110001001111111010000111000001011101,116501526,0,0.200000,1.000000
116503095,79,0100100110001001000010101011100001101000000001100110011111110100001111010010111,116501526,0,0.200000,1.000000
116503096,75,001101011101000010101011100001101000000001000011011110100011101001001100111,116501526,0,0.200000,1.000000
116503097,80,01110100000000101000010101011100001101000000001110010011111110100001110010010111,116501526,0,0.200000,1.000000
116503098,79,1100100101011000000101000111000011010000000011000110101111100011000100011100100,116501526,0,0.200000,1.000000
116503099,66,010111001001010101110000110100000000110001101010100011001110011110,116471687,0,0.040000,0.600000
116503100,75,001101011101000010101011100001101000000001000011011110100011101001001100111,116501526,0,0.200000,1.000000
116503101,66,010111001001010101110000110100000000110001101010100011001110011110,116501526,0,0.200000,1.000000
116503102,82,1001000001001100000010101011100001101000000001000100111110101000011010011001110011,116476976,0,0.050000,0.800000
116503103,81,011010001000110100001010101110000110100000000110001001111111010000111000001011101,116501526,0,0.200000,1.000000
116503104,74,10101001100000010101011100001101000000001000011010111100011100001001100011,116486636,0,0.026667,0.400000
116503105,74,10101001100000010101111100001101000000001000011010111100011001010011000101,116486636,0,0.026667,0.400000
116503106,77,10010010101000000101010111000011010100000010000100101111100011001100111100100,116501527,0,0.066667,1.000000
116503107,70,0101011000000101010111000011010000000010000110101101000110010000110001,116501527,0,0.066667,1.000000
116503108,81,011010001000110101001010101110000110100000000110001001111111010000111000001101110,116501527,0,0.066667,1.000000
116503109,75,101010111000000101010111000011010000000010000101101110001110010100110001111,116486636,0,0.026667,0.400000
116503110,86,00110010000011111000000101010111000011010000000010001101111001011000011110110011100110,116501527,0,0.066667,1.000000
116503111,75,010101001100000010001011100001101000000001000011010111101011100001001101011,116501527,0,0.053333,0.800000
116503112,77,01011000101000000010101011100001101001000001101010010111110000100111011100001,116501527,0,0.066667,1.000000
116503113,85,0011001000001111110000010101011100001101000000001000100101101011000011010110011100111,116501527,0,0.066667,1.000000
116503114,79,1010110010000100000010101011100001101000000001000010010101110001100111001110011,116501527,0,0.066667,1.000000
116503115,75,101010111000000101010111000011010000000010000101101110001110010100110001111,116501527,0,0.066667,1.000000
116503116,80,00100100110001001000010100011100011101000000001000100111111101000011111010010111,116501527,0,0.066667,1.000000
116503117,81,001101010100011000001010101110000110100000000111000001111111010100111000001011101,116501527,0,0.066667,1.000000
116503118,81,011010101000110100001010101110000110100010000110010011111010100011111001001011111,116501527,0,0.066667,1.000000
116503119,81,011010001000110100001010101110000110100000000110001001111111010000111100000101110,116501527,0,0.066667,1.000000
116503120,79,0111100000001101000010101011100001101000000001110010111101101000011010010110111,116501528,0,0.100000,1.000000
116503121,82,0011010001000110100001010101110000110100000000110001001111111010000111100100101110,116501528,0,0.100000,1.000000
116503122,76,1110100001100000010101011100001101000000001000011010111000011100001001100011,116501528,0,0.100000,1.000000
116503123,80,01101000100011000001010101110000110100000000111000001111111010100111000001011101,116501528,0,0.100000,1.000000
116503124,77,01011000101000000010111011100001101001000001101010010111110001100111011100001,116498411,0,0.100000,0.600000
116503125,80,01101000100011000001010101110000110100000000111000001111111010100111000001011101,116498411,0,0.100000,0.800000
116503126,77,11011001100110000001010101110000110100000000100001011011101000101110001110110,116501528,0,0.100000,1.000000
116503127,77,11111011100000010101011100001101000001001000010110111100011100101001101011111,116501528,0,0.100000,1.000000
116503128,79,0011100000001101000010101011100001100000000001110010011101101000011010010010101,116501528,0,0.100000,1.000000
116503129,77,01011000101000000010111011100001101001000001101010010111110001100111011100001,116501528,0,0.100000,1.000000
116503130,77,01011001100110000001010101110000110100000000100001001011101000101110001110110,116501528,0,0.100000,1.000000
116503131,84,010110000010001000000101010111000011110000000010001000111101011000111100110011010101,116501528,0,0.100000,1.000000
116503132,82,0110100010101101000010101011100001101000000001100110011111110110001111000001011100,116501528,0,0.100000,1.000000
116503133,81,011010001000110100001010101110000110100000000110001001111111010000111000001011101,116501529,0,0.100000,1.000000
116503134,77,10110010001100000010101011100001101001000001100010011111100010001100011000111,116501529,0,0.100000,1.000000
116503135,80,11000010001101000010101011100011101000000001100010011111110100001110000001011100,116465089,0,0.120000,0.600000
116503136,74,01111011101000010101011100001111000000001000111010110100011101001001100111,116465089,0,0.160000,0.800000
116503137,88,0011001000001111110000010101011100001101000000001000100111110101100001111011001110011000,116501529,0,0.100000,1.000000
116503138,70,0110101110100001010101110000110100000000100001101010100111010010011001,116501529,0,0.100000,1.000000
116503139,74,10101001100100010101011100001101000000001000011010111100011100001101100011,116501529,0,0.100000,1.000000
116503140,78,111001001010110000001010101110000110100000000110001010111110001100110001110010,116501529,0,0.100000,1.000000
116503141,79,1101100100011000000101010111000011010010000011000100111111100010001100011000111,116501529,0,0.100000,1.000000
116503142,74,00011010111010001101010111000011010000000010100100101111101111011100110100,116501529,0,0.100000,1.000000
116503143,82,0110110011001101000110101011100001101000000001110010011111011100001100000010111010,116501529,0,0.100000,1.000000
116503144,74,11101000011000000101010111000011010000000010000110101110000111000001110001,116501529,0,0.100000,1.000000
116503145,80,01101100100011000000101000101000011010001100011010100101110100010011100011100110,116501529,0,0.100000,1.000000
116503146,75,110100001100000000101011100001101000000011000011010111100011100001001100011,116501530,0,0.100000,1.000000
116503147,75,101110110110000001010101110000110100000000100101101001111001100100110110001,116501530,0,0.100000,1.000000
116503148,70,1010111010000101011111000011010000000011001010101111100110011100101100,116501530,0,0.100000,1.000000
116503149,81,011010001000111100001011101110000111100000000110001001111111010000111100001011001,116501530,0,0.100000,1.000000
116503150,75,101100110011000000101010111000011010000000010000100101110100010111100111111,116501530,0,0.100000,1.000000
116503151,74,01111100101100000010101010100001100000000011001100101111100001001100001100,116501530,0,0.100000,1.000000
116503152,79,0111100000001101000010101011100001101000000001110010001101101000011010010010111,116501530,0,0.100000,1.000000
116503153,77,11010011000110100001010101110000110100000000100001001011111000110111000111001,116501530,0,0.100000,1.000000
116503154,77,11110000000010100001010101110000110100000000111000001110110100011010011010111,116501530,0,0.100000,1.000000
116503155,81,100010100000001001000010101011101001101000000001110010011111110100001110010010111,116501530,0,0.100000,1.000000
116503156,86,00110010010011111100100101010111000011010000000010001001111101011000011110110011100110,116501530,0,0.100000,1.000000
116503157,78,011011001000110000001010101110000110100000000110101001011101000100111000111001,116501531,0,0.100000,1.000000
116503158,81,010010011000000100001010101110000110100000000111001001111111010000111110100101110,116501531,0,0.100000,1.000000
116503160,77,01011001000100000011110101110000110100000000110000010111100001100111111101010,116501531,0,0.100000,1.000000
116503161,73,1111011100000010101011100001101000000001100010110111000111001010011000111,116501531,0,0.100000,1.000000
116503163,79,1111001100011000000101010111000011010000000011000000111111100011001100011000111,116501531,0,0.100000,1.000000
116503165,83,01011010000000110100001010101110000110100000000110001001111111000000011100100101110,116501531,0,0.100000,1.000000
116503166,81,011010001000110100001010101110000110100000000110001001111111010000111000001011101,116501531,0,0.100000,1.000000
116503167,83,01011010000000110100001010101110000110100000000110001001111111000000011100100101110,116501531,0,0.100000,1.000000
116503168,82,1011010001000110100001000101110000110100000000110001001111110010000111101100101110,116501531,0,0.070000,0.700000
116503169,81,011010001000110100001010101110000110100000000110001001111111010000111000001011101,116501531,0,0.100000,1.000000
116503170,79,0100100110001001000010101011100001101000000001101110011011110100001111010010111,116501531,0,0.100000,1.000000
116503172,81,011010001000110100001010101110000110100000000110001001111111010000111000001011101,116501531,0,0.100000,1.000000
116503173,82,0100100110001001000010101011100001101000000001100110011110110100001111101001011100,116501531,0,0.100000,1.000000
116503175,80,01111010001001110000001010101110000110110000000110011101011111001110011111111101,116501531,0,0.100000,1.000000
116503176,78,001111100010110010001010101110000110100000000110011001011111000011011000111001,116501531,0,0.100000,1.000000
116503177,77,11010001010110100001010101110000110100000000100001001011111000110111000111001,116501531,0,0.100000,1.000000
116503179,75,110101001100000010101011100001101000000001000011010111101011100001001100011,116508508,0,0.050000,0.700000
116503180,75,110101001100000010101011100001101000000001000011010111101011100001001100011,116486652,0,0.040000,0.600000
116503181,82,0011010001000110100001010101110000110100000000110101001111111010000111000001011101,116501532,0,0.050000,1.000000
116503182,77,10101100100011000001010101110000110100000100110001001010111100110011100111001,116508508,0,0.050000,0.600000
116503183,85,0010110000010001000000101010111000011110000000010001000111101011000101100110011010101,116501532,0,0.040000,0.800000
116503184,78,001011000101000000010101011100001101000000001100010010101110011100110011100010,116486652,0,0.040000,0.600000
116503185,80,01001011101000110000001010101110000110100000000110011001011111000010011000011001,116490313,0,0.040000,0.600000
116503186,81,011010001000110100001010101110000110100000000110001001111111010000111100000101110,116501532,0,0.050000,1.000000
116503187,80,10101100100001000000101010111000011010000000010000100101011100011001110011100110,116501532,0,0.050000,1.000000
116503188,79,0111100000001101000010101011100001111000000001110010011101101000011010010010111,116490313,0,0.033333,0.500000
116503189,82,0110100011001101000110101011100001101000000001110010011111111100001100000010111010,116501532,0,0.050000,1.000000
116503190,79,0111100000001101000010101011100001111000000001110010011101101000011010010010111,116476974,0,0.050000,0.400000
116503191,82,0110100011001101000110101011100001101000000001110010011111111100001100000010111010,116486652,0,0.040000,0.600000
116503192,75,101010011000000101010111000011010000000010000110101111000111000010011000111,116508508,0,0.050000,0.700000
116503193,77,10010011000100100001011101110000110100000000110001001100110100001010010010111,116476974,0,0.050000,0.400000
116503194,75,110101001100000010101011100001101000000001000011010111101011100001001100011,116508508,0,0.050000,0.700000
116503195,73,0111101110100001010101111000110100000000100001100110100011101001001100110,116501532,0,0.050000,1.000000
116503196,81,010111010001000100110001011101110000110110000000100010011101100001001110010000011,116501533,0,0.066667,1.000000
116503197,77,11110000000010100001010101110000110100000000111000001110110100011010010010111,116495382,0,0.046667,0.700000
116503198,73,1111011100000010101011100001101000000001000010110111000111001010011000111,116501533,0,0.066667,1.000000
116503199,80,01101000100011010000101010111000011010000000011000100111111010000111100100101110,116495382,0,0.046667,0.700000
116503200,81,010111010001000100110001011101110000110110000000100010011101100001001110010000011,116501533,0,0.066667,1.000000
116503201,75,101110111000000101010011000011010000000010000101101110001110010100111001111,116495382,0,0.040000,0.600000
116503202,75,101010111000000101010111000011010000000010000101101110001110010100110001111,116501533,0,0.066667,1.000000
116503203,81,011110001000110100001110101110000110100000000110001001111110010000111100000101100,116495382,0,0.040000,0.600000
116503204,81,011010001000110100001010101110000110100000000110001001111111010000111100000101110,116495382,0,0.046667,0.700000
116503205,80,01101000100011010000101010111000011010000000011000100111111010000111100100101110,116501533,0,0.066667,1.000000
116503206,79,0111100000001101000010101011100001111000000001110010011101101000011010010010111,116501533,0,0.066667,1.000000
116503207,81,010111010001000100110001011101110000110110000000100010011101100001001110010000011,116501533,0,0.066667,1.000000
116503208,81,010111010001000100110001011101110000110110000000100010011101100001001110010000011,116501533,0,0.066667,1.000000
116503209,75,101110111000000101010111000011010000000010000101101110001110010100111001111,116495382,0,0.046667,0.700000
116503210,80,01101000100011010000101010111000011010000000011000100111111010000111100100101110,116501533,0,0.066667,1.000000
116503211,79,0111100000001101000010101011100001111000000001110010011101101000011010010010111,116501533,0,0.066667,1.000000
116503212,73,1111011100000010101011100001101000000001000010110111000111001010011000111,116501533,0,0.066667,1.000000
116503213,77,11110000000010100001010101110000110100000000111000001110110100011010010010111,116501533,0,0.066667,1.000000
116503214,81,011110001000110100001110101110000110100000000110001001111110010000111100000101100,116501533,0,0.066667,1.000000
116503215,80,01101000100011010000101010111000011010000000011000100111111010000111100100101110,116501533,0,0.066667,1.000000
116503216,75,101010011000000101010111000011010000000010000110101111000111000010011000111,116490335,0,0.120000,0.600000
116503217,75,101010011000000101010111000011010000000010000110101111000111000010011000111,116501534,0,0.066667,1.000000
116503218,75,101010011000000101010111000011010000000010000110101111000111000010011000111,116501534,0,0.066667,1.000000
116503219,75,101010011000000101010111000011010000000010000110101111000111000010011000111,116490335,0,0.120000,0.600000
116503220,75,101010011000000101010111000011010000000010000110101111000111000010011000111,116478439,0,0.070000,0.700000
116503221,74,00111010111010001101010111000011010000000010100100101111101111011000110100,116501534,0,0.066667,1.000000
116503222,75,001101011101000010101011100001101000000001000011010110100011101001001100111,116508495,0,0.070000,0.700000
116503223,73,1111011100000010101011100001101000000001100010110111000111001010011000111,116490335,0,0.120000,0.600000
116503224,80,11100100101011000001101010111000011010000000011000100101111100011000100011100100,116501534,0,0.066667,1.000000
116503225,77,01011001100110000001010111110100110100000000100001001011101000101110001110110,116501534,0,0.066667,1.000000
116503226,80,11100100101011000001101010111000011010000000011000100101111100011001100011100100,116478439,0,0.066667,0.600000
116503227,75,101010011000000101010111000011010000000010000110101111000111000010011000111,116478439,0,0.070000,0.700000
116503254,84,010110000010001000000101010111000011110000000010001000111101011000111100110011010101,116501516,0,0.070000,0.700000
116503256,82,0100100110001001000010101011100001101000000001100010011110110100001111101001011100,116501516,0,0.080000,0.800000
116503259,78,001011001000011000010101011100001101000000001100010010101110001100111001110011,116459871,0,0.100000,1.000000
116503260,75,101100110011000000101010111000011010000000010000100101110100010111100111111,116459872,0,0.066667,1.000000
116503269,81,011010001000110101001010101110000110100000000110001001111111010000111000001101110,116483550,0,0.035000,0.700000
116503270,80,01101000100010000001010101110000110100000000111000011111111010000111000001011101,116498406,0,0.080000,0.800000
116503271,78,000001001101000000010101011100101101000000001100011010111110001100011011110010,116461655,0,0.100000,1.000000
116503272,77,11010001010110100001010101110000110100000000100001001011111000110111000111001,116461655,0,0.100000,1.000000
116503273,76,1011110010110000001010101110000110100000001100110010111110000100110000110010,116461656,0,0.066667,1.000000
116503274,84,110010000010111100001101010111000011010000000010001001101101011000110110110001100101,116461656,0,0.066667,1.000000
116503275,79,1011011001000110000001010101010000110100000000110101001011100000100111000111001,116461656,0,0.066667,1.000000
116503276,76,1011110010110000001010101110000110100000001100110010111110000100110000110010,116461656,0,0.066667,1.000000
116503277,76,1011110010110000001010101110000110100000001100110010111110000100110000110010,116461656,0,0.066667,1.000000
116503278,79,1010110010000100000010101011100001101000000001000010010101110001100111010110011,116461656,0,0.066667,1.000000
116503279,84,010110000010001000000101010111000011110000000010001000111101011000111100110011010101,116461656,0,0.066667,1.000000
116503280,75,101110111000000101010111000011010000000010000101101110001110010100110001111,116461656,0,0.066667,1.000000
116503281,80,01110100010001101000010101011100001111000000001110010011111110100001100010010111,116461656,0,0.066667,1.000000
116503282,77,10101100100011000001010101110000110100000000110001001010111100110011100111001,116461656,0,0.066667,1.000000
116503283,76,1011110010110000001010101110000110100000001100110010111110000100110000110010,116461656,0,0.066667,1.000000
116503284,75,101110111000000101010111000011010000000010000101101110001110010100110001111,116461656,0,0.066667,1.000000
116503285,75,000110101110100011010101110000110100000000101001001011111011110111001101001,116461656,0,0.066667,1.000000
116503286,76,1110100001100000010101011100001101000000001000011010111000011100001011100011,116461656,0,0.066667,1.000000
116503287,86,01110111101000000100001010101110000110100000000110111101011010101100011001110001110100,116461656,0,0.066667,1.000000
116503288,75,110101010000100010010101011100001101000000001100110010011100001000110111011,116461656,0,0.066667,1.000000
116503289,83,01111000100011010000101010111000011010000000011000100111111101000011110010010111010,116461656,0,0.066667,1.000000
116503290,75,101010011000000101010111000011010000000010000110101111000111000010011000111,116461656,0,0.066667,1.000000
116503291,86,01110111101000000100001010101110000110100000000110111101011010101100011001110001110100,116461656,0,0.066667,1.000000
116503292,76,1011110010110000001010101110000110100000001100110010111110000100110000110010,116461656,0,0.066667,1.000000
116503293,75,101010011000000101010111000011010000000010000110101111000111000010011000111,116461656,0,0.066667,1.000000
116503294,75,101110111000000101010111000011010000000010000101101110001110010100110001111,116461656,0,0.066667,1.000000
116503295,72,110100101100000010101011101001101000000001000011010111100011001010011101,116461656,0,0.066667,1.000000
116503296,79,1101011100011000000101010111000011010000000011000000111111100011001100011001110,116461673,0,0.100000,1.000000
116503297,79,1101011100011000000101010111000011010000000011000000111111100011001100011000110,116461673,0,0.100000,1.000000
116503298,75,010110010000100000101010111000011010000000011000100101011100011001110111001,116488541,0,0.100000,0.800000
116503299,77,01011001100110000001010101110000110100000000100000001011101000101110001110110,116461673,0,0.100000,1.000000
116503300,83,11001000001011100000110101011100001101000000001010100111110101100011010011000110000,116505117,0,0.070000,0.700000
116503301,76,1110100001100000010101011100001101000000001000011010111000011100001001100011,116463286,0,0.100000,1.000000
116503302,77,10010010101000000101010111000011010000000010000100101111100011001100111100100,116463286,0,0.100000,1.000000
116503303,78,010011001000110000001010101110000110100000001100010010111110001000111001110011,116463286,0,0.100000,1.000000
116503304,83,11001000001011100000110101011100011101000000001000100110110101100011011011000110010,116463286,0,0.100000,1.000000
116503305,80,01101000100011000001010101110000110100000000111000001111111010000111000001011101,116463286,0,0.100000,1.000000
116503306,75,111101110000001010101110000110100000000100010110111100011100101001101011111,116463286,0,0.100000,1.000000
116503307,74,10101001100100010101011100001101000000001000011010111100011100001111100011,116463286,0,0.100000,1.000000
116503308,81,010010011000100100001010101110000110100000000110001001111111010000111100100101110,116463286,0,0.100000,1.000000
116503309,84,111001000011011100000110101011100001101000000001000100111111101100011010011000110010,116463286,0,0.100000,1.000000
116503310,82,0110100010101101000010101011100001101000000001100110011111110100001111000001001100,116463286,0,0.100000,1.000000
116503311,75,110101010010100010010101011100001101000000001100110010011100001000100111011,116463286,0,0.100000,1.000000
116503312,82,1101110000010001001000010101011100101101000000001000100111011000000011100100000111,116463286,0,0.100000,1.000000
116503313,78,110101100100001000001010101110000110100000000110011001010111000110011100111001,116463286,0,0.100000,1.000000
116503314,77,11010001000110100001010101110000110100010000100001001011111000110111000111001,116463286,0,0.100000,1.000000
116503315,73,1101011100001010101111000110100000000100101001011111001110010101100001100,116463286,0,0.100000,1.000000
116503316,83,01011010001000110100001010101110000110110000000110001001111111010000111100100101110,116463286,0,0.100000,1.000000
116503325,83,11001000001011100000110101011100001101000000001010100111110101100011010011000110000,116508504,0,0.046382,0.800000
116503326,75,101010111100000101010111000011010000000010000101101110001110010100110101111,116465088,0,0.046382,1.000000
116503327,74,10101001000000010111011100001101000000001000011010111101011000001001100011,116465088,0,0.046382,1.000000
116503328,81,011010001000110100001010101110000110100000000110001001111111010000111000001011101,116508504,0,0.046382,1.000000
116503329,82,1101110100010001001000010101011100001101000000011000100111011000000011100100000111,116465089,0,0.200000,1.000000
116503330,78,001011101010110000001010101110000110100000000010011001011110000010011000011001,116465089,0,0.200000,1.000000
116503331,75,010110010000100000101010111000011010000000011000100101011100011001110111001,116465089,0,0.200000,1.000000
116503332,75,001101011101000010101011100001101000000001000011010110100011101001001100111,116465089,0,0.200000,1.000000
116503333,83,00011010101000110100001010101110000110100000000110001001111111010000111100100101110,116465089,0,0.200000,1.000000
116503334,83,00011010101000110100001010101110000110100000000110001001111111010000111100100101110,116465089,0,0.200000,1.000000
116503335,75,110101010000100010010101011100001101000000001100110010011100001000110111011,116465089,0,0.200000,1.000000
116503336,78,010011001000110100001010101110000110100000001100010010111110011000111001110011,116465089,0,0.200000,1.000000
116503337,77,01011001100110000001010101110000110100000000100001001011101000101110001110110,116465089,0,0.200000,1.000000
116503338,80,01110100010001101000010101011100001101000000001100010011111110100001110010010111,116465089,0,0.200000,1.000000
116503339,81,101101100100011010100101010111000011010000010011000100101111100010011100011100101,116503246,0,0.060000,0.600000
116503340,82,0011010001000110100001010101110000110100000000110001011111111010000111100000101110,116465090,0,0.050000,1.000000
116503341,80,01101000100011000001010101110000110100000000111000001111111010100111000001011101,116505118,0,0.066667,0.700000
116503342,81,100101000100110000001010101110000110100000000100010011011010111100101001100111001,116465100,0,0.066667,1.000000
116503343,78,101011001000110000001010101110000110100000000100001001001101000100111000111001,116465100,0,0.066667,1.000000
116503344,77,10101100100011000001010101110000110100000000110001001010111100110011100111001,116505118,0,0.066667,0.700000
116503345,82,0110100010101101000010101011100001101000000001100110011111110100001111000001001100,116465100,0,0.066667,1.000000
116503346,74,11111011100000010101011100001101000000001000010110111000111001010011000111,116505118,0,0.066667,0.700000
116503347,78,010010001010000000101010111001001010000000011000110101111100011000110111100100,116465100,0,0.066667,1.000000
116503348,77,11010001000110100001010101110000110100010000100001001011111000110111000111001,116465100,0,0.066667,1.000000
116503349,82,1001000001001100000010101011100001101000000001000100111110101001011010011001110011,116465100,0,0.066667,1.000000
116503350,79,1101000100011010000101010111000011010000000010000100111111101000001110000010110,116505118,0,0.000000,0.700000
116503351,77,11010001000110100001010101110000110100010000100001001011111000110111000111001,116465100,0,0.066667,1.000000
116503352,79,1101101101011000000101010111000011010000000011000000101111100011001101011100110,116505118,0,0.066667,0.700000
116503353,83,01101110100010001001000010101011100001101000000001000100111011000000011100100000111,116465100,0,0.066667,1.000000
116503354,77,10101100100011000001010101110000110100000000110001001010111100110011100111001,116465100,0,0.066667,1.000000
116503355,77,11010001000110100001010101110000110100010000100001001011111000110111000111001,116505118,0,0.066667,0.600000
116503356,78,101011001000110000001010101110000110100000000100001001001101000100111000111001,116465100,0,0.066667,1.000000
116503357,81,010010011000000100001010101110000110100000000111001001111111010000111110100101110,116465102,0,0.100000,1.000000
116503358,75,010110010000100000101010111000011010000000011000100101011100011001110111001,116465105,0,0.100000,1.000000
116503359,75,101110011000000101010111000011010000000010000101101110001110010100110001111,116465105,0,0.100000,1.000000
116503360,81,011010001000110100001010101110000110100000000110001001111111010000111000001011101,116465105,0,0.100000,1.000000
116503361,81,011010101000110100001010101110000110100000000110001001110111010000111101000101110,116465105,0,0.100000,1.000000
116503362,80,01110100010001101000010101011100001101000000001100010011111110100001110010010111,116498404,0,0.080000,0.800000
116503363,81,001010001000110100001010101110001110100000000110001001111111010000111110000101110,116465105,0,0.100000,1.000000
116503364,81,011010001000110100001010101110000110100000000110001001111111010000111000001011101,116465105,0,0.100000,1.000000
116503365,77,11010001000110110001010101110000110100000000100001000011111000110111000111001,116465105,0,0.070000,0.700000
116503366,78,110101100100001000000101010111000011010000000011000000101010000110011100111001,116498404,0,0.080000,0.800000
116503367,81,011010001000110100001010101110000110100000000110001001111111010000111100000101110,116465105,0,0.100000,1.000000
116503368,78,110101100100001000001010101110000110100000000110001001010111000110011100111001,116465105,0,0.100000,1.000000
116503369,83,01011010001000110100001010101110000110110000000110001001111111010000111100100101110,116486628,0,0.050000,0.500000
116503370,72,101011100000101010111100011010000000010000100101111001110010101100001100,116466864,0,0.100000,1.000000
116503371,75,101110111000000101000111000011010000000010000101101110001110010100110001111,116466864,0,0.100000,1.000000
116503372,82,0111100010001101000010101011100001101000000001100010011111110100001111001001011101,116466865,0,0.050000,1.000000
116503373,79,1111000000001010000101010111000011010000000011100100111011010001101001001011111,116466865,0,0.050000,1.000000
116503374,79,0110100010001101100010101011100001101000000011000100111111101000011110000010111,116466865,0,0.040000,0.800000
116503375,73,0111101110100001010101111000110100000000100001100110100011101001001100110,116466865,0,0.050000,1.000000
116503376,70,1010111010000101010111000010010000000011000010101111000100011100111101,116466865,0,0.050000,1.000000
116503391,78,111110111000010101010111000011010000000010000101101111000111001010011010111110,116466868,0,0.200000,1.000000
116503392,74,10101001000000010101011100001101000000001000011010111101011100001001100011,116468448,0,0.200000,1.000000
116503393,70,0101011000000101010111000011010000000010000110101101000110010000110001,116468454,0,0.066667,1.000000
116503394,82,0110100010001101000010101011100001101000000001100010011111110000001110000010111011,116468455,0,0.066667,1.000000
116503395,77,11111011100000010101011100001101000000001000010110111100011100101001101011111,116468455,0,0.066667,1.000000
116503396,77,11111011100000010101011100001101000000001000010110111100011100101001101011111,116468455,0,0.066667,1.000000
116503397,82,0110100010001101000010101011100101101000000001100010011111110000001110000010111011,116468455,0,0.066667,1.000000
116503398,79,1010110010000100000010101011100001100000000001000010010101110001100101001110011,116488550,0,0.035000,0.700000
116503399,82,0101110100010001001000010101011100001101000000001000100111011000000011100100000111,116468455,0,0.053333,0.800000
116503400,82,1001000001001100000010101011100001101000000001000100110110101101010010011001110011,116468455,0,0.066667,1.000000
116503401,79,0110100010001101000010101011100001101000000001100010011111110100011100010010111,116468455,0,0.066667,1.000000
116503402,77,11111011100000010101011100001101000000001000010110111100011100101001101011111,116468455,0,0.066667,1.000000
116503403,76,1110100001100000010101010100001101000000001000011000111000011100001011100011,116488550,0,0.035000,0.700000
116503404,79,0011000010011000000101010111000011010000000010001011011010110101101000100110001,116485003,0,0.066667,0.600000
116503405,79,0111100000001101000010101011100001101000000001110010001101101000011010010010111,116468455,0,0.066667,1.000000
116503406,82,0110100010001101000010101011100001101000000001100010011111110000001110000010111011,116488550,0,0.040000,0.800000
116503407,82,0110100011001101000110101011000001101000000001110010011111111100001100000010111010,116488550,0,0.030000,0.600000
116503408,81,011010001000110100001010101110000110100000000110001001111111110000111000000101111,116468455,0,0.066667,1.000000
116503409,81,011010001000110100001010101110000110100000000110001001110111110000111000000101111,116468455,0,0.053333,0.800000
116503410,75,001101011101000010101011100001101010000001000011010110100011101001001100111,116488550,0,0.035000,0.700000
116503411,79,0011000010011000000101010111000011010000000010001011011010110101101000100111001,116468456,0,0.066667,1.000000
116503412,80,01101000100011010000101010111000011010000000011001001110111000000111100100001110,116468457,0,0.200000,1.000000
116503413,74,11010011000001010101111000110100000000100001001011111001010010101100001100,116468457,0,0.200000,1.000000
116503414,74,10101001100000010101011100001101000000001000011010111100011100001111100011,116468457,0,0.200000,1.000000
116503415,79,1111000010011010000101010111000011010000000011000100111111010000111000000101110,116468457,0,0.200000,1.000000
116503416,80,01101000100011010000101010111000011010000000011001001110111000000111100100001110,116468457,0,0.200000,1.000000
116503417,81,010010001000110100001010101110000110100000000110001001111111010000111100000101110,116468457,0,0.200000,1.000000
116503418,79,0111100000001101000010101011100001101000000001110010011101101000011010010010111,116468457,0,0.200000,1.000000
116503419,81,011110100010001100000010101011100001101000000001100110010111110011100111111110011,116468461,0,0.033333,1.000000
116503420,80,01111010001001110000001010101110000110110000000110011101011111001110011111110101,116468461,0,0.033333,1.000000
116503421,82,1010000101001100000101010111000011010000000010001001111101011000110100110011110101,116468462,0,0.050000,1.000000
116503422,79,1101100101011000000101010111000011010000000011000000101111100011001101011100110,116468462,0,0.050000,1.000000
116503423,77,10010010101000000101010111000011010100000010000100101111100011001100111100100,116468462,0,0.050000,1.000000
116503424,81,011010001000110100001010101110000110100000000110001001111101010000111000000101111,116468462,0,0.050000,1.000000
116503425,76,0110100001100000010101011100001101000000001000011010111100011100001001100011,116468463,0,0.100000,1.000000
116503426,74,10101001100000010101011100001101000000001000011010111101011100001001100011,116468463,0,0.100000,1.000000
116503427,78,010110010001000000110101011100011101000000001100000101111000011001111011010100,116468463,0,0.080000,0.800000
116503428,79,0111100000001101000010101011100001101000000001110010001101101000011010010010111,116490324,0,0.030000,0.600000
116503429,77,01101000011000000101010111000011010000000010000110101111000111000010011000111,116468463,0,0.100000,1.000000
116503430,75,010110010000100000101010111000011010000000011000100101011100011001110111001,116468450,0,0.049116,0.800000
116503431,80,01101100100011000000101010111000011010000010010000101011110100010001111010100100,116490324,0,0.025000,0.500000
116503432,74,10111100101100000010101011100001101000000011001101011111000010011000011001,116495373,0,0.046667,0.700000
116503433,79,0100100110001001000011101011100001101000000001100110011011110100001111000010111,116468463,0,0.100000,1.000000
116503434,81,011010001000110100001010101110000110101000000110001001111111010000111100000101110,116468463,0,0.100000,1.000000
116503435,81,011010001000110101001010101110000110100000000110001001111111010000111000001101110,116490324,0,0.030000,0.600000
116503436,75,101101110000001010101010000010100000000100001011010100001110011100100001111,116490324,0,0.025000,0.500000
116503437,78,010011001000110100001010101110000110100000001100010010111110011000111001110011,116495373,0,0.046667,0.700000
116503438,82,1001000001001100000010101011100001101000000001000100110111101001011010011001110011,116468463,0,0.100000,1.000000
116503439,81,011010001000110101001010101110000110100000000110001001111111010000111000001101110,116492288,0,0.039293,0.800000
116503440,77,10110100001100000010101011100001101000000001000011010111100011100001001100011,116468463,0,0.100000,1.000000
116503441,81,011010001000110100001010101110000110100000000110001001101111010000111100000101110,116468463,0,0.100000,1.000000
116503442,75,011010111000001010101111000110100000000100001001011101001110010101100001100,116490324,0,0.025000,0.500000
116503443,77,01011001000100000011010101110000110100000000110000010111100101100111111101010,116470081,0,0.100000,1.000000
116503444,79,1101100101011000000101010111000011010000000011000000101111100011001101011100110,116483539,0,0.080000,0.800000
116503445,83,00110100110101101000010101011100001101000000001100010011111110100001111001001011101,116470083,0,0.100000,1.000000
116503446,76,1110110001100000010101011100001101000000001000011010111000011100001011100011,116470084,0,0.200000,1.000000
116503447,75,110101111000001010101110010110100100000100001001011110001110010100110001111,116470087,0,0.200000,1.000000
116503448,86,01110111101000000100001010101110000110100000000110111101011010101100011001110001110100,116470087,0,0.200000,1.000000
116503449,70,1010111010000111010111000011010000000011000010101111010110010100111111,116470087,0,0.200000,1.000000
116503450,82,0111100010001101000010111011100001101000000001100010011111110000001111001001011001,116470090,0,0.100000,1.000000
116503451,77,01111000000011010000101010111000011010000000111001011110110100001101001001011,116470090,0,0.100000,1.000000
116503452,80,10101100100001000000101010111000001010000000011000100101011100010001110011100110,116486645,0,0.040000,0.700000
116503453,79,0100100110001001000010101011100001101000000001101110011011110100101111010010111,116488558,0,0.016000,0.400000
116503454,70,0101011000000101010111000011010000000010000110101101000110010000110001,116486645,0,0.040000,0.800000
116503455,84,111001000001011100000110101011100011101000000001000100111111101100011010011000110010,116470093,0,0.040000,1.000000
116503456,79,0100100110001001000010101011100001101000000001101110011011110100101111010010111,116488551,0,0.024000,0.600000
116503457,81,010110101000001101000010101011100001101000100001100100111110011000111110010110111,116486645,0,0.040000,0.700000
116503458,81,100101000100110000001010101110000110100000000100010011011010111100101001100111001,116471674,0,0.100000,1.000000
116503459,75,101110111000000101000111000011010000000010000101101110001110010100110001111,116471674,0,0.100000,1.000000
116503460,82,1101110000010001001000010101011100101101000000001000100111011000000011100100000111,116471674,0,0.100000,1.000000
116503461,80,01110100010001101000010101011100001101000000001100010011111110000001110010010111,116471674,0,0.100000,1.000000
116503462,79,1101011101110100001010101100001110100000000101001100111100010110010100110101100,116471674,0,0.080000,0.800000
116503463,77,11111011100000010101011100001101000000001010010110111100011100101001101011111,116471674,0,0.100000,1.000000
116503464,80,01110100010001101000010101011100001101000000001100010011111110000001110010010111,116471674,0,0.100000,1.000000
116503465,77,01110100001100000010101011100001101000000001000011010110000011100001011100011,116471674,0,0.100000,1.000000
116503466,77,10011011111010000101010111000011011000000010000110101101000110010010011001111,116471674,0,0.100000,1.000000
116503467,75,100101001100000010101011100001101000000001000011010111100011100001001100011,116471674,0,0.100000,1.000000
116503468,76,1010110010000100000101010111000011010000000011000100101011100011001110111001,116471674,0,0.100000,1.000000
116503469,76,1110100001100000010101011100001101000000001000011010111000011100001010100011,116471674,0,0.100000,1.000000
116503470,81,101111000100001010000101010111000011010000000011100100111011010000110100000101101,116471674,0,0.100000,1.000000
116503471,77,11111011100000010101011100001101000000001010010110111100011100101001101011111,116471674,0,0.100000,1.000000
116503472,77,01011001100110000001010111110100110100000000100001001011101000101110001110110,116471674,0,0.100000,1.000000
116503473,84,111011000101011100000010101011100011101000000001000100111110100100011110011001110010,116478442,0,0.100000,0.700000
116503474,81,011010001000110100001010101110000110100000000110001001111111010000111100000101110,116471689,0,0.160000,0.800000
116503475,82,1101110100010001001001010101011100001101000000001000100111011000000011100100000111,116481615,0,0.050000,1.000000
116503476,78,001011000101010000010101011100001101000000001100010010110110011100110011100010,116471685,0,0.066667,1.000000
116503477,80,01101000100011000001010101010000110100000000111000001111111010000111000001011101,116488544,0,0.066667,0.800000
116503478,74,11010011000001010101111000110100000000100001001011111001010010101100001100,116471685,0,0.066667,0.800000
116503479,80,01101000100011010000001010111000011110000000011001001111111000000111000100001110,116471687,0,0.066667,1.000000
116503480,77,01011000101000000010111011100001101001000001101010010111110001100111011100001,116471687,0,0.066667,1.000000
116503481,75,101010011000000101010111000011010000100010000110101111000111000010011000111,116481610,0,0.040000,0.800000
116503482,77,10101100100011000001010101110000110100000000110001001010111100110011100111001,116471687,0,0.066667,1.000000
116503483,81,011010001000110100001010101110000110100000000110001001111111010000111000001011101,116471689,0,0.200000,1.000000
116503485,79,0011000010011000000101010111000011010000000010001011011010110101101000100110001,116494068,0,0.100000,1.000000
116503486,75,110101010010100010010101011100001101000000001100110010011100001000100111011,116471694,0,0.100000,1.000000
116503487,78,110010010101100000010101011100001101000000011000100101111100011010100011100100,116473635,0,0.066667,1.000000
116503488,80,01110000000000101000010101011100001101000000001110010011111110100001110010010111,116473635,0,0.066667,1.000000
116503489,77,11110000100110100001010101110000110100000000110001010111100000011110000010111,116473635,0,0.053333,0.800000
116503490,75,101100110011000000101010111000011010000000010000100101110100010111100111111,116503241,0,0.040000,0.800000
116503491,76,1011110010110000001010101110000110100000001100110010111110000100110000110010,116473636,0,0.040000,0.700000
116503492,73,0110110011000100101010111000011010000101010000100101110100010111000101011,116473636,0,0.040000,0.600000
116503493,75,111101110000001010101010000010100000000100001011011100001100011100100001111,116473639,0,0.200000,1.000000
116503494,81,101110100010001101000010101001000001101000000001000010011011110100000110010010111,116473639,0,0.200000,1.000000
116503495,75,111101110000001010101010000010100000000100001011011100001100011100100001111,116473639,0,0.200000,1.000000
116503496,79,1101000110011010000101010111000011010000000011000100111111010000111000000101110,116473639,0,0.200000,1.000000
116503499,73,1101011101000010101011110001101000000001100001010011100011001110011110100,116473641,0,0.200000,1.000000
116503500,74,11111011100000010101011100001101000000001010010110111000111001010001000111,116473641,0,0.200000,1.000000
116503501,81,011010001000110100001010101110000110100000000110001001111101000000111000000101111,116473641,0,0.200000,1.000000
116503502,86,00110010000011111000000101010111000011010000000010001101111101011000011110110011100110,116473641,0,0.200000,1.000000
116503503,82,0101110100010001001000010101011000001101000000001000100111110000010011100110010110,116473642,0,0.098814,1.000000
116503504,86,00110010000011111100000101010111000011010000000010001001111101011000011110110011100110,116473642,0,0.098814,1.000000
116503505,79,1010110010000100000010101011100001101000000001000010010101110001100111011110011,116473642,0,0.098814,1.000000
116503506,82,0100100110001001000010101011100001101000000001100010011110110100001111101001011100,116473642,0,0.098814,1.000000
116503507,82,0110101010001001000010101011100001101000100001101010011111010100011011001001011101,116473642,0,0.098814,1.000000
116503508,73,1000000110000001010101110000110100000000100001001011110011100001001100011,116503229,0,0.080000,0.400000
116503509,82,1101110000010001001000010101011100101101000000001000100111011000000011100100000111,116473643,0,0.070000,0.700000
116503511,74,10101001100000010101111100001101000000001000011010111100011001010011000101,116475175,0,0.200000,1.000000
116503512,75,110101001100000010101011100001101000000001000011010111100011100001001100011,116475175,0,0.200000,1.000000
116503513,82,0011010001000110100001010101110000110100000000110001001111111010000111100100101110,116475175,0,0.200000,1.000000
116503514,76,0001101011101000110101011100000101000000001010010010111110111101110011010011,116475175,0,0.200000,1.000000
116503515,74,11010111000001010101111000110100000000100001001011111001110010101100001100,116475175,0,0.200000,1.000000
116503516,81,011010101000110100001010101110000110100000000110001001110111010000111101100101110,116475175,0,0.160000,0.800000
116503517,81,100010100000001001000010101011101001101000000001110010011111110100001110010010111,116475175,0,0.200000,1.000000
116503518,74,11010111000001010101111000110100000000100001001011111001110010101100001100,116475175,0,0.200000,1.000000
116503520,78,010011001000110000001010101110000110100000001100010010111110001000111001110011,116475180,0,0.200000,1.000000
116503521,75,101010011000000101010111000011010000000010000110101111000111000010011000111,116475180,0,0.200000,1.000000
116503523,78,110100010001000000010101011100001101000000001100010111111110001010111101110010,116475183,0,0.066667,1.000000
116503524,82,1001000001001100000010101011100001101000000001000100111110101001011010011001110011,116480035,0,0.066667,1.000000
116503525,81,101111000100001010000101010101000011010000000011100100111011010000110100000101111,116475183,0,0.066667,1.000000
116503526,79,1101100101011000000101010111000011010000000011000000101111100011001101011100110,116475186,0,0.100000,1.000000
116503527,77,10101100100011000001010101110000110100000000110001001010111100110011100111001,116475186,0,0.100000,1.000000
116503528,82,0110100011001101000110101011100001101000000001110010011111111100001100000010111010,116475187,0,0.033333,1.000000
116503529,78,110100010000101000010101011100001101000000001100100101111100000011100100101110,116475187,0,0.033333,1.000000
116503530,79,0000100110001001000010101011100001101000000001100110011111110100001111010010111,116475187,0,0.033333,1.000000
116503531,83,01011010001000110100001010101110000110110000000110001001111111010000111100100101110,116475187,0,0.033333,1.000000
116503532,79,0000100110001001000010101011100001101000000001100110011111110100001111010010111,116475187,0,0.033333,1.000000
116503533,79,0110100010001101000010101011100001101000000011000100111111101000011110000010111,116475187,0,0.033333,1.000000
116503534,75,101110111000000101010111000011010000000010000101101110001110010100110001111,116475187,0,0.033333,1.000000
116503535,75,010110010000100000101010111000011010000000011000100101011100011001110111001,116475187,0,0.033333,1.000000
116503547,73,1111011100000010101011100001101000000001100010110111000111001010011000111,116503234,0,0.080000,0.800000
116503549,75,101010011000000101010111000011010000000010000110101111000111000010011000111,116503234,0,0.080000,0.800000
116503550,83,00110100010101101000010101011100001101000000001100110011111110100001111000001001100,116503234,0,0.080000,0.800000
116503557,81,011010001000110100001010101110000110100000001110001001111111010000111000000101110,116476971,0,0.080000,0.800000
116503558,77,10101100100011000001010101110000110100000000110001001010111100110011100111001,116476972,0,0.066667,1.000000
116503559,78,110101100100001000000101010111000011010000000011000100101010000110011100111001,116501532,0,0.050000,0.600000
116503560,79,0100100110001001000010101011100001101000000001100110011111110100001111010010111,116501532,0,0.050000,0.600000
116503561,81,011010001000110100001010101110000110100000000110001001111111010000111000001011101,116501532,0,0.050000,0.600000
116503562,82,0011010001000110100001010101110000110100000000110001001111111010000111100100101110,116480036,0,0.053333,0.800000
116503563,81,101111000100001010000101010111000011010000000011100100111011010000110100000101111,116476976,0,0.050000,1.000000
116503564,79,1100100101011000000101010011000011010000000011000110100111100011000100011100100,116476976,0,0.050000,1.000000
116503565,77,11010001000110100001010101110000110100000000100001001011111000110111000111001,116476976,0,0.050000,1.000000
116503566,77,10101100100011000001010101110000110100000000110001001010111100110011100111001,116476976,0,0.050000,1.000000
116503567,79,1100100101011000000101010111000011010000000011000110101111100011000100011100100,116481610,0,0.050000,1.000000
116503568,75,101110111000000101010111000011010000000010000111101110001110010100111001111,116476976,0,0.050000,1.000000
116503569,81,110101100100001000000101010111000011010000000010000100101011100011001110011100111,116476976,0,0.050000,1.000000
116503570,74,11101000011000000101010111000011010000000010000110101110000111000001110001,116476976,0,0.050000,1.000000
116503571,81,110101100100001000000101010111000011010000000010000100101011100011001110011100111,116476976,0,0.050000,1.000000
116503572,73,1101011100000101010111100011010000000010000100101111100111001010110000110,116476976,0,0.050000,1.000000
116503573,79,0111100000001101000010101011100001101000000001110010011101101000011010010010111,116476976,0,0.050000,1.000000
116503574,81,110101101100001000000101010111000011010000000010000100101011100011001110011100111,116476976,0,0.040000,0.800000
116503575,74,11101000011000000101010111000011010000000010000110101110000111000001110001,116476976,0,0.050000,1.000000
116503576,83,01011010001000110100001010101110000110100000000110001001111111000000111100100101110,116476976,0,0.050000,1.000000
116503577,77,11110000000010100001010101110000110100000000111000001110110100011010010010111,116476976,0,0.050000,1.000000
116503578,80,01111010001000110000001010101110000110100000000100011001011111001110011111111001,116476976,0,0.050000,1.000000
116503579,74,10101001100000010100011100001101010000001000011010111100011100001001100011,116481610,0,0.050000,0.700000
116503580,79,1100100101011000000101010111000011010000000011000110101111100011000100011100100,116481610,0,0.050000,1.000000
116503581,75,111101110000001010101110000110100000000100001011011110001110011100110101111,116476976,0,0.050000,1.000000
116503582,86,00110010010011111100100101010111000011010000000010001001111101011000011110110011100110,116476982,0,0.100000,1.000000
116503583,79,0101100101010000000101010111000001010001100011100100101111100011001110011111110,116476982,0,0.060000,0.600000
116503584,77,10010010101100000010101011100001010000100011000110101111100011000100011100100,116476982,0,0.100000,1.000000
116503585,82,1011010001000111100001010101110000110100000000110001001011111010000111100001011101,116476982,0,0.100000,1.000000
116503586,82,1111000001000100000101010111000010010000000010001001111101011001111100110011110101,116503236,0,0.080000,0.800000
116503587,83,01111000100011010000101010111000011010000000011000100111111101000011110010010111010,116476982,0,0.100000,1.000000
116503588,78,010011001000110100001010101110000110100000001100010010111110011000111001110011,116476982,0,0.080000,0.800000
116503589,72,010100110000001010101100011101000000001000011010111101011100001001101011,116500008,0,0.040000,0.500000
116503590,73,0111101110100001010101111000110100000000100001100110100011101001001100110,116503236,0,0.080000,0.800000
116503591,76,1111101110000001010101110000110100000000100001010011110001110011100110001111,116476982,0,0.100000,1.000000
116503592,76,1110100001110000010101011100001101000000000010011010111000111100001011100011,116476982,0,0.100000,1.000000
116503593,72,010100110000001010101100011101000000001000011010111101011100001001101011,116476982,0,0.100000,1.000000
116503594,79,1101100100001000000101010111000011010010000011000100111111100010001100011000111,116476982,0,0.100000,1.000000
116503595,79,1100100101011000000101010111000011010000000011000110101111100011000100011100100,116476982,0,0.100000,1.000000
116503596,77,01111101110000001010101110000110100000001100001011011110001110010100110101111,116476984,0,0.100000,1.000000
116503597,74,10101001100000010101011100001101000000001000011010111101011100001001100011,116501513,0,0.040000,0.600000
116503598,75,101110111000000101010111000011010000000010000111101110001110010100111001111,116501513,0,0.040000,0.600000
116503599,82,1011010001000111100001010101110000110100000010110001001011111010000111100001011101,116476984,0,0.100000,1.000000
116503600,79,1010110010000100000010101011100001101000000001000010010101110001100111011110011,116501513,0,0.040000,0.600000
116503601,77,11010111000110000001010101110000110100000000110000001111110001100110001100011,116476984,0,0.000000,0.000000
116503602,79,1110100101011000000101010111000011010000000011000100101111100011000100011101100,116501513,0,0.040000,0.600000
116503603,82,0110100010101101000010101011100001101000000001100110011111110100001111000001001100,116501513,0,0.040000,0.600000
116503604,82,0000101010001101000010101011100001101000100001100100111110101000111110010010111110,116492282,0,0.046667,0.700000
116503605,74,10101001100000010101011100001101000000001000011010111100011001010011000101,116476985,0,0.100000,1.000000
116503606,77,11010001000100100001010101110000110100010000101001001011111000110111000111001,116476987,0,0.100000,1.000000
116503607,73,1111011100000010101011100001101000000001000010110111000111001010011000111,116476987,0,0.100000,1.000000
116503608,87,011101111010000001000010101011100001101000000001001111010110101011000110011100011111000,116500007,0,0.033333,0.500000
116503609,78,111010010101100000010101011100001101000000001100110010111110001100100011101100,116476971,0,0.100000,1.000000
116503610,74,11010111000001010101111000110100000000100001001011111001110010101100001100,116505121,0,0.053333,0.800000
116503611,86,00110010010011111100100101010111000011010000000010001001111101011000011110110011100110,116476971,0,0.080000,0.800000
116503612,78,001011000101000000010101011100001101000000001100010010111110011100111011100010,116478433,0,0.066667,1.000000
116503613,80,01111011001001111000011010101100000110110000000100011001011111000010011100111001,116478433,0,0.066667,1.000000
116503626,80,11110001000110100001010101010000110100000000110001001111111010000111001001011101,116478435,0,0.066667,1.000000
116503627,77,11110100001100000010101011100001101000000001000011010111000011100001011100011,116478436,0,0.100000,1.000000
116503628,79,0011110000001101000010101011100001100000000001110010011101101000011010010010001,116495374,0,0.100000,0.600000
116503629,77,11110100001100000010101011100001101000000001000011010111000011100001011100011,116508494,0,0.100000,1.000000
116503630,79,1011011001000110000001010101010000110100000000110101001011100100100111000111001,116481595,0,0.100000,0.700000
116503631,80,11100100101011000000101010111000011010000000011000100101111100011010100011100100,116508494,0,0.100000,1.000000
116503632,82,0111100010001101000010101011100001101000000001100010011111111100001111001001011101,116495374,0,0.100000,0.700000
116503633,74,10101001100000010001011100001101000000001000011010111100011100001001100011,116505123,0,0.120000,0.700000
116503634,82,0110110011001101000110101011100001101000000001110010011111111100001100000010111010,116478437,0,0.033333,1.000000
116503635,80,01101000100010000001010101110000110100000000111000001101111010000111000001011101,116478437,0,0.033333,1.000000
116503636,78,010011001000110100001010101110000110100000001100010010111110011000111001110011,116492278,0,0.028000,0.700000
116503637,72,011010111010000101010111000011010000000010000110101010001110100100110011,116478437,0,0.033333,1.000000
116503638,75,101100110011000000101010111000011010000001010000100101110100010111000111011,116478437,0,0.028000,0.600000
116503639,81,011010001000110101001010101110000110100000000110001001111111010000111000001101110,116478437,0,0.033333,1.000000
116503640,76,1111101110000001010101110000110100000000100001011011110001110010100110011111,116478437,0,0.033333,1.000000
116503641,81,011010101000110100001010101110000110100000100110001001110111010000111101000101110,116478437,0,0.033333,1.000000
116503642,74,10101001100000010101011100001101000000001000011010111101011100001001100011,116492278,0,0.033333,0.800000
116503643,78,010011001000110100001010101110000110100000001100010010111110011000111001110011,116492278,0,0.033333,0.700000
116503644,80,01111011001001111000011010101100010110110000000100011001011111000010011100111001,116492278,0,0.020000,0.500000
116503645,86,00110010010011111100100101010111000011010000001010001001111100011000001110110011100110,116478438,0,0.100000,1.000000
116503646,84,110010000010111100001101010111000011010000000010001001101101011000110110110001100100,116480042,0,0.053333,0.800000
116503647,83,11001000001011100000110101011100001101000000001010100111110101100011010011000110000,116508495,0,0.100000,0.600000
116503648,74,10101001010000010101011100001101000000001000011010111101011100001001100011,116501534,0,0.040000,0.600000
116503649,75,101101110000001010101010000010100000000100001011010100001110011100100001111,116478439,0,0.100000,1.000000
116503650,82,0110100010001101000010101011100001101000000001100010011111110000001110000010111011,116483540,0,0.040000,0.800000
116503651,79,0011000010011000000101010111000011010000000010001011011010110101101000100110001,116478440,0,0.040000,1.000000
116503652,76,1110110001100000010101111100001101000000001000011010111000011100001011100011,116478440,0,0.040000,1.000000
116503653,81,011010001000110100001010101110000110101000000110001001111111010000111100000101110,116483540,0,0.035000,0.700000
116503654,78,011111001011000000101010111000011010000000011000100101111100001001100001100100,116478441,0,0.066667,1.000000
116503655,72,011110111010100101010111100011010000000010000110011010001110100100110011,116503238,0,0.040000,0.600000
116503656,79,0110110010001100000010101011100001101000001001000010101111010001000111101010010,116478443,0,0.022222,1.000000
116503657,81,011010001000110100000010101110000110100000000110001001111111010000111100000101110,116486626,0,0.013333,0.600000
116503658,75,101110111000000101010111000011010010000010000101101110101110010100110001111,116478445,0,0.066667,1.000000
116503659,78,110110010101000001010101011100001101000000001100010111111110001010111101110010,116478445,0,0.066667,1.000000
116503660,82,0110100010101101000010101011100001101000000001100110011111110100001111000001001100,116478445,0,0.066667,1.000000
116503661,80,01111011001001111000001010101100010110100000000100011001011111000110011100111001,116478445,0,0.066667,1.000000
116503662,81,011010001000111100001011101110000111100000000110001001111111010000111100001011001,116478445,0,0.066667,1.000000
116503663,78,110110010101000001010101011100001101000000001100010111111110001010111101110010,116478445,0,0.066667,1.000000
116503664,86,01111111101000000100001010101110000110100000000110111101011010101100011001110001111100,116478445,0,0.066667,1.000000
116503665,82,1011010001000110100001010101110000110100000000110001001111110010000111100100101110,116478445,0,0.066667,1.000000
116503666,78,010011001000110100001010101110000110100000001100010010111110011000111001110011,116478445,0,0.066667,1.000000
116503667,79,1110100101011000000101010111000011010000000011000100101111100011000100011101100,116478445,0,0.066667,1.000000
116503668,82,0011010001000110100001010101110000110100000000110001001111111010000111101100101110,116478445,0,0.066667,1.000000
116503669,82,0111100010001101000010111011100001111000000001100010011111110000001111001001011001,116478445,0,0.066667,1.000000
116503670,77,01110100001100000010101011100001101000000001000011010110000011100001011100011,116478445,0,0.066667,1.000000
116503671,75,101010011000000101010111000011010000000010000110101111000111000010011000111,116478445,0,0.066667,1.000000
116503672,79,0010111010101100100010101011100101101000000001100110010111010000110110001110011,116478445,0,0.066667,1.000000
116503673,79,0101100010100000001000101110010110100000000110000101011111000110011101110001010,116478446,0,0.100000,1.000000
116503674,71,11110110000001010101110000110100000000100001011011100011100101000100011,116478446,0,0.100000,1.000000
116503675,79,0011000010011000000101010111000011010000000010001011011010110101101000100110001,116478447,0,0.200000,1.000000
116503676,83,01101110100010001001000010101011100001101000000001000100111011000000011100100000111,116478447,0,0.200000,1.000000
116503677,79,0011000010011000000101010111000011010000000010001011011010110101101000100110001,116478447,0,0.200000,1.000000
116503678,77,11110100001100000010101011100001101000000001000011010111000011100001011100011,116506693,0,0.028000,0.700000
116503679,79,1101100101011000000101010111000011010000000011000000101111100011001101011100110,116506693,0,0.028000,0.700000
116503680,73,0101001100000011101011100001101000000001000011010111101011100001001101011,116478450,0,0.040000,1.000000
116503681,82,1111000001000100000101010111000010010000000010001001111101011001111100110011110101,116478450,0,0.040000,1.000000
116503682,79,0110100010001101000010101011100001101000000001100010011111110100011100000010111,116478450,0,0.040000,1.000000
116503683,83,11001000001011110000110101011100001101000000001000100110110101100011011011000110010,116478450,0,0.040000,1.000000
116503686,77,01011001000100000011010101110000110100000000110000010011100101100111111101010,116478450,0,0.040000,1.000000
116503687,80,01101000100010000001010101110000110100000000111000011111111010000111000011011101,116478450,0,0.040000,1.000000
116503688,81,011010001000110100001010101110000110100000000110001001111101010000111000000101111,116478450,0,0.040000,1.000000
116503690,73,0101001100000011101011100001101000000001000011010111101011100001001101011,116478450,0,0.040000,1.000000
116503691,82,1011010001000110100001010101110001110100000000110001001111111010000011100000101110,116478450,0,0.032000,0.800000
116503693,75,010110010000100000101010111000011010000000011000100101011100010001110111001,116478453,0,0.040000,1.000000
116503694,83,00110100010101101000010101011100001101000000001100110011111110100001111000001001100,116481608,0,0.040000,0.800000
116503695,82,1101110100010001001000010101011100001101000010001000100111011000000011110100000111,116481608,0,0.035000,0.700000
116503696,81,011010001010110100001010101110000110100000000110001001110111110000111000000101110,116478453,0,0.040000,1.000000
116503697,75,101010011000000101010111000011010000000010000110101111000111000010011000111,116480035,0,0.100000,1.000000
116503698,77,01001001010110000001000101110000110100000000110100001011111000110011000110010,116480035,0,0.100000,1.000000
116503699,74,00011010111010001101010111000011010000000010100100101111101111011100110100,116480035,0,0.100000,1.000000
116503700,74,10101001000000010101011100001101000000001000011010111001011100001001100001,116480036,0,0.066667,1.000000
116503701,74,00011010111010001111010111000011010001000010000100101111001101011100110000,116480036,0,0.066667,1.000000
116503702,81,011010001000110100001010101110000110100000000110001001111111010000111100000101110,116476974,0,0.020000,0.400000
116503703,77,10101100100011100001010101110000110100000000110001001010111100110011100111001,116501532,0,0.020000,0.600000
116503704,73,0011010111010000101010111000011010000000010000110111101000111100100110011,116480036,0,0.066667,1.000000
116503705,74,10101001100000010101011100001101000000001000011010111100011100001001100011,116478435,0,0.026667,0.400000
116503706,80,01001001100010010001101010111000011010000000011001100110111101000011110100101110,116494069,0,0.046667,0.700000
116503707,86,00110010000011111000000101010111000011010000000010001101111101011000011110110011100110,116494069,0,0.053333,0.800000
116503708,78,110011010001100000010101011100001101000000001100010101111110001000111101110010,116480036,0,0.066667,1.000000
116503709,80,01001001100010010001101010111000011010000000011001100110111101000011110100101110,116476974,0,0.020000,0.400000
116503710,82,0100100110001001000010101011100001101000000001100010011111110100001111101001011101,116476974,0,0.020000,0.400000
116503711,78,110111010001100000010101011100001101000000001100010101111110001000111101110010,116476974,0,0.020000,0.400000
116503712,73,0011010111010000101010111000011010000000010000110111101000111100100110011,116476974,0,0.020000,0.400000
116503713,77,10101100100011000001010101110000110100000000110001001010111100110011100111001,116476974,0,0.020000,0.400000
116503714,86,00110010000011111000000101010111000011010000000010001101111101011000011110110011100110,116476974,0,0.020000,0.400000
116503715,82,1101110100010001001000010101011100001101000000001000100111011000000011100100000111,116478435,0,0.026667,0.400000
116503716,83,11001000001011100000110101011100001101000000001000100111110101100011010011000110010,116480036,0,0.066667,1.000000
116503717,79,0110100010001101000010101011100001101000000011000100111111101000011110000010111,116494069,0,0.046667,0.700000
116503718,80,01110100010001101000010101011100001101000000001100010011111110100001110010010111,116478435,0,0.026667,0.400000
116503719,80,01001001100010010001101010111000011010000000011001100110111101000011110100101110,116480036,0,0.066667,1.000000
116503720,74,10101001000000010101011100001101000000001000011010111001011100001001100001,116480036,0,0.066667,1.000000
116503721,80,01111011001001111000001010101100000110100000000100011001011111000110011100111001,116480036,0,0.066667,1.000000
116503722,82,1011010001000111100001010101110000111100000010110001001011111010000111100001011101,116505130,0,0.100000,0.700000
116503723,75,111101001100000010101011100001111000000001000011010111000011100011001100011,116480037,0,0.100000,1.000000
116503724,77,10101100100011000001010101110000110100000000110001001010111100110011100111001,116480038,0,0.066667,1.000000
116503725,70,1000111010000101010111000011010000000011000010101111000110000100111101,116480038,0,0.066667,1.000000
116503726,76,1110100001100000010101011100001101000000001000011010111000011100001010100011,116480038,0,0.066667,1.000000
116503727,76,1011110010110000001010101110000110100000001100110010111110000100110000110010,116480038,0,0.066667,1.000000
116503728,77,11011001000110000001010101110001110100000000100001001011101000100111000111001,116492278,0,0.028000,0.700000
116503729,77,10101100100011000001010101110000110100000000110001001010111100110011100111001,116480041,0,0.066667,1.000000
116503730,77,10101100100011000001010101110000110100000000110001001010111100110011100111001,116480041,0,0.066667,1.000000
116503731,75,011101001100000010101011100001101000000001000011010111101011100001001101011,116480041,0,0.066667,1.000000
116503732,78,101011101000110000001110101111000110100000000110011001111110100100110001110010,116505122,0,0.033333,0.500000
116503733,75,011101001100000010101011100001101000000001000011010111101011100001001101011,116480041,0,0.066667,1.000000
116503734,78,010011001000110100001010101110000110100000001100010010111110011000111001110011,116478438,0,0.080000,0.800000
116503735,70,1010111010000101011111000011010000000011001010101111100110011100101100,116480042,0,0.066667,1.000000
116503736,80,01111011001011111000001010101100000110100000000100011001011111000110011100111001,116480043,0,0.100000,1.000000
116503737,70,1010111010000101010111000011010000000011000000101111000100011100111101,116508496,0,0.100000,1.000000
116503738,78,011011001000110000001010101110000110100000000110111001011101000100111000111001,116480045,0,0.066667,1.000000
116503739,70,1010111010000101010111000010010000000011000010101111000100011100111101,116481595,0,0.066667,1.000000
116503740,70,1010111010000101010111000010010000000011000010101111000100011100111101,116481595,0,0.066667,1.000000
116503741,82,0011010001000110100001010101110000110100000000110001001111111010000111100100101110,116495374,0,0.066667,0.700000
116503742,82,0110101010001001000010101011100001101000100001101010011111010100001011001001011101,116495374,0,0.035000,0.600000
116503743,81,110111011001000100100001011101110100110100000000100010011101100001001110010000011,116501520,0,0.040000,0.600000
116503744,78,010011001000110100001010101110000110100000001100010010011110011000111001110011,116481596,0,0.066667,1.000000
116503745,86,00110000000011111100000101010111000011010000000010001001111101011000011110110011100110,116505126,0,0.053333,0.800000
116503746,74,00111010111010001101010111000011010000000010100100101111101111011000110100,116481596,0,0.066667,1.000000
116503747,81,110111011001000100100001011101110100110100000000100010011101100001001110010000011,116481596,0,0.066667,1.000000
116503748,75,001101011101000010101011100001101000000001000011011110100011101001001100111,116481598,0,0.050000,1.000000
116503750,74,00011010111010001111010111000011010001000010000100101110001101011100010000,116485012,0,0.030000,0.600000
116503751,78,010010001010000000101010111001001010000000011000110101111100011001110111100100,116505124,0,0.040000,0.600000
116503752,86,00110010000011111100000101010111000011010000000010001001111101011000011110110011100110,116500009,0,0.066667,1.000000
116503753,82,0010010001000111111001010111110000110100000000111001001111111010000110000001011101,116481600,0,0.066667,1.000000
116503754,75,001101011101000010101011100001101000000001000011011110100011101001001100111,116481600,0,0.066667,1.000000
116503755,77,11111011100000010101011100001101000000001000010110111100011100101001101011111,116481600,0,0.066667,1.000000
116503756,82,0110101010001001000010101011100001101000100001101010011111010100011011001001011101,116481602,0,0.066667,1.000000
116503757,76,1111101110000001010101110000110100000000100001010011110001110011100110001111,116481602,0,0.066667,1.000000
116503758,86,01110111101000000100001010101110000110100000000110111101001010101100011001110001111100,116481602,0,0.066667,1.000000
116503759,70,0101011000000101010111000011010000000010000110101101000110010000110001,116481602,0,0.066667,1.000000
116503760,77,11011001000110000001010101110000110100000100111001001011101000100111000111001,116481604,0,0.100000,1.000000
116503761,81,001110100010001101000010101011100001101000000001100010011111110100001110010010111,116481606,0,0.100000,1.000000
116503762,81,001110100010001101000010101011100001101000000001100010011111110100001110010010111,116481606,0,0.100000,1.000000
116503763,83,11001000001011110000110101011100001101000000001000100110110101100011011011000110010,116481606,0,0.100000,1.000000
116503764,80,01101000100011010000100010111000011010000001011001001011111000000111100100101110,116481606,0,0.100000,1.000000
116503765,84,111001000001011100000110101011100001101000000001000100111111101100011010011000110011,116481606,0,0.080000,0.800000
116503766,78,110110010001100000010101011100001101000000001000010101111010001000111101110010,116481606,0,0.100000,1.000000
116503767,82,1001000001001100000010101011100001101000000001000100110100101001011010011001110011,116481606,0,0.100000,1.000000
116503768,81,001010001000110100001010101110001110100000000110001001111111010000111110000101110,116481606,0,0.100000,1.000000
116503769,82,0110101010001101000010101011100001101000100001100100111110101000111110010010111110,116481606,0,0.100000,1.000000
116503770,76,1010110010000100000101010111000011110000000011000100101011100011001110111001,116481606,0,0.100000,1.000000
116503771,75,101100110011000000101010111000011010000001010000100101110100010111000111111,116481606,0,0.100000,1.000000
116503772,81,011010001000110100001010101110000110100000000110001001111111010000011100000101110,116481607,0,0.066667,1.000000
116503773,86,01110111101000000100001010101110000110100000000110111101011010101100011001110001110100,116506696,0,0.066667,1.000000
116503774,74,10101001100000010101011100001101000000001000011010111101011100001001100011,116481607,0,0.066667,1.000000
116503775,81,001110100010001101000010101011100001101000000001100010011111110100001110010010111,116506696,0,0.066667,1.000000
116503776,77,11011001000110000001010101110000100100000000100001000011101001100101000111101,116481608,0,0.050000,1.000000
116503777,74,11101000011000000101010111000011010000000010000110101110000111000001110001,116478453,0,0.040000,1.000000
116503778,72,110101110100001010101110000110100000000110000101001110001100111001111010,116481608,0,0.050000,1.000000
116503779,81,011110010011100110000010101011100001101000000000100010010111110001100111111110010,116481608,0,0.050000,1.000000
116503780,77,01011001100110000001010101110100110100000000100001001011101000101110001110110,116481608,0,0.050000,1.000000
116503781,82,0110100011001101000110101011100011101000000001110010011111111100001100000010111010,116506694,0,0.046667,0.700000
116503782,82,1101110100010001001000010101011100001101000000001000100111011000000011100100100111,116481608,0,0.050000,1.000000
116503783,80,01101000100011010000101010111000011010000000011000100111111010000111100100101110,116481608,0,0.050000,1.000000
116503784,74,01101011101000010101011100001101000000001000011010110100011101001001100011,116478453,0,0.040000,1.000000
116503785,74,10101001100000010101011100001101000000001000011010111100011100001001100011,116506708,0,0.040000,0.800000
116503786,85,1110111010000001000010111011100001101000000001101111010110101011000110011100011111000,116481608,0,0.050000,1.000000
116503787,74,01101011101000010101011100001101000000001000011010110100011101001001100011,116481608,0,0.050000,1.000000
116503788,84,111011000101011100000010101011100011101001000001100100111110100100011110011001110010,116481608,0,0.040000,0.800000
116503789,74,11101000011000000101010111000011010000000010000110101110000111000001110001,116481608,0,0.050000,1.000000
116503790,74,01101011001000010101011100001101000000001000011010110100011101001001100011,116481608,0,0.050000,1.000000
116503791,74,10101001100000010101011100001101000000001000011010111100011100001001100011,116481608,0,0.050000,1.000000
116503792,78,010011001000110100001010101110000110100000001100010010111100011000111001110011,116481608,0,0.050000,1.000000
116503793,77,10010010101000000101010111000010110100000010000100101111100011001100111100100,116481608,0,0.050000,1.000000
116503794,81,011010001000110100001010101110000110100000000110001001111111010000111100000101110,116481608,0,0.050000,1.000000
116503795,74,11101000011000000101010111000011010000000010000110101110000111000001110001,116481608,0,0.050000,1.000000
116503796,80,01101000100011010000101010111000011010000000011000100111111010000111100100101110,116481608,0,0.050000,1.000000
116503797,79,0111100000001101000010101011100001101000000001110010011101101000011010010010111,116481608,0,0.050000,1.000000
116503798,84,010110000010001000000101010111000011110000000010001000111101011000111100110011010101,116471687,0,0.040000,0.600000
116503799,80,01001001100010010001101010111000011010000000011001100110110101000011110100101110,116475188,0,0.046667,0.700000
116503804,72,011010111010000101010111000011010000000010000110101010001110100100110011,116475188,0,0.053333,0.800000
116503805,79,0011000010011000000101010111000011010000000010001011011010110101101000100110001,116475188,0,0.053333,0.800000
116503809,81,011110100010001100000010101011100001101000000001100110010111110011110111111110011,116475188,0,0.053333,0.800000
116503810,82,1101110100010001001000010101011100001101000000001000100111011000000011100100000111,116475188,0,0.053333,0.800000
116503815,86,00110010010011111100100101010111000011010000000010001001111101011000011110110011100110,116475188,0,0.046667,0.700000
116503818,82,0100100110001001000010101011100001101000000001100010011110110100001111101001011100,116481613,0,0.200000,1.000000
116503819,82,0011010001000110100101010101110000110100100000110101001111111010000111000001011101,116481613,0,0.160000,0.800000
116503820,81,101111000100001010000101010111000011010000000011100100111011010000110100000101111,116481614,0,0.100000,1.000000
116503821,78,110110010101100001010101011100001101000000001100010111111110001010111101110010,116481614,0,0.100000,1.000000
116503822,79,1101000110011010000101010111000011010000000011000100111111010000111000000101110,116481614,0,0.100000,1.000000
116503823,80,01111010001001110000001010101110000011110000000110011101010111001110011111111101,116486644,0,0.080000,0.600000
116503824,81,011010101000110100001010101110000110100000000110001001110111010000111101000101110,116486644,0,0.100000,0.800000
116503825,79,0011000010011000100101010111000011010000000010001011011010110101101001100111001,116481614,0,0.100000,1.000000
116503826,75,001110101110100011010101110000010100000000101001001011111011110111001101000,116481614,0,0.100000,1.000000
116503827,77,11001001010110000001000101110000110100000000110100001011111000110011000110010,116481614,0,0.100000,1.000000
116503828,79,0110110010001100000010101010100001101000000001101010010111000001001110001110011,116481614,0,0.100000,1.000000
116503829,82,0110100011001101000110101011000001101000000001110010011111111100001100000010111010,116481614,0,0.100000,1.000000
116503830,76,0111110010110000011010101010000110000000000110011001011111000010011100011001,116481614,0,0.100000,1.000000
116503831,79,1011011001000110000001010101010000110100000000110101001011100000100111000111001,116481614,0,0.100000,1.000000
116503832,81,011010101000110100001010101110000110100000000110001001110111010000111101000101110,116486644,0,0.100000,0.800000
116503833,86,01110111101000000100001010101110000110100000000110111101001010101100011001110001111100,116486644,0,0.100000,0.800000
116503834,75,111010111000001010101111000110100000000100001001011111001110010101100001100,116481614,0,0.100000,1.000000
116503835,82,0110100010101101000010101011100001101000000001100110011111110100001111000001001100,116481614,0,0.100000,1.000000
116503836,79,0110100010001101000010101011100001101000000011000100111111101000011110000010111,116481614,0,0.100000,1.000000
116503837,81,011010001000110101001010101110000110100000000110001001111111010000111000000101110,116486644,0,0.100000,0.700000
116503838,83,01001000001001100000010101011100011101000000001000110100110101101011010011001110110,116481614,0,0.100000,1.000000
116503839,78,110110010101100001010101011100001101000000001100010111111110001010111101110010,116481614,0,0.100000,1.000000
116503840,74,11110111000000101010111000011010000000010000101101110001110010100110001111,116481614,0,0.100000,1.000000
116503841,76,0111110010110000011010101010000110000000000110011001011111000010011100011001,116481614,0,0.100000,1.000000
116503842,81,111010001000110100001010101110000110100000000110001001111111010000111100000101110,116486644,0,0.100000,0.800000
116503843,74,10101001100000010101011100001101000000001000011010111100011100001001100011,116481617,0,0.100000,1.000000
116503844,77,10110100001100000010101011100001101000000001000011010111000011100001010101011,116471697,0,0.100000,0.600000
116503845,83,11001000001011100000110101011100001101000000001010100111110101100011010011000110000,116481617,0,0.100000,1.000000
116503846,78,001011001000110000001010101110000110100000000100001001001101000001111000111001,116481617,0,0.100000,1.000000
116503847,75,101100100011000111010101110000110100000010100001001011101010100111000111001,116481617,0,0.100000,1.000000
116503848,81,101111000100001010000101010111000011010000000011100100111011010000110100000100111,116481617,0,0.100000,1.000000
116503850,77,01001001100010100000101010111000011010000000001000100110111010000111101011011,116483539,0,0.100000,1.000000
116503851,79,1101011100011000000101010111000011010000000011000000111111100011001100011000110,116483539,0,0.100000,1.000000
116503852,77,01111100101100000010101011100001101000000001100110010111110000100110000110010,116483543,0,0.100000,1.000000
116503853,75,101010011000000101010111000011010000000010000110101111000111000010011000111,116483545,0,0.100000,1.000000
116503854,74,10101001100000010101011100001101000000001000011010111100011100001001100011,116483545,0,0.100000,1.000000
116503855,75,001101011101000010101011100001101000000001000011010110100011101001001100111,116498408,0,0.100000,1.000000
116503856,81,011010001000100000010101011100001101000000001110000111111110100001110000010111010,116483545,0,0.100000,1.000000
116503857,86,00110010010011111100100101010111000011010000000010001001111101011000011110110011100110,116483545,0,0.100000,1.000000
116503858,80,01111010001001110000001010101110000110100000000110011001011111001110011111111001,116483545,0,0.100000,1.000000
116503859,74,11110111000000101010111000011010001000010001011011110001110010100010011111,116498408,0,0.100000,0.800000
116503860,79,1110100101011000000101010111000011010000000011000100101111100011000100011101100,116483545,0,0.100000,1.000000
116503861,78,001011101010110000001010101110000110100000000010011001011110000010011000111001,116483545,0,0.100000,1.000000
116503862,82,1010000101001100000101010111000011010000000010001001111101011000111100110011110101,116483545,0,0.100000,1.000000
116503863,79,0100100110001001000010101011100001101000000001101110011011110100101111010010111,116483545,0,0.100000,1.000000
116503864,73,1111011100000010101011100001101000000001000010010111100011001010011000111,116483545,0,0.100000,1.000000
116503865,80,11100100101011000000101010111000011010000000011000100101111100011000100011100100,116483545,0,0.100000,1.000000
116503866,76,1110100001100000010101011100001101000000000000011010111000111100001011100011,116483545,0,0.100000,1.000000
116503867,79,0111100000001101000010101011100001101000000001110010011101101000011010010010111,116483545,0,0.100000,1.000000
116503868,81,011010001000110100001010101110000110100000000110001001111111010000111000001011101,116483546,0,0.066667,1.000000
116503869,80,01101000100010000001010101110000110100000000111000001111111010000111000001011101,116483546,0,0.066667,1.000000
116503870,76,1111101110000001010101110000110100000000100001010011110001110011100110001111,116483546,0,0.066667,1.000000
116503871,78,110101100100001000001010101110000110100000000110001001010111000110011100111001,116483546,0,0.066667,1.000000
116503872,81,011110100010011100000010101011100001101000000011100110011111110011100111111110011,116483546,0,0.066667,1.000000
116503873,80,01111011001001111000011010101100000110110000000100011001011111000010011100111001,116483546,0,0.066667,1.000000
116503874,74,11110111000000101010111000011010000000010000101101110001110010100110001111,116483546,0,0.066667,1.000000
116503875,75,111110111000000110101110000110100000001100001011011110001110010100110101111,116483546,0,0.066667,1.000000
116503876,77,11010001000110100001010101110000110100000000100001001011111000110111000111001,116483546,0,0.066667,1.000000
116503877,79,0100100110001001000010101011100001101000000001100110011111110100001111000010111,116483546,0,0.066667,1.000000
116503878,74,10001001010000010101011100001101000000001000011010111101011100001001100011,116483546,0,0.066667,1.000000
116503879,74,00111010111010001101010111000011010000000010100100101111101111011000110100,116483548,0,0.100000,1.000000
116503880,70,0101011000000101010111000011010000000010000110101101000110010000100001,116483548,0,0.100000,1.000000
116503881,82,0011010001000110100001010101110000110100000000110101001111111010000111000001011101,116483548,0,0.100000,1.000000
116503882,75,101010011000000101010111000011010000000010000110101111000111000010011000111,116483549,0,0.200000,1.000000
116503883,81,011101000100111010000101010110000011010000000011100100111111101001011100100101111,116508499,0,0.200000,0.800000
116503884,74,00111010111010001101010111000011010000000010100100111011101111011100110110,116483550,0,0.050000,1.000000
116503889,83,01011010000000110100001010101110000110100000000110001001111111000000011100100101110,116484996,0,0.200000,1.000000
116503890,73,1111011100000010101011100001101000000001000010110111000111001010011000111,116484996,0,0.200000,1.000000
116503891,73,1101011100000101010111000011010000000010000100101111000111001000010000010,116484996,0,0.200000,1.000000
116503892,81,011010001000110100001010101110000110100000000110001001111111010000111000001011101,116484996,0,0.200000,1.000000
116503893,73,1101011100000101010111000011010000000010000100101111000111001000010000010,116484996,0,0.200000,1.000000
116503894,80,01111010001001110000001010101110000110100000000110011001111111001010011111111001,116484996,0,0.200000,1.000000
116503895,81,110111011001000100100001011101110100110100000000100010011101100001001110010000011,116484996,0,0.200000,1.000000
116503896,82,0111100010001101000010101011100001101000000001100010011111110100001111001001011101,116484996,0,0.200000,1.000000
116503897,75,110110001100000010101011100001101000000001000011011111100011000001001100001,116484996,0,0.200000,1.000000
116503898,82,0100100110001001000010101011100001101000000001100010011111110100001111101001011101,116484996,0,0.200000,1.000000
116503899,81,011010001000110100001010101010000110100000000110001001111111010000111100000101110,116484996,0,0.200000,1.000000
116503900,76,1011110010110000001010101110000110100000001100110010111110000100110000110010,116484996,0,0.200000,1.000000
116503901,77,10010010101000000101010111000011010100000010000100101111100011001100111100100,116484996,0,0.200000,1.000000
116503902,77,01111101110000001010101110010110100000000100001011011110001110010100110101111,116484996,0,0.200000,1.000000
116503903,73,1111011100000010101011100001101000000001000010110111000111001010011000111,116484996,0,0.200000,1.000000
116503904,73,1101011100000101010111000011010000000010000100101111000111001000010000010,116484996,0,0.200000,1.000000
116503905,80,01110100010001101000010101011100001101000000001100010011111110100001110010010111,116484998,0,0.200000,1.000000
116503906,74,11111011100000010101011100001101000000001000010110111100011100111001100011,116484998,0,0.160000,0.800000
116503907,78,001111100101100000010101011100001101000000001100110011111110000100110000110010,116484998,0,0.200000,1.000000
116503908,77,11011001000110000001010101110000110100000000100001000011101001100101000111101,116484998,0,0.200000,1.000000
116503909,77,11011001000110000001010101110000110100000000100001000011101001100101000111101,116484998,0,0.200000,1.000000
116503910,80,01110100010001101000010101011100001101000000001100010011111110100001110010010111,116484999,0,0.050000,1.000000
116503911,82,0110100011001101000110101011000001101000000001110010011111111100001100100010111010,116484999,0,0.050000,1.000000
116503912,80,10101100100001000000101010111000001010000000011000100101011100010011110011100110,116485000,0,0.100000,1.000000
116503913,84,010110000010001000000101010111000011110000000010001000111101011000111100110011010101,116485000,0,0.100000,1.000000
116503914,81,011010001000110100001010101110000110100000000110001001111111010000111000001011101,116485000,0,0.100000,1.000000
116503915,79,1101011101110100001010101100001110100000000101001100011100010110010100110101100,116485000,0,0.100000,1.000000
116503916,78,110101100100001000000101010111000011010000000011000100101010000110011100111001,116485000,0,0.100000,1.000000
116503917,78,110101100100001000000101010111000011010000000011000100101010000110011100111001,116505135,0,0.160000,0.800000
116503918,79,1101011100011100000101010111000011010000010011000000111111100011001100011000111,116485000,0,0.100000,1.000000
116503919,79,1101100101011000000101010111000011010000000011000000101111100011001101011100110,116485000,0,0.100000,1.000000
116503920,75,101100110011000000101010111000011010000001010000100101110100010111000111011,116505135,0,0.140000,0.700000
116503921,74,10101001100000010101011100001101000000001000011110111101011100001001101011,116485000,0,0.100000,1.000000
116503922,76,1010100110000001010101110000110100000000100001101011110001010000100110001111,116485000,0,0.100000,1.000000
116503923,81,101111000100001010000101010111000011010000000011100100111011010000110100000101111,116485000,0,0.100000,1.000000
116503924,79,0110101010001101000010001011100001101000100001100100111110011000111110010110111,116485000,0,0.100000,1.000000
116503925,79,1101100101011000000101010111000011010010000011000000101111100011101101011100110,116485000,0,0.100000,1.000000
116503926,75,101010011000000101010111000011010000000010000110101111000011000010011000111,116505135,0,0.160000,0.800000
116503927,73,1101011100000101010111000011010000000010000100101111000111001000010000010,116485002,0,0.066667,1.000000
116503928,73,1111011100000010101011100001101000000001000010110111000111001010011000111,116485002,0,0.066667,1.000000
116503929,82,1010000101001100000101010111000001010000000010001001111101011000111100110011110101,116468455,0,0.050000,0.700000
116503931,77,11111011100000010101011100001101000000001000010110111100011000101001101011111,116490319,0,0.100000,1.000000
116503934,79,1101100101011000000101010111000011010000000011000000101111100011001101011100110,116490319,0,0.100000,1.000000
116503935,81,011010001000110100001010101110000110100000000110001001111111010000111000000101110,116490319,0,0.100000,1.000000
116503939,79,0111100000001101000010101011100001101000000001110010001101101000011010010010111,116485008,0,0.200000,1.000000
116503940,77,10010011000100100001011101110000110100000000110001001100110100001010010010111,116485008,0,0.200000,1.000000
116503941,78,001011101010110000001010101110000110100000000010011001011110000010011000111001,116485008,0,0.200000,1.000000
116503942,73,0111101110100001010101111000110100000000100001100110100011101001001100110,116485008,0,0.200000,1.000000
116503943,82,0011010001000110100001010101110000110100000000110001001111111010000111100100101110,116485008,0,0.200000,1.000000
116503944,75,101010011000000101010111000011000000000010000110101111000111000010011000111,116485008,0,0.200000,1.000000
116503945,80,10101100100001000000101010111000010010000000010000100101011100011001110011100111,116485008,0,0.200000,1.000000
116503946,80,01111010001100110000001010111110000110100000000110011001011111001110011111111001,116485008,0,0.200000,1.000000
116503947,79,0111100000001101000010101011100001101000000001110010011101101000011010010010111,116485010,0,0.066667,1.000000
116503948,78,101011101000110000001110101111000110100000000110011001111110100100110001110010,116485010,0,0.066667,1.000000
116503949,74,10101001100000010101011100001101000000001000011010111100011100001001100011,116485010,0,0.066667,1.000000
116503950,80,01111010001001110000001010101110000110110000000110011101011111001110011111110101,116505129,0,0.040000,0.600000
116503951,75,010101001100000010101011100001101000000001000011010111101011100001001101011,116485014,0,0.066667,1.000000
116503952,79,0010110001010000000101010111000011010000000011000100101111100111001110111000100,116485014,0,0.066667,1.000000
116503953,82,0011010001001110100001010101110000110100000000110001001111111010000111000001011101,116485015,0,0.066667,1.000000
116503954,80,01101000110011010000101010111000011010000000011000100111111010000111110100101110,116485015,0,0.053333,0.800000
116503955,77,11010001000110100001010101110000110100000000100001001011111000110111000111001,116485016,0,0.200000,1.000000
116503956,78,111010010101100000010101011100001101000000001100010010111110001100100011101100,116485016,0,0.200000,1.000000
116503957,80,01111011001011111000001010101100000110100000000100011001011111000110011100111001,116485016,0,0.200000,1.000000
116503958,81,001101010100011000001010101110000110100000000111000001111111010100111000001011101,116485016,0,0.200000,1.000000
116503959,78,111010010101100000010101011100001101000000001100010010111110001100100011101100,116485016,0,0.200000,1.000000
116503960,77,11010001000110100001010101110000110100000000100001001011111000110111000111001,116485016,0,0.200000,1.000000
116503961,79,0011000010011000000101010111000011010000000010001011011010110101101001100111001,116485016,0,0.200000,1.000000
116503962,70,0101011101000010001011100001101000000011000010101111000110001100111111,116485016,0,0.200000,1.000000
116503963,74,11010111000001010101111000110100000000100001001011111001110010101100001100,116485016,0,0.200000,1.000000
116503964,78,010001001010110000001010101110000110100000001100010010101110001000111001110001,116485016,0,0.200000,1.000000
116503965,78,001011100101000000010101011100001101000000001110010110111100011100010011100010,116485016,0,0.160000,0.800000
116503966,81,011110100010001100000010101011100001101000000001100110010111110111110111111110011,116485016,0,0.160000,0.800000
116503967,79,1101100101010000010101010111000011010000000011000101111111100010101111011100100,116485016,0,0.200000,1.000000
116503968,70,0101011101000010001011100001101000000011000010101111000110001100111111,116485016,0,0.200000,1.000000
116503969,79,0100100110001001000010101011100001101000000001100110011111110100001111010010111,116486628,0,0.100000,1.000000
116503970,82,1011010001000110100001010101110000110100000000110001001111110010000111100100101110,116486628,0,0.100000,1.000000
116503971,81,011010001010110100001010101110000110100000000110001001110111110000111000000101110,116466864,0,0.080000,0.800000
116503972,77,11010001000110100001010101110000110100010000100001001011111000110111000111001,116466864,0,0.070000,0.700000
116503973,79,0100100110001001000010101011100001101000000001100110011111110100001111010010111,116486628,0,0.100000,1.000000
116503974,83,01011010001000110100001010101110000110100000000110001001111111000000111000100101110,116466864,0,0.080000,0.800000
116503975,81,011010001000110000010100011100001101000000001110000011111110100001110000010111011,116486628,0,0.100000,1.000000
116503976,74,10101001100001010101011100001101000000001000011010111101011100001001100011,116486628,0,0.100000,1.000000
116503977,81,011010001000110100001010101110000110100000000110001001111111110000111000000101111,116486628,0,0.060000,0.600000
116503978,79,1101000110011010000101010111000011010000000011000100111111010000111000000101110,116486628,0,0.100000,1.000000
116503979,77,11110100001100000010101011100001101000000001000011010111000011100001011100011,116486628,0,0.100000,1.000000
116503980,82,1101110100010001001000010101011100001101000010001000100111011000000011110100000111,116486629,0,0.100000,1.000000
116503981,75,111010111000001010101111000110100000000100001001011111001110010101100001100,116486629,0,0.100000,1.000000
116503982,74,11010011000001110101111000110100000000100001001011111001110010101100001100,116486629,0,0.100000,1.000000
116503983,79,0110110010001100000010101011100001101000000001000010101111010001010111101010010,116486629,0,0.100000,1.000000
116503984,82,1001000001001100000010101011100001101000000001000100111110101001011010011001110011,116486630,0,0.100000,1.000000
116503985,75,111101110000001010101010000010100000000100001011011100001100011100100001111,116500012,0,0.060000,0.600000
116503986,71,11110111000000101010111000011010000000010000101101100011100101001100011,116486630,0,0.080000,0.800000
116503987,76,1111101110000001010100110000110100000000100001010011110001110011100110001111,116492275,0,0.028000,0.700000
116503991,80,01111010001000110000001010111110000110100000000110011001011111001110011111111001,116492275,0,0.028000,0.700000
116503993,80,01111010001100110000001010111110000110100000000110011001011111001110011111111001,116506701,0,0.060000,0.600000
116503994,78,011011001000110000001010101110000110100000000110101001011101000100111000111001,116506701,0,0.060000,0.600000
116503995,88,0011001000001111110000010101011100001101000000001000100111110101100001111011001110011000,116486633,0,0.040000,1.000000
116503996,88,0011001000001111110000010111011100101101000000001000100111110101101001110011001110011010,116503253,0,0.046667,0.700000
116503997,84,111001000001011100000110101011100001101000000001000100011111101100011010011000110010,116503253,0,0.040000,0.800000
116503998,81,011110100010001100000010101011100001101000000001100110010111110011110111111110011,116468461,0,0.026667,0.800000
116503999,86,01111111101000000100001010101110000110100000000110111101011010101100011001110001111100,116468461,0,0.026667,0.800000
116504000,75,001101011101000010101011100001101010000001000011010110100011101001001100111,116506703,0,0.023333,0.700000
116504001,80,01110100010001101000010101011100001101000000001100010011111110100001110010010111,116486636,0,0.066667,1.000000
116504003,80,10101100100001000000101010111000011010000000010000100101011100011001110011100110,116486638,0,0.050000,1.000000
116504004,81,101111000100011000001010101110000110100000000111000001111111010100111000001111101,116486638,0,0.050000,1.000000
116504005,80,01101000100010000001010101110000110100000000111000001111111010000111000001011101,116486638,0,0.050000,1.000000
116504006,82,0110100010101101000010101011100001101000000001100110011111110100001111000001001100,116486638,0,0.050000,1.000000
116504007,79,1110110010000110000010101011100001100000000011100010010101100001100111001110011,116486638,0,0.050000,1.000000
116504008,79,0111100000001101000010101011100001101000000001110010011101101000111010010010111,116508504,0,0.046382,1.000000
116504009,86,00110000000011111100000101010111000011010000000010001001111101011000011110110011100110,116486638,0,0.050000,1.000000
116504010,73,1101011100000101010111000011010000000010000100101111000111001000010000010,116486639,0,0.066667,1.000000
116504011,77,11011001000110000001010101110000110100000000100001000011101001100101000111101,116480044,0,0.060000,0.600000
116504012,77,10011011111010000101010111000011011000000010000110101101000110010010011001111,116486639,0,0.066667,1.000000
116504013,75,001101010101000010101011100001101000000001000011010110100011001001001100111,116486641,0,0.028571,1.000000
116504014,78,001011100010110010001010101110000110100000000110011001011111000011011000111001,116486626,0,0.013333,0.600000
116504015,79,0011000010011000000101010111000011010000000010001011011010110101101001100111001,116486649,0,0.028571,0.600000
116504016,79,1100100101011000000101010111000011010000000011000100101111100011000100011100100,116486626,0,0.013333,0.600000
116504017,88,0011001000001111110000010101011100001101000000001000100111110101100001111011001110011000,116486641,0,0.028571,1.000000
116504018,74,10101001000000010101011100001101000000001000001010111101011100001001100011,116486626,0,0.013333,0.600000
116504019,79,1010110010000100000010101011100001101000000001000010010101110001100111011110011,116486643,0,0.100000,1.000000
116504020,82,1001000001001100000010101011100001101000000001000100110111101001011010001001110011,116486644,0,0.100000,1.000000
116504021,75,001101011101000010101011100001101000000001000011011110100011101001001100111,116486644,0,0.100000,1.000000
116504022,76,0001101011101000110101011100001101000000001010010010111110111101110011010011,116486645,0,0.040000,1.000000
116504023,88,0011001000001110110000010111011100101101000000001000100111110101101001110011001110011010,116486645,0,0.040000,1.000000
116504024,79,1100100101011000000101010111000011010000000011000110101111100011000100011100100,116486646,0,0.100000,1.000000
116504025,86,00110010010011111100100101010111000011010000000010001001111101011000011110110011100110,116486646,0,0.100000,1.000000
116504026,86,00110010010011111100100101010111000011010000000010001001111101011000011110110011100110,116496914,0,0.100000,0.700000
116504027,86,00110010010011111100100101010111000011010000000010001001111101011000011110110011100110,116496914,0,0.100000,0.700000
116504028,80,01101000100010000001010101110000110100000000111000001111111010000111000001011101,116486646,0,0.100000,1.000000
116504029,86,00110000000011111100000101010111000011010000000010001001111101011000011110110011100110,116496914,0,0.100000,0.800000
116504030,73,1011101110000001010101110000110100000000100001011011100111001010011000111,116486646,0,0.100000,1.000000
116504031,80,01101000100001010000101010111000011010000000011001001011111000000111100100101110,116486646,0,0.100000,1.000000
116504032,78,111011001000110000001010101110000110100000000100001001001101000100111000111001,116496914,0,0.100000,0.800000
116504033,77,11010001010110100001010101110000110100000000100001001011111000110111000111001,116496914,0,0.100000,0.800000
116504034,74,10101001100000010101011100001101000000001000011010111100011110001111100011,116486646,0,0.100000,1.000000
116504035,78,010001001010110000001010101110000110100000001100010010101110001000111001110001,116486647,0,0.066667,1.000000
116504036,79,0111100000001101000010101011100001111000000001110010011101101000011010010010111,116486647,0,0.066667,1.000000
116504037,82,1111000001000100000101010111000010010000000010001001111101011001111100110011110101,116486648,0,0.100000,1.000000
116504038,75,101010011000000101010111000011010000000010000110101111000111000011111000111,116486641,0,0.028571,0.800000
116504039,86,00110010000011111100000101010111000011010000000010001001111101011000011110110011100110,116486649,0,0.028571,1.000000
116504040,77,11010001000110100001010101110000110100010000100001001011111000110111000111001,116506706,0,0.080000,0.800000
116504041,79,0100100110001001000010101011100001101000000001100110011111110100001111010010111,116486650,0,0.100000,1.000000
116504042,78,001011000101000000010101011100001101000000001100010010101110011100110011100011,116490313,0,0.040000,0.600000
116504043,82,1101110100010001001000010101011100001101000000001000100111011000000011100100000111,116508508,0,0.030000,0.700000
116504044,70,1000111010000101010111000011010000000011000010101111000110000100111101,116461673,0,0.100000,0.800000
116504045,74,10101001100000010101011100001101000000001000011010111100011100001001100011,116488541,0,0.100000,1.000000
116504046,75,101100110011000000101010111000011010000001010000100101110100110111000111011,116461673,0,0.100000,0.700000
116504047,78,111010010101100000010101011100001101000000001100010010111110001100100011101100,116488541,0,0.100000,1.000000
116504048,78,110100010001101000010111011100001101000000001100010010111110001101110001110010,116488541,0,0.100000,1.000000
116504049,76,1011110010110000001010101110000110100000001100110010111110000100110000110010,116488541,0,0.100000,1.000000
116504050,75,101110011000000101010111000011010000000010000101101110001110010100110001111,116461673,0,0.100000,0.800000
116504051,80,01110100011001101000010101011100001101000000001101010011111110100001110010010111,116461673,0,0.070000,0.800000
116504052,70,1000111010000101010111000011010000000011000010101111000110000100111101,116488541,0,0.100000,1.000000
116504053,80,01110100010001101000010101011100001101000000001100010011111110100001110010010111,116488541,0,0.100000,1.000000
116504054,79,0100100110001001000010101011100001101000000001101110011011110100101111010010111,116506707,0,0.100000,0.800000
116504055,74,00111010111010001101010111001011010000000010100100101111101111011000110100,116488542,0,0.100000,1.000000
116504056,79,0111101000100011000000101010111000011010000000011001100101111001110011111111001,116506707,0,0.053333,0.800000
116504057,83,00110100110101001000010101011100001101000010001100010011111110100001111001001011101,116488543,0,0.100000,1.000000
116504058,75,011101001100000010101011100001101000000001000011010111101011100001001101011,116488543,0,0.080000,0.800000
116504059,74,10101001000000010101011000001101000000001000011010111101011100001001100011,116488543,0,0.100000,1.000000
116504060,78,011011001000110000001010101110000110100000000110111001011101000100111000111001,116488543,0,0.060000,0.800000
116504061,86,01110111101000000100001010101110000110100000000110111101001010101100011001110001111100,116488544,0,0.050000,1.000000
116504062,73,0111101110100001010101111000110100000000100001100110100011100001001000110,116471685,0,0.050000,0.800000
116504063,74,00111010111010001101010111000011010000000010100100101111101111011000110100,116471685,0,0.050000,0.800000
116504064,74,00111010111010001101010111000011010000000010100100101111101111011000110100,116478448,0,0.024000,0.600000
116504065,70,1010111010000111010111000011010000000011000010101111010110010100111111,116488545,0,0.100000,1.000000
116504066,70,1010111010000101010111000011010000000011000000101111000100011100111101,116488545,0,0.100000,1.000000
116504067,79,1011011001000110000001010101010000110100000000110101001011100000100111000111001,116488545,0,0.100000,1.000000
116504068,76,0110110010001100000010100010100001101000110001101010010110100010011100011101,116488546,0,0.066667,1.000000
116504069,80,01001011101000110000001010101110000110100000000110011001011111000010011000011001,116488546,0,0.066667,1.000000
116504070,75,110101001100000010101011100001101000000001000011010111100011100001001100011,116506708,0,0.080000,0.800000
116504071,76,1110100001100000010101011100001101000000001000011010111000011100001010100011,116488546,0,0.066667,1.000000
116504072,76,1110100001100000010101011100001101000000001000011010111000011100001010100011,116488546,0,0.066667,1.000000
116504073,83,01011010001000110100001010101110000110100000000111001001111111000000111100100101110,116506708,0,0.080000,0.800000
116504074,79,0110100010001101000010101011100001101000000011000100111111101000011110000010111,116488546,0,0.066667,1.000000
116504075,77,01011001100110000001010101110000110100000000100001001011101000101110001110110,116505131,0,0.040000,0.800000
116504076,80,01101000100011000001010101110000110100000000111000001111111010100111000001011101,116505131,0,0.040000,0.800000
116504077,83,11001000001111100000110101011100001101000000001000100110110101100011011011000110010,116488552,0,0.160000,0.800000
116504078,79,1110100101011000000101010111000011010000000011000100101111100011000100011101100,116488552,0,0.200000,1.000000
116504079,77,11010011000110100001010101110000110100000000100001001011111000110111000111001,116503247,0,0.066667,1.000000
116504080,81,010010011000100100001010101110000110100000000111001001111111010000111110100101110,116488554,0,0.100000,1.000000
116504081,78,111100000000101000010101011100001101000000001110010011101101000110100100101111,116488554,0,0.100000,1.000000
116504082,81,011010001000110101001010101110000110100000000110001001111111010000111000001101110,116501524,0,0.046667,0.700000
116504083,81,111010001000110100001010101110000110100010000110001001111111010000111100000101110,116488555,0,0.066667,1.000000
116504084,74,10101001100000010101011100001101000000001000011010111101011100001001100011,116488556,0,0.040000,1.000000
116504085,74,10101001100000010101011100001101000000001000011010111101011100001001101011,116488556,0,0.040000,1.000000
116504086,81,011010000000110100001010101111000110100000000110001001111111010000111000001011101,116488557,0,0.066667,1.000000
116504087,80,01101000100010000001010101110000110100000000111000001111111010000111000001011101,116503251,0,0.060000,0.600000
116504088,82,0111100010001101000010111011100001111000000001100010011111110000001111001001011001,116488557,0,0.066667,1.000000
116504089,80,01101000100010000001010101110000110100000000111000001111111010000111000001011101,116488557,0,0.066667,1.000000
116504090,75,101100110011000000101010111000011010000001010000100101110100010111000111011,116488557,0,0.066667,1.000000
116504091,78,110111010001100000010101011100001101000000001100010101111110001000111101110010,116488557,0,0.066667,1.000000
116504092,78,110111010001100000010101011100001101000000001100010101111110001000111101110010,116488557,0,0.066667,1.000000
116504093,77,11010001000110100001010101110000110100000000100001001011111000110111000111001,116488557,0,0.066667,1.000000
116504094,75,101110111000000101010111000011010000000010000101101110001110010100110001111,116488557,0,0.066667,1.000000
116504095,82,0110110011001101000110101011100001101000000001110010011111111100001100000010111010,116488557,0,0.066667,1.000000
116504096,78,110111010001100000010101011100001101000000001100010101111110001000111101110010,116488557,0,0.066667,1.000000
116504097,77,11010001000110100001010101110000110100000000100001001011111000110111000110001,116488557,0,0.066667,1.000000
116504098,82,0111100010001101000010101011100001101000000001100010011111110100001110001001011101,116488557,0,0.066667,1.000000
116504099,78,110111010001100000010101011100001101000000001100010101111110001000111101110010,116503251,0,0.060000,0.600000
116504100,86,00110010000011111100000101010111000011010000000010001001111101011000011110110011100110,116488559,0,0.066667,1.000000
116504101,80,01111010001000110000001010101110000110100000000100011001011111001110011111111001,116488559,0,0.066667,1.000000
116504102,72,110101110100001010101110000110100000000110000101001110001100111001111010,116488559,0,0.066667,1.000000
116504103,80,11100100101011000000101010111000011010000000011000100101111100011000100011100100,116488559,0,0.066667,1.000000
116504104,80,01111010001000110000001010101110000110100000000100011001011111001110011111111001,116488559,0,0.066667,1.000000
116504105,80,01111010001000110000001010101110000110100000000100011001011111001110011111111001,116488559,0,0.066667,1.000000
116504106,82,0001010001000110100001010101110000110100000000110001001111111010000111100100101110,116488559,0,0.066667,1.000000
116504107,80,01111010001000110000001010101110000110100000000100011001011111001110011111111001,116488559,0,0.066667,1.000000
116504108,83,01011010001000010100001010101110000111100000000110001001111111100100111000100101110,116488559,0,0.066667,1.000000
116504109,80,01111010001000110000001010101110000110100000000100011001011111001110011111111001,116488559,0,0.066667,1.000000
116504110,82,0111100010001101000010111011100001111000000001100010011111110000001111001001011001,116488559,0,0.066667,1.000000
116504111,78,011111001011000000101010111000011010000000010001100101111100001001100001100100,116488559,0,0.066667,1.000000
116504112,82,1101110100010001001001010101011100001101000000001000100111011000000011100100000111,116488559,0,0.066667,1.000000
116504113,77,10010010101000000101010111000010110100000010000100101111100011001100111100100,116488559,0,0.066667,1.000000
116504114,81,011010001000110100001010101110000110110000000110001001111111010000111100000101110,116488559,0,0.066667,1.000000
116504115,83,01011010001000010100001010101110000111100000000110001001111111100100111000100101110,116488559,0,0.066667,1.000000
116504116,88,0011001000001111110000010101011100001101000000101000100111110101100001111011001110011000,116488560,0,0.200000,1.000000
116504117,74,10101001100000010101011100001101000000001000011010111101011100001001100011,116488560,0,0.200000,1.000000
116504118,77,10010010101000000101010111000011010100000010000100101111100011001100111100100,116488560,0,0.200000,1.000000
116504119,81,010010011000100100001010101110000110100000000111101001111111010000111110100101110,116490315,0,0.100000,1.000000
116504120,77,10101100100011100001010101110000110100000000110001001010111100110011100111001,116490315,0,0.100000,1.000000
116504121,75,111010111000001010101111000110100000000100001001011111001110010101100001100,116498407,0,0.040000,0.700000
116504122,75,111010111000001010101111000110100000000100001001011111001110010101100001100,116490316,0,0.040000,1.000000
116504123,79,0001011000111000000010101011100001101000000001100010010111110011100111011100010,116498407,0,0.040000,0.800000
116504124,82,0100100110001001000010101011100001101000000001100010011110110100001111101001011100,116490316,0,0.040000,1.000000
116504125,76,1110100001100000010101011100001101000000001000011010111000011100001010100011,116490316,0,0.040000,1.000000
116504126,82,0011010001000110100001010101110000110100000000110001001111111010000111100100101110,116498407,0,0.040000,0.800000
116504127,77,10101100100011000001110101110000110100000000110001001010111100110011100111001,116490316,0,0.032000,0.800000
116504128,74,00011010111010001101010111000011010000000010100100101111101111011100110100,116490316,0,0.040000,1.000000
116504129,85,0011011000011111110000010101011100001101000000001000100111101011000011010110011100111,116490317,0,0.066667,1.000000
116504130,76,0110100001000000010101011100001101000000001000011010111100011100001001100011,116490317,0,0.066667,1.000000
116504131,76,1011110010110000001010101110000110100000001100110010111110000100110000110010,116490318,0,0.066667,1.000000
116504132,81,101110100010001101000010101001000001101000000001000010011011110100000110010010111,116495377,0,0.046667,0.700000
116504133,80,11000010001101000010101011100011101000000001100010011111110100001110000001011100,116490320,0,0.040000,1.000000
116504134,77,01001001100010100000101010111000011010000000001000100110111010000111101111010,116490320,0,0.040000,1.000000
116504135,77,11011001010110000010101011100001101000000001100000010111110001110110101110011,116490320,0,0.000000,0.000000
116504136,75,001101011101000010101011100001101000000001000011011110100011101001001100111,116490320,0,0.040000,1.000000
116504137,79,1101100101011000000101010111000011010000000011000000101111100011101101011100110,116483548,0,0.040000,0.600000
116504138,74,10101001100000010101011100001101000000001000011010111101011100001001100011,116490320,0,0.040000,1.000000
116504139,80,11000010001101000010101011100011101000000001100010011111110100001110000001011100,116490320,0,0.040000,1.000000
116504140,81,011110100010001100000010101011100001101000000101100110010111110011100111111110011,116490320,0,0.040000,1.000000
116504141,79,0100100110001001000010101011100001101000000001100110011111110100001111010010111,116490320,0,0.040000,1.000000
116504142,79,0111100000001101000010101011100001101000000001110010011101101000011010010010111,116490320,0,0.040000,1.000000
116504143,80,10101100100001000000101010111000011010000000010000100101011100011000110011100111,116483548,0,0.040000,0.600000
116504144,77,00110010000100000010101011100001101011000001000010010101110001100111001110011,116490320,0,0.040000,1.000000
116504145,77,01011001100110000001010101110000110100000000100000001011101000101110001110110,116468463,0,0.060000,0.600000
116504146,74,11110111000000101010111000011010000000010000101001110001110011100110001111,116468463,0,0.060000,0.600000
116504147,79,0111100000001101000010101011100001101000000001110010011101101000011010010010111,116490324,0,0.050000,1.000000
116504148,78,011010001000110100001010101110000110100000000100001001011111000110111000110001,116470084,0,0.200000,1.000000
116504149,80,01101000100010000001010101110000110100000000111000001111111010000111000001011101,116490325,0,0.066667,1.000000
116504150,73,0101001100000011101011100001101000000001000011010111101011100001001101011,116490325,0,0.066667,1.000000
116504151,79,1111000010011010000101010111000011010000000011000100101111010000111100000101110,116496904,0,0.053333,0.800000
116504152,78,011010001000110100001010101110000110100000000100001001011111000110111000110001,116490325,0,0.066667,1.000000
116504153,75,111101110000001010101110000110100100000100001111011110001110011100110011111,116490325,0,0.066667,1.000000
116504154,70,1010111010000111010111000011010000000011000010101111010110010100111111,116496904,0,0.046667,0.700000
116504155,82,0011010001000110100001010101110000110100000000110101001111111010000111000001011101,116490325,0,0.066667,1.000000
116504156,75,111101110000001010101110000110100100000100001111011110001110011100110011111,116490325,0,0.066667,1.000000
116504157,77,01011001100110000001010101110100110100000000100001001011101000101110001110110,116490325,0,0.066667,1.000000
116504158,76,1110100001100000010101011100001101000000001000011000111000011100001011100011,116490326,0,0.066667,1.000000
116504159,76,1111101110000001010101110000110100000000100001010011110001110011100110001111,116490326,0,0.066667,1.000000
116504160,77,11001001010110000001000101110000110100000000100001001011111000110011000010010,116490327,0,0.100000,1.000000
116504161,80,01111010001001110000001010101110000110110000000110011101011111001110011111111001,116488548,0,0.060000,0.600000
116504162,79,1101011100011000000101010111000011010000000011000000111111100011001100011000111,116488548,0,0.070000,0.700000
116504163,77,10101100100011000001010101110000110100000000110001001010111100110011100111001,116485004,0,0.066667,1.000000
116504164,82,0011010001000110100001010101110000110100100000110101001111111010000111000001011101,116490328,0,0.066667,1.000000
116504165,76,1001001100010100001010101110000110100000000010001001101110100001111011110111,116490328,0,0.066667,1.000000
116504166,82,1101110100010001001000010101011100001101000000001000100111011000000011100100000111,116490328,0,0.066667,1.000000
116504167,82,0011010101000110100011010101110000110100000000110101011111111010000111000001011101,116485004,0,0.066667,0.800000
116504168,77,10101100100011000001010101110000110100000000110001001010111100110011100111001,116490328,0,0.066667,1.000000
116504169,82,1101110100010001001000010101011100001101000000001000100111011000000011100100000111,116490328,0,0.066667,1.000000
116504170,75,111101110000001010101010000010100000000100001011011100001100011100100001111,116503242,0,0.060000,0.600000
116504171,79,0111100000001101000010101011100001101000000001110010011101101000110010010010111,116503242,0,0.080000,0.800000
116504172,75,010110010000100000101010111000011010000000011000100101011100111001110111001,116490332,0,0.080000,0.800000
116504173,73,1011001100110000001010101110000110100000010100001001011101000101110001101,116490333,0,0.200000,1.000000
116504174,83,11001000001011100000110101011100001101000000001010100111110101100011010011000110000,116490333,0,0.200000,1.000000
116504175,83,10110100010001101000010111011100001101000100001100010011111110100001111000001011101,116490333,0,0.200000,1.000000
116504176,81,010010011000100100001010101110000110100000000111001001111111010000111110100101110,116490334,0,0.066667,1.000000
116504177,83,01111000100011010000101010111000011010000000011000100111111101000011110010010111010,116490334,0,0.066667,1.000000
116504178,74,11110111000000101010111000011010000000010001011011110001110010100110011111,116490334,0,0.066667,1.000000
116504179,77,10010010101000000101010111000011010100000010000100101111100011001100111100100,116490334,0,0.066667,1.000000
116504180,79,0101100010100000001000101110010110100000000110000101011111000110011101110001010,116490334,0,0.066667,1.000000
116504181,80,11100100101011000001101010111000011010000000011000100101111100011000100011100100,116490335,0,0.200000,1.000000
116504182,75,101010011000000101010111000011010000000010000110101111000111000010011000111,116490335,0,0.200000,1.000000
116504183,75,101010011000000101010111000011010000000010000110101111000111000010011000111,116490335,0,0.200000,1.000000
116504184,75,101010011000000101010111000011010000000010000110101111000111000010011000111,116490335,0,0.200000,1.000000
116504185,75,101010011000000101010111000011010000000010000110101111000111000010011000111,116490335,0,0.200000,1.000000
116504186,73,1111011100000010101011100001101000000001100010110111000111001010011000111,116490335,0,0.200000,1.000000
116504187,75,101010111000000101010111000011010000000010000101101110001110010100110001111,116490335,0,0.200000,1.000000
116504188,75,101010011000000101010111000011010000000010000110101111000111000010011000111,116490335,0,0.200000,1.000000
116504189,74,00111010111010001101010111000011010000000010100100111011101111011100110100,116490336,0,0.100000,1.000000
116504190,81,011010001000110101001010101110000110100000000110001001111111010000111000000101110,116503232,0,0.100000,0.700000
116504191,81,010010001000110100001010101110000110100000000110001001111111010000111100000101110,116508506,0,0.100000,0.800000
116504192,83,11001000001011110000110101011100001101000000001000100110110101100011011011000110010,116492267,0,0.070000,0.700000
116504193,78,011110110010111110000010101011000001101000000001000110010111110011001110011100,116496907,0,0.080000,0.800000
116504194,81,010010011000100100001010101110000110100000000111001001111111010000111110100101110,116492268,0,0.200000,1.000000
116504195,84,111001000001011100000110101011100001101000000001000100111110101100011010011000110010,116492268,0,0.200000,1.000000
116504196,74,10101001100100010101011100001111000000001000011010111100011100001101100011,116492271,0,0.046667,0.600000
116504197,78,111001001010110000001010101110000110100000000110001010111110001100110001110010,116485013,0,0.066667,1.000000
116504198,75,100101001100000010101011100001101000000001000011010111100011100001001100011,116492272,0,0.066667,1.000000
116504199,72,011110111010100101010101100011010000000010000110011000001110100100110011,116498408,0,0.060000,0.600000
116504200,80,01101000100010000001010101110000110100000000111000001111111010000111000001011101,116485000,0,0.100000,1.000000
116504201,77,01111100101100000010101011100001101000000001100110010111110000101110000110010,116492274,0,0.080000,0.800000
116504202,81,011010001000111100001011101110000111100000000110001001111111010000111100001011001,116485000,0,0.070000,0.700000
116504203,77,01110100001100000010101011100001101000000001000011010110000011100001011100011,116492277,0,0.050000,1.000000
116504204,81,011010001000111100001011101110000111100000000110001001111111010000111100001011001,116501523,0,0.030000,0.600000
116504205,80,01101000100001010000101010111000011010000000011001001011111000000111100100101110,116480039,0,0.026667,0.800000
116504206,78,011011001000110000101010101110000110110000000110101001011101000000111000111001,116478437,0,0.040000,0.600000
116504207,80,01101000100010000001010101110000110100000000111000011111111010000111000001011101,116478437,0,0.040000,0.700000
116504208,78,011011001000110000101010101110000110110000000110101001011101000000111000111001,116492278,0,0.040000,1.000000
116504209,80,01101000100010000001010101110000110100000000111000011111111010000111000001011101,116480039,0,0.026667,0.800000
116504210,80,01101000100010000001010101110000110100000000111000011111111010000111000001011101,116492278,0,0.023333,0.800000
116504211,79,0100100110001001000011101011100001101000000001100110011011110100001111000010111,116492280,0,0.066667,1.000000
116504212,82,0100100110001001000010101011100001101000000001100010011110110100001111101001011100,116492280,0,0.066667,1.000000
116504213,81,011110100010001100000010101011100001101000000001100110010111110011100111111110011,116508509,0,0.066667,1.000000
116504214,76,1110100001100000010101011100001101000000001000011010111000011100001010100011,116476985,0,0.080000,0.800000
116504215,83,01011010001000110100001010101110000110100000000110001001111111000000111000100101110,116492283,0,0.200000,1.000000
116504216,74,11010011000001010101111000110100000000100001001011111001110000101000001100,116492283,0,0.200000,1.000000
116504217,79,0011100000001101000010101011100001000000000001110010011101101000011010010010101,116492283,0,0.200000,1.000000
116504218,77,10101100100011000001010101110000110100000000110001001010111100110011100111001,116492283,0,0.200000,1.000000
116504219,86,00110010010011111100100101010111000011010000000010001001111101011000011110110011100110,116492285,0,0.066667,1.000000
116504220,76,1011110010110000001010101110000110100000001100110010111110000100110000110010,116492286,0,0.100000,1.000000
116504221,76,1011110010110000001010101110000110100000001100110010111110000100110000110010,116492286,0,0.100000,1.000000
116504222,78,100100101010000001010101110000110101000000101001001011111000110011001111001001,116492286,0,0.100000,1.000000
116504223,80,01001011101000110000001010101110000110100000000110011001011111000010011000011001,116492287,0,0.100000,1.000000
116504224,75,111101110000001010101010010110100000000100001011011110001110011100110001111,116492287,0,0.100000,1.000000
116504225,80,01001011101000110000001010101110000110100000000110011001011111000010011000011001,116492287,0,0.100000,1.000000
116504226,83,01001000001001100000010101011100011101000000001000110100110101101011010011001110110,116490324,0,0.030000,0.600000
116504227,77,10010010101000000101010111000011010101000010000100101111100011001100111100100,116468450,0,0.049116,0.600000
116504228,76,1011111010110000001010101110000110100000001100110010111110000100110000110010,116492288,0,0.049116,1.000000
116504229,74,10101001100000010100011100001101000000001000011010111100011100001001100011,116492288,0,0.049116,1.000000
116504230,77,01011000101000000010111011100001101001000001101010010111110001100111011100001,116506712,0,0.070000,0.700000
116504231,77,10101100100011000001010101110000110100000000110001001010111100110011100111011,116506712,0,0.100000,1.000000
116504232,78,110110010101000001010101011100001101000000001100010111111110001010111101110010,116492290,0,0.100000,1.000000
116504233,75,111101110000001010101110000110100000000100001011011110001110011100110101111,116494067,0,0.100000,1.000000
116504234,79,1110110010000110000010101011100001100000000011100010010101100001100111001110011,116494067,0,0.100000,1.000000
116504235,77,11011001000110000001010101110010110100000000101001001011100000100011000011001,116494067,0,0.100000,1.000000
116504238,80,01110100010001101000010101011100001101000000001110010011111110100001110010010111,116494068,0,0.100000,1.000000
116504239,80,01101000100011010000101010111000011010000000001001001111111000000111100100001110,116494069,0,0.053333,0.800000
116504240,81,011110100010001100000010101011100001101000000001100110010111110011100111111110011,116494070,0,0.100000,1.000000
116504241,77,10101100100011000001010101110000110100000000110001001010111100110011100111001,116494071,0,0.050000,1.000000
116504242,73,1101011100000101010111001011010000000010000100101111000111001000010000010,116495373,0,0.066667,1.000000
116504243,83,01101000110011010001101010111000011010000000011100100111111111000011000000101110101,116495373,0,0.066667,1.000000
116504244,74,10111100101100000010101011100001101000000011001101011111000010011000011001,116495373,0,0.066667,1.000000
116504245,73,1101011100000101010111001011010000000010000100101111000111001000010000010,116468463,0,0.060000,0.600000
116504246,80,01110100010001101000010101011100001101000000001100010011111110100001110010010111,116495373,0,0.066667,1.000000
116504247,78,010110010001000000110101011100011101000000001100000101111000011001111111010100,116495373,0,0.066667,1.000000
116504248,77,01010000101000000010101011100001101001000001100010010111110001100111011100101,116495373,0,0.066667,1.000000
116504249,83,11001000001011100000110101011100001101000000001000100110110101100011011011000110010,116495373,0,0.066667,1.000000
116504250,74,10101101100000010101011100001101000000001000011010111101011100001001100011,116495373,0,0.066667,1.000000
116504251,81,011010001000110100001010101110000110100000000110001001101111010000111100000101110,116468463,0,0.060000,0.600000
116504252,70,0101011000000101010111000011010000000010000110101101000110010000100001,116495374,0,0.200000,1.000000
116504253,76,1110100001100000010101011100001101000000001000011010111000011100001011100111,116495374,0,0.200000,1.000000
116504254,82,0011010001000110100001010101110000110100000000110101001111111010000111000001011101,116505123,0,0.100000,0.800000
116504255,76,1010100110001001010101110000110100000000100001101011110001110000100110001111,116503247,0,0.066667,0.800000
116504256,75,101100100011000000101010111000111010000000010000001011101000100111000111001,116495376,0,0.200000,1.000000
116504257,75,101010111000000101010111000011010000000010000101101110001110010100110001111,116481604,0,0.100000,1.000000
116504258,78,110101100100001000000101010111000011010000000011000100101010000110011100111001,116481604,0,0.100000,1.000000
116504259,88,0011001000001111110000010101011100001101000000101000100111110101100001111011001110011000,116495376,0,0.200000,1.000000
116504260,79,0111100000001101000010101011100001101000000001110010001101101000011010010010111,116490318,0,0.066667,1.000000
116504261,81,011010001000110100001010101110000110100000000110001001111111010000111000001011101,116495379,0,0.040000,1.000000
116504262,79,1110110010001100000010101011100001101000000001000010010011010001001110011110010,116506709,0,0.024000,0.600000
116504263,77,01011001100110000001010101110000110100000000100001001011101000101110001110110,116495379,0,0.040000,1.000000
116504264,72,010100101100100010101011101001101000000001000011010101100011001010011101,116495379,0,0.040000,1.000000
116504265,77,01110100001100000010101011100001101000000001000011010110000011100001011100011,116495380,0,0.066667,1.000000
116504266,73,0110101110100001010101110000110100000000100001101010100011101001001100110,116495380,0,0.066667,1.000000
116504267,82,0011010101000110100011010101110000110100000000110101001111111010000111000001011101,116495380,0,0.066667,1.000000
116504268,79,1010110010000100100110101011100001101000000001000010010101110001100111001110011,116495380,0,0.066667,1.000000
116504269,70,0101011000000101010111000011010000000010000110101101000110010000110001,116495380,0,0.066667,1.000000
116504270,77,10101100100011000001010101110000110100000000110001001010111100110011100111001,116495380,0,0.066667,1.000000
116504271,79,1110100101011000000101010111000011010000000011000100101111100011000100011101100,116495380,0,0.066667,1.000000
116504272,82,0100100110001001000010101011100011101000000001100010011110110100001111101001011100,116495380,0,0.066667,1.000000
116504273,82,0011010101000110100011010101110000110100000000110101001111111010000111000001011101,116495380,0,0.066667,1.000000
116504274,83,00110100110101001000010101011100001101000010001100010011111110100001111001001011101,116495380,0,0.066667,1.000000
116504275,80,01101001100011011000101010111000011110000000011001001011111100000111100100101110,116495380,0,0.066667,1.000000
116504276,79,0111100000001101000010101011100001101000000001110010011101101000011010010010111,116495380,0,0.066667,1.000000
116504277,77,01110100001100000010101011100001101000000001000011010110000011100001011100011,116495380,0,0.066667,1.000000
116504278,80,01111010001001110000001010111110000110100000000110011001011111001110011111111001,116495382,0,0.066667,1.000000
116504279,74,10101001010000010101011100001101000000001000011010111101011100001001100011,116495382,0,0.066667,1.000000
116504280,86,00110010000011111100000101010111000011010000000010001001111101011000011110110011100110,116495382,0,0.066667,1.000000
116504281,75,101010011000000101010111000011010000000010000110101111000111000011111000111,116496908,0,0.066667,1.000000
116504282,75,101010011000000101010111000011010000000010000110101111000111000011111000111,116496908,0,0.066667,1.000000
116504283,74,01111011101000010101011100001111000000001000111010110100011101001001100111,116496908,0,0.066667,0.800000
116504284,85,0011001000001111110000010101011100001101000000001000100111101011000011110110011100110,116495382,0,0.066667,1.000000
116504285,74,10101001100000010101011100001101000000001000011010111100011100001111100011,116495382,0,0.066667,1.000000
116504286,83,11001000001011100000110101011100001101000000001010100111110101100011010011000110000,116495382,0,0.066667,1.000000
116504287,74,01111011101000010101011100001111000000001000111010110100011101001001100111,116495382,0,0.066667,1.000000
116504288,80,01110100010001101000010101011100001111000000001110010011111110100001110010010111,116495382,0,0.066667,1.000000
116504289,80,01111010001001110000001010111110000110100000000110011001011111001110011111111001,116495382,0,0.066667,1.000000
116504290,86,00110010000011111100000101010111000011010000000010001001111101011000011110110011100110,116495382,0,0.066667,1.000000
116504291,75,101110011000000101010111000011010000000010000101101010001110010100110001111,116495382,0,0.053333,0.800000
116504292,74,10101001100000010101011100001101000000001000011010111100011100001111100011,116495382,0,0.066667,1.000000
116504293,75,101010011000000101010111000011010000000010000110101111000101000010011000111,116495383,0,0.100000,1.000000
116504294,82,0110100010101101000010101010100001101000000001100110011111110100001111000001011100,116495384,0,0.066667,1.000000
116504295,74,10101001100000010001011100001101000000001000011010111100011100001001100011,116495384,0,0.066667,1.000000
116504296,79,0111100000001101000010101011100001101000000001110010011101101000111010010010111,116495384,0,0.066667,1.000000
116504297,75,101110110110000001010101110000110100000000100101101001111001100100110110001,116492279,0,0.066667,0.800000
116504298,74,00011010111010001111010111000011010001000010000100101111001101011100110000,116496900,0,0.066667,1.000000
116504299,80,01101000100011010000101010111000011110000000011001001111111000000111000000001110,116496901,0,0.200000,1.000000
116504300,83,11001000001011110000110101011100001101000000001000100110110101100011011011000110010,116503233,0,0.070000,0.700000
116504301,83,00011010101000110100001010101110000110100000000110001001111111010000111100100101110,116496901,0,0.200000,1.000000
116504302,80,01001001100010010001101010111000011010000000001001100110111101000011010100101110,116496901,0,0.200000,1.000000
116504303,77,10011011111010000101010111000011011000000010000110101101000110010010011001111,116503233,0,0.070000,0.700000
116504304,80,10110110010001101010010101011100001101000000001100010010111110001001110001110010,116496901,0,0.200000,1.000000
116504305,80,01001011101000110000001010101110000110100000000110011001011111000010011000011001,116503233,0,0.080000,0.800000
116504306,75,101010011000000101010111000011010000000010000110101111000111000010011000111,116503233,0,0.080000,0.800000
116504307,80,10110110010001101010010101011100001101000000001100010010111110001001110001110010,116503233,0,0.070000,0.700000
116504308,77,01111100101100000010101011100001101000000001100110010111110000100110000110010,116496901,0,0.200000,1.000000
116504309,77,01111100101100000010101011100001101000000001100110010111110000100110000110010,116496910,0,0.200000,1.000000
116504310,77,10011011111010000101010111000011011000000010000110101101000110010010011001111,116496901,0,0.200000,1.000000
116504311,80,01001011101000110000001010111110000110100000000110011001011111000010011000011001,116496901,0,0.160000,0.800000
116504312,74,10101001100000010101011100001101000000001000011010111100011001010011000101,116496901,0,0.200000,1.000000
116504313,76,1010110010000100000101010111000011010000000011000100101011100011001110111001,116496901,0,0.200000,1.000000
116504314,76,0110100001100000010101011100001101000000001000011010111100011100001001100011,116496902,0,0.200000,1.000000
116504315,75,101100110011000000101010111000011010000001010000100101110100010111000111011,116496902,0,0.200000,1.000000
116504316,77,11010001010110100001010101110000110100000000100001001011111000110111000111001,116496902,0,0.200000,1.000000
116504317,74,11110111000000111010111000011010000001010010101101111000010001100110001111,116496904,0,0.040000,0.600000
116504318,82,0111100010001101000010101011100001101000000011100010011111110100001111001001011101,116490325,0,0.046667,0.700000
116504319,74,11101000011000000101010111000011010000000110000110101110000111000001110001,116496904,0,0.046667,0.700000
116504320,86,00110010000011111100000101010111000011011000000010101001111101011000011101100111001100,116496902,0,0.200000,1.000000
116504321,79,0100100110001001000010101011100001101000000001100110011111110100001111010010111,116496902,0,0.200000,1.000000
116504322,78,001011101010110010001010101110000110100000000110011001011111000011011000111001,116496902,0,0.140000,0.700000
116504323,74,10101001100000010101011100001101000000001000011010111101011100001001101011,116496903,0,0.028571,1.000000
116504324,75,010110010000100000101010111000001010000000011000100101011100011001110111001,116496903,0,0.022857,0.800000
116504325,82,0110100011001101000110101011100001101000000001110010011111111100001100000010111010,116496903,0,0.028571,1.000000
116504326,75,101100110011000000101010111000011010000001010000100101110100010111000111011,116496902,0,0.140000,0.700000
116504327,79,0111100000001101000010101011100001101000000001110010011101101000011010010010111,116496902,0,0.160000,0.800000
116504328,75,110100001100000010101011100001101000000001000011010111100011100001001100011,116496905,0,0.050000,1.000000
116504329,75,010110010000100000101010111000011010000000011000100101011100011001110111001,116496906,0,0.100000,1.000000
116504330,78,011111011100000010101011100001101000000001000010110111100011100101001101011111,116503245,0,0.080000,0.800000
116504331,82,0110101010001101000010101011100001101000100001100100111110101000111110010010111110,116496906,0,0.100000,1.000000
116504332,75,111101001100000010101011100001111000000001000011010111000011100011001100011,116492268,0,0.160000,0.800000
116504333,77,11010001000110100001010101110000110100000000100001001011111000110111000111001,116492268,0,0.200000,1.000000
116504334,80,01001011101000110000001010101110000110100000000110011001011111000010011000011001,116492270,0,0.060000,0.600000
116504335,79,0111100000001101000010101011100001101000000001110010011101101000011010010010111,116495382,0,0.066667,0.700000
116504336,77,11010001000110100001010101110000110100000000100001001011111000110111000111001,116496909,0,0.050000,1.000000
116504337,78,011110110010111110000010101011000001101000000001000110010111110011001110011100,116496909,0,0.050000,1.000000
116504338,77,01001001100010100000101010111000011010000000001000100110111010000111101011011,116496909,0,0.050000,1.000000
116504339,75,101010011000000101010111000011010000000010000110101111000111000011111000111,116496909,0,0.050000,1.000000
116504340,78,110101100100001000000101010111000011010000000011000100101010000110011100111001,116471700,0,0.050000,1.000000
116504341,70,1010111010000101011111000011010000000011001110101111100110011100101100,116496909,0,0.050000,1.000000
116504342,88,0011001000001111110000010101011100001101000000001000100111110101100001111011001010011000,116496909,0,0.050000,1.000000
116504343,77,10011011111010000101010111000011011000000010000110101101000110010010011001111,116496910,0,0.200000,1.000000
116504344,75,111101110000001010101110000110100000000100001011011110001110011100110001111,116496911,0,0.200000,1.000000
116504345,80,01001011101000110000001010101110000110100000000110011001011111000010011000011001,116496911,0,0.200000,1.000000
116504346,75,110110010001110000101010111000011010000000010000100101110100010011100011100,116496911,0,0.200000,1.000000
116504347,80,01111011001001111000011010101100010110110000000100011001011111000010011100111001,116496912,0,0.100000,1.000000
116504348,87,011101111010000001000010101111100001101000000001101111010110101001000110011100011111000,116496913,0,0.200000,1.000000
116504349,80,01001011101000110000001010101110000110100000000110011001011111000010011000011001,116498401,0,0.100000,1.000000
116504350,77,10010011000100100001011101110000110100000000110001001100110100001010010010111,116486640,0,0.040000,0.400000
116504351,82,0011010001000110100001010101110000110100000000110001011111111010000111100000101110,116498402,0,0.050000,1.000000
116504352,75,101010011000000101010111000011010000000010000110101111000111000010011000111,116498402,0,0.050000,1.000000
116504353,75,001101011101000010101011100001101000000001000011010110100011101001101000111,116498402,0,0.050000,1.000000
116504354,81,100101000100110000001010101110000110100000000100010011011010111100101001100111001,116498402,0,0.050000,1.000000
116504355,80,01101000100011010000101010111000011110000000011001001111111000000111000000001110,116498403,0,0.200000,1.000000
116504356,88,0011001000001111110000010111011100101101000000001000100111111101101001110011001110011010,116498403,0,0.200000,1.000000
116504357,79,0100100110001001000010101011100001101000000001100110011111110100001111010010111,116498403,0,0.200000,1.000000
116504358,74,00111010111010001101010111000011010000000010100100101111101111011000111100,116498403,0,0.200000,1.000000
116504359,80,01110100000001101000010101011100001101000000001110010011111110100001110010110111,116498403,0,0.200000,1.000000
116504360,83,11001000001011110000110101011100001101000000001000100110110101100011011011000110010,116498403,0,0.200000,1.000000
116504361,70,0101011000000101010111000011010000000010000110101101000110010001110001,116498403,0,0.200000,1.000000
116504362,79,0100100110001001000010101011100001101000000001100110011111110100001111010010111,116498403,0,0.200000,1.000000
116504363,75,101010011000000101010111000011010000000010000110101111000111000010011000111,116498403,0,0.200000,1.000000
116504364,74,10101001100000010101011100001101000000001000011010111101011100001001101011,116498403,0,0.200000,1.000000
116504365,75,101010011000000101010111000011010000000010000110101111000111000010011000111,116498403,0,0.200000,1.000000
116504366,79,0111100000001101000010101011100001101000000001110010011101101000011010010010111,116498403,0,0.200000,1.000000
116504367,70,0101011000000101010111000011010000000010001110101101000110010001110001,116498403,0,0.160000,0.800000
116504368,75,001101011101000010101011100001101010000001000011010110100011101001001100111,116498403,0,0.200000,1.000000
116504369,72,110100101100000010101011101001101000000001000011010111100011001010011101,116498403,0,0.200000,1.000000
116504370,80,01110100000001101000010101011100001101000000001110010011111110100001110010110111,116498403,0,0.200000,1.000000
116504371,74,10101001100000010101011100001101000000001000011010111100011001010011000101,116498403,0,0.200000,1.000000
116504372,81,011010001000110100001010101110000110100000000110001001111111010000111100000101110,116498404,0,0.080000,0.800000
116504373,76,0110100001100000010101011100001101000000001000011010111100011100001001100011,116498404,0,0.100000,1.000000
116504374,79,0001011101010110010001010101110000110100000000110011001011111000011011000111001,116498404,0,0.100000,1.000000
116504375,76,0110100001100000010101011100001101000000001000011010111100011100001001100011,116465105,0,0.080000,0.800000
116504376,78,011011001000110000101010101110000110110000000110101001011101000000111000111001,116465105,0,0.060000,0.600000
116504377,77,11010001000110110001010101110000110100000000100001000011111000110111000111001,116465105,0,0.070000,0.700000
116504378,70,0101011000000101010110000011010000000010000110101101000110010000110001,116498404,0,0.100000,1.000000
116504379,79,0111100000001101000010100111100001101000000001110010001101101000011011010010111,116498404,0,0.100000,1.000000
116504380,82,1101110100010001001000010101011100001101000010001000100111011000000011110100000111,116465105,0,0.070000,0.700000
116504381,78,110101100100001000001010101110000110100000000110001001010111000110011100111001,116498404,0,0.100000,1.000000
116504382,81,001101000110011010000101010111010011010000000110001001111111010000111010101010101,116465105,0,0.060000,0.600000
116504383,82,1101110100010001001000010101011100001101000010001000100111011000000011110100000111,116465105,0,0.070000,0.700000
116504384,78,110110010101100000010101011100001101000000001100010111111110001010111101110010,116498404,0,0.080000,0.800000
116504385,81,001101000110011010000101010111010011010000000110001001111111010000111010101010101,116498404,0,0.100000,1.000000
116504386,80,01110100110001101000010101011100001101000000001100010011111110100001110010010111,116498404,0,0.100000,1.000000
116504387,81,011010001010110100001010101110000110100000000110001001110111110000111000000101110,116498405,0,0.040000,1.000000
116504388,73,1111011100000010101011100001101000000001000010110111000111001010011000111,116498405,0,0.040000,1.000000
116504389,78,111001001010110001001010101110000110100000000110001010111110001100110001110010,116498405,0,0.040000,1.000000
116504390,79,1101100100011000000101010111000011010010000011000100111111100010001100011000111,116498405,0,0.040000,1.000000
116504391,76,0110110010001100000010101010100001101000000001101010010111000001001110001100,116498405,0,0.040000,1.000000
116504392,76,1001110010110000001010101110000110100000001100110010111110000100110000110010,116498405,0,0.040000,1.000000
116504393,73,1111011100000010101011100001101000000001000010110111000111001010011000111,116498405,0,0.040000,1.000000
116504394,79,1100100101011000000101010111000011010000100011000110101111100011000100011100100,116498405,0,0.040000,1.000000
116504395,82,0110100010101101000010101011100001101000000000100110011111110100001111000001011100,116498405,0,0.040000,1.000000
116504396,76,1000110010000100000101010111000011010000000011000100101011100011101110111001,116498406,0,0.080000,0.800000
116504397,81,001110100010001101000010101011100001101000000001100010011111110100001110010010111,116498406,0,0.100000,1.000000
116504398,80,01111010001001110000001010101110000110100000000110011001011111001010011111111001,116501522,0,0.040000,1.000000
116504399,74,10101001100000010101011100001101000000001000011010111100011100001001100011,116498408,0,0.100000,1.000000
116504400,70,0101011101000010001011100001101000000011000010101111000110001100111111,116498409,0,0.200000,1.000000
116504401,87,011101111010000001000010101011100001101000000001001111010110101011000110011100011111000,116498409,0,0.200000,1.000000
116504402,70,0101011101000010001011100001101000000011000010101111000110001100111111,116498409,0,0.200000,1.000000
116504403,74,01111011101000010101011100001111000000001000111010110100011101001001100111,116498411,0,0.200000,1.000000
116504404,80,10101100100001000000101010111000011010000000010000100101011100011000110011100111,116498411,0,0.200000,1.000000
116504405,78,110100010001000000010101011100001101000000001100010111111110001010111101110010,116498411,0,0.200000,1.000000
116504406,74,10101001100000010101011100001101000000001000011010111100011100001001100011,116498411,0,0.200000,1.000000
116504407,81,011110100010001100000010101011100001101000000001100110010111110011100111111110011,116498412,0,0.066667,1.000000
116504408,81,011010001000110100001010101110000110100000000110001001111111010000111000000101110,116498412,0,0.066667,1.000000
116504409,81,011110001000110100001110101110000110100000000110001001111110010000111100000101100,116481607,0,0.066667,0.800000
116504410,80,01101000100011000001010101110000110100000000111000001111111010000011000001011101,116498412,0,0.066667,1.000000
116504411,80,01101000100011000001010101110000110100000000111000001111111010000011000001011101,116481607,0,0.066667,1.000000
116504412,78,010011001000110100001010101110000110100000001100010010111110011000111001110011,116498412,0,0.066667,1.000000
116504413,83,01011010000000110100001010101110000110100000000110001001101111000000011100100101110,116498412,0,0.066667,1.000000
116504414,80,01101000100011010000101010111000011010000000011000100111111010000111100100101110,116498412,0,0.066667,1.000000
116504415,78,001111100101100000010101011100001101000000001100110011111110000100110000110010,116498412,0,0.066667,1.000000
116504416,81,011010001000110100001010101110000110100000000110001001111111010000111000000101110,116498412,0,0.066667,1.000000
116504417,80,01101000100011010000100010111000011010000001011001001011111000000111100100101110,116498412,0,0.066667,1.000000
116504418,78,001111100101100000010101011100001101000000001100110011111110000100110000110010,116498412,0,0.066667,1.000000
116504419,81,011110100010001100000010101011100001101000000001100110010111110011100111111110011,116498412,0,0.066667,1.000000
116504420,75,001101011101000010101011100001101010000001000011010110100011101001001100111,116481607,0,0.066667,0.800000
116504421,80,11100100101011000000101010111000011010000000011000100101111100011000100011100100,116498412,0,0.066667,1.000000
116504422,73,1111011100000010101011100001101000000001000010010111000111001010011000111,116498412,0,0.066667,1.000000
116504423,78,010011001000110100001010101110000110100000001100010010111110011000111001110011,116498412,0,0.066667,1.000000
116504424,80,11100100101011000000101010111000011010000000011000100101111100011000100011100100,116498412,0,0.066667,1.000000
116504425,83,01011010000100110100001010101110000110100000000110001001101111000000011100100101110,116498412,0,0.053333,0.800000
116504426,80,01101000100011010000101010111000011010000000011000100111111010000111100100101110,116481607,0,0.066667,1.000000
116504427,77,11110000000010100001010101110000110100000000111000001110110100011010010010111,116481607,0,0.066667,1.000000
116504428,79,1010110010000100000010101011100001101000000001000010010101110001100111001110011,116498412,0,0.066667,1.000000
116504429,77,11110000000010100001010101110000110100000000111000001110110100011010010010111,116481607,0,0.066667,1.000000
116504430,79,0110100010001101000101010101000011010000000011000100111111101000011110000010111,116498413,0,0.000000,0.000000
116504431,75,110101111000001010101110010110100000000100001001011110001110010100110001111,116498413,0,0.100000,1.000000
116504432,77,11011001000110000001010101110000100100000000100001000011101001100101000111101,116498413,0,0.100000,1.000000
116504433,83,10111100010001101000010101011100001101000000001100010011111110100000111001001011101,116498413,0,0.100000,1.000000
116504434,77,01011000101000000010101011100001101001000001101010010111110000100111011100001,116498413,0,0.100000,1.000000
116504435,79,0111100000001101000010101011100001101000000001110010011101101000110010010010111,116498413,0,0.100000,1.000000
116504436,86,01110111101000000100001010101110000110100000000110111101001010101100011001110001111100,116498415,0,0.028571,1.000000
116504437,86,01110111101000000100001010101110000110100000000110111101001010101100011001110001111100,116500005,0,0.028571,1.000000
116504438,75,111101110000001010101110000110100000000100010110111100011100101001101011111,116498415,0,0.028571,1.000000
116504439,79,0011000010011000100101010111000011010000000010001011011010110101101001100111001,116498415,0,0.028571,1.000000
116504440,79,0111100000001101000010101011100001101000000001110010001101101000011010010010111,116500005,0,0.028571,1.000000
116504441,75,001101011101000010101011100001101010000001000011010110100011101001001100111,116498415,0,0.028571,1.000000
116504442,74,10101001100000110101011100001101000001001000011010111100011100001101110011,116498415,0,0.028571,1.000000
116504443,75,101110111000000101010111000011010000000010000111101110001110010100111001111,116498415,0,0.028571,1.000000
116504444,79,1101101101011000000101010111000011010000000011000000101111100011001101011100110,116498415,0,0.028571,1.000000
116504445,74,10101001100000010101011100001101000000001000011010111101011100001001101011,116498415,0,0.028571,1.000000
116504446,77,11111011100000010101011100001101000001001000010110111100011100101001101011111,116488561,0,0.060000,0.600000
116504447,78,011110110010011110000010101011000011010000000010001100101111100011001110011100,116498417,0,0.100000,1.000000
116504448,87,001100100000111110000001010101110000110100000000100010011111010110000111101100111001101,116498417,0,0.100000,1.000000
116504449,87,100110010000011111100000101010111000011010000000010001001111101011000011110110011100110,116498417,0,0.100000,1.000000
116504450,82,0011010101000110100011010101110000110100000000110101001111111010000111000001011101,116498417,0,0.100000,1.000000
116504451,77,10010010101000000101010111000011010100000010100100101111100011001100111100100,116498417,0,0.100000,1.000000
116504452,79,1110100101011000000101010111000011010000000011000100101111100011000100011101100,116498418,0,0.200000,1.000000
116504453,80,01101000100011010000101010111000011010000000011001001011111000000111100100101110,116498418,0,0.200000,1.000000
116504454,81,011010001000110100001010101110000110101000000110001001111111010000111100000101110,116498418,0,0.200000,1.000000
116504455,80,01111000100011010000101010111000011010000100011100100111011010000110100100101111,116498418,0,0.200000,1.000000
116504456,78,110101100100001000001010111110000110100000000110001001010111000110011100111001,116498418,0,0.200000,1.000000
116504457,81,011010001000110100001010101110000110100000000110001001111111010000111100000101110,116498418,0,0.200000,1.000000
116504458,81,011110010011100010000010101011100001101000000000100110010111110001100111111110010,116498418,0,0.200000,1.000000
116504459,75,111101110000001010101110000111100000000100001010011110001110011100110001111,116498420,0,0.050000,1.000000
116504460,76,1110110001100000010101111100001101000000001000011010111000011100001011100011,116499997,0,0.066667,1.000000
116504461,77,11011001000110000001010101110000110100000100111001001011101000100111000111001,116499998,0,0.100000,1.000000
116504462,70,0101011000000101010111000111010000000110000110101101000110010000110001,116499998,0,0.100000,1.000000
116504463,80,10110110010001100010010101011100001101000000001100010010111110001001110001110010,116499998,0,0.100000,1.000000
116504464,82,0110101010001001000010101011100001101000100001101010011111010100011011001001011101,116499998,0,0.100000,1.000000
116504465,80,01101000100010000001010101110000110100000000111000001111111010000111000001011101,116499998,0,0.100000,1.000000
116504466,80,01110100000000101000010101011100001101000000001110010011111110100001110010010111,116499998,0,0.100000,1.000000
116504467,79,0100100110001001000010101011100001101000000001100110011111110100001111010010111,116499998,0,0.100000,1.000000
116504468,80,01001011101000110000001010101110000110100000000110011001011111000010011000011001,116499998,0,0.100000,1.000000
116504469,83,01011010001000110100001010101110000110100000000110001001111111000000111100100101110,116499998,0,0.100000,1.000000
116504470,79,0010110001010000000101010111000011010000000011000100101111100111001100111000101,116499998,0,0.100000,1.000000
116504471,85,0011010111010110100001010101110000110100000000110001001111111010000111100100111110111,116499999,0,0.040000,1.000000
116504472,82,0010101010001101000010101011100001101000100001100100111110101000111110010010111110,116499999,0,0.040000,1.000000
116504473,82,0110100010001101000010101011100001101000000001100010011111110100001111000001011100,116499999,0,0.040000,1.000000
116504474,79,1110110010001000000110101011100000001000000001100010010111110000100110001110010,116499999,0,0.040000,1.000000
116504475,79,0100100110001001000010101011100001101000000001100110011011110100001111010010111,116499999,0,0.040000,1.000000
116504476,82,1010000101001100000101010111000011010000000010001001111101011000111100110011110101,116499999,0,0.040000,1.000000
116504477,82,0110100010101101000010101011100001101000000001100110011111110100001111000001001100,116499999,0,0.040000,1.000000
116504478,80,01101000100011010000101010111000011010000000011001000011111000000111100100101110,116499999,0,0.040000,1.000000
116504479,81,001101000110011010000101010111010011010000000110001001111111010000111010101010101,116499999,0,0.040000,1.000000
116504480,74,11010011000001010101111000110100000000100001001011111001110010101000001100,116499999,0,0.040000,1.000000
116504481,77,10111100101100000010101011100001101000000011001100101111100001001100001100101,116499999,0,0.040000,1.000000
116504482,79,0100100110001001000010101011100001101000000001100110011011110100001111010010111,116499999,0,0.040000,1.000000
116504483,72,010100110000001010101100011101000000001000011010111101011100001001101011,116499999,0,0.040000,1.000000
116504484,79,0100100110001001000010101011100001101000000001100110011011110100001111010010111,116500000,0,0.100000,1.000000
116504485,77,01011000101000000010101011100001101001000001101010010111110000100111011100000,116500000,0,0.100000,1.000000
116504486,75,100101001100000010101011100001101000000001000011010111100011100001001100011,116500000,0,0.100000,1.000000
116504487,74,10101001100001010101011100001101000000001000011010111101011100001001100011,116500001,0,0.100000,1.000000
116504488,76,1110100001100000010101011100001101000000001000011000111000011100001011100011,116500001,0,0.100000,1.000000
116504489,77,01111001000100000011010101110000110100000000110000010111100101100111111101010,116500001,0,0.100000,1.000000
116504490,75,010110010000100000101010111000011010000000011000100101011100011001110111001,116500001,0,0.100000,1.000000
116504491,86,01110111101000000100001010101110000110100000000110111101001010101100011001110001111100,116500001,0,0.100000,1.000000
116504492,76,1110100001100000010101011100001101000000001000011000111000011100001011100011,116500001,0,0.100000,1.000000
116504493,77,10101100100011000001010101110000110100000000110001001010111100110011100111001,116500002,0,0.066667,1.000000
116504494,75,010010011000101000001010111100001101000000000100010011011101000011110111101,116500003,0,0.200000,1.000000
116504495,75,101010111000000101010111000011010000000010000101101110001110010100110001111,116500003,0,0.200000,1.000000
116504496,77,11010001000110100001010101110000110100000000100001001011111000110111000111001,116500003,0,0.200000,1.000000
116504497,79,1101011101110100001010101100001110100000000101001100011100010110010100110101100,116500003,0,0.200000,1.000000
116504498,77,11010001000110100001010101110000110100000000100001001011111000110111000111001,116500003,0,0.200000,1.000000
116504499,79,0011000010011000000101010111000011010000000010001011011010110101101001100111001,116500003,0,0.200000,1.000000
116504500,75,101010011000000101010111000011010000000010000110101111000111000010011000111,116500003,0,0.200000,1.000000
116504501,75,101010111000000101010111000011010000000010000101101110001110010100110001111,116500003,0,0.200000,1.000000
116504502,75,101010111000000101010111000011010000000010000101101110001110010100110001111,116500003,0,0.200000,1.000000
116504503,79,0011000010011000000101010111000011010000000010001011011010110101101001100111001,116500003,0,0.200000,1.000000
116504504,79,0011000010011000000101010111000011010000000010001011011010110101101001100111001,116500003,0,0.200000,1.000000
116504505,79,1101011101110100001010101100001110100000000101001100011100010110010100110101100,116500003,0,0.200000,1.000000
116504506,75,101010111000000101010111000011010000000010000101101110001110010100110001111,116500003,0,0.200000,1.000000
116504507,79,0011000010011000000101010111000011010000000010001011011010110101101001100111001,116500003,0,0.200000,1.000000
116504508,75,101010111000000101010111000011010000000010000101101110001110010100110001111,116500003,0,0.200000,1.000000
116504509,75,101010011000000101010111000011010000000010000110101111000111000010011000111,116500003,0,0.200000,1.000000
116504510,82,1011010001000110100001010101110000110100000000110001001111110010000111100100101110,116500003,0,0.200000,1.000000
116504511,75,101010111000000101010111000011010000000010000101101110001110010100110001111,116500003,0,0.200000,1.000000
116504512,76,0110100001100000010101011100001101000000001000011010111100011100001001100011,116500003,0,0.200000,1.000000
116504513,75,101010111000000101010111000011010000000010000101101110001110010100110001111,116500003,0,0.200000,1.000000
116504514,82,1101110100010001001000010101011100001101000000001000100111011000000011101100000111,116500004,0,0.066667,1.000000
116504515,74,11111011100000010101011100001101000000001000010110111000111001010011000111,116500004,0,0.066667,1.000000
116504516,74,10101001100000010101011100001101000000001000011010111101011100001001100011,116500004,0,0.066667,1.000000
116504517,79,1101100101011000000101010111000011010000000011000000101111100011001101011100110,116500004,0,0.066667,1.000000
116504518,74,11111011100000010101011100001101000000001000010110111000111001010011000111,116505128,0,0.066667,1.000000
116504519,74,11111011100000010101011100001101000000001000010110111000111001010011000111,116500004,0,0.066667,1.000000
116504520,74,11111011100000010101011100001101000000001000010110111000111001010011000111,116500004,0,0.066667,1.000000
116504521,79,0110100010001101000010101011100001101000000011000100111111101000011110000010111,116505128,0,0.066667,0.800000
116504522,82,0110100010101101000010101011100001101000000000100110011111110100001111000001011100,116500004,0,0.066667,1.000000
116504523,86,00110000000011111100000101010111000011010000000010001001111101011000011110110011100110,116500004,0,0.066667,1.000000
116504524,79,1101100101011000000101010111000011010000000011000000101111100011001101011100110,116500004,0,0.066667,1.000000
116504525,80,01101000100011010000101010111000011010000000011001001111111000000111100100001110,116505128,0,0.066667,1.000000
116504526,79,0000100110001001000010101011100001101000000001100110011111110100001111010010111,116500004,0,0.066667,1.000000
116504527,79,1101100101011000000101010111000011010000000011000000101111100011001101011100110,116500004,0,0.066667,1.000000
116504528,77,11010001000110100001010101110000110100000000100001001011111000110111000110001,116505128,0,0.066667,1.000000
116504529,79,1101100101011000000101010111000011010000000011000000101111100011001101011100110,116500004,0,0.066667,1.000000
116504530,82,1101110100010001001000010101011100001101000000001000100111011000000011101100000111,116500004,0,0.066667,1.000000
116504531,77,11010001000110100001010101110000110100000000100001001011111000110111000110001,116505128,0,0.066667,1.000000
116504532,79,0110100010001101000010101011100001101000000011000100111111101000011110000010111,116500004,0,0.066667,1.000000
116504533,82,0110100010101101000010101011100001101000000000100110011111110100001111000001011100,116500004,0,0.066667,1.000000
116504534,78,110110010101100000010101011100001001000000001100010111111110001010111101110010,116498415,0,0.020000,0.700000
116504535,79,0100100110001001000010101011100001101000000001100110011111110100001111010010111,116498415,0,0.022857,0.800000
116504536,79,0011000010011000000101010111000011010000000010001011011010110101101000100110001,116500005,0,0.028571,1.000000
116504537,79,0100100110001001000010101011100001101000000001100110011111110100001111010010111,116500005,0,0.028571,1.000000
116504538,75,110101001100000010101011100001101000000001000011010111100011100001001100011,116500005,0,0.028571,1.000000
116504539,87,011101111010000001000010101111100001101000000001101111010110101001000110011100011111000,116500005,0,0.028571,1.000000
116504540,76,1110100001100000010101011100001101000000001000011000111000011100001011100011,116500005,0,0.028571,1.000000
116504541,75,001101011101000010101011100001101000000001000011010110100011101001001100111,116500005,0,0.028571,1.000000
116504542,82,1100100000100110000001010101110000110100001000100010011011010110001101011100011001,116500006,0,0.200000,1.000000
116504543,78,100100101010000001010101110000110101000000101001001011111000110011001111001001,116500006,0,0.200000,1.000000
116504544,78,110111010001100000010101011100001101000000001100010101111110001000111101110010,116500006,0,0.200000,1.000000
116504545,78,110111010001100000010101011100001101000000001100010101111110001000111101110010,116500006,0,0.200000,1.000000
116504546,74,10101001100000010101011100001101000000001000011010111100011001010011000101,116500006,0,0.200000,1.000000
116504547,81,011010001000110100001010101110000110100000000110001001111111010001111100000101110,116500006,0,0.200000,1.000000
116504548,70,0101011000000101010111000011010000000010000110101101000110010000110001,116500007,0,0.066667,1.000000
116504549,83,00110100110101001000010101011100001101000000001100010011111110100001111001001011101,116500007,0,0.066667,1.000000
116504550,79,1010110010000100000010101011100001101000000001000010010101110001100111001110011,116500007,0,0.066667,1.000000
116504551,75,111101000011000000101010111000011010000000010000110101110000111000001110001,116500007,0,0.066667,1.000000
116504552,79,0000100110001001000010101011100001101000000001100110011111110100001111010010111,116500007,0,0.066667,1.000000
116504553,82,0110100010101101000010101011100001101000000001100110011111110100001111000001001100,116500007,0,0.066667,1.000000
116504554,76,0111110010110000011010101010000110000000000110011001011111000010011100011001,116500007,0,0.066667,1.000000
116504555,77,01011001000100000011110101110000110100000000110000010111100001100111111101010,116500007,0,0.066667,1.000000
116504556,75,101010011000000101010111000011010000000010000110101111000111000010011000111,116500007,0,0.066667,1.000000
116504557,76,1111101110000001010101110000110100000000100001011011110001110010100110011111,116500007,0,0.066667,1.000000
116504558,77,01111101110000001010101110000110100000001100001011011110001110010100110101111,116500007,0,0.066667,1.000000
116504559,82,0011010001000110100001010101110000110100000000110001001111111010000111100100101110,116500007,0,0.066667,1.000000
116504560,75,101110111000000101010111000011010100000010000101101110001110010100110001111,116500007,0,0.066667,1.000000
116504561,77,01110100001100000010101011100001101000000001000011010110000011100001011100011,116500007,0,0.066667,1.000000
116504562,74,10101001000000010111011100001101000000001000011010111101011000001001100011,116505121,0,0.053333,0.800000
116504563,77,01011001100110000001010101110000110100000000100000001011101000101110001110110,116500007,0,0.066667,1.000000
116504564,77,01011000101000000010101011100101101000000001100011010100110001100111011100010,116505121,0,0.053333,0.800000
116504565,78,001111100010110010001010101110000110100000000110011001011111000011011000111001,116503236,0,0.200000,0.800000
116504566,78,001111100010110010001010101110000110100000000110011001011111000011011000111001,116500008,0,0.200000,1.000000
116504567,79,0101100000001101000010101011100001101000000001110010011101101000011010010010111,116500008,0,0.200000,1.000000
116504568,79,0101100000001101000010101011100001101000000001110010011101101000011010010010111,116500008,0,0.200000,1.000000
116504569,78,001011101010110000001010101110000111100000000010011001011110000010011000111001,116500008,0,0.200000,1.000000
116504570,78,001111100010110010001010101110000110100000000110011001011111000011011000111001,116500008,0,0.200000,1.000000
116504571,76,1101010100001000100101010111000011010000000011001100100111000010001101110110,116500008,0,0.200000,1.000000
116504572,78,111010010101100000010101011100001101000000001100010010111110001100100011101100,116500008,0,0.200000,1.000000
116504573,82,1101110100010001001000010101011100001101000000001000100111011000000011100100000111,116481600,0,0.066667,1.000000
116504574,80,01101000100011010000101010111000011010000000011001001111111000000111100100001110,116500009,0,0.066667,1.000000
116504575,84,111001000001011100000110111011100011101000000001000100111111101100011010011000110010,116500009,0,0.066667,1.000000
116504576,75,001101011101000010101011100001101010000001000011010110100011101001001100111,116500009,0,0.066667,1.000000
116504577,82,1001000001001100000010101011100001101000000001000100111110101001011010011001110011,116500009,0,0.066667,1.000000
116504578,79,0111100000001101000010101011100001101000000001110010111101101000011010010010111,116500009,0,0.066667,1.000000
116504579,75,001101011101000010101011100001101010000001000011010110100011101001001100111,116500009,0,0.066667,1.000000
116504580,82,1101110100010001001000010101011100001101000000011000100011011000000011100100000111,116481600,0,0.053333,0.800000
116504581,77,10010011000100100001011101110000110100000000110001001100110100001010010010111,116500009,0,0.066667,1.000000
116504582,79,0100100110001001000010101011100001101000000001100110011111110100001111010010111,116500009,0,0.066667,1.000000
116504583,83,11001000001011100000110101011100001101000000001000100110110101100011011011000110010,116500010,0,0.100000,1.000000
116504584,77,11111011100001010101011100001101000000001000010110111100011100101001101011111,116500011,0,0.040000,1.000000
116504585,85,0011001000001111110000010101011100001101000000001000100111101011000011110110011100110,116500011,0,0.040000,1.000000
116504586,82,0011010001001110100001010101110000110100000000110001001111111010000111000001011101,116500011,0,0.040000,1.000000
116504587,82,0011010001001110100001010101110000110100000000110001001111111010000111000001011101,116500011,0,0.040000,1.000000
116504588,75,101010111000000101010111000011010000000010000101101110001110010100110001111,116500011,0,0.040000,1.000000
116504589,85,0011001000001111110000010101011100001101000000001000100111101011000011110110011100110,116500011,0,0.040000,1.000000
116504590,86,00110000000011111100000101010111000011010000000010001001111101011000011110110011100110,116500011,0,0.040000,1.000000
116504591,75,101101011101000010101011100001101000000001000011010110100011101001001100111,116500011,0,0.040000,1.000000
116504592,85,0011001000001111110100010101011100001101000000001000100111101011000011110110011100110,116500011,0,0.040000,1.000000
116504593,75,101101011101000010101011100001101100000001000011010110100011101001001100111,116500011,0,0.032000,0.800000
116504594,77,11111011100001010101011100001101000000001000010110111100011100101001101011111,116500011,0,0.040000,1.000000
116504595,75,101010111000000101010111000011010000000010000101101110001110010100110001111,116500011,0,0.040000,1.000000
116504596,86,00110000000011111100000101010111000011010000000010001001111101011000011110110011100110,116500011,0,0.040000,1.000000
116504597,82,1111000001000100000101010111000010010000000010001001111101011001111100110011110101,116486630,0,0.070000,0.700000
116504598,88,0011001000001111110000010111011100101101000000001000100111110101101001110011001110011010,116508501,0,0.060000,0.600000
116504599,76,0111110010110000001010101010000110000000000110011001011111000010011000011001,116486630,0,0.060000,0.600000
116504600,75,011101001100000010101011100001101000000001000011010111101011100001001101011,116486630,0,0.080000,0.800000
116504601,79,0110101010001101000010101011100001101000100001100100111110011000111110010110111,116486630,0,0.070000,0.700000
116504602,78,111001001010110000001010101110000110100000000110001010111110001100110001110010,116486630,0,0.080000,0.800000
116504603,78,111001001010110000001010101110000110100000000110001010111110001100110001110010,116500012,0,0.100000,1.000000
116504604,73,0111101110100001010101111000110100000000100001100110100011101001001100110,116500013,0,0.100000,1.000000
116504605,70,1010111010000111010111000011010000000011000110101011010110010100111111,116483551,0,0.100000,0.700000
116504606,77,11001001010110000001000101110000110100000000110100001011111000110011000110010,116500013,0,0.100000,1.000000
116504607,77,11001001010110000001000101110000110100000000110100001011111000110011000110010,116500013,0,0.100000,1.000000
116504608,79,0100100110001001000010101011100001101000000001100110011111110100001111010010111,116500013,0,0.100000,1.000000
116504609,82,0011010001000110100001010101110000110100000000110101001111111010000111000001011101,116500013,0,0.100000,1.000000
116504610,78,001111100101100000010101011100001101000000001100110011111110000100110000110010,116483551,0,0.100000,0.800000
116504611,79,1001001100010010000101010111000011010000000011100100111111101000011111010001110,116500013,0,0.100000,1.000000
116504612,78,010011001000110000001010101110000110100000001100010010111110001000111001110011,116500014,0,0.066667,1.000000
116504613,74,01101011101000010101011100001101000000001000011010110100011101001001100011,116500014,0,0.066667,1.000000
116504614,76,1011011100000010101011000001100000000001000010100111100011100111001100011111,116500014,0,0.066667,1.000000
116504615,81,011110010011100110000010101011100001101000000000100110010111110001100111111110010,116492279,0,0.046667,0.700000
116504616,85,1110111010000001000010101011100001101000000001101111010110101011000110011100011111000,116492279,0,0.053333,0.800000
116504617,85,1110111010000001000010101011100001101000000001101111010110101011000110011100011111000,116500014,0,0.066667,1.000000
116504618,84,010110000010001000000101010111010011010010000010001000111111011000111100110011010101,116496900,0,0.040000,0.700000
116504619,76,1111101110000001010101110000110100000000100001011011110001110010100110011111,116476984,0,0.050000,0.500000
116504620,75,101110111000000101010111000011010000000010000111101110001110010100111001111,116501513,0,0.066667,1.000000
116504621,79,1001001100010010000101010111000011010000000011100100111111101000011111010001110,116501514,0,0.200000,1.000000
116504622,80,01110100010001101000010101011100001101000000001100010011111110100001110010010111,116503230,0,0.200000,1.000000
116504623,78,010001001010110000001010101110000110100000001100010010101110001000111001110001,116501514,0,0.200000,1.000000
116504624,84,111001000001011100000110101001100011101000000001000100111111101100011010011010110010,116501514,0,0.200000,1.000000
116504625,74,10101001100000010101011100001101000000001000011010111100011100001001100011,116501514,0,0.200000,1.000000
116504626,78,110110010101100000010101011100001101000000001100010111111110001010111101110010,116501514,0,0.200000,1.000000
116504627,74,10101001100000010101011100001101000000001000011010111100011100001001100011,116501514,0,0.200000,1.000000
116504628,79,1001000100010010000101010111000011010000000011100100111111101000011111010001110,116501514,0,0.200000,1.000000
116504629,79,0100100110001001000010101011100001101000000001100110011111110100001111010010111,116503230,0,0.200000,1.000000
116504630,79,0111100000001101000010101011100001101000000001110010011101101000011010010010111,116475186,0,0.060000,0.600000
116504631,72,011010011010000101010111000011010000000010000110101010001110100100110011,116501515,0,0.080000,0.800000
116504632,73,1011110111010000101010111100011010000000010000110011010011110100100110011,116501516,0,0.100000,1.000000
116504633,79,1010110010000100100110101011100001101000000001000010010101110001100111001110011,116501517,0,0.066667,1.000000
116504634,75,001101011101000010101011100001101000000001000011011110100011101001001100111,116501517,0,0.066667,1.000000
116504635,79,1110100101011000000101010111000011010000000011000100101111100011000100011101100,116501517,0,0.066667,1.000000
116504636,74,11110111000000101010111000011010000000010000101101110001110010100110001111,116501517,0,0.066667,1.000000
116504637,73,0110101110100001010101110000110100000000100001101010100011101001001100110,116501517,0,0.066667,1.000000
116504638,82,0011010101000110100011010101110000110100000000110101001111111010000111000001011101,116501517,0,0.066667,1.000000
116504639,82,0100100110001001000010101011100001101000000001100010011110110100001111101001011100,116501517,0,0.066667,1.000000
116504640,77,01011001000100000011010101110000110100000000110000010111100101110111111101010,116501517,0,0.066667,1.000000
116504641,74,11110111000000101010111000011010000000010000101101110001110010100110001111,116501517,0,0.066667,1.000000
116504642,79,1010110010000100100110101011100001101000000001000010010101110001100111001110011,116501517,0,0.066667,1.000000
116504643,87,011101111010000001000010101111100001101000000001101111010110101011000110011100011111000,116501517,0,0.066667,1.000000
116504644,77,11010001000110100001010101110000110100000000100001001011111000110111000110001,116501517,0,0.066667,1.000000
116504645,80,01101001100011011000101010111000011110000000011001001011111100000111100100101110,116501517,0,0.066667,1.000000
116504646,75,001101011101000010101011100001101000000001000011011110100011101001001100111,116501517,0,0.066667,1.000000
116504647,73,0110101110100001010101110000110100000000100001101010100011101001001100110,116501517,0,0.066667,1.000000
116504648,76,0110110010001100000010100010100001101000100001101010010110100010011100011100,116501518,0,0.200000,1.000000
116504649,81,011010001000110100001010101110000110100000000110001001111111000000111101000101110,116501518,0,0.200000,1.000000
116504650,74,00011010111010001101010111000011010000000010000100101111001101011100110000,116501519,0,0.028571,1.000000
116504651,74,10101001100000010101011110001101000000001100011010111101011100001001101011,116501519,0,0.028571,1.000000
116504652,74,00011010111010001101010111000011010000000010000100101111001101011100110000,116501521,0,0.200000,1.000000
116504653,81,011010001000110100001010101110000110100000000110001001110111010000111000000101110,116501521,0,0.200000,1.000000
116504654,75,110100001100000010101011100001101000000001000011010011100011100001001100011,116501521,0,0.200000,1.000000
116504655,76,1111101110000001010101110000110100000000100001010011110001110011100110001111,116501521,0,0.200000,1.000000
116504656,73,1011101110000001010101110000110100000000100001011011100111001010011000111,116501521,0,0.200000,1.000000
116504657,74,11110111000000111010111000011010000001010010101101111000010001100110001111,116501521,0,0.200000,1.000000
116504658,74,10101001010000010101011100001101000000001000011010111101011100001001100011,116501521,0,0.200000,1.000000
116504659,75,101110111000000101010111000011010000000010000101101110001110010100110001111,116501521,0,0.200000,1.000000
116504660,86,00110010010011111100100101010111000011010000000010001001111101011000011110110011100110,116506695,0,0.200000,0.800000
116504661,71,01010111010000101010111000011010000000011000010101111000100011100111101,116501521,0,0.200000,1.000000
116504662,73,1011101110000001010101110000110100000000100001011011100111001010011000111,116506695,0,0.200000,1.000000
116504663,83,01101110100010001001000010101011100001101000000001000100111011000000011100100000111,116506695,0,0.200000,1.000000
116504664,81,011010001000110100001010101110000110100000000110001001110111010000111000000101110,116501521,0,0.200000,1.000000
116504665,74,00011010111010001101010111000011010000000010000100101111001101011100110000,116501521,0,0.200000,1.000000
116504666,75,101110111000000101010111000011010000000010000101101110001110010100110001111,116501521,0,0.200000,1.000000
116504667,73,1011101110000001010101110000110100000000100001011011100111001010011000111,116501521,0,0.200000,1.000000
116504668,73,1011101110000001010101110000110100000000100001011011100111001010011000111,116501521,0,0.200000,1.000000
116504669,74,10101001010000010101011100001101000000001000011010111101011100001001100011,116501521,0,0.200000,1.000000
116504670,81,011010001000100101001010101110000110100000000110001001111111010000111000001101110,116501521,0,0.200000,1.000000
116504671,80,01101000100011010000101010111000011010000000011000100111111010000111100100101110,116501521,0,0.200000,1.000000
116504672,78,000001001101000000010101011100101101000000001100011010111110001100011011110010,116501522,0,0.040000,1.000000
116504673,79,0100100110001001000011101011100001101000000001100110011011110100001111000010111,116498407,0,0.028000,0.700000
116504674,81,011010001000110100001010101110000110100000000110001001111111010000111100000101110,116501522,0,0.040000,1.000000
116504675,81,011110100010001100000010101011100001101000000001100110010111110011100111111110011,116501522,0,0.040000,1.000000
116504676,82,0110100010101101000010101011100001101000000001100110011111110100001111000001001100,116490316,0,0.032000,1.000000
116504677,70,1010111010000101011111000011010000000011001010101111100110011100101100,116501522,0,0.040000,1.000000
116504678,75,010101001100000010101011100001101000000001000011010111101011100001001101011,116501522,0,0.040000,1.000000
116504679,77,10101100100011000001010101110000110100000000110001001010111100110011100111001,116501522,0,0.040000,1.000000
116504680,74,11010111000001010101111000110100000000100001001011111001110010101100001100,116501522,0,0.040000,1.000000
116504681,78,111001001010110000001010101110000110100000000110001010111110001100110001110010,116501522,0,0.040000,1.000000
116504682,75,010110010000100000101010111000011010000000011000100101011100011001110111001,116498407,0,0.032000,0.800000
116504683,76,1110100001100000010101011100001101000000001000011010111000011100001010100011,116498407,0,0.032000,0.800000
116504684,74,00011010111010001101010111000011010000000010100100101111101111011100110100,116498407,0,0.028000,0.700000
116504685,82,0110100010101101000010101011100001101000000001100110011111110100001111000001001100,116498407,0,0.032000,0.800000
116504686,75,101110111000000101010111000011010000000010000111101110001110010100111001111,116498407,0,0.032000,0.800000
116504687,84,010110000010001000000101010111000011110000000010001000111101011000111100110011010101,116501522,0,0.040000,1.000000
116504688,78,111001001010110000001010101110000110100000000110001010111110001100110001110010,116501522,0,0.040000,1.000000
116504689,79,0100100110001001000011101011100001101000000001100110011011110100001111000010111,116501522,0,0.040000,1.000000
116504690,74,10101001000000010101011100001101000000001000001010111101011100001001100011,116498407,0,0.032000,0.800000
116504691,74,10101001100000010101011100001101000000001000011010111100011100001001100011,116490316,0,0.032000,1.000000
116504692,75,011101001100000010101011100001101000000001000011010111101011100001001101011,116501523,0,0.050000,1.000000
116504693,74,10101001100100010101011100001101000000001000011010111100011100001111100011,116501523,0,0.050000,1.000000
116504694,78,001101010100110100001010101110000110100010000110010011111001100011111001011011,116501523,0,0.050000,1.000000
116504695,78,001101010100110100001010101110000110100010000110010011111001100011111001011011,116501523,0,0.050000,1.000000
116504696,83,11001000001011110000110101011100001101000000001000100110110101100011011011000110010,116492277,0,0.030000,0.600000
116504697,74,10101001100100010101011100001101000000001000011010111100011100001111100011,116501523,0,0.050000,1.000000
116504698,75,011101001100000010101011100001101000000001000011010111101011100001001101011,116501523,0,0.050000,1.000000
116504699,83,11001000001011110000110101011100001101000000001000100110110101100011011011000110010,116501523,0,0.050000,1.000000
116504700,83,11001000001011110000110101011100001101000000001000100110110101100011011011000110010,116501523,0,0.050000,1.000000
116504701,81,010010011000100100001010101110000110100000000111001001111111010000111110100101110,116501523,0,0.050000,1.000000
116504702,74,10101001100100010101011100001101000000001000011010111100011100001111100011,116501523,0,0.050000,1.000000
116504703,79,0011000010011000000101010111000011010000000010001011011010110101101000100110001,116501523,0,0.050000,1.000000
116504704,83,11001000001011110000110101011101001101000000001000100110110101100011011011000110010,116501523,0,0.050000,1.000000
116504705,74,10101001100100010101011100001101000000001000011010111100011100001111100011,116492277,0,0.030000,0.600000
116504706,83,11001000001011110000110101011100001101000000001000100110110101100011011011000110010,116492277,0,0.030000,0.600000
116504707,81,010010011000100100001010101110000110100000000111001001111111010000111110100101110,116501523,0,0.050000,1.000000
116504708,75,011101001100000010101011100001101000000001000011010111101011100001001101011,116501523,0,0.050000,1.000000
116504709,79,0011000010011000000101010111000011010000000010001011011010110101101000100110001,116501523,0,0.050000,1.000000
116504710,78,001101010100110100001010101110000110100010000110010011111001100011111001011011,116492277,0,0.030000,0.600000
116504711,74,10101001100100010101011100001101000000001000011010111100011100001111100011,116501523,0,0.050000,1.000000
116504712,72,011110111010100101010111100011010000000010000110011010001110100100110011,116501523,0,0.050000,1.000000
116504713,83,11001000001011110000110101011100001101000000001000100110110101100011011011000110010,116492277,0,0.030000,0.600000
116504714,75,011101001100000010101011100001101000000001000011010111101011100001001101011,116501523,0,0.050000,1.000000
116504715,74,10101001100100010101011100001101000000001000011010111100011100001111100010,116501523,0,0.040000,0.800000
116504716,82,1111000001000100000101010111000010010000000010001001111101011001111100110011110101,116501525,0,0.040000,1.000000
116504717,81,010010011000100100001010101110000110100000000110001001111111010000111110100101110,116501525,0,0.040000,1.000000
116504718,82,0011010001000110110011010101110000110100000000110101001111111010000111000001011101,116501525,0,0.040000,1.000000
116504719,70,1010111010000111010111000011010000000011000110101011010110010100111111,116501525,0,0.040000,1.000000
116504720,73,0101001100000011101011100001101000000001000011010111101011100001001101011,116501525,0,0.040000,1.000000
116504721,78,001011000101000000010101011100001101000000001100010010101110011100110011100010,116501525,0,0.040000,1.000000
116504722,77,01011001000100000011010101110000110100000000110000010111100101100111111101010,116501525,0,0.040000,1.000000
116504723,75,101100110011000000101010111000011010000000010000100101110100010111100111111,116501525,0,0.040000,1.000000
116504724,73,0101001100000011101011100001101000000001000011010111101011100001001101011,116501525,0,0.040000,1.000000
116504725,76,1111101110000001010101110000110100000000100001010011110001110011100110101111,116501525,0,0.032000,0.800000
116504726,79,0100100110001001000010101011100001101000000001100110011111110100001111010010111,116501525,0,0.040000,1.000000
116504727,77,01011001000100000011010101110000110100000000110000010111100101100111111101010,116501525,0,0.040000,1.000000
116504728,82,0110100011001101000110101011100001101000000001110010011111111100001100000010111010,116501525,0,0.040000,1.000000
116504729,81,011010001000110100001010101110000110100000000110001001111101010000111000000101111,116501525,0,0.040000,1.000000
116504730,75,010110010000100000101010111000011010000000011000100101011100011001110111001,116501525,0,0.040000,1.000000
116504731,73,0101001100000011101011100001101000000001000011010111101011100001001101011,116501525,0,0.040000,1.000000
116504732,70,1010111010000111010111000011010000000011000110101011010110010100111111,116501525,0,0.040000,1.000000
116504733,76,0110100001000000010101011100001101000000001000011010111100011100001001100011,116501525,0,0.040000,1.000000
116504734,81,011010001000110100001010101110000110100000000110001001111111010000111000001011101,116501526,0,0.200000,1.000000
116504735,77,01011000101000000010111011100001101001000001101010010111110001100111011100001,116498411,0,0.100000,0.600000
116504736,77,01011000101000000010111011100001101001000001101010010111110001100111011100001,116501528,0,0.100000,1.000000
116504737,76,1110100001100000010101011100001101000000001000011010111000011100001001100011,116501528,0,0.100000,1.000000
116504738,77,11011001100110000001010101110000110100000000100001011011101000101110001110110,116498411,0,0.100000,0.800000
116504739,77,01011000101000000010111011100001101001000001101010010111110001100111011100001,116501528,0,0.100000,1.000000
116504740,77,11011001100110000001010101110000110100000000100001011011101000101110001110110,116498411,0,0.100000,0.800000
116504741,79,0011100000001101000010101011100001100000000001110010011101101000011010010010101,116498411,0,0.100000,0.700000
116504742,79,0011100000001101000010101011100001100000000001110010011101101000011010010010101,116501528,0,0.100000,1.000000
116504743,80,01101000100011000001010101110000110100000000111000001111111010100111000001011101,116498411,0,0.100000,0.800000
116504744,80,01101000100011000001010101110000110100000000111000001111111010100111000001011101,116501528,0,0.100000,1.000000
116504745,77,01011001100110000001010101110000110100000000100001001011101000101110001110110,116498411,0,0.100000,0.800000
116504746,82,0110100010101101000010101011100001101000000001100110011111110110001111000001011100,116501528,0,0.100000,1.000000
116504747,77,01011000101000000010111011100001101001000001101010010111110001100111011100001,116501528,0,0.100000,1.000000
116504748,82,0110100010101101000010101011100001101000000001100110011111110110001111000001011100,116501528,0,0.100000,1.000000
116504749,82,0011010001000110100001010101110000110100000000110001001111111010000111100100101110,116501528,0,0.100000,1.000000
116504750,77,11111011100000010101011100001101000001001000010110111100011100101001101011111,116501528,0,0.100000,1.000000
116504751,80,01101000100011000001010101110000110100000000111000001111111010100111000001011101,116498411,0,0.100000,0.800000
116504752,84,010110000010001000000101010111000011110000000010001000111101011000111100110011010101,116498411,0,0.100000,0.700000
116504753,84,010110000010001000000101010111000011110000000010001000111101011000111100110011010101,116501528,0,0.100000,1.000000
116504754,80,01101000100011000001010101110000110100000000111000001111111010100111000001011101,116498411,0,0.100000,0.800000
116504755,82,0011010001000110100001010101110000110100000000110001001111111010000111100100101110,116498411,0,0.100000,0.800000
116504756,76,1110100001100000010101011100001101000000001000011010111000011100001001100011,116498411,0,0.100000,0.800000
116504757,79,0111100000001101000010101011100001101000000001110010111101101000011010010110111,116501528,0,0.100000,1.000000
116504758,79,0111100000001101000010101011100001101000000001110010111101101000011010010110111,116498411,0,0.100000,0.800000
116504759,77,11111011100000010101011100001101000001001000010110111100011100101001101011111,116498411,0,0.100000,0.700000
116504760,83,11001000001011100000110101011100001101000000001000100110110101100011011011000110010,116501529,0,0.100000,1.000000
116504761,78,110110010001100000010101011100001101000000001000010101111010001000111101110010,116501529,0,0.100000,1.000000
116504762,80,01110100010001101000010101011100001101000000001100010011111110100001110010010111,116501529,0,0.100000,1.000000
116504763,77,01011001000100000011010101110000110100000000110000010111100101100111111101010,116501529,0,0.100000,1.000000
116504764,80,01110100010001101000010101011100001101000000001100010011111110100001110010000111,116501529,0,0.080000,0.800000
116504765,78,001011101010110000001010101110000110100000000010011001011110000010011000011001,116501529,0,0.100000,1.000000
116504766,75,001101011101000010101011100001101000000001000011010110100011101001001100111,116501529,0,0.100000,1.000000
116504767,80,01101100100011000000101000101000011010001100011010100101110100010011100011100110,116501529,0,0.100000,1.000000
116504768,74,01101011101000010101011100001101000000001100011010110100011101011001100011,116501529,0,0.080000,0.800000
116504769,75,001101011101000010101011100001101000000001000011011110100011101001001100111,116501529,0,0.100000,1.000000
116504770,86,00110010000011111100000001010111000011010000000010001001111101011000011110110011100110,116501529,0,0.100000,1.000000
116504771,75,010110010000100000101010111000011010000000011000100101011100011001110111001,116501529,0,0.100000,1.000000
116504772,78,001011101010110000001010101110000110100000000010011001011110000010011000111001,116501529,0,0.100000,1.000000
116504773,75,101010011000000101010111000011010000000010000110101111000111000010011000111,116501531,0,0.100000,1.000000
116504774,79,1010110010000100000010101011100001101000000001000010010101110001100111011110011,116501531,0,0.100000,1.000000
116504775,77,01001000101000000010101011100101101000000001100011010111110001100011011110010,116501534,0,0.066667,1.000000
116504776,75,101010011000000101010111000011010000000010000110101111000111000010011000111,116501534,0,0.066667,1.000000
116504777,74,00111010111010001101010111000011010000000010100100101111101111011000110100,116501534,0,0.066667,1.000000
116504778,73,1111011100000010101011100001101000000001100010110111000111001010011000111,116501534,0,0.066667,1.000000
116504779,75,001101011101000010101011100001101000000001000011010110100011101001001100111,116501534,0,0.066667,1.000000
116504780,77,01011001100110000000010101110000110100000000100001001011101000100110001110110,116503228,0,0.100000,1.000000
116504781,84,010110000010001000000101010111000011110000000010001000111101011000111100110011010101,116503228,0,0.100000,1.000000
116504782,80,01101000100011010000101010111000011110000000011001001111111000000111000000001110,116503228,0,0.100000,1.000000
116504783,80,01101000100011010000101010111000011110000000011001001111111000000111000000001110,116503228,0,0.100000,1.000000
116504784,75,101010011000000101010111000011010000000010000110101111000111000010011000111,116503228,0,0.100000,1.000000
116504785,75,101010011000000101010111000011010000000010000110101111000111000010011000111,116503228,0,0.100000,1.000000
116504786,76,1010110010000100000101010111000011010000000011000100101011100011001110111001,116503228,0,0.100000,1.000000
116504787,78,001011101010110000001010101110000110100000001010011001011110000010011000111001,116503228,0,0.080000,0.800000
116504788,76,1011110010110000001010101110000110100000001100110010111110000100110000110010,116503228,0,0.100000,1.000000
116504789,79,0111100000001101000010101111100001101000000001110010001101101000011011010010111,116503228,0,0.100000,1.000000
116504790,75,101110111000000101010111000011010000000010000101101110001110010100110001111,116503228,0,0.100000,1.000000
116504791,77,01011001100110000000010101110000110100000000100001001011101000100110001110110,116503228,0,0.100000,1.000000
116504792,72,110100101100000010101011101001101000000001000011010111100011001010011101,116503228,0,0.100000,1.000000
116504793,83,01111000100011010000101010111000011010000000011000100111111101000011110010010111010,116503228,0,0.100000,1.000000
116504794,75,101110111000000101010111000011010000000010000101101110001110010100110001111,116503228,0,0.100000,1.000000
116504795,75,110101010000100010010101011100001101000000001100110010011100001000110111011,116503228,0,0.100000,1.000000
116504796,72,110100101100000010101011101001101000000001000011010111100011001010011101,116503228,0,0.100000,1.000000
116504797,75,101010011000000101010111000011010000000010000110101111000111000010011000111,116503228,0,0.100000,1.000000
116504798,80,01101000100011010000101010111000011110000000011001001111111000000111000000001110,116503228,0,0.100000,1.000000
116504799,84,110010000010111100001101010111000011010000000010001001101101011000110110110001100101,116503228,0,0.100000,1.000000
116504800,75,111101110000001010101110000110100000000100001001011110001110010100110001111,116503229,0,0.200000,1.000000
116504801,75,011101001100000010101011100001101000000001000011010111101011100001001101011,116505120,0,0.040000,0.800000
116504802,84,111001000011011100000110101011100001101000000001000100111111101100011010011000110010,116473643,0,0.070000,0.700000
116504803,75,010110010000100000101010111000011010000000011000100101011100011001110111001,116503229,0,0.200000,1.000000
116504804,76,1011110010110000001010101110000110100000001100110010111110000100110000110010,116503229,0,0.200000,1.000000
116504805,78,010011001000110000001010101110000110100000001100010010111110001000111001110011,116503229,0,0.200000,1.000000
116504806,73,1101011100001010101111000110100000000100101001011111001110010101100001100,116473643,0,0.070000,0.700000
116504807,84,111001000011011100000110101011100001101000000001000100111111101100011010011000110010,116503229,0,0.200000,1.000000
116504808,83,11001000001011110000110101011100001101000000001000100110110101100011011011000110010,116503229,0,0.200000,1.000000
116504809,74,10101001100100010101011100001101000000001000011010111100011100001111100011,116503229,0,0.200000,1.000000
116504810,78,010011001000110000001010101110000110100000001100010010111110001000111001110011,116503229,0,0.200000,1.000000
116504811,73,0111101110100001010101111000110100000000100001100110100011100001001000110,116503229,0,0.200000,1.000000
116504812,83,01011010000000110100001010101110000110100000000110001001111111000000011100100101110,116505120,0,0.040000,0.800000
116504813,87,011101111010000001000010101111100001101000000001101111010110101011000110011100011111000,116503230,0,0.200000,1.000000
116504814,79,1110110010000110000010101011100001100000000011100010010101100001100111001110011,116503230,0,0.200000,1.000000
116504815,79,1110110010000110000010101011100001100000000011100010010101100001100111001110011,116503230,0,0.200000,1.000000
116504816,82,1011110001000110000010101011100001101000000001110000011111110101001110000011111010,116503230,0,0.200000,1.000000
116504817,81,011010001000110100001010101110000110100000000110001001111111110000111000000101111,116503230,0,0.200000,1.000000
116504818,75,111101110000001010101110000110100000000100001011011110001110011100110101111,116503230,0,0.200000,1.000000
116504819,77,10101100100011000001010101110000110100000000110001001010111100110011100111001,116503230,0,0.200000,1.000000
116504820,78,010110010001000000110101011100001101000000001100000101111000011001111111010100,116503230,0,0.200000,1.000000
116504821,88,0011001000001111110000010111011100101101000000001000100111110101101001110011001110011010,116503230,0,0.200000,1.000000
116504822,78,001111100101100000010101011100001101000000001100110011111110000100110000110010,116503230,0,0.200000,1.000000
116504823,78,010110010001000000110101011100001101000000001100000101111000011001111111010100,116503230,0,0.200000,1.000000
116504824,77,11011001000110000001010101110000110100000000100001000011101001100101000111101,116503230,0,0.200000,1.000000
116504825,76,0111101110000001010101010000010100000000100001011011100001110011100100001111,116471682,0,0.024000,0.500000
116504826,81,101111000001000110000001010101110000110100000000110011001011111001110011111111001,116503231,0,0.040000,1.000000
116504827,80,01111010001001110000001010101110000110110000000110011101011111001110011111110101,116503231,0,0.040000,1.000000
116504828,77,11110100011100000010101011100001101000000001000011010111000011100001011100011,116503231,0,0.040000,1.000000
116504829,76,0111101110000001010101010000010100000000100001011011100001110111100100001111,116492275,0,0.024000,0.600000
116504830,80,01101000100011000001010101110000110100000000111000001111111010000111000001011101,116503231,0,0.040000,1.000000
116504831,81,011010001000110100001010101110000110100000000110001001111111010000111100000101110,116503231,0,0.040000,1.000000
116504832,80,01101000100011000001010101110000110100000000111000001111111010000011000001011101,116503231,0,0.040000,1.000000
116504833,74,10101001100000010001011100001101000000001000011010111100011100001001100011,116503231,0,0.040000,1.000000
116504834,77,11010001010110100001010101110000110100000000100001001011111000110111000111001,116503231,0,0.040000,1.000000
116504835,86,00110010000011111000000101010111000011010000000010001001111101011000011110110011100110,116503231,0,0.040000,1.000000
116504836,81,011010001000110100001010101110000110100000000110001001111111010000111100000101110,116473642,0,0.079051,0.800000
116504837,76,1110100001100000010101011100001101000000001000011000111000011100001011100011,116473642,0,0.079051,0.800000
116504838,82,0110100010001101000010101011100001101000000001100010011111110000001110000010111011,116473642,0,0.079051,0.800000
116504839,77,11110100001100000010101011100001101000000001000011000111000011100001011100011,116490336,0,0.100000,0.800000
116504840,76,1110100001100000010101011100001101000000001000011000111000011100001011100011,116473642,0,0.079051,0.800000
116504841,75,111010111000001010101111000110100000000100001001011111001110010101100001100,116503232,0,0.100000,1.000000
116504842,81,011010001000110100001010101110000110100000000110001001111111010000111100000101110,116503232,0,0.100000,1.000000
116504843,79,0100100110001001000010101011100001101000000001100110011111110100001111010010111,116503232,0,0.100000,1.000000
116504844,76,1110100001100000010101011100001101000000001000011010111000011000011011100011,116473642,0,0.079051,0.800000
116504845,77,01010000101000000010101011100001101001000001100010010111110001100111011100101,116503232,0,0.100000,1.000000
116504846,82,1101110100010001001000010101011100001101000000001000100111011000000011100100000111,116503232,0,0.100000,1.000000
116504847,79,1010110010000100000010101011100001100000000001000010010101110001100101001110011,116473642,0,0.098814,1.000000
116504848,75,111010111000001010101111000110100000000100001001011111001110010101100001100,116496901,0,0.140000,0.700000
116504849,75,101010011000000101010111000011010000000010000110101111000111000010011000111,116503233,0,0.100000,1.000000
116504850,75,111010111000001010101111000110100000000100001001011111001110010101100001100,116496901,0,0.140000,0.700000
116504851,82,0011010001000110100001010101110000110100000000110001001111111010000111100100101110,116503233,0,0.100000,1.000000
116504852,75,111010111000001010101111000110100000000100001001011111001110010101100001100,116496910,0,0.160000,0.800000
116504853,75,001101011101000010101011100001101010000001000011010110100011101001001100111,116503233,0,0.100000,1.000000
116504854,72,110100101100000010101011101001101000000001000011010111100011001010011101,116503233,0,0.100000,1.000000
116504855,81,011010101000110100001010101110000110100000100110001001110111010000111101000101110,116496910,0,0.160000,0.800000
116504856,76,1010110010000100000101010111000011010000000011000100101011100011001110111001,116496910,0,0.200000,1.000000
116504857,79,0111100000001101000010101011100001101000000001110010111101101000011010010010111,116503234,0,0.100000,1.000000
116504858,79,0111100000001101000010101011100001111000000001110010011101101000011010010010111,116503234,0,0.100000,1.000000
116504859,83,00110100010101101000010101011100001101000000001100110011111110100001111000001001100,116503234,0,0.100000,1.000000
116504860,79,0010111010101100000010101011100001101000000000100110010111100000100110001110011,116503234,0,0.100000,1.000000
116504861,70,1010111010000111010111000011010000000011000110101011010111010100111111,116503234,0,0.100000,1.000000
116504862,78,110110010101100001010101011100001101000000001100010111111110001010111101110010,116503234,0,0.100000,1.000000
116504863,78,001011000101000000010101011100011101010000001100010010101110011100110011100010,116503234,0,0.100000,1.000000
116504865,83,00110100010101101000010101011100001101000000001100110011111110100001111000001001100,116503234,0,0.100000,1.000000
116504866,77,10010010101000000101010111000011010100000010000100101111100011001100111100100,116503234,0,0.100000,1.000000
116504867,80,01111010001000110000001010111110000110100000000110011001011111001110011111111001,116503234,0,0.100000,1.000000
116504869,77,10010010101000000101010111000011010100000010000100101111100011001100111100100,116503234,0,0.100000,1.000000
116504870,79,1101100100011000000101010111000011010010000011000100111111100010001100011000111,116503234,0,0.100000,1.000000
116504872,86,00110010000011111100000101010111000011010000000010001001111101011000011110110011100110,116503234,0,0.100000,1.000000
116504873,75,111101110000001010101110000110100000000100001011011110001110011100110101111,116503235,0,0.066667,1.000000
116504874,76,0111101110000001010101110000110100000000100001011011110001110011100110001111,116503235,0,0.066667,1.000000
116504875,78,110111010001100000010101011100001101000000001100010101111110001000111101110010,116503235,0,0.066667,1.000000
116504876,79,1100100101011000000101010111000011010000000011000110101111100011000100011100100,116503235,0,0.066667,1.000000
116504877,76,1110100001100000010101011100001101000000001000011000111000011100001011100011,116503235,0,0.066667,1.000000
116504878,74,00111010111010001101010111000011010000000010100100101111101111011000110100,116503235,0,0.066667,1.000000
116504879,82,0110100010001101000010101011100001101000000001100010011111110000001110000010111011,116503235,0,0.066667,1.000000
116504880,73,1101011101000010101011110001101000000001100001010011100011001110011110100,116503235,0,0.066667,1.000000
116504881,74,11101000011000000101010111000011010000000010000110101110000111000001110001,116503235,0,0.066667,1.000000
116504882,82,0111100010001101000010101011100001101000000001100010011111110100001111001001011101,116503235,0,0.066667,1.000000
116504883,80,00100001001100000010101011101001101000000001000100110110101101011010011001110011,116503235,0,0.066667,1.000000
116504884,84,011001000001111110000010101011100001101000000001000100111110101000011110110011100110,116503235,0,0.066667,1.000000
116504885,82,0110100010001101000010101011100001101000000001100010011111110000001110000010111011,116503235,0,0.066667,1.000000
116504886,77,11011001000110000001010101110000100100000000100001000011101001100101000111101,116503235,0,0.066667,1.000000
116504887,86,00110010010011111100100101010111000011010000000010001001111101011000011110110011100110,116476982,0,0.080000,0.800000
116504888,78,001111100010110010001010101110000110100000000110011001011111000011011000111001,116476982,0,0.080000,0.800000
116504889,74,11110111000000101010111000011010000000010001011011110001110010100110011111,116503236,0,0.100000,1.000000
116504890,77,10101100100011000001010101110000110100000000110001001010111100110011100111001,116476982,0,0.100000,1.000000
116504891,76,1110100001100000010101011100001101000000001000011010111000011000011011100011,116503236,0,0.100000,1.000000
116504892,75,111101110000001010101110000110100000000100010110111100011100101001101011111,116476982,0,0.100000,1.000000
116504893,77,11001001010110000001000101110000110100000000110100001011111000110011000110010,116503236,0,0.100000,1.000000
116504894,77,10101100100011000001010101110000110100000000110001001010111100110011100111001,116500008,0,0.100000,0.800000
116504895,72,010100101100000010101011101001101000000001000011010101100011001010011101,116476982,0,0.080000,0.800000
116504896,70,1010111010000101010111000011010000000011000010100111000100011100111101,116476982,0,0.100000,1.000000
116504897,76,1110100001100000010101011100001101000000001000011010111000011100001001100011,116503236,0,0.100000,1.000000
116504898,70,1010111010000101010111000011010000000011000010100111000100011100111101,116503236,0,0.100000,1.000000
116504899,75,101110111000000101010111000011010100000010000101101110001110010100110001111,116498420,0,0.040000,0.700000
116504900,78,110110010101100001010101011100001101000000001100010111111110001010111111110010,116503237,0,0.040000,1.000000
116504901,77,01011000101000000010101011100001101001000001101010010111110000100111011100001,116503237,0,0.040000,1.000000
116504902,73,1001010011000000010101110000110100000000100001101011110001110000100110001,116503237,0,0.040000,1.000000
116504903,75,101110111000000101000111000011010000000010000101101110001110010100110001111,116503237,0,0.040000,1.000000
116504904,79,0101100101010000000101010111000001010001100011100100101111100011001110011111110,116503237,0,0.040000,1.000000
116504905,81,010010011000100100001010101110000110100000000111001001111111010000111110100101110,116503237,0,0.040000,1.000000
116504906,75,101110111000000101000111000011010000000010000101101110001100010100110001111,116503237,0,0.032000,0.800000
116504907,83,01011010001000110100001010101110000110110000000110001001111111010000111100100101110,116503237,0,0.040000,1.000000
116504908,82,1001000001001100000010101011100001101000000001000100110111101001011000011001110011,116503238,0,0.066667,0.700000
116504909,82,1001000001001100000010101011100001101000000001000100110111101001011000011001110011,116503238,0,0.066667,1.000000
116504910,77,01001000101000000010101011100101101000000001100011010111110001100011011110010,116503238,0,0.066667,1.000000
116504911,77,01001000101000000010101011100101101000000001100011010111110001100011011110010,116478441,0,0.053333,0.800000
116504912,72,011010111010000101010111000011010000000010000110101010001110100100110011,116503238,0,0.066667,1.000000
116504913,76,1011110010110000001010101110000110100000001100110010111110000100110000110010,116503238,0,0.053333,0.600000
116504914,88,0011001000001111110000010101011100001101000000001000100111110101100001111011001110011000,116503238,0,0.066667,1.000000
116504915,81,011010001000110101001010101110000110100000000110001001111111010000111000001101110,116478441,0,0.053333,0.800000
116504916,77,11010001000100100001010101110000110100010000100001001011111000110111000111001,116478441,0,0.053333,0.800000
116504917,70,0101011101000010001011100001101000000011000010101111000110001100111111,116478441,0,0.066667,0.700000
116504918,74,10101001000000010101011100001101000000001000011010111001011100001001100001,116508489,0,0.070000,0.700000
116504919,75,001101011101000010101011100001101000000001000011011110100011101001001100111,116463291,0,0.070000,0.700000
116504920,77,11010001010110100001010101110000110100000000100001001011111000110111000111001,116503239,0,0.100000,1.000000
116504921,74,11101001100000010101011100001101000000001000011010111100011001010011000101,116503239,0,0.100000,1.000000
116504922,84,111001000001011100000110101011100001101000000001000100111111101100011010011000110010,116503239,0,0.100000,1.000000
116504923,77,11010001010110100001010101110000110100000000100001001011111000110111000111001,116508489,0,0.070000,0.700000
116504924,75,001101011101000010101011100001101000000001000011011110100011101001001100111,116503239,0,0.100000,1.000000
116504925,80,01101000100010000001010101110000110100000000111000001111111010000111000001011101,116503239,0,0.100000,1.000000
116504926,77,10101100100011000001010101110000110100000000110001001010111100110011100111001,116503239,0,0.100000,1.000000
116504927,81,110111011001000100100001011101110100110100000000100010011101100001001110010000011,116463291,0,0.100000,0.600000
116504928,88,0011001000001111110000010111011100101101000000001000100111110101101001110011001110011010,116503239,0,0.100000,1.000000
116504929,75,011101001100000010101011100001101000000001000011010111101011100001001101011,116503239,0,0.100000,1.000000
116504930,80,01101000100010000001011101110000110100000000111000001111111010000111000001011101,116503239,0,0.080000,0.800000
116504931,83,11001000001011100000110101011100001101000000001000100111110101100011010011000110010,116463291,0,0.100000,0.600000
116504932,79,0011000010011000100101010111000011010000000010001011011010110101101001100111001,116503239,0,0.100000,1.000000
116504933,83,10111100010001101000010101011100001101000000001100010011111110100000111001001011101,116503239,0,0.100000,1.000000
116504934,80,01101000100001010000101010111000011010000000011001001011111000000111100100101110,116463291,0,0.070000,0.700000
116504935,86,00110010000011111000000101010111000011010000000010001101111101011000011110110011100110,116463291,0,0.100000,0.700000
116504936,84,111001000001011100000110101011100001101000000001000100111111101100011010011000110010,116503239,0,0.060000,0.700000
116504937,77,10101100100011000001010101110000110100000000110001001010111100110011100111001,116463291,0,0.100000,0.700000
116504938,79,1101011100011000000101010111000011010000000011000000111111100011001100011000110,116503239,0,0.100000,1.000000
116504939,76,0110100001100000010101011100001101000000001000011010011100011100001001100010,116503240,0,0.053333,0.800000
116504940,82,0011010001000110100001010101110100100100000000110001001111111010000111100100101110,116503240,0,0.066667,1.000000
116504941,77,01001001100010010000101010111000010100000000110111001101111010000111101001011,116503240,0,0.066667,1.000000
116504942,75,101110111000000101000111000011010000000010000101101110001110010100110001111,116503240,0,0.066667,1.000000
116504943,79,0100100110001001000010101011100001101000000001100110011111110100001111010010111,116503240,0,0.066667,1.000000
116504944,78,010011001000110000001010101110000110100000001100010010111110001000111001110011,116503240,0,0.066667,1.000000
116504945,75,101110111000000101000111000011010000000010000101101110001110010100110001111,116503240,0,0.066667,1.000000
116504946,77,11011001000110000001010101110010110100000000101001001011100000100011000011001,116503240,0,0.066667,1.000000
116504947,80,01101000100011000000101010111000011010000100011000100111111100010001001011100010,116503240,0,0.066667,1.000000
116504948,86,00110000000011111100000101010111000011010000000010001001111101011000011110110011100110,116503240,0,0.066667,1.000000
116504949,75,011010111000001010001111000110100000000100001001011101001110010101100001100,116503240,0,0.066667,1.000000
116504950,70,0101011000000101010111000011010000000010000110101101000110010000110001,116490323,0,0.066667,0.800000
116504951,79,0100100110001001000010101011100001101000000001101110011011110100101111010010111,116503240,0,0.066667,1.000000
116504952,81,011110010011100110000010101011100001101000000000100110010111110001100111111110010,116490323,0,0.066667,0.700000
116504953,82,1101110100010001001000010101011100001101000010001000100111011000000011110100000111,116503240,0,0.066667,1.000000
116504954,75,111101110000001010101010000110100000010100001011011110001110011100110001111,116503240,0,0.066667,1.000000
116504955,77,01001001100010100000101010111000011010000000001000100110111010000111101011011,116503240,0,0.066667,1.000000
116504956,80,01110100010001101000010101011100001101000000001110010011111110100001110010010111,116490323,0,0.066667,0.800000
116504957,79,0100100110001001000011101011100001101000000001100110011011110100001111000010111,116503240,0,0.066667,1.000000
116504958,83,01011010000000110100001010101110000110100000000110001001101111000000011100100101110,116490323,0,0.066667,0.800000
116504959,84,010110000010001000000101010111010011010010000010001000111111011000111100110011010101,116473636,0,0.024000,0.600000
116504960,81,001110100010001101000010101011100001101000000001100010011111110100001110010010111,116503241,0,0.066667,1.000000
116504961,74,01101011101000010101011100001101000000001000011010110100011101001001100011,116473636,0,0.032000,0.800000
116504962,74,01101011101000010101011100001101000000001000011010110100011101001001100011,116503241,0,0.066667,1.000000
116504963,80,01101000100011010000101010111000011010000000011000100111111010000111100100101110,116503241,0,0.066667,1.000000
116504964,80,01101000100010000001010101110000110100000000111000001111111010000111000001011101,116506694,0,0.066667,1.000000
116504965,80,01101000100011010000101010111000011010000000011000100111111010000111100100101110,116503241,0,0.066667,1.000000
116504966,82,1011000101011100000010101011100001101000000011001100111110101100011110011100110100,116503241,0,0.028000,0.700000
116504967,80,01101000100010000011010101110000110100000000111000001111111010000111000001011101,116473636,0,0.066667,0.700000
116504968,82,0100100110001001000010101011100001101000000001100010011111110100001111101001011101,116503241,0,0.066667,1.000000
116504969,80,01101000100011010000101010111000011010000000011000100111111010000111110100101110,116473636,0,0.053333,0.800000
116504970,80,01110100010001101000010101011100001101000000001110010011111110100001110010010111,116473636,0,0.032000,0.800000
116504971,82,1011000101011100000010101011100001101000000011001100111110101100011110011100110100,116473636,0,0.028000,0.700000
116504972,81,010010011000000100001010101110000110100000000111001001111111010000111110100101110,116473636,0,0.032000,0.800000
116504973,81,011010001000110100001010101110000110100000000110001001111111010000111100000101110,116503241,0,0.066667,1.000000
116504974,82,0100100110001001000010101011100001101000000001100010011111110100001111101001011101,116506694,0,0.066667,1.000000
116504975,81,001101000100011010000101010111100011010000000011001001011111000000111100000101110,116503242,0,0.100000,1.000000
116504976,82,0011010001000110100001010101110000110100000000110001011111111010000111100000101110,116503242,0,0.100000,1.000000
116504977,80,11110001000110100001010101010000110100000000110001001111111010000111001001011101,116503242,0,0.100000,1.000000
116504978,77,01011001100110000001010111110100110100000000100001001011101000101110001110110,116503242,0,0.100000,1.000000
116504979,80,10110110010001101010010101011100001101000000001100010010111110001001110001110010,116503242,0,0.100000,1.000000
116504980,73,0101001011000000101010111010011010000000010000110101111000110010100111011,116490330,0,0.040000,0.600000
116504981,79,1010110010000100000010101011100001101000000001000010010101110001100101010110011,116503242,0,0.100000,1.000000
116504982,75,101010111000000101010111000011010000000010000101101110001110010100110001111,116503242,0,0.100000,1.000000
116504983,75,111101110000001010101110000110100000000100001011011110001110011100110101111,116503242,0,0.100000,1.000000
116504984,81,001111011001011111000001010101100000110100000000100011001011111000110011100111001,116503242,0,0.100000,1.000000
116504985,79,0111100000001101000010101011100001101000000001110010011101101000110010010010111,116503242,0,0.100000,1.000000
116504986,80,01001001100010010001101010111000011010000000011001100110110101000011110100101110,116503242,0,0.100000,1.000000
116504987,79,1110100101011000000101010111000011010000000011000100101111100011000100011101100,116490330,0,0.040000,0.600000
116504988,79,0110110010001100000010101010100001101000000001101010010111000001001110001110011,116503243,0,0.200000,1.000000
116504989,74,11110111000000101010111000011010000000010000101101100001110010100110001111,116503243,0,0.160000,0.800000
116504990,75,001110101110100011010101110000010100000000101001001011111011110111001101000,116503243,0,0.200000,1.000000
116504991,82,0011010001000110100001010101110000110100000000110101001111111010000111000001011101,116503243,0,0.200000,1.000000
116504992,76,0111110010110000011010101010000110000000000110011001011111000010011100011001,116503243,0,0.200000,1.000000
116504993,80,01111010001001110000001010101110000010110000000110011101010111001110011111111101,116503243,0,0.200000,1.000000
116504994,74,01101011101001010101011100001101000000001000011010110100011101001000100111,116503243,0,0.200000,1.000000
116504995,81,011010001000110100001010101110000110100000000110001001111011010000111100000101110,116503243,0,0.200000,1.000000
116504996,79,0100100110001001000010100011100011101000000001000100111111101000011111010010111,116503243,0,0.200000,1.000000
116504997,82,1111000001000100000101010111000011010000000010001001111101011001111100110011110101,116503243,0,0.200000,1.000000
116504998,74,11110111000000101010111000011010000000010000101101110001110010100110001111,116503243,0,0.200000,1.000000
116504999,76,0111101110000001010101010000010100000000100001011011100001110011100100001111,116503243,0,0.200000,1.000000
116505000,78,110110010101100000010101011100001001000000001100010111111110001010111101110010,116503243,0,0.200000,1.000000
116505001,75,111101110000001010101110000110100000000100001011011110001110011100110001111,116503243,0,0.200000,1.000000
116505002,82,0011010001000110100001010101110000110100000000110101001111111010000111000001011101,116503243,0,0.200000,1.000000
116505003,82,1100100000100110000001010101110000110100001000100010011011010110001101011100011001,116503244,0,0.100000,1.000000
116505004,72,111101100000010101011100001101000000001000010110111000111001010001000110,116503244,0,0.100000,1.000000
116505005,73,1111011100000010101011100001101000000001000010010111100011001010011000111,116503244,0,0.100000,1.000000
116505006,80,01101000100010000001010101110000110100000000111000011111111010000111000001011101,116503244,0,0.100000,1.000000
116505007,79,1001001100010010000101010111000011010000000011100100111111101000011111010001110,116503244,0,0.100000,1.000000
116505008,80,01110100010001101000010101011100001111000000001110010011111110100001110010010111,116503244,0,0.100000,1.000000
116505009,75,010110010000100000101010111000011010000000011000100101011100011001110111001,116503244,0,0.100000,1.000000
116505010,85,0011001000001111110000010101011100001101000000001000100101101011000011010110011100111,116503244,0,0.100000,1.000000
116505011,73,1111011100000010101011100001101000000001000010010111100011001010011000111,116503244,0,0.100000,1.000000
116505012,79,0100100110001001000010101011100001101000000001100110011111110100001111010010111,116503244,0,0.100000,1.000000
116505013,72,111101100000010101011100001101000000001000010110111000111001010001000110,116503244,0,0.100000,1.000000
116505014,74,11101000011000000101010111000011010000000010000110101110000111000001110001,116503244,0,0.100000,1.000000
116505015,75,101010011000000101010111000011010000000010000110101111000111000010011000111,116503244,0,0.100000,1.000000
116505016,78,010110010001000000110101011100001101000000001100000101111000011001111111010100,116503244,0,0.100000,1.000000
116505017,77,10101100100011000001010101110000110100000000110001001010111100110011100111001,116503244,0,0.100000,1.000000
116505018,86,00110010010011111100100101010111000011010000000010001001111101011000011110110011100110,116503244,0,0.100000,1.000000
116505019,81,011010001000110100001010101110000110100000000110001001111111110000111000000101111,116503245,0,0.100000,1.000000
116505020,75,110101010000100010010101011100001101000000001100110010011100001000110111011,116496906,0,0.060000,0.600000
116505021,79,0110010010001100000010101011100001101000001001000010101111010001000111101010010,116503245,0,0.070000,0.700000
116505022,73,1101011100000101010111100011010000000010000100101111100111001010110000110,116503245,0,0.070000,0.700000
116505023,76,1110100001100000010101011100001101000000001000011010111000011100001010100011,116503245,0,0.080000,0.800000
116505024,82,1011010001000111100001010101110000111000000010110001001011111010000111100001011101,116496906,0,0.040000,0.400000
116505025,76,1111101110000001010101110000110100000000100001010011110001110011100110001111,116503245,0,0.100000,1.000000
116505026,75,101010111000000101010111000011010000000010000101101110001110010100110001111,116503245,0,0.100000,1.000000
116505027,80,01110100010001101000010101011100001101000000001100010011111110100001110010010111,116496906,0,0.060000,0.600000
116505028,78,010110000001100000110101011100001101000000001101000101111000011001111101010100,116503246,0,0.100000,1.000000
116505029,80,01110100000001101000010101011100001101000000001110010011111110100001110010110111,116503246,0,0.100000,1.000000
116505030,82,0110100010001101000010101011100001101000000001100010011111110100001110000001011100,116503246,0,0.100000,1.000000
116505031,75,100000100011010000101010111000011010000000010000100011111000110111000111001,116465090,0,0.040000,0.800000
116505032,77,10101100100011000001010101110000110100000000110001001010111100110011100111001,116503246,0,0.100000,1.000000
116505033,81,110111010001000100100001011101110100110100000010100010011101100001001110010000011,116503249,0,0.060000,0.600000
116505034,77,01011001100110000001010101110000110100000000100001001011101000101110001110110,116503246,0,0.100000,1.000000
116505035,77,10010010101000000101010111000011010100000010000100101111100011001100111100100,116503246,0,0.100000,1.000000
116505036,83,01011010000000110100011010101110000110100000000110001001101111000000011100100101110,116503246,0,0.100000,1.000000
116505037,70,1010111010000111010111000011010000000011000010101111010110010100111111,116503246,0,0.100000,1.000000
116505038,77,01011001100110000001010101110000110100000000100001001011001000101110001110110,116465090,0,0.040000,0.800000
116505039,74,10101001100000010101011100001101000000001000011010111101011100001001100011,116503247,0,0.066667,1.000000
116505040,80,01101000100011000001010111110000110100000000111000001111111010000111000001011101,116488553,0,0.053333,0.800000
116505041,79,1101100101011000000101010111000011010000000011000000101111100011001101011100110,116488553,0,0.066667,1.000000
116505042,79,0110101010001101000010001011100001101000100001100100111110011000111110010110111,116503247,0,0.033333,0.700000
116505043,76,0110100001100000010101011100001101000000001000011010111100011100001001100011,116488553,0,0.066667,1.000000
116505044,75,101010011000000101010111000011010000000010000110101111000101000010011000111,116495375,0,0.066667,0.600000
116505045,83,01011010000000110100001010101110000110100000000110001001101111000000011100100101110,116503247,0,0.066667,1.000000
116505046,75,110100001100000010101011100001101000000001000011010011100011100001001110011,116488553,0,0.066667,1.000000
116505047,76,1111101110000001010101110000110100000000100001010011110001110011100110001111,116488553,0,0.066667,1.000000
116505048,78,111110000000110100001010101110000110100000000111001001110110100001101101001011,116488553,0,0.066667,1.000000
116505049,76,1110100001100000010101011100001101000000001000011010111000011100001010100011,116503247,0,0.040000,1.000000
116505050,79,0111100000001101000010101011100001101000000001110010111101101000011010010010111,116495375,0,0.066667,0.600000
116505051,75,001100110011000000101010111000011010000000010000100101110100010111000111010,116495375,0,0.040000,0.600000
116505052,80,10101100100000000000101010111000010010000000010000100101011100011001110011100111,116503248,0,0.100000,1.000000
116505053,82,1011010001000111100001010101110000110100000010110001001011111010000111100001011101,116503248,0,0.100000,1.000000
116505054,80,01111010001000110000001010111110000110100000000110011001011111001110011111111001,116503248,0,0.100000,1.000000
116505055,79,1101100101011000000101010111000011010000000011000000101111100011001101011100110,116503248,0,0.100000,1.000000
116505056,78,111010010101100000010101011100001101000000001100010010111110001100100011101100,116465090,0,0.040000,0.800000
116505057,76,1101100101010000010101010111000011010000000011000101111111000101011110111001,116465090,0,0.035000,0.700000
116505058,75,001101111011000010101011100001101000000001000011010110100011001001001100111,116503249,0,0.100000,1.000000
116505059,74,11010111000001010101111000110100000000100001001011111001110010101100001100,116503249,0,0.100000,1.000000
116505060,79,0011000010011000000101010111000011010000000010001011011010110101101001100111001,116503249,0,0.100000,1.000000
116505061,77,11010001000110100001010101110000110100000000100001001011111000110111000111001,116503249,0,0.100000,1.000000
116505062,78,010001001010110000001010101110000110100000001100010010101110001000111001110001,116503249,0,0.100000,1.000000
116505063,78,010001001010110000001010101110000110100000001100010010101110001000111001110001,116465090,0,0.035000,0.700000
116505064,79,0011000010011000000101010111000011010000000010001011011010110101101001100111001,116465090,0,0.040000,0.800000
116505065,79,0011000010011000000101010111000011010000000010001011011010110101101001100111001,116465090,0,0.040000,0.800000
116505066,79,1101011101110100001010101100001110100000000101001100011100010110010100110101100,116503249,0,0.100000,1.000000
116505067,77,11010001000110100001010101110000110100000000100001001011111000110111000111001,116503249,0,0.100000,1.000000
116505068,77,11010001000110100001010101110000110100000000100001001011111000110111000111001,116503249,0,0.100000,1.000000
116505069,70,0101011101000010001011100001101000000011000010101111000110001100111111,116503249,0,0.100000,1.000000
116505070,86,00110010010011111100100101010111000011010000000010001001111101011000011110110011100110,116503250,0,0.040000,1.000000
116505071,83,01011010000000110100001010101110000110100000000110001001111111000000011100100101110,116503250,0,0.040000,1.000000
116505072,86,00110010010011111100100101010111000011010000000010001001111101011000011110110011100110,116503250,0,0.040000,1.000000
116505073,80,01101000100001010000101010111000011010000000011001001011111000000110100100101110,116503250,0,0.040000,1.000000
116505074,80,01111010001001110000001010101110000110100000000110011001011111001010011111111001,116503250,0,0.040000,1.000000
116505075,78,010011001000110100001010101110000110100000001100010010011110011000111001110011,116503250,0,0.040000,1.000000
116505076,86,00110000000011111100000101010111000011010000000010001001111101011000011110110011100110,116503250,0,0.040000,1.000000
116505077,78,010011001000110100001010101110000110100000001100010010011110011000111001110011,116503250,0,0.040000,1.000000
116505078,86,00110000000011111100000101010111000011010000000010001001111101011000011110110011100110,116503250,0,0.040000,1.000000
116505079,78,111011001000110000001010101110000110100000000100001001001101000100111000111001,116503250,0,0.040000,1.000000
116505080,80,01101000100011010000100010111000011010000001011001001011111000000111100100101110,116503251,0,0.100000,1.000000
116505081,82,0111100010001101000010111011100001111000000001100010011111110000001111001001011001,116503251,0,0.100000,1.000000
116505082,83,11001000001011110000110101010100001101000000001000100110110101100011011011000110010,116488557,0,0.040000,0.600000
116505083,79,0100100110001001000011101011100001101000000001100110011011110100001111010010111,116503251,0,0.100000,1.000000
116505084,75,101110111000000101010111000011010000000010000101101110001110010100110001111,116503251,0,0.100000,1.000000
116505085,83,11001000001011110000110101010100001101000000001000100110110101100011011011000110010,116503251,0,0.100000,1.000000
116505086,75,101110111000000101010111000011010000000010000101101110001110010100110001111,116503251,0,0.100000,1.000000
116505087,76,1110100001100000010101011100001101000000001000011010111000011100001010100011,116488557,0,0.040000,0.600000
116505088,82,0111100010001101000010101011100001101000000001100010011111110100001110001001011101,116503251,0,0.100000,1.000000
116505089,76,1011110010110000001010101110000110100000001100110010111110000100110000110010,116503251,0,0.100000,1.000000
116505090,81,011010000000110100001010101111000110100000000110001001111111010000111000001011101,116503251,0,0.100000,1.000000
116505091,78,110111010001100000010101011100001101000000001100010101111110001000111101110010,116503251,0,0.100000,1.000000
116505092,72,110101110100001010101110000110100000000110000101001110001100111001111010,116503252,0,0.066667,1.000000
116505093,75,101010011000000101010111000011010000000010000110101111000111000011111000111,116503252,0,0.066667,1.000000
116505094,82,1101110100010001001001010101011100001101000000001000100111011000000011100100000111,116503252,0,0.066667,1.000000
116505095,72,110101110100001010101110000110100000000110000101001110001100111001111010,116503252,0,0.066667,1.000000
116505096,78,011111001011000000101010111000011010000000010001100101111100001001100001100100,116503252,0,0.066667,1.000000
116505097,82,0001010001000110100001010101110000110100000000110001001111111010000111100100101110,116503252,0,0.066667,1.000000
116505098,80,11100100101011000000101010111000011010000000011000100101111100011000100011100100,116503252,0,0.066667,1.000000
116505099,80,01111010001000110000001010101110000110100000000100011001011111001110011111111001,116503252,0,0.066667,1.000000
116505100,82,1101110100010001001001010101011100001101000000001000100111011000000011100100000111,116503252,0,0.066667,1.000000
116505101,82,0001010001000110100001010101110000110100000000110001001111111010000111100100101110,116503252,0,0.066667,1.000000
116505102,82,1101110100010001001001010101011100001101000000001000100111011000000011100100000111,116503252,0,0.066667,1.000000
116505103,80,01111010001000110000001010101110000110100000000100011001011111001110011111111001,116503252,0,0.066667,1.000000
116505104,81,011010001000110100001010101110000110110000000110000001111111010000111101000101110,116503252,0,0.066667,1.000000
116505105,82,1101110100010001001001010101011100001101000000001000100111011000000011100100000111,116503252,0,0.066667,1.000000
116505106,82,1101110100010001001001010101011100001101000000001000100111011000000011100100000111,116503252,0,0.066667,1.000000
116505107,78,011111001011000000101010111000011010000000010001100101111100001001100001100100,116503252,0,0.066667,1.000000
116505108,84,101011010001001010100001010101110000111100000000110001001111111100100111000100101110,116503253,0,0.066667,1.000000
116505109,77,11010001000110100001010101110000110100010000100001001011111000110111000111001,116503253,0,0.066667,1.000000
116505110,79,1101100101011000000101010111000011010000000011000000101111100011101101011100110,116480035,0,0.050000,1.000000
116505111,79,0111100000001101000010101011100001101000000001110010011101101000011010010010111,116503253,0,0.032000,1.000000
116505112,73,1111011100000010101011100001101000000001100010110111000111001010011000111,116496905,0,0.050000,1.000000
116505113,77,11010001000100100001010101110000110100010000100001001011111000110111000111001,116486634,0,0.028000,0.700000
116505114,79,0100100110001001000011101011100001101000000001100110011011110100001111000010111,116503253,0,0.066667,1.000000
116505115,77,11010001000110100001010101110000110100010000100001001011111000110111000111001,116503253,0,0.066667,1.000000
116505116,77,01011001100110000001010001110100110100000000100001001011101000101110001110110,116503253,0,0.066667,1.000000
116505136,81,011010001000110101001010101110000110100000000110001001111111010000111000001101110,116459871,0,0.100000,1.000000
116505137,79,1101101101011000000101010111000011010000000011000000101111100011001101011100110,116459871,0,0.100000,1.000000
116505138,82,0110101010001001000010101011100001101000100001101010011111010100011011001001011101,116459871,0,0.100000,1.000000
116505139,77,01011001000100000011010101110000110100000000110000010111100101100111111101010,116459872,0,0.066667,1.000000
116505140,80,01110100010001101000010101011100001111000000001110010011111110100001110010010111,116459872,0,0.066667,1.000000
116505141,70,0101011000000101010111000011010000000010000110101101000110010000110001,116461655,0,0.100000,1.000000
116505142,79,0110100010001101000010101011100001101000000001100010011111110100011100010010111,116461655,0,0.100000,1.000000
116505143,80,10110101000001101000010101011100001101000100001100100111110011000111110010110111,116461655,0,0.100000,1.000000
116505144,70,0101011000000101010111000111010000000110000110101101000110010000110001,116498406,0,0.060000,0.600000
116505145,77,11010001010110100001010101110000110100000000100001001011111000110111000111001,116498406,0,0.080000,0.800000
116505146,82,0011010001000110100001010101110000110100000000110001001111111010000111100100101110,116498406,0,0.080000,0.800000
116505147,80,01110100010001101000010101011100001101000000001100010011111110100001110010010111,116498406,0,0.080000,0.800000
116505148,77,10101100100011000001010101110000110100000000110001001010111100110011100111001,116461655,0,0.100000,1.000000
116505152,80,01001001100010010001101010111000011010000000011001100110111101000011010100101110,116461673,0,0.100000,1.000000
116505153,77,11110100101100000010101011100001101000000001000010010111000011100001011101011,116461673,0,0.100000,1.000000
116505154,82,1001000001001100000010101011100001101000000001000100111110101001011010011001110011,116488541,0,0.100000,0.800000
116505155,74,10101001100000010101011100001101000000001000011010111101011100001001101011,116488541,0,0.100000,0.800000
116505156,79,0011000010011000000101010111000011010000000010001011011010110101101000100110001,116461673,0,0.100000,1.000000
116505157,79,1101011100011000000101010111000011010000000011000000111111100011001100011000110,116461673,0,0.100000,1.000000
116505158,75,001101011101000010101011100001101000000001000011011110100011101001001100111,116461673,0,0.100000,1.000000
116505159,82,1001000001001100000010101011100001101000000001000100111110101001011010011001110011,116461673,0,0.100000,1.000000
116505160,78,010011001000110000001010101110000110100000001100010010111110001000111001110011,116461673,0,0.100000,1.000000
116505161,87,001100100100111111001001010101110000110100000000100010011111010110000111101100111001101,116488541,0,0.100000,0.700000
116505162,76,1011010111000001010101111000110100000000100001001011101001110010101100001100,116461673,0,0.100000,1.000000
116505163,77,10101100100011000001010101110000110100000000110001001010111100110011100111001,116488541,0,0.100000,0.800000
116505164,84,010110100000001101000010101011100001101000000001100010011111110000000111001001011101,116461673,0,0.100000,1.000000
116505165,77,01111101110000001010101110010110100000000100001011011110001110010100110101111,116461673,0,0.100000,1.000000
116505166,77,11111011100000010101011100001101000000001010010110111100011100101001101011111,116461673,0,0.100000,1.000000
116505167,74,11110111000000111010111000011010000001010010101101111000010001100110001111,116461673,0,0.100000,1.000000
116505168,79,1101011100011000000101010111000011010000000011000000111111100011001100011001110,116461673,0,0.100000,1.000000
116505169,80,01001001100010010001101010111000011010000000011001100110111101000011010100101110,116461673,0,0.100000,1.000000
116505170,87,011101111010000001000010101111100001101000000001101111010110101011000110011100011111000,116461673,0,0.100000,1.000000
116505171,83,01011010000000110100001010101110000110100000000110001001111111000000011100100101110,116461673,0,0.100000,1.000000
116505172,75,001101011101000010101011100001101000000001000011011110100011101001001100111,116461673,0,0.100000,1.000000
116505173,83,11001000001011110000110101011100001101000000001000100110110101100011011011000110010,116503249,0,0.070000,0.700000
116505174,82,0110110011001101000110101011100001101000000001110010011111111100001100000010111010,116503249,0,0.070000,0.700000
116505175,79,1101101101011000000101010111000011010000000011000000101111100011001101011100110,116465090,0,0.050000,1.000000
116505176,75,110101111000001010101110010110100000000100001001011110001110010100110001111,116503246,0,0.070000,0.700000
116505177,81,110010000010111000001101010111000011010000000010001001101101011000110101100011001,116465090,0,0.050000,1.000000
116505178,76,1110100001100000010101011100001101000000001000011010111000011100001011100111,116465090,0,0.050000,1.000000
116505179,82,0110100011001101000110101011100011101000000001110010011111111100001100000010111010,116465090,0,0.050000,1.000000
116505180,79,1101100101011000000101010111000011010000000011000000101111100011001101011100110,116465090,0,0.050000,1.000000
116505181,81,011010001000111100001011101110000111100000000110001001111111010000111100001011001,116465090,0,0.050000,1.000000
116505182,83,01101110100010001001000010101011100001101000000001000100111011000000011100100000111,116505118,0,0.066667,0.700000
116505183,78,010110010001000000110101011100001101000000001100000101111000011001111111010100,116505118,0,0.066667,0.600000
116505184,77,01011000101000000010101011100101101000000001100011010100110001100111011100010,116465100,0,0.066667,1.000000
116505185,66,010111001001010101110000110100000000110001101010100011001110011110,116465100,0,0.066667,1.000000
116505186,82,0110100010101101000010101011100001101000000001100110011111110100001111000001001100,116465100,0,0.066667,1.000000
116505192,72,110101110100001010101110000110100000000110000101001110101100111001111010,116486628,0,0.060000,0.600000
116505193,77,01011001100110000001010101110000110100000000100001001011101000101110001110110,116486628,0,0.060000,0.600000
116505194,78,111010010101100000010101011100001101000000001100010010111110001100100011101100,116466864,0,0.100000,1.000000
116505195,77,10101100100011000001010101110000110100000000110001001010111100110011100111001,116466865,0,0.050000,1.000000
116505196,82,0011010001100110100001010101110100110100000001100010011111110100001110101010101010,116466865,0,0.050000,1.000000
116505197,82,1101110100010001001000010101011100001101000010001000100111011000000011110100000111,116466865,0,0.050000,1.000000
116505198,75,111101001100000010101011100001111000000001000011010111000011100011001100011,116466865,0,0.050000,1.000000
116505202,79,0100100110001001000011101011100001101000000001100110011011110100001111000010111,116466868,0,0.200000,1.000000
116505203,78,110111010001100000010101011100001101000000001100010101111110001000111101110010,116508490,0,0.200000,0.800000
116505204,82,1100100000100110000001010101110000110100001000100010011011010110001101011100011001,116468449,0,0.200000,1.000000
116505205,77,01011000000100000011010101110000110100000000110000010111100101100111111101010,116468449,0,0.200000,1.000000
116505206,82,0110101010001101000010101011100001101000100001100100111110101000111110010010111110,116468450,0,0.200000,1.000000
116505207,79,0100100110001001000010101011100001101000000001100110011111110100001111000010111,116468450,0,0.200000,1.000000
116505208,80,01101000100010000001010101110000110100000000111000001111111010000111000001011101,116468450,0,0.200000,1.000000
116505209,80,01111011001011111000001010101100000110100000000100011001011111000110011100111001,116468450,0,0.200000,1.000000
116505210,82,0111100010001101000010111011100001101000000001100010011111110100001111001001011101,116468454,0,0.066667,1.000000
116505211,75,101010111000000101010111000011010000000010000101101110001110010100110001111,116468454,0,0.066667,1.000000
116505212,82,0010010001000111111001010111110000110100000000111001001111111010000110000001011101,116468456,0,0.066667,1.000000
116505213,82,1001000001001100000010101011100001101000000001000100110100101001011010011001110011,116468456,0,0.066667,1.000000
116505214,76,0110100001100000010101011100001101000000001000011010111100011100001001100011,116468456,0,0.066667,1.000000
116505215,74,11010011000001010101111000110100000000100001001011111001110010101000001100,116468456,0,0.066667,1.000000
116505216,80,01101000100011000001010101110000110100000000111000001111111010000111000001011101,116468457,0,0.200000,1.000000
116505217,74,10101001000000010111011100001101000000001000011010111101011000001001100011,116468457,0,0.200000,1.000000
116505218,75,101010111000000101010111000011010000000010000101101110001110010100110001111,116468457,0,0.200000,1.000000
116505219,82,1011010001000110100001010101110000110100000000110001001111111010000011100000101110,116506690,0,0.046667,0.700000
116505221,75,011011010100000010101011100001010000000011000000101111100011001101011100110,116508491,0,0.033333,0.500000
116505222,75,011011010100000010101011100001010000000011000000101111100011001101011100110,116468461,0,0.033333,1.000000
116505223,77,10110100001100000010101011100001101000000001000011010111100011100001001100011,116468463,0,0.100000,1.000000
116505224,80,01110100010001101000010101011100001101000000001100010011111110100001110010010111,116468463,0,0.100000,1.000000
116505225,82,0110101010001001000010101011100001101000100001101010011111010100011011001001011101,116470078,0,0.066667,1.000000
116505226,74,00111010111010001101010111000011010000000010100100101111101111011000110100,116476972,0,0.100000,0.800000
116505227,80,01101000100001010000101010111100011010000000011001001111111000000111100100001110,116470081,0,0.100000,1.000000
116505228,79,1101100101011000000101010111000011010000000011000000101111100011001101011100110,116470081,0,0.100000,1.000000
116505229,74,11111011100000010101011100001101000000001000010110111000111001010011000111,116470081,0,0.100000,1.000000
116505230,77,10010011000100100001010101110000110100000000111010011111110100001111101000111,116470081,0,0.100000,1.000000
116505231,80,01101000100001010000101010111100011010000000011001001111111000000111100100001110,116470081,0,0.100000,1.000000
116505232,75,010101001100000010101011100001101000000001000011010111101011100001001101011,116470081,0,0.100000,1.000000
116505233,73,1011001100110000001010101110000110100000010100001001011101000101110001101,116470083,0,0.100000,1.000000
116505234,78,110111010001100000010101011100001101000000001100010101111110001000111101110010,116508492,0,0.200000,1.000000
116505235,79,1100100101011000000101010111000011010000000011000110101111100011000100011100100,116470084,0,0.200000,1.000000
116505236,77,01011001000100000011010101110000110100000000110000010111100101100111111101010,116470084,0,0.200000,1.000000
116505237,75,101100110011000000101010111000011010000001010000100101110100010111000111011,116508492,0,0.200000,0.800000
116505238,77,01011001000100000011010101110000110100000000110000010111100101100111111101010,116470084,0,0.200000,1.000000
116505239,78,100101110100010000001010101110000110100000000110011001011111000010011000011001,116470084,0,0.200000,1.000000
116505240,75,101010011000000101010111000011010000000010000110101111000111000010011000111,116470086,0,0.050000,1.000000
116505241,80,11100100101011000000101010111000011010000000011000100101111100011000100011100100,116470086,0,0.050000,1.000000
116505242,80,01111010001001110000001010101110000110100000000110011001011111001010011111111001,116470086,0,0.050000,1.000000
116505243,80,11100100101011000000101010111000011010000000011000100101111100011000100011100100,116470086,0,0.050000,1.000000
116505244,78,011010011000110100001010101110000110100000000100001001011111000110111100111001,116470086,0,0.050000,1.000000
116505245,82,1101110000010001001000010101011100101101000000001000100111011000000011100100000111,116470086,0,0.050000,1.000000
116505246,74,10101001100000010001011100001101000000001000011010111100011100001001100011,116470086,0,0.050000,1.000000
116505247,76,1110100001100000010101011100001101000000001000011010111000011100001001100011,116470086,0,0.050000,1.000000
116505248,77,11110100001100000010101011100001101000000001000011010111000011100001011100011,116470086,0,0.050000,1.000000
116505249,81,010010011000100100001010101110000110100000000111001001111111010000111110100101110,116470086,0,0.050000,1.000000
116505250,78,011010011000110100001010101110000110100000000100001001011111000110111100111001,116478442,0,0.050000,0.800000
116505251,82,0110100011001101000110101011100011101000000001110010011111111100001100000010111010,116470087,0,0.200000,1.000000
116505252,76,1110100001100000010101011100001101000000001000011010111000011100001011100111,116470087,0,0.200000,1.000000
116505253,82,0110100010001101000010101011100001101000000001100010011111110000001110000010111011,116506691,0,0.040000,0.400000
116505254,78,001011000101000000010101011100001101000000001100010010101110011100110011100010,116470090,0,0.100000,1.000000
116505255,76,1111101110000001010101110000110100000000100001011011110001110010100110101111,116470092,0,0.066667,1.000000
116505256,79,1101011100011000000101010111000011010000010011000000111111100011001100011000111,116470092,0,0.066667,1.000000
116505257,78,111110000000110100001010101110000110100000000111001001110110100001101101001011,116506692,0,0.070000,0.700000
116505258,79,1010110010000100000010101011100001101000000001000010010101110001100111001110011,116506692,0,0.070000,0.700000
116505259,81,011010001000110100001010101110000110100000000110001001101111010000111000001011101,116470092,0,0.066667,1.000000
116505260,75,101010011000000101010111000011010000000010000110101111000011000010011000111,116470092,0,0.066667,1.000000
116505261,79,1101011100011000000101010111000011010000000011000000111111100011001100011000110,116470092,0,0.066667,1.000000
116505262,81,011010101000110100001010101110000110100000100110001001110111010000111101000101110,116470092,0,0.066667,1.000000
116505263,83,01011010000000110100001010101110000110100000000110001001111111000000011100100101110,116470092,0,0.066667,1.000000
116505264,81,011010101000110100001010101110000110100000100110001001110111010000111101000101110,116470092,0,0.066667,1.000000
116505265,73,1010000110000001010101110000110100000000100001001011110011100001001100011,116488558,0,0.016000,0.400000
116505266,81,011010001000110100001010101110000110100000000110001001111111010000111000000101110,116488558,0,0.016000,0.400000
116505267,80,11100100101011000000101010111000011010000000011000100101111100011000100011100100,116488551,0,0.024000,0.600000
116505268,75,001001011101000010101011100001101000000001000011010110100011101001101000111,116486645,0,0.016000,0.800000
116505269,75,101110111000000101010111000011010000000010000101101110001110010101110001111,116488558,0,0.016000,0.400000
116505270,75,101110111000000101000111000011010000000010000101101110001110010100110001111,116471674,0,0.100000,1.000000
116505271,82,0110101010001000000010101011100001101000100001101010011111010100011011001001011101,116471682,0,0.100000,1.000000
116505272,84,111011000101011100000010101011100011101000000001000100111110100100011110011001110010,116471682,0,0.100000,1.000000
116505273,78,010011001000110100001010101110000110100000001100010010111110011000111001110011,116481615,0,0.035000,0.700000
116505274,78,011111001011000000101010111000011010000000010001100101111100001001100001100100,116481615,0,0.040000,0.800000
116505275,72,110101110100001010101110000110100000000110000101001110001100111001111010,116471684,0,0.066667,1.000000
116505276,82,1101110100010001000001010101011100001101000000001000100111011000000011100100000111,116471684,0,0.066667,1.000000
116505277,78,011111001011000000101010111000011010000000010001100101111100001001100001100100,116481615,0,0.040000,0.800000
116505278,82,1101110100010001001001010101011100001101000000001000100111011000000011100100000111,116471684,0,0.066667,1.000000
116505279,77,10010010101000000101010111000010110100000010000100101111100011001100111100100,116471684,0,0.066667,1.000000
116505280,81,001101000100011000000101010111000011010000100011000100111111100010001001011100010,116471684,0,0.066667,1.000000
116505281,78,011111001011000000101000111000011010000000010001100101111100001001100001100100,116471684,0,0.066667,1.000000
116505282,78,011111001011000000101000111000011010000000010001100101111100001001100001100100,116471684,0,0.066667,1.000000
116505283,77,01111100101100000010101011100001101000000001100110010111110000100110000110010,116471684,0,0.066667,1.000000
116505284,82,1101110100010001001001010101011100001101000000001000100111011000000011100100000111,116471684,0,0.066667,1.000000
116505285,75,101100110011000000101010011000011010000001010000100101110100010111000111001,116471687,0,0.066667,1.000000
116505286,82,1001000001001100000010101011100001101000000001000100111110101001011010011001110011,116471687,0,0.066667,1.000000
116505287,77,01011000101000000010111011100001101001000001101010010111110001100111011100001,116481610,0,0.035000,0.700000
116505288,75,001101011101000010101011100001101000000001000011011110100011101001001100101,116471687,0,0.066667,1.000000
116505289,82,1101110100010001001000010101011100001101000000001000100111011000000011100100000111,116471687,0,0.066667,1.000000
116505290,75,111100000110000001010101110001110100000000100001101011101001110000101110001,116481610,0,0.040000,0.800000
116505291,73,0111011011000000101010111000110100000000100101101001111001100100110110001,116471687,0,0.000000,0.000000
116505292,81,011010101000110110001010101110000110100010000110010011111010100011111001001011111,116478442,0,0.050000,0.600000
116505293,78,010011001000110100001010101110000110100000001100010010111110011000111001110011,116471689,0,0.200000,1.000000
116505294,81,011010001000110100001010101110000110100000000110001001111111010000111100000101110,116471689,0,0.200000,1.000000
116505295,75,101010011000000101010111000011010000100010000110101111000111000010011000111,116471693,0,0.066667,1.000000
116505296,81,011010001000110100001010101110000110100000000110001001111111000000111101000101110,116471693,0,0.066667,1.000000
116505297,81,011010001000110101001010101110000110100000000110001001111111010000111000000101110,116471694,0,0.100000,1.000000
116505298,83,11011000101011100000110101011100001101000000001001100111110101100011110011000110010,116471700,0,0.050000,1.000000
116505299,77,11010001000110100001010101110000110100000000100001001011111000110111000111001,116471700,0,0.050000,1.000000
116505300,70,0101011000000101010111000011010000000010000110101101000110010000110001,116471700,0,0.050000,1.000000
116505301,78,001111100010110010001010101110000110100000000110011001011111000011011000111001,116471700,0,0.050000,1.000000
116505302,87,100110010000011111100000101010111000011010000000010001001111101011000011110110011100110,116471700,0,0.050000,1.000000
116505303,79,1100100101011000000101010111000011010000000011000110101111100011000100011100100,116471700,0,0.050000,1.000000
116505304,78,110110010101000001010101011100001101000000001100010111111110001010111101110010,116473635,0,0.066667,1.000000
116505305,76,1110100001100000010101011100001101000000001000011010111000011100001011100111,116473635,0,0.066667,1.000000
116505306,86,01110111101000000100001010101110000110100000000110111101011010101100011001110001111100,116473636,0,0.040000,1.000000
116505307,82,0011010001000110100001010101110000110100000000110001011111111010000111100000101110,116503241,0,0.040000,0.800000
116505308,80,01101000100011010000101010111000011010000000011001001011111000000111100100101110,116473636,0,0.040000,1.000000
116505309,84,111001000001011100000110101011100001101000000001000100111111101100011010011000110010,116473639,0,0.200000,1.000000
116505311,81,011110100010001100000010101011100001101000000101100110010111110011100111111110011,116473641,0,0.200000,1.000000
116505312,86,01110111101000000100001010101110000110100000000110111101001010101100011001110001111100,116473641,0,0.200000,1.000000
116505313,76,0110100001100000010101011100001101000000001000011010111100011100001001100011,116473643,0,0.100000,1.000000
116505314,81,010010011000100100001010101110000110100000000110001001111111010000111110100101110,116473643,0,0.100000,1.000000
116505315,78,010011001000110000001010101110000110100000001100010010111110001000111001110011,116473643,0,0.100000,1.000000
116505316,83,11001000001011100000110101011100011101000000001000100110110101100011011011000110010,116473643,0,0.100000,1.000000
116505317,83,11001000001011100000110101011100011101000000001000100110110101100011011011000110010,116473643,0,0.100000,1.000000
116505318,75,110101010010100010010101011100001101000000001100110010011100001000100111011,116473643,0,0.100000,1.000000
116505319,73,1111011100000010101011100001101000000001100010110111000111001010011000111,116473643,0,0.100000,1.000000
116505320,78,111101100101111100000101101100000110100000000100011001011111000110011100111001,116473643,0,0.100000,1.000000
116505321,74,00011010111010001111010111000011010001000010000100101111001101011100110000,116473643,0,0.100000,1.000000
116505322,80,01101100100011000000101000101000011010001100011010100101110100010011100011100110,116473643,0,0.100000,1.000000
116505323,81,011010001000110100001010101110000110100000000110001001111111010000111100000101110,116505120,0,0.040000,0.800000
116505324,77,11010001000110100001010101110000110100010000100001001011111000110111000111001,116473643,0,0.100000,1.000000
116505325,75,110100001100000010101011100001101000000001000011010011100011100001001100011,116505120,0,0.040000,0.800000
116505326,81,011010001000110100001010101110000110100000000110001001111111010000111000000101111,116473643,0,0.100000,1.000000
116505327,74,10101001100000010100011100001101000000001000011010111101011100001001100011,116505120,0,0.035000,0.700000
116505329,74,10101001100000010101111100001101000000001000011010111100011001010011000101,116475175,0,0.200000,1.000000
116505330,81,011010001000110100001010101110000110100000000110001001111111010000111100000101110,116475180,0,0.200000,1.000000
116505331,76,1111011100000010101011100001101001000001000011110111100011100111001100111111,116475180,0,0.200000,1.000000
116505332,78,011011001000110000101010101110010110110000000110101001011101000000111000111001,116475180,0,0.200000,1.000000
116505343,78,010110001010000001101010111000011010010000011010100101111100001001110111000010,116480035,0,0.066667,0.700000
116505344,73,1111011100000010101011100001101000000001000010110111000111001010011000111,116475183,0,0.066667,1.000000
116505345,81,011010001000110100001010101110000110100000000110001001111111010000111100000101110,116490326,0,0.100000,0.800000
116505346,75,010110010000100000101010111000011010000000011000100101011100011001110111001,116475187,0,0.033333,1.000000
116505347,79,0000100110001001000010101011100001101000000001100110011111110100001111010010111,116475187,0,0.033333,1.000000
116505348,82,0011010001000110100011010101110000110100000000110101001111111010000111000001011101,116475187,0,0.033333,1.000000
116505349,75,101010011010000101010111000011010000000010000110101111000111000010011000111,116476971,0,0.100000,1.000000
116505350,80,00111011001011111000000010101100000110100000000100011001011111000110011100111001,116476973,0,0.100000,0.500000
116505351,82,0011010001000110100001010101110000100100000000110001001111111010000111100100101110,116476973,0,0.100000,0.600000
116505352,76,1110100001100000010101011100001101000000001000011010111000011100001010100011,116476972,0,0.100000,1.000000
116505353,76,1111110010110000001010101110000110100000001100110010111110000100110000110010,116470079,0,0.053333,0.800000
116505354,73,1101011100000101010111000011010000000010000100101111000111001000010000010,116470079,0,0.066667,1.000000
116505355,75,001101011101000010101011100001101010000001000011010110100011101001001100111,116476972,0,0.066667,0.800000
116505356,75,101010011000000101010111000011010000000010000110101111000111000010011000111,116476973,0,0.066667,1.000000
116505357,81,111010001000110100001010101110000110100010000110001001111111010000111100000101110,116470079,0,0.066667,0.800000
116505358,73,1010000110000001010101110000110100000000100001001011110011100001001100011,116476973,0,0.066667,1.000000
116505359,80,10101100100001000000101010111000011010000000010000100101011100011001110011100110,116470079,0,0.066667,1.000000
116505360,81,011010001000110100001010101110000110100010000110001001111111010000111000000101110,116476974,0,0.050000,1.000000
116505361,83,01011010001000110110001010101110000110110000000110001001111111010000111100100101110,116508508,0,0.040000,0.600000
116505362,77,11010001000110100001010101110000110100010000100001001011111000110111000111001,116476974,0,0.050000,1.000000
116505363,74,00011010111010001111010111000011010001000010000100101111001101011100110000,116476976,0,0.050000,1.000000
116505364,83,01011010001000110100001010101110000110100000000110001001111111000000111100100101110,116481610,0,0.050000,1.000000
116505365,79,0101100010100000001000101110010110100000000110000101011111000110011101110001010,116476982,0,0.100000,1.000000
116505366,77,10101100100011100001010101110000110100000000110001001010111100110011100111001,116476982,0,0.100000,1.000000
116505367,83,01111000100011010000101010111000011010000000011000100111111101000011110010010111010,116476982,0,0.100000,1.000000
116505368,73,1111011100000010101011100001101000000001000010110111000111001010011000111,116476982,0,0.100000,1.000000
116505369,74,11110111000000101010111000011010000000010001011011110001110010100110011111,116476982,0,0.100000,1.000000
116505370,77,11010001000110100001010101110000110100000000100001001011111000110111000111001,116476982,0,0.100000,1.000000
116505371,76,1111101110000001010101110000110100000000100001010011110001110011100110001111,116503236,0,0.100000,1.000000
116505372,80,10110101000001101000010101011100001101000100001100100111110011000111110010110111,116503236,0,0.080000,0.800000
116505373,83,11001000001011100000110101011100001101010000001000100110110101100011011011000110010,116476982,0,0.100000,1.000000
116505374,77,11010001000110100001010101110000110100000000100001001011111000110111000111001,116476982,0,0.100000,1.000000
116505375,80,01101000100011000001010101110000110100000000111000001111111010000111000001011101,116492282,0,0.053333,0.800000
116505376,76,1110100001100000010101011100001101000000000000011010111000111100001011100011,116492282,0,0.046667,0.700000
116505377,78,001111100010110010001010101110000110100000000110011001011111000011011000111001,116476985,0,0.100000,1.000000
116505378,80,01101000100001010000101010111000011010000000011001001011111000000111100100101110,116476987,0,0.100000,1.000000
116505379,82,0011010001000110100011010101110000110100000000110101001111111010000111000001011101,116476987,0,0.100000,1.000000
116505380,74,11010111000001010101111000110100000000100001001011111001110010101100001100,116476971,0,0.080000,0.800000
116505381,81,010010011000100100001010101110000110100000000111001001111111010000111110100101110,116476987,0,0.100000,1.000000
116505382,87,100110010000011111110010101010111000011010000000010001001111101011000011110110011100110,116476971,0,0.080000,0.800000
116505383,75,101110110110000001010101110000110100000000100101101001111001100100110110001,116476971,0,0.100000,1.000000
116505384,77,11010001000100100001010101110000110100010000101001001011111000110111000111001,116476987,0,0.100000,1.000000
116505385,80,10101100100001000000101010111000011010001000010000100101011100011001110011100111,116476987,0,0.100000,1.000000
116505386,80,10110101000001101000010101011100001101000100001100100111110011000111110010110111,116476987,0,0.100000,1.000000
116505387,82,0011010001000110100011010101110000110100000000110101001111111010000111000001011101,116476987,0,0.100000,1.000000
116505388,80,01101000100001010000101010111000011010000000011001001011111000000111100100101110,116476987,0,0.100000,1.000000
116505389,78,111010010101100000010101011100001101000000001100010010111110001100100011101100,116476987,0,0.100000,1.000000
116505390,78,010001001010110000001010101110000110100000001100010010101110001000111001110001,116476987,0,0.100000,1.000000
116505391,78,010001001010110000001010101110000110100000001100010010101110001000111001110001,116476971,0,0.080000,0.800000
116505392,80,01101000100011010000101010111000011010000000011001001011111000000111100100101110,116476971,0,0.100000,1.000000
116505393,74,10101001100000010101011100001101000000001000011010111101011100001001100111,116476971,0,0.100000,1.000000
116505394,81,011010001000110100001010101110000110100000000110001001111111010000111000001011101,116478433,0,0.066667,1.000000
116505395,78,001011000101000000010101011100001101000000001100010010111110011100111011100010,116478433,0,0.066667,1.000000
116505396,80,01101000100011000001010101110000110100000000111000001111111010000011000001011101,116478433,0,0.066667,1.000000
116505401,77,11111011100000010101011100001101000000001000010110111100011100101001101011111,116480036,0,0.053333,0.800000
116505402,82,0011010001000110100001010101110000110100000000110001001111111010000111100100101110,116478436,0,0.100000,1.000000
116505403,86,01110111101000000100001010101110000110100000000110111101011010101100011001110001111100,116481595,0,0.140000,0.800000
116505404,78,101011101000110000001110101111000110100000000110011001111110100100110001110010,116495374,0,0.120000,0.600000
116505405,78,010011001000110100001010101110000110100000001100010010111110011000111001110011,116478437,0,0.033333,1.000000
116505406,81,011010001000110101001010101110000110100000000110001001111111010000111000001101110,116492278,0,0.033333,0.700000
116505407,73,1111011100000010101011100001101000000001000010110111000111001010011000111,116478438,0,0.100000,1.000000
116505408,77,10101100100011000001010101110000110100000000110001001010111100110011100111001,116478438,0,0.100000,1.000000
116505409,73,1010000110000001010101110000110100000000100001001011110011100001001100011,116478438,0,0.100000,1.000000
116505410,77,01111101110000001010101110010110100000000100001011011110001110010100110101111,116478438,0,0.100000,1.000000
116505411,79,1101100101011000000101010111000011010000000011000000101111100011101101011100110,116478438,0,0.100000,1.000000
116505412,83,11001000001011100000110101011100001101000000001010100111110101100011010011000110100,116508495,0,0.100000,0.600000
116505413,77,11110100001100000010101011100001101000000001000011010111000011100001011100011,116478439,0,0.100000,1.000000
116505414,73,1101001011000000101010111010011010000000010000110101111000110010100111010,116478439,0,0.100000,1.000000
116505415,83,11001000001011100000110101011100001101000000001010000111110101100011010011000110100,116478439,0,0.080000,0.800000
116505416,81,101110100010101001000010101011000001101000000001010100111110000010011100110010110,116501534,0,0.100000,0.500000
116505417,78,010011001000110100001010101110000110100000001100010010111110011000111001110011,116478439,0,0.100000,1.000000
116505418,79,1110100010001101000010101101100001101000000001000010010111010001101110001110011,116478440,0,0.040000,1.000000
116505419,79,1101101101011000000101010111000011010000000011000000101111100011001101011100110,116478440,0,0.040000,1.000000
116505420,79,1101100101011000000101010111000011010000000011000000101111100011001101011100110,116478440,0,0.040000,1.000000
116505421,71,10101110100001110101110000110100000000110000101011110101100101001111111,116478440,0,0.040000,1.000000
116505422,73,1111011100000010101011100001101000000001100010110111000111001010011000111,116503238,0,0.066667,0.700000
116505423,82,1101110100010001001000010101011100001101000000011000100111011000000011100100000111,116503238,0,0.066667,0.600000
116505424,88,0011001000001111110000010101011100001101000000001000100111110101100001111011001110011000,116478443,0,0.022222,1.000000
116505425,76,1111101110000001010101110000110100000000100001011011110001110010100110011111,116478445,0,0.066667,1.000000
116505426,82,0111100010001101000010111011100001101000000001100010011111110100001111001001011101,116478445,0,0.066667,1.000000
116505427,79,1010110010000100000010101011100001101000000001000010010101110001100111001110011,116478445,0,0.066667,1.000000
116505428,79,1010110010000100000010101011100001101000000001000010010101110001100111001110011,116478445,0,0.066667,1.000000
116505429,84,000110100110101101000010101011100001101000000001100010011111110100001111001001011101,116478446,0,0.100000,1.000000
116505430,72,011110111010100101010111100011010000000010000110011010001110100100110011,116478447,0,0.200000,1.000000
116505431,74,10101001100000010101011100001101000000001000011010111100011001010011000101,116478447,0,0.200000,1.000000
116505432,75,111101110000001010101010000010100000000000001011011100001110011100100001111,116471685,0,0.030000,0.600000
116505434,83,00110100010101101000010101011100001101000000001100110011111110100001111000001001100,116478453,0,0.040000,1.000000
116505435,74,11110111000000101010111000011010000000010000101101110001110010100110001111,116478453,0,0.040000,1.000000
116505436,81,011010101000110100001010101110000110100000100110001001110111010000111101000101110,116503241,0,0.046667,0.700000
116505437,83,00010100110101001000010101011100001101000000001100010011111110100001111001001011101,116506708,0,0.040000,0.800000
116505438,81,011010001000110100000010101110000110100000000110001001111111010000111000000101110,116478453,0,0.040000,1.000000
116505439,75,010110010000100000101010111000011010000000011000100101011100011001110111001,116506694,0,0.066667,1.000000
116505440,77,11111011100000010101011100001101000000001000000110111100011100101001101011111,116501521,0,0.200000,0.600000
116505441,73,1101011100000101010111000011010000000010000100101111000111001000010000010,116501521,0,0.200000,0.600000
116505442,88,0011001000001111110000010101011100001101000000001000100111110101100001111011001110011000,116506695,0,0.200000,1.000000
116505443,78,010011001000110100001010101110000110100000001100010010111110011000111001110011,116501521,0,0.160000,0.500000
116505444,86,01110111101000000100001010101110000110100000000110111101011010101100011001110001110100,116506695,0,0.200000,1.000000
116505445,80,01101000100010000001010101110000110100000000111000001111111010000111000001011101,116496905,0,0.100000,1.000000
116505446,81,001010001000110000010100011100001101000000001110000011111110100001110000010111011,116506695,0,0.160000,0.800000
116505447,82,0110100010001101000010101011100001101000000001100010011111110100001110000001011100,116480036,0,0.066667,1.000000
116505448,83,10110100010001101000010101011100001101000000001100010011111110000001111001001011101,116494069,0,0.053333,0.800000
116505449,83,01011010001000110100001010101110000110110000000110001001111111010000111100100101110,116480036,0,0.066667,1.000000
116505450,72,101001100000101010111100011010000000010000100101111100110000101000001100,116478435,0,0.026667,0.400000
116505451,88,0011001000001111110000010101011100001101000000001000100111110101100001111011001110011000,116480036,0,0.066667,1.000000
116505452,78,010011001000110100001010101110000110100000001100010010111110011000111001110011,116478435,0,0.026667,0.400000
116505453,77,10010011000100100001010101110000110100000000111010011111110100001111101000111,116480036,0,0.066667,1.000000
116505454,81,011010001000110100001010101110000110101000000110001001111111010000111100000101110,116480037,0,0.100000,1.000000
116505455,81,011110010011100110000010101011100001101000000000100110010111110001100111111110010,116480038,0,0.066667,1.000000
116505456,81,011010001000110100001010101110000110100000000110001001111111010000111000000101110,116480038,0,0.066667,1.000000
116505457,79,1110110010000110000010101011100001100000000011100010010101100001100111001110011,116480041,0,0.066667,1.000000
116505458,78,101011101000110000001110101111000110100000000110011001111110100100110001110010,116480041,0,0.066667,1.000000
116505459,81,011110010011100010000010101011100001101000000000100110010111110001100111111110010,116480041,0,0.066667,1.000000
116505460,75,001101011101000010101011100001101000000001000011011110100011101001001100111,116480041,0,0.066667,1.000000
116505461,78,010110010001100000110101011100001101000000001101000101111000011001111101010100,116480041,0,0.066667,1.000000
116505462,72,010100101100000010101011101001101000000001000011010101100011001010011101,116480041,0,0.066667,1.000000
116505463,74,10101001100000010001011100001101000000001000011010111100011100001001100011,116480041,0,0.066667,1.000000
116505464,79,1011011001000110000001010101010000110100000000110101001011100000100111000111001,116480041,0,0.066667,1.000000
116505465,72,010100101100000010101011101001101000000001000011010101100011001010011101,116480041,0,0.066667,1.000000
116505466,78,110101100100001000000101010111000011010000000011000100101010000110011100111001,116480041,0,0.066667,1.000000
116505467,76,1010110010000100000101010111000011010000000011000000101011100011001110111001,116480041,0,0.053333,0.800000
116505468,70,1010111010000101010111000011010000010011000010101111010110010100111111,116480041,0,0.066667,1.000000
116505469,76,1110100001100000010101011100001101000000001000011010111000011100001010100011,116480041,0,0.066667,1.000000
116505470,78,101011101000110000001110101111000110100000000110011001111110100100110001110010,116480041,0,0.066667,1.000000
116505471,78,010110010001100000110101011100001101000000001101000101111000011001111101010100,116480041,0,0.066667,1.000000
116505472,75,101100100011000111010101110000110100000010100001001111101010100111000111001,116480041,0,0.066667,1.000000
116505473,76,1110100010011010000101010111000011010000000011000100111111101000111001001011,116480041,0,0.066667,1.000000
116505474,82,0111100010001101000010111011100001101000000001100010011111110100001111001001011101,116480041,0,0.066667,1.000000
116505475,82,0111100010001101000010101011100001101000000001100010011111110100001111001001011101,116480041,0,0.066667,1.000000
116505476,81,011010001000110100001010101110000110100000000110001001111111010000111100000101110,116480042,0,0.066667,1.000000
116505477,77,10101100100011000001010101110000110100000000110001001010111100110011100111001,116480042,0,0.066667,1.000000
116505478,82,0111000010001101000010101011100001101000000001100010011111110100001111001001011101,116480042,0,0.066667,1.000000
116505479,75,101110110110000001010111110000110100000000100101101001111001100100110111001,116480042,0,0.066667,1.000000
116505480,80,01111011001011111000001010101100000110100000000100011001011111000110011100111001,116480043,0,0.100000,1.000000
116505481,80,01101000100011010000101010111000011010000000011001001011111000000111100000111110,116480043,0,0.100000,1.000000
116505482,80,01101000100011010000101010111000011010000000011001001011111000000111100000111110,116480043,0,0.100000,1.000000
116505483,76,1110100101011000000101010110000011010000000011000100101111000110010001110110,116480043,0,0.000000,0.000000
116505484,79,0111100000001101000010101011100001101000000001110010011101101000111010010010111,116480045,0,0.066667,1.000000
116505485,75,111010111000001010101101000110100000000100001001011111001110010101100001100,116480045,0,0.053333,0.800000
116505486,82,1001000001001100000010101011100001101000000001000100111110101001011010011001110011,116480045,0,0.066667,1.000000
116505487,73,1110111000000101010111000011010000000010000101101111000101000010011001111,116480045,0,0.066667,1.000000
116505488,75,111010111000001010101111000110100000000100001001011111001110010101100001100,116480045,0,0.066667,1.000000
116505489,75,111010000110000001010101110000110100000000100001101011100001110000011100010,116480045,0,0.066667,1.000000
116505490,70,1010111010000111010111000011010000000011000010101111010110010100111111,116480047,0,0.040000,1.000000
116505491,78,011110110010011110000110101011000001101100000001000110010111110001001110011100,116480047,0,0.040000,1.000000
116505492,70,1010111010000101011111000011010000000011001110101111100110011100101100,116505123,0,0.050000,1.000000
116505493,82,0011010001000110100001010101110000110100000000110001001111111010000111100100101110,116495374,0,0.066667,0.700000
116505494,74,10101001100000010101011100001101000000001000011010111100011100001001100011,116481595,0,0.040000,0.800000
116505495,85,1110111010000001000010111011100001101000000001101111010110101011000110011100011111000,116481595,0,0.035000,0.700000
116505496,75,001101011101000010101011100001101000000001000011010110100011101001101000111,116481595,0,0.066667,1.000000
116505497,82,0011010001000110100001010101110000110100000000110001001111111010000111100100101110,116478436,0,0.066667,1.000000
116505498,82,0100100110001001000010101011100001101000000001100010011110110100001111101001011100,116481595,0,0.066667,1.000000
116505499,82,0100100110001001000010101011100001101000000001100010011110110100001111101001011100,116481595,0,0.066667,1.000000
116505500,79,0100100110001001000011100011100001101000000001100110011011110100001111010010111,116478436,0,0.066667,0.700000
116505501,70,1010111010000101011111000011010000000011001110101111100110011100101100,116478436,0,0.050000,0.800000
116505502,72,110101110100001010101110000110100000000110000101001110001100111001111010,116505123,0,0.040000,0.800000
116505503,82,0011010001000110100001010101110000110100000000110001001111111010000111100100101110,116495374,0,0.066667,0.700000
116505504,75,111101110000001010101110000110100100000100001111011110001110011100110011111,116478436,0,0.066667,0.800000
116505505,80,11000010001101000010101011100011101000000001100010011111110100001110000001011100,116505123,0,0.035000,0.700000
116505506,83,01111000100011010000101010111000011010000000011000100111111101000011110010010111010,116481595,0,0.066667,1.000000
116505507,70,1010111010000101010111000010010000000011000010101111000100011100111101,116495374,0,0.066667,0.600000
116505508,81,011010001000110100001010101110000110100000000110001001111111010000111100000101110,116478436,0,0.066667,1.000000
116505509,83,01111000100011010000101010111000011010000000011000100111111101000011110010010111010,116478436,0,0.040000,1.000000
116505510,70,1010111010000101010111000010010000000011000010101111000100011100111101,116481595,0,0.066667,1.000000
116505511,80,11000010001101000010101011100011101000000001100010011111110100001110000001011100,116495374,0,0.066667,0.600000
116505512,75,001001111101000010101011100001101000000001000011010110100011101001101000111,116495374,0,0.066667,0.700000
116505513,77,01011001000100000011010101110000110100000000110000010111100101110111111101010,116505126,0,0.046667,0.700000
116505514,76,1011011100000010101011000001100000000001000010100111100011100111001100011111,116481596,0,0.066667,1.000000
116505515,78,110100010001000000010101011100001101000000001100010111111110001010111101110010,116481596,0,0.053333,0.800000
116505516,81,010010011000100100001010101110000110100000000110001001111111010000111100100101110,116505126,0,0.053333,0.800000
116505517,76,0111101110000001010101010000010100000000100001011011100001110111100100001111,116481596,0,0.066667,1.000000
116505518,81,011010001000111100001011101110000111100000000110001001111111010000111100001011001,116505126,0,0.040000,0.600000
116505519,76,1111101110000001010101110000110100000000100001010011110001110011100110001111,116481596,0,0.066667,1.000000
116505520,86,00110000000011111100000101010111000011010000000010001001111101011000011110110011100110,116481596,0,0.066667,1.000000
116505521,83,01011010001000010100001010101110000111100000000110001001111111100100111000100101110,116481596,0,0.066667,1.000000
116505522,75,010101001100000010101011100001101000000001000011010111101011100001001101011,116481596,0,0.066667,1.000000
116505523,81,010010011000100100001010101110000110100000000110001001111111010000111100100101110,116481596,0,0.066667,1.000000
116505525,81,011010001000110100001010101110000110100000000110001001111111010000111000001011101,116481598,0,0.050000,1.000000
116505526,80,01001011101000110000001010101110000110100000000110011001011111000010011000011001,116481598,0,0.050000,1.000000
116505527,75,001101011101000010101011100001101000000001000011011110100011101001001100111,116481598,0,0.050000,1.000000
116505531,81,110111011001000100100001011101110100110100000000100010011101100001001110010000011,116481600,0,0.066667,1.000000
116505532,74,10101001000000010101011100001101000000001000011010111001011100001001100001,116481600,0,0.066667,1.000000
116505533,80,01101000100011010000101010111000011010000000011001001011111000000111100100101110,116481600,0,0.066667,1.000000
116505534,73,1101011100000101010111100011010000000010000100101111100110010101100001100,116481600,0,0.066667,1.000000
116505535,70,1010111010000101011111000011010000000011001010101111100110011100101100,116500009,0,0.066667,0.800000
116505536,81,011010101000110100001010101110000110100010000110010011111010100011111001001011111,116481600,0,0.066667,1.000000
116505537,79,1101011100011000000101010111000011010000000011000000111111100011001100011001110,116481600,0,0.066667,1.000000
116505538,81,101110100010101001000010101011000001101000000001010100111110000010011100110010110,116481600,0,0.066667,1.000000
116505539,75,001101011101000010101011100001101000000001000011011110100011101001001100111,116500009,0,0.066667,1.000000
116505540,81,101110100010101001000010101011000001101000000001010100111110000010011100110010110,116481600,0,0.066667,1.000000
116505541,83,11001000001011100000110101011100001101000000001010100111110101100011010011000110000,116500009,0,0.066667,0.800000
116505542,82,0010010001000110111001010111110000110100000000111001001111111010000110000001011101,116481600,0,0.066667,1.000000
116505543,83,11001000001011100000110101011100001101000000001000100111110101100011010011000110010,116481600,0,0.066667,1.000000
116505544,81,101110100010101001000010101011000001101000000001010100111110000010011100110010110,116481600,0,0.066667,1.000000
116505545,73,1101011100000101010111100011010000000010000100101111100110010101100001100,116500009,0,0.066667,0.800000
116505546,77,11001001010110000001000101110000110100000000110100001011111000110011000110010,116481602,0,0.066667,1.000000
116505547,74,10101001100100010101011100001101000000001000011010111100011100001111100011,116481602,0,0.066667,1.000000
116505548,75,111101110000001010101110000110100000000100010110111100011100101001101011111,116481602,0,0.066667,1.000000
116505549,70,0100011000000101010111000011010000000010000110101101000110010000110001,116481602,0,0.066667,1.000000
116505550,73,1111011100000010101011100001101000000001000010010111000111001010011000111,116481602,0,0.066667,1.000000
116505551,72,011110111010000101010111000011010000000010000110011010001110100100110011,116481602,0,0.066667,1.000000
116505552,81,011110100010001100000010101011100001101000000101100110010111110011100111111110011,116481602,0,0.066667,1.000000
116505553,81,011010001000110100001010101110000110100000000110001001111111010000111100000101110,116481602,0,0.066667,1.000000
116505554,75,110110000100000010101011100001101000000001000011011111100011000001001100001,116481602,0,0.066667,1.000000
116505555,75,111101110000001010101110000110100001000100010110111100011100101001101011111,116481602,0,0.053333,0.800000
116505556,77,11001001010110000001000101110000110100000000110100001011111000110011000110010,116481602,0,0.066667,1.000000
116505557,77,11001001010110000001000101110000110100000000110100001011111000110011000110010,116481602,0,0.066667,1.000000
116505558,82,0011010001000110100001010101110000110100000000110001001111111010000111100100101110,116481604,0,0.100000,1.000000
116505559,80,01110100000001101000010101011100001101000000001110010011111110100001110010010011,116481604,0,0.100000,1.000000
116505560,75,101110110110000001010101110000110100000000100101101001111001100100110110001,116481604,0,0.100000,1.000000
116505561,79,1111000010011010000101010111000011010000000011000100101111010000111100000101110,116481604,0,0.100000,1.000000
116505562,77,10101100100011000001010101110000110100000000110001001010111100110011100111001,116481604,0,0.100000,1.000000
116505563,81,001010001000110100001010101110001110100000000110001001111111010000111110000101110,116481606,0,0.100000,1.000000
116505564,82,0111100010001101000010101011100001101000000001100010011111110100001110001001011101,116506696,0,0.066667,1.000000
116505565,79,0111100000001101000010101011100001101000000001110010011101101000011010010010111,116506696,0,0.066667,1.000000
116505566,81,001110100010001101000010101011100001101000000001100010011111110100001110010010111,116498412,0,0.066667,0.600000
116505567,77,01011000101000000010111011100001101001000001101010010111110001100111011100001,116471687,0,0.040000,0.600000
116505568,82,1101110000010001001000010101011100101101000000001000100111011000000011100100000111,116476976,0,0.050000,0.700000
116505569,77,11110000000010100001010101110000110100000000111000001110110100011010010010111,116481613,0,0.200000,1.000000
116505570,70,1010111010000101011111000011010000000011001010101111100110011100101100,116481613,0,0.200000,1.000000
116505571,79,1110110010001100000010101011100001101000000001000010010011010101001110011110010,116481615,0,0.040000,0.800000
116505572,80,01101000100010000001010101110000110100000000111000001111111010000111000001011101,116481615,0,0.050000,1.000000
116505573,79,1110100101011000000101010111000011010000000011000100101111100011000100011101100,116471697,0,0.100000,0.600000
116505579,80,01111010001001110000001010101110000110100000000110011001011111001010011111111001,116483539,0,0.100000,1.000000
116505580,74,11101000011000000101010111000011010000000010000110101110000111000001110001,116483539,0,0.100000,1.000000
116505581,74,10101001100000010101011100001101000000001000011010111101011100001001100011,116483539,0,0.100000,1.000000
116505582,77,11010001000110100001010101110000110100000000110001001011111000110111000111001,116483539,0,0.100000,1.000000
116505583,81,011010001000110100001010101110000110100000000110001001111111010000111100000101110,116483541,0,0.066667,1.000000
116505584,77,01001001100010010000101010111000011010000000110111001101111010010111101001011,116508497,0,0.066667,0.700000
116505585,79,0000100110001001000010101011100001101000000001100110011111110100001111010010111,116483543,0,0.100000,1.000000
116505586,82,0100100110001001000010101011100001101000000001100010011110110100001111101001011100,116506698,0,0.070000,0.700000
116505587,75,001101011101000010101011100001101000000001000011010110100011101001001100111,116483545,0,0.100000,1.000000
116505588,80,01111011001001111000011010101100000110110000000100011001011111000010011100111001,116483546,0,0.066667,1.000000
116505589,79,0001011101010110000001010101110000110100000000010011001011110000010011000111001,116483546,0,0.066667,1.000000
116505590,84,110110001010111000001101010111000011010000000010011001111101011000111100110001100111,116483548,0,0.100000,1.000000
116505591,79,0011100000001101000010101011100001100000000001110010011101101000011010010010101,116480047,0,0.028000,0.700000
116505592,76,1111101110000001010101110000110100000000100001010011110001110011100110001111,116483548,0,0.100000,1.000000
116505593,73,1111011100000010101011100001101000000001000010110111000111001010011000111,116483549,0,0.200000,1.000000
116505594,81,110111010001000100100001011101110100110100000010100010011101100001001110010000011,116483550,0,0.050000,1.000000
116505595,74,00111010111010001101010111000011010000000010100100111011101111011100110110,116483550,0,0.050000,1.000000
116505596,74,01011001000110000010101011100001101000000001100010011110100001001101011100,116483550,0,0.050000,1.000000
116505597,77,11011001000110000001010101110000100100000000100001000011101001101101000111101,116483550,0,0.040000,0.800000
116505598,77,11011001000110000001010101110000100100000000100001000011101001100101000111101,116483550,0,0.050000,1.000000
116505599,81,001111010001001110000001010101110000110100000000110011001011111001010011111111001,116483551,0,0.100000,1.000000
116505602,81,011010001000110100001010101110000110100000000110001001111111010000111000001011101,116484996,0,0.200000,1.000000
116505603,82,0100100110001001000010101011100001101000000001100010011111110100001111101001011101,116484996,0,0.200000,1.000000
116505604,79,1001000100010010000101010111000011010000000011100100111111101000011111010001110,116484998,0,0.200000,1.000000
116505605,78,110101100100001000001010101110000110100000000110001001010111000110011100111001,116484999,0,0.050000,1.000000
116505606,80,01101000100011010000100010111000011010000001011001001011111000000111100100101110,116484999,0,0.050000,1.000000
116505607,79,1011011001000110000101010101110000110110000000110101001011101000000111000111001,116484999,0,0.050000,1.000000
116505608,82,0110100011001101000110101011000001101000000001110010011111111100001100100010111010,116484999,0,0.050000,1.000000
116505609,81,001010001000110100001010101110001110100000000110001001111111010000111110000101110,116484999,0,0.050000,1.000000
116505610,80,01111011001011111000001010100100000110100000000100011001011111000110011100111001,116484999,0,0.050000,1.000000
116505611,80,11100100101011000000101010111000011010000000011000100101111100011000100011100100,116484999,0,0.050000,1.000000
116505612,81,001010001000110100001010101110001110100000000110001001111111010000111110000101110,116484999,0,0.050000,1.000000
116505613,80,00100100110001001000011101011100001101000000001100110011011110100001111010010111,116484999,0,0.050000,1.000000
116505614,80,11100100101011000000101010111000011010000000011000100101111100011000100011100100,116484999,0,0.050000,1.000000
116505615,81,001010001000110100001010101110001110100000000110001001111111010000111110000101110,116484999,0,0.050000,1.000000
116505616,80,01111011001011111000001010101100000110100000000100011001011111000110011100111001,116484999,0,0.050000,1.000000
116505617,80,01101000100010000001010101110000110100000000111000011111111010000111000001011101,116484999,0,0.050000,1.000000
116505618,70,0101001100000010101011100001101000000001000011010111100010010110101001,116484999,0,0.050000,1.000000
116505619,80,01101000100010000001010101110000110100000000111000011111111010000111000001011101,116484999,0,0.050000,1.000000
116505620,79,1101100101011000000101010111000011010010000011000000101111100011101101011100110,116485000,0,0.100000,1.000000
116505621,77,01011001100110000001010101110000110100000000100001001011101000101110001110110,116485000,0,0.100000,1.000000
116505622,77,01001001100010100000101010111000011010000000001000100110111010000111101011011,116485000,0,0.100000,1.000000
116505623,75,101110110110000001010101110000110100000000100101101001111001100100110110001,116485001,0,0.200000,1.000000
116505624,81,011010001000110100001010101110000110100000000110001001111111010000111100000101110,116485001,0,0.200000,1.000000
116505625,76,1111101110000001010100110100110100000000100001010011110001110011100110001111,116485001,0,0.200000,1.000000
116505626,79,0110101010001101000010101011100001101000001001100010011101101000011110100010111,116485001,0,0.200000,1.000000
116505627,75,101010011000000101010111000011010000000010000110101111000111000010011000111,116485001,0,0.200000,1.000000
116505628,75,001101010101000010101011100001101000000001000011010110100011001001001100111,116485001,0,0.200000,1.000000
116505629,79,0110100010001101000000101011100001101000000011000100111111101000011100000010111,116485001,0,0.200000,1.000000
116505630,74,10101001100000010101111100001101000000001000011010111100011001010011000101,116485001,0,0.200000,1.000000
116505631,81,011010101000110100001010101110000110100000000110001001111111010000111100000101110,116485001,0,0.200000,1.000000
116505632,74,10101001100000010101111100001101000000001000011010111100011001010011000101,116485001,0,0.200000,1.000000
116505633,79,0110100010001101000000101011100001101000000011000100111111101000011100000010111,116485001,0,0.200000,1.000000
116505634,76,1111101110000001010100110000110100000000100001010011110001110011100110001111,116485001,0,0.200000,1.000000
116505635,81,011010001000110100001010101110000110100000000110001001111111010000111100000101110,116485001,0,0.200000,1.000000
116505636,76,0011010111010000101010111000011010100000010000110101101000111010010011001111,116485001,0,0.200000,1.000000
116505637,79,1011011001000110000101010101110000110110000000110101001011101000000111000111001,116485002,0,0.066667,1.000000
116505638,77,01111101110000001010101110010110100000000100001011011110001110010100110101111,116506699,0,0.053333,0.800000
116505639,75,001101011101000010101011100001101000000001000011011110100011101001001100111,116485003,0,0.050000,1.000000
116505640,77,11010011000110100001010101110000110100000000100001001011111000110111000111001,116485003,0,0.050000,1.000000
116505641,74,10101001000000010101011100001101000000001000001010111101011100001001100011,116468455,0,0.050000,0.800000
116505642,78,110110010101000001010101011100001101000000001100010111111110001010111101110010,116485003,0,0.050000,1.000000
116505643,74,11110111000000101010111000011010000000010000101101110001110010100110001111,116468455,0,0.050000,0.800000
116505644,80,01101000100011010000101010111000011010000000011001001011111000000111100100101110,116490328,0,0.046667,0.700000
116505645,79,1101011101110100001010101100001110100000000101001100011100010110010100110101100,116485004,0,0.066667,1.000000
116505646,86,00110000000011111100000101010111000011010000000010001001111101011000011110110011100110,116485004,0,0.066667,1.000000
116505647,86,00110000000011111100000101010111000011010000000010001001111101011000011110110011100110,116485004,0,0.066667,1.000000
116505666,81,011010001000110101001010101110000110100000000110001001111111010000111000000101110,116485007,0,0.200000,1.000000
116505667,77,10010010101000000101010111000011010100000010000100101111100011001100111100100,116485007,0,0.200000,1.000000
116505668,82,0011010001000110100001010101110000110100000000110101001111111010000111000001011101,116485008,0,0.200000,1.000000
116505669,72,011010111010000101010111000011010000000010000110101010001110100100110011,116485008,0,0.200000,1.000000
116505670,81,011010001000110100001010101110000110100000000110001001111111010000111100000101110,116485008,0,0.200000,1.000000
116505671,76,1011011100000010101011000001100000000001000010100111100011100111001100011111,116485009,0,0.100000,1.000000
116505672,76,1010110010000100000101010111000011010000000011000100101011100011001110111001,116485009,0,0.100000,1.000000
116505673,80,01101000100011010000101010111000011010000000011000100111111010000111100100101110,116485009,0,0.100000,1.000000
116505674,76,1001001100010010000101010111000011010000001110001001101111010000111101001111,116490331,0,0.066667,0.700000
116505675,83,01011010001000110100001010101110000110110000000110001001111111010000111100100101110,116485012,0,0.050000,1.000000
116505676,81,101111000100001010000101010111000011010000000011100100111011010000110100000101101,116506700,0,0.066667,1.000000
116505677,82,1011010001000110100001010101110000110100000000110001001111110010000111100100101110,116490314,0,0.066667,1.000000
116505678,80,01111011001101111000001010101100100100100000000100011001011110000110011100110001,116506700,0,0.040000,0.600000
116505679,82,0111100010001101000010101011100001101000000001100010011111110100001110001001011101,116485012,0,0.050000,1.000000
116505680,77,01110100001100000010101011100001101000000001000011010111000011100001010100011,116485012,0,0.050000,1.000000
116505681,86,01110111101000000100001010111110000110100000000110111101011010101100011001110001111100,116485012,0,0.050000,1.000000
116505682,83,11001000001011100000110101011100001101000000001000100111110101100011010011000110010,116485012,0,0.050000,1.000000
116505683,80,01101000100001010000101010111100011010000000011001001111111000000111100100001110,116485013,0,0.066667,1.000000
116505684,78,110110010001100000010101011100001101000000001000010101111010001000111101110010,116492271,0,0.066667,0.700000
116505685,79,0100100110001001000010101011100001101000000001100110011111110100001111010010111,116485014,0,0.066667,1.000000
116505686,82,0011010001000110100001010101110000110100000000110001001111111010000111100100101110,116505129,0,0.040000,0.600000
116505687,81,011010001000110100001010101110000110100000000110001001111111010000111100000101100,116505129,0,0.040000,0.600000
116505688,79,1110100101011000000101010111000011010000000011000100101111100011000100011101100,116485014,0,0.066667,1.000000
116505689,75,010101001100000010101011100001101000000001000011010111101011100001001101011,116485014,0,0.066667,1.000000
116505690,70,0101011101000010001011100001101000000011000010101111000110001100111111,116505129,0,0.033333,0.500000
116505691,70,0101011101000010001011100001101000000011000010101111000110001100111111,116485014,0,0.066667,1.000000
116505692,70,0101011101000010001011100001101000000011000010101111000110001100111111,116505129,0,0.033333,0.500000
116505693,79,1101011101110100001010101100001110100000000101001100011100010110010100110101100,116485014,0,0.066667,1.000000
116505694,78,001011000101000000010101011100001101000000001100010010111110011100111011100010,116485014,0,0.066667,1.000000
116505695,79,1011011001000110000001010101010000110100000000110101001011100000100111001111001,116505129,0,0.040000,0.600000
116505696,83,01111000100011010000101010111000011010000000011000100111111101000011110010010111010,116485015,0,0.066667,1.000000
116505697,81,011010001000110100001010101110000110100000000110001001111111010000111100000101110,116485015,0,0.066667,1.000000
116505698,81,001101010100011000001010101110000110100000000111000001111111010100111000001011101,116485016,0,0.200000,1.000000
116505699,77,11010001000110100001010101110000110100000000100001001011111000110111000111001,116485016,0,0.200000,1.000000
116505700,76,0111110010110000001010101010000110000000000110011001011111000010011000011001,116486626,0,0.022222,1.000000
116505701,74,10101001100000110101011100001101000001001000011010111100011100001101110011,116486626,0,0.022222,1.000000
116505702,78,001111100010110010001010101110000110100000000110011001011111000011011000111001,116486626,0,0.022222,1.000000
116505703,81,011010001000110100001010101110000110100000000110001001111111110000111000000101111,116486628,0,0.100000,1.000000
116505704,82,1010000101001100000111010111000011010000000010001001111101011000111100110011110101,116466864,0,0.070000,0.700000
116505705,88,0011001000001111110000010101011100001101000000001000100111110101100001111011001110011000,116486629,0,0.100000,1.000000
116505706,74,11110111000000101010111000011010000000010000101101110001110010100110001111,116486629,0,0.100000,1.000000
116505707,71,11110111000000101010111000011010000000010000101101100011100101001100011,116486630,0,0.100000,1.000000
116505708,80,01111011001001111000011010101100000110110000000100011001011111000010011100111001,116508501,0,0.100000,0.600000
116505709,79,1100100101011000000101010111000011010000000011000110101111100011000100011100100,116486630,0,0.100000,1.000000
116505710,82,0100100110001001000010101011100001101000000001100010011110110100001111101001011100,116500012,0,0.080000,0.800000
116505712,79,1001001100010010000101010111000011010000000011100100111111101000011111010001110,116506701,0,0.060000,0.600000
116505713,78,110111010001100000010101011100001101000000001100010101111110001000111101110010,116486632,0,0.025000,1.000000
116505714,82,0011010000011111000000101010111000011010000000010001001111101011000011110110011001,116486632,0,0.025000,1.000000
116505715,78,001111100010110010001010101110000110100000000110011001011111000011011000111001,116486633,0,0.040000,1.000000
116505716,82,0011010001000110100001010101110000110100000000110001001111111010000111000000101110,116503253,0,0.066667,1.000000
116505717,82,1101110100010001001000010101011100001101000000001000100111011000000011100100000111,116503253,0,0.066667,1.000000
116505718,75,101100110011000000101010111000011010000000010000100101110100010111100111111,116506702,0,0.053333,0.800000
116505719,83,01011010001000010100001010101110000111100000000110001001111111000100111000100101110,116503253,0,0.053333,0.800000
116505720,72,011110111010100101010111100011010000000010000110011010001110100100110011,116503253,0,0.040000,0.700000
116505721,75,001101011101000010101011100001101000000001000011011110100011101001001100111,116503253,0,0.040000,1.000000
116505722,71,11110111000000101010111000011010000000010000101100100011100101001100011,116503253,0,0.040000,1.000000
116505723,71,11110111000000101010111000011010000000010000101100100011100101001100011,116486634,0,0.066667,0.800000
116505724,77,11010001000110100001010101110000110100010000100001001011111000110111000111001,116506703,0,0.023333,0.700000
116505725,86,01111111101001000100001010101110000110100000000110111101011010101100011001110001111100,116486635,0,0.026667,0.800000
116505726,78,110110010101000001010101011100001101000000001100010111111110001010111101110010,116486635,0,0.033333,1.000000
116505727,75,101010111000000101010111000011010000000010000101101110001110010100110001111,116486636,0,0.066667,1.000000
116505728,80,01101000100011010000101010111000011010000000011001001011111000000111100100101110,116486636,0,0.066667,1.000000
116505729,74,10101001000000010101011100001101000000001000011010111101011100001001100011,116486636,0,0.066667,1.000000
116505730,81,001101010100011000001010101110000110100000000111000001111111010100111000001011101,116486636,0,0.066667,1.000000
116505731,74,10101001100000010101011100001101000000001000011010111100011100001001100011,116486636,0,0.066667,1.000000
116505732,83,11001000001011100000110101011100001101000000001010100111110101100011010011000110000,116486636,0,0.066667,1.000000
116505733,75,101010111000000101010111000011010000000010000101101110001110010100110001111,116486636,0,0.066667,1.000000
116505734,74,10101001100100010101011100001101000000001000011010111100011100001111100011,116486636,0,0.066667,1.000000
116505735,81,011010001000110100001010101110000110100000000110001001111111010000111100000101110,116486636,0,0.066667,1.000000
116505736,75,101010111000000101010111000011010000000010000101101110001110010100110001111,116486636,0,0.066667,1.000000
116505737,80,01111010001001110000001010101110000110100000000110011001011111001010011111111001,116486636,0,0.066667,1.000000
116505738,86,00110010000011111000000101010111000011010000000010001101111001011000011110110011100110,116486636,0,0.066667,1.000000
116505740,82,0100010100000001101000010101011101001101000000101110010011111110100001110010010110,116470088,0,0.032468,0.700000
116505741,80,01101000100010000001010101110000110100000000111000001111111010000111000001011101,116486638,0,0.050000,1.000000
116505742,78,100101110100010000001010101110000110100000000110011001011111000010011000011001,116486638,0,0.050000,1.000000
116505743,78,111001001010110000001010101110000110100000000110001010111110001100110001110010,116486638,0,0.050000,1.000000
116505744,83,01011010001001110100001010101110000110110000000110001001111111010000111100100101110,116486638,0,0.050000,1.000000
116505745,75,101010111000000101010111000011010000000010000101101110001110010100110001111,116508504,0,0.046382,1.000000
116505746,81,011010001000110100001010101110000110100000000110001001111111110000111000000101111,116486638,0,0.050000,1.000000
116505747,82,0011010001000110100001010101110000110100000000110001001111011010000111100100101110,116465088,0,0.046382,1.000000
116505748,76,1111101110000001010101110000110100000000100001010011110001110011100110001111,116508502,0,0.066667,1.000000
116505749,82,0100100110001001000010101011100001101000000001100010011110110100001111101001011100,116486639,0,0.066667,1.000000
116505750,77,01001001100010100000101010111000011010000000001000100110111010000111101011011,116486639,0,0.066667,1.000000
116505751,83,01011010001000110100001010101110000110100000000110001001111111000000111100100101110,116486639,0,0.066667,1.000000
116505752,75,101100100011000111010101110000110100000010100001001111101010100111000111001,116508502,0,0.066667,0.600000
116505753,83,01011010001000110100001010101110000110100000000110001001111111000000111100100101110,116508502,0,0.066667,1.000000
116505754,81,011010001000110100001010101110000110100000000110001001111111010000011100000101110,116508502,0,0.066667,1.000000
116505755,88,0011001000001111110000010101011100001101000000001000100111110101100001111011001110011000,116498401,0,0.100000,1.000000
116505756,76,0001101011101000110101011100000101000000001010010010111110111101110011010011,116486641,0,0.028571,1.000000
116505757,75,110101010010100010010101011100001101000000001100110010011100001000100111011,116486641,0,0.028571,1.000000
116505758,79,0100100110001001000010101011100001101000000001100110011111110100001111110010111,116486643,0,0.100000,1.000000
116505759,79,0100100110001001000010101011100001101000000001100110011111110100001111110010111,116486643,0,0.100000,1.000000
116505760,79,1100100101011000000101010111000011010000000011000100101111100011000100011100100,116486644,0,0.100000,1.000000
116505761,75,101010011000000101010111000011010000000010000110101111000101000010011000111,116486644,0,0.100000,1.000000
116505762,71,11110111000000101010111000011010000000010000101101100011100101001100011,116506704,0,0.040000,0.800000
116505763,74,00011010111010001101010111000011010000000010000100101111001101011100110000,116488558,0,0.040000,0.400000
116505764,78,111011001000110000001010101110000110100000000100001001001101000100111000111001,116486646,0,0.100000,1.000000
116505765,74,10101001100000010101011100001101000000001000011010111100011100001001100011,116496914,0,0.100000,0.800000
116505766,79,1100100101011000000101010111000011010000000011000110101111100011000100011100100,116486646,0,0.100000,1.000000
116505767,77,11111011100000010101011100001101000000001000010110111100011100101001101011111,116486647,0,0.066667,1.000000
116505768,79,1010110010000100000010101011100001101000000001000010010101110001100111011110011,116486647,0,0.066667,1.000000
116505769,81,101111000100001010000101010111000011010000000011100100111011010000110100000101101,116486648,0,0.100000,1.000000
116505770,77,11111011100000010101011100001101000000001010010110111100011100101001101011111,116486648,0,0.100000,1.000000
116505771,79,0011000010011000000101010111000011010000000010001011011010110101101001100111001,116486648,0,0.100000,1.000000
116505772,75,110100001100000000101011100001101000000011000011010111100011100001001100011,116486650,0,0.100000,1.000000
116505773,83,11001000001011110000110101011100001101000000001000100110110101100011011011000110010,116506706,0,0.060000,0.600000
116505774,77,11010001000110100001010101110000110100010000100001001011111000110111000111001,116486650,0,0.100000,1.000000
116505775,80,01111010001000110000001010101110000110100000000100011001011111001110011111111001,116486650,0,0.100000,1.000000
116505776,80,10101100100001000000101010111000011010000000010000100101011100011001110011100110,116486652,0,0.066667,1.000000
116505777,80,01111010001000110000001010111110000110100000000110011001011111001110011111111001,116490313,0,0.033333,0.500000
116505778,79,0111100000001101000010101011100001111000000001110010011101101000011010010010111,116486652,0,0.066667,1.000000
116505779,82,0111100010001101000010101011100001101000000001100010011111110100001110001001011101,116486652,0,0.066667,1.000000
116505780,77,01011000101000000010101011100101101000000001100011010100110001100111011100010,116486652,0,0.066667,1.000000
116505781,76,1011111010110000001010101110000110100000001100110010111110000100110000110010,116461673,0,0.100000,0.700000
116505782,70,1010111010000111010111000011010000000011000011101111010110010100111111,116478448,0,0.024000,0.600000
116505783,73,1111011100000010101011100001101000000001100010110111000111001010011000111,116488544,0,0.050000,1.000000
116505784,74,00111010111010001101010111000011010000000010100100101111101111011000110100,116478448,0,0.024000,0.600000
116505785,80,01101000100011010000101010111000011010000000011000100111111010000111100000101110,116488544,0,0.050000,1.000000
116505786,76,0110100001000000010101011100001101000000001000011010111100011100001001100011,116471685,0,0.050000,1.000000
116505787,75,101010011000000101010111000011010000000010000110101111000111000011111000111,116478448,0,0.028000,0.700000
116505788,79,0110101010001101000010101011100001101000100001100100111110011000111110010110111,116471685,0,0.050000,0.800000
116505789,81,001101000100011010000101010111000011010000000011000100111111010000111100000101110,116488544,0,0.050000,1.000000
116505790,77,11010001000100100001010101110000110100000000100001001011111000110111000111001,116488544,0,0.050000,1.000000
116505791,74,00111010111010001101010111000011010000000010100100101111101111011000110100,116488544,0,0.050000,1.000000
116505792,83,11001000001011100000110101011100001101000000001000100110110101100011011011000110010,116480044,0,0.060000,0.600000
116505793,83,01011010001000110100001010101110000110100000000110001001111111000000111100100101110,116488546,0,0.066667,1.000000
116505794,82,1101110100010001001000010101011100001101000000001000100111011000000011100100000111,116488546,0,0.066667,1.000000
116505795,80,01111011001101111000001010101100100100100000000100011001011111000110011100110001,116488546,0,0.066667,1.000000
116505796,77,01011001100110000001010101110000110100000000100001001011101000101110001110110,116488547,0,0.066667,1.000000
116505797,79,1110110010000110000010101011100001100000000011100010010101100001100111001110011,116505133,0,0.040000,0.600000
116505798,75,001101011101000010101011100001101000000001000011010110100011101001001100111,116488547,0,0.066667,1.000000
116505799,82,1101110100010001001000010101011100001101000010001000100111011000000011110100000111,116488547,0,0.066667,1.000000
116505800,80,01101000100011000001010101110000110100000000111000001111111010100111000001011101,116505133,0,0.046667,0.700000
116505801,77,01011001100110000001010101110000110100000000100001001011101000101110001110110,116505133,0,0.046667,0.700000
116505802,80,01101000100011000001010101110000110100000000111000001111111010100111000001011101,116488547,0,0.066667,1.000000
116505803,80,01101000100011000001010101110000110100000000111000001111111010100111000001011101,116495383,0,0.066667,0.800000
116505804,77,10110110010001100000010101010100001101000000001101010010111000000011100011100,116488547,0,0.066667,1.000000
116505805,77,11001001010110000001000101110000110100000000100001001011110000110011000110010,116488547,0,0.066667,0.700000
116505806,80,01101000100011000001010101110000110100000000111000001111111010100111000001011101,116488547,0,0.066667,1.000000
116505807,81,011010001000110100001010101110000110100000000110001001111111010000111100000101110,116488547,0,0.066667,1.000000
116505808,82,1001000001001100000010101011100001101000000001000100110111101001011010001001110011,116488547,0,0.066667,1.000000
116505809,74,00011010111010001101010111000011010000000010000100101111001101011101110000,116488547,0,0.066667,1.000000
116505810,82,1101110000010001001000010101011100101101000000001000100111011000000011100100000111,116505133,0,0.040000,0.600000
116505811,79,1001001100010010000101010111000011010000000011100100111111101000011111010001110,116495383,0,0.066667,0.800000
116505812,82,1101110100010001001000010101011100001101000010001000100111011000000011110100000111,116505133,0,0.040000,0.600000
116505813,82,0011010001000110100001010101110000110100100000110101001111111010000111000001011101,116495383,0,0.066667,0.700000
116505814,79,1001001100010010000101010111000011010000000011100100111111101000011111010001110,116495383,0,0.066667,0.800000
116505815,82,1101110000010001001000010101011100101101000000001000100111011000000011100100000111,116488547,0,0.066667,1.000000
116505816,83,00011010101000110100001010101110000110100000000110001001111111010000111100100101110,116488548,0,0.100000,1.000000
116505817,80,01111010001001110000001010101110000110100000000110011001011111001010011111111001,116488548,0,0.100000,1.000000
116505818,76,0001101011101000010101011100001100000000001000011010110100010101000001100111,116498416,0,0.070000,0.700000
116505819,80,01101000100011000001010101110000110100000000111000001111111010000111000001011101,116488548,0,0.100000,1.000000
116505820,75,101100110011000000101010111000011010000000010000100101110100010111100101011,116488548,0,0.100000,1.000000
116505821,79,1101011101110100001010101100001110100000000101001100011100010110010100110101100,116488548,0,0.100000,1.000000
116505822,80,01001011101000110000001010101110000110100000000110011001011111000010011000011001,116488549,0,0.200000,1.000000
116505823,76,0101100100001000001010101110000110100000000110001001010111000110011101110010,116488549,0,0.200000,1.000000
116505824,75,111110111000001010101110000110100000000100001011011110001110010100110101111,116488549,0,0.200000,1.000000
116505825,75,111010111000001010101111000110100000000100001001011111001110010101100001100,116488549,0,0.200000,1.000000
116505826,78,001111100010110010001010101110000110100000000110011001011111000011011000111001,116488549,0,0.200000,1.000000
116505827,76,1110100101100000010101011100001101000000001000011010111000011100001011100011,116488549,0,0.200000,1.000000
116505828,78,101101100100110000001010101110000110100000000110001001011111000100111000111001,116488549,0,0.200000,1.000000
116505829,81,010010011000100100001010101110000110100000000110001001111111010000111110100101110,116488549,0,0.200000,1.000000
116505830,80,01110100000001101000010101011100001101000000001110010011111111100001110110110111,116488549,0,0.200000,1.000000
116505831,79,1101011100011000000101010111000011010000000011000000111111100011001100011001110,116488549,0,0.200000,1.000000
116505832,78,010110010001000000110101011100001101000000001100000101111000011001111111010100,116488549,0,0.200000,1.000000
116505833,79,0100100110001001000010101011100001101000000001100110011111110100001111010010111,116488549,0,0.200000,1.000000
116505834,81,011010001000110100001010101110000110100000000110001001111111010000011100000101110,116488549,0,0.200000,1.000000
116505835,75,111110111000001010101110000110100000000100001011011110001110010100110101111,116488549,0,0.200000,1.000000
116505836,81,011010001000110100001010101110000110100000000110001001111111010000011100000101110,116488549,0,0.200000,1.000000
116505837,80,01101000100001010000101010111100011010000000011001001111111000000111100100001110,116488549,0,0.200000,1.000000
116505838,86,00110010010011111100100101010111000011010000000010001001111101011000011110110011100110,116488552,0,0.200000,1.000000
116505839,77,01011001000100010011010101110000110100000000110000010111100101100111111101010,116488552,0,0.200000,1.000000
116505840,83,00010100110101001000010101011100001101000000001100010011111110100001111001001011101,116488553,0,0.066667,1.000000
116505841,81,011010001000110100001010101110000110100000000110001001111111010000111100000101110,116488553,0,0.066667,1.000000
116505842,77,11010001000110100001011101110000110100000000110001001011111000110111000111001,116488553,0,0.066667,1.000000
116505843,82,0011010001000110100001010101110000110100000000110001001111111010000111100000101110,116495375,0,0.040000,0.600000
116505844,81,011010001000110100001010101110000110100000000110001001111111010000111100000101110,116488553,0,0.066667,1.000000
116505845,81,011010001000110100000010101110000110100000000110001001111111010000111000000101110,116488553,0,0.066667,1.000000
116505846,77,01011000101000000010111011100001101001000001101010010101110001100111011100001,116488554,0,0.100000,1.000000
116505847,74,11101000011000000101010111000011010000000010000110101110000111000001110001,116488554,0,0.100000,1.000000
116505848,77,11110000000010100001010101110000110100000000111000001110110100011010011010111,116488554,0,0.100000,1.000000
116505849,76,0101010111000000101010111000011010000000010000101101110001110010100110001111,116488555,0,0.066667,1.000000
116505850,82,0110110011001101000110101011100001101000000001110010011111111100001100000010111010,116488555,0,0.066667,1.000000
116505851,75,110100001100000010101011100001101000000001000011010011100011100001001110011,116488555,0,0.066667,1.000000
116505852,76,0101010111000000101010111000011010000000010000101101110001110010100110001111,116488555,0,0.066667,1.000000
116505853,82,0011010001000110100001010101110000110100000000110001001111111010000111100100101110,116488555,0,0.066667,1.000000
116505854,81,011010001000110101001010101110000110100000000110001001111111010000111000001101110,116488555,0,0.066667,1.000000
116505855,75,101010111000000101010111000011010000000010000101101110001110010100110001111,116488555,0,0.066667,1.000000
116505856,75,101010111000000101010111000011010000000010000101101110001110010100110001111,116488555,0,0.066667,1.000000
116505857,79,1010110010000100100010101011100001101000000001000010010101110001100111001110011,116488555,0,0.066667,1.000000
116505858,76,1111101110000001010101110000110100000000100001010011110001110011100110001111,116488555,0,0.066667,1.000000
116505859,70,0100011000000101010111000011010000000010000110101101000110010000110001,116488555,0,0.066667,1.000000
116505860,70,0100011000000101010111000011010000000010000110101101000110010000110001,116488555,0,0.066667,1.000000
116505861,72,011110111010000101010111000011010000000010000110011010001110100100110011,116488555,0,0.066667,1.000000
116505862,87,010101111110000001000010101011100001101000100001101111011110101011000110011100011111001,116486645,0,0.040000,0.700000
116505863,77,11110000000010100001010101110000110100000000111000001110110100011010010010111,116488558,0,0.040000,1.000000
116505864,77,10010010101000000101010111000011010100000010000100101111100011001100111100100,116488560,0,0.200000,1.000000
116505865,79,0100100110001001000010101011100001101000000001100110011111110100001111010010111,116488560,0,0.200000,1.000000
116505866,83,01011010001000110100001010101111000110110000000110001001111111010000111100100101110,116488560,0,0.200000,1.000000
116505867,85,0011001000001111110000010101011100001101000000001000100101101011000011010110011100111,116506700,0,0.066667,1.000000
116505868,80,01101000100011010000101010111000011010000000011000100111111010000111100100101110,116490314,0,0.066667,1.000000
116505869,79,0010111010101100100010101011110101101000000001100110110111010000110110001110011,116490314,0,0.053333,0.800000
116505870,77,01001001100010100000101010111000011010000000001000100110111010000111101011011,116506700,0,0.066667,0.800000
116505871,80,01101000100011010000101010111000011010000000011000100111111010000111100100101110,116490314,0,0.066667,1.000000
116505872,79,1110110010000110000010101011100001100000000011100010010101100001100111001110011,116506700,0,0.066667,0.700000
116505873,82,1010000101001100000101010111000011010000000010001001111101011000111100110011110101,116506700,0,0.066667,1.000000
116505874,79,0010111010101100100010101011110101101000000001100110010111010000110110001110011,116490314,0,0.066667,1.000000
116505875,85,0011011000011111110000010101011100001101000000001000100111101011000011010110011100111,116490314,0,0.066667,1.000000
116505876,75,001101011101000011101011100001101000000001000011010110100011101001001100111,116490315,0,0.100000,1.000000
116505877,86,01110111101000000100001010101110000110100000000110111101011010101100011001110001111100,116490315,0,0.100000,1.000000
116505878,73,0110110011000100101010111000011010000101010000100101110100010111000111011,116490315,0,0.100000,1.000000
116505879,81,011110100010001100000010101011100001101000000101100110010111110011100111111110011,116490315,0,0.100000,1.000000
116505880,75,111101110000001010101110000110100100000100001111011110001110011100110011111,116490315,0,0.100000,1.000000
116505881,80,01101000100011010000101010111000011010000000011001000011111000000111100100101110,116490315,0,0.100000,1.000000
116505882,81,011010001000111100001011101110000111100000000110001001111111010000111100001011001,116490315,0,0.100000,1.000000
116505883,81,010010011000100100001010101110000110100000000111101001111111010000111110100101110,116490315,0,0.100000,1.000000
116505884,77,11001001010110000001000101110000110100000000110100001011111000110011000110010,116490315,0,0.100000,1.000000
116505885,77,10101100100011100001010101110000110100000000110001001010111100110011100111001,116490315,0,0.100000,1.000000
116505886,74,11110111000000101010111000011010001000010001011011110001110010100010011111,116490315,0,0.100000,1.000000
116505887,80,11100100101011000000101010111000011010000000011000100101111100011000100011100100,116490315,0,0.100000,1.000000
116505888,74,11110011000000111010111000011010000001010010101101111000010001100110001111,116490315,0,0.100000,1.000000
116505889,79,0011000010011000000101010111000011010000000010001011011010110101101000100111001,116490315,0,0.100000,1.000000
116505890,77,01111100101100000010101011100001101000000001100110010111110000100110000110010,116490315,0,0.100000,1.000000
116505891,86,01110111101000000100001010101100000110100000000110111101011010101100011001110001111100,116490315,0,0.080000,0.800000
116505892,77,10101100100011100001010101110000110100000000110001001010111100110011100111001,116490315,0,0.100000,1.000000
116505893,81,010010011000100100001010101110000110100000000111101001111111010000111110100101110,116490315,0,0.100000,1.000000
116505894,78,111001001010110000001010101110000110100000000110001010111110001100110001110010,116498407,0,0.040000,0.800000
116505895,82,0100100110001001000010101011100001101000000001100010001110110100001111101001011100,116498407,0,0.040000,0.800000
116505896,79,0001011000101000000010101011100001101000000000100010010111110011100111011100010,116490316,0,0.040000,1.000000
116505897,78,001111100100100000010101011100001101000000001100110011111110000100110000110010,116490317,0,0.066667,1.000000
116505898,78,101011101000110000001110101111000110100000000110011001111110100100110001110010,116485010,0,0.066667,0.700000
116505899,76,1001001100010010000101010111000011010000001110001001101111010000111101001111,116490317,0,0.066667,1.000000
116505900,79,0110110010001100000010101010100001101000000001101010010111000001001110001110011,116485010,0,0.066667,0.800000
116505901,83,11001000001011110000110101011100001101000000001000100110110101100011011011000110010,116490317,0,0.066667,1.000000
116505902,75,001101010101000010101011110001101000000001000011010110100011001001001100111,116485010,0,0.066667,0.800000
116505903,77,11010001000100100001010101110000110100010000100000001011111000110111000111001,116490320,0,0.032000,0.800000
116505904,80,01110100000001101000000101011100001101000000001110010011111110100001110010010111,116490322,0,0.050000,1.000000
116505905,75,001101011101000010101111100001101000000001000011010110100011101001001100111,116490323,0,0.066667,1.000000
116505906,81,011010001000110100001010101110000110100000000110001001111111010000111000000101110,116490323,0,0.066667,1.000000
116505907,82,1001000001001100000010101011100001101000000001000100110111101001011010011001110011,116490323,0,0.066667,1.000000
116505908,80,01101000100010000001010101110000110100000000111000001111111010000111000001011101,116490323,0,0.066667,1.000000
116505909,74,10101001100000010101011100001101000000001000011010111100011100001001100011,116490323,0,0.066667,1.000000
116505910,74,10101001100000010101011100001101000000001000011010111100011100001001100011,116490323,0,0.066667,1.000000
116505911,80,01101000100001000001010101110000110100000000111000001111111010000111000001011101,116503240,0,0.066667,0.800000
116505912,81,011010001000110100001010101110000110100000000110001001111111010000111000001011101,116468450,0,0.049116,0.800000
116505913,73,1111011100000010101011100001101000000001000010110111000111001010011000111,116501515,0,0.066667,1.000000
116505914,75,010101001100000010101011100001101000000001000001010111101011100001001101011,116501515,0,0.066667,1.000000
116505915,80,10110110010001100000010101011100001101000000001100010010111110001001110001110010,116490329,0,0.066667,1.000000
116505916,70,1010111010000111010111000011010000000011000010101111010110010100111111,116503242,0,0.070000,0.700000
116505917,79,0111100000001101000010101111100001101000000001110010001101101000011011010010111,116503242,0,0.100000,1.000000
116505918,74,00011010111010001111010111000011010011000010000100101111001101011100110000,116490330,0,0.053333,0.800000
116505919,81,011110001000110100101010101110000110101000000110001001111110010000111100000101110,116503242,0,0.060000,0.600000
116505920,83,01111000100011010000101010111000011010000000011000100111111101000011110010010111010,116505134,0,0.060000,0.600000
116505921,75,111101110000001010101010000010100000000100001011011100001100011100100001111,116503242,0,0.060000,0.600000
116505922,81,011110001000110100001010101110000110101000000110001001111110010000111100000101110,116503242,0,0.070000,0.700000
116505923,88,0011001000001111110000010111011100101101000000001000100111111101101001110011001110011010,116505134,0,0.050000,0.500000
116505924,75,110101111000001010101110010110100000000100001001011110001110010100110001111,116490330,0,0.066667,1.000000
116505925,78,110111010001100000010101011100001101000000001100010101111110001000111101110010,116490330,0,0.066667,1.000000
116505926,82,0011010001001110100001010101110000110100000000110001001111111010000111000001011101,116505134,0,0.060000,0.600000
116505927,75,111101110000001010101010000010100000000100001011011100001100011100100001111,116490330,0,0.066667,1.000000
116505928,88,0011001000001111110000010111011100101101000000001000100111111101101001110011001110011010,116503242,0,0.060000,0.600000
116505929,78,110111010001100000010101011100001101000000001100010101111110001000111101110010,116490330,0,0.066667,1.000000
116505930,76,1110100001100000010101011100001101000000001000011010111000011100001011100111,116490330,0,0.066667,1.000000
116505931,82,0111100010001101000010101011100001101000000001100010011111110100001111001001011101,116490332,0,0.100000,1.000000
116505932,79,0100100110001001000010101011100001101000000001100110011111110100001111010010111,116490332,0,0.100000,1.000000
116505933,77,01110100001100000010101011100001101000000001000011010110000011100001011100011,116490334,0,0.066667,1.000000
116505934,81,010010011000100100001010101110000110100000000111001001111111010000111110100101110,116490334,0,0.066667,1.000000
116505935,75,101010111000000101010111000011010000000010000101101110001110010100110001111,116490335,0,0.200000,1.000000
116505936,81,011010001000111100001011101110000111100000000110001001111111010000111100001011001,116490335,0,0.200000,1.000000
116505937,83,00110100110101101000010101011100000101000000001100010011111110100001111001001001101,116490336,0,0.100000,1.000000
116505938,76,1010110010000100000101010111000011010000000011000100101011100011001110111001,116490336,0,0.100000,1.000000
116505939,81,010010011000100100001010101110000110100000000111101001111111010000111110100101110,116490336,0,0.100000,1.000000
116505940,81,011010101000110100001010101110000110100000100110001001110111010000111101000101110,116488543,0,0.100000,0.700000
116505941,73,1111011100000010101011100001101000000001100010110111000111001010011000111,116492267,0,0.100000,1.000000
116505942,73,1111011100000010101011100001101000000001100010110111000111001010011000111,116492267,0,0.100000,1.000000
116505943,70,1000111010000101010111000011010000000011000010101111000110011100111101,116492267,0,0.100000,1.000000
116505944,73,1111011100000010101011100001101000000001100010110111000111001010011000111,116492267,0,0.100000,1.000000
116505945,76,0111101110000001010101010000010100000000100001011011100001110011100100001111,116492267,0,0.100000,1.000000
116505946,80,01111011001001111000001010101100000110100000000100011001011111000110011100111001,116492267,0,0.100000,1.000000
116505947,80,01111011001001111000011010101100000110110000000100011001011111000010011100111001,116492268,0,0.200000,1.000000
116505948,74,10101001100000010101011100001101000000001000011010111100011100001111100011,116492268,0,0.200000,1.000000
116505949,83,11001000001011100000110101011100001101000000001000100111110101100011010011000110010,116492268,0,0.200000,1.000000
116505950,79,0111100000001101000010101011100001101000000001110010111101101000011010010110111,116485013,0,0.066667,1.000000
116505951,81,011010001000111100001011101110000111100000000110001001111111010000111100001011001,116492274,0,0.100000,1.000000
116505952,74,00011010111010001101010111000011010000000010100100101111101111011100110100,116492274,0,0.100000,1.000000
116505953,77,01111100101100000010101011100001101000000001100110010111110000100110000110010,116492274,0,0.100000,1.000000
116505954,81,011010101000110100001010101110000110100000100110001001110111010000111101000101110,116492274,0,0.100000,1.000000
116505955,77,01001001100010100000101010111000011010000000001000100110111010000111101011011,116492274,0,0.100000,1.000000
116505956,81,011010001000111100001011101110000111100000000110001001111111010000111100001011001,116492274,0,0.100000,1.000000
116505957,74,10101001000000010111011100001101000000001000011010111101011000001001100011,116492274,0,0.100000,1.000000
116505958,75,111010000110000001010101110000110100000000100001101011100001110000011100011,116492274,0,0.100000,1.000000
116505959,75,011101001110000010101011100001101000000001000011010111101011100001001101011,116492274,0,0.100000,1.000000
116505960,80,01101000100010000001010101110000110100000000111000001111111010000111000001011101,116492274,0,0.100000,1.000000
116505961,81,001010001000110100001010101110001110100000000110001001111111010000111110000101110,116492274,0,0.100000,1.000000
116505962,74,00011010111010001101010111000011010000000010100100101111101111111100110100,116492274,0,0.100000,1.000000
116505963,80,10110100010001111000010101011100001111000001011000100101111101000011110000101110,116492274,0,0.000000,0.000000
116505964,82,0111100010001101000010111011100001101000000001100010011111110100001111001001011101,116492274,0,0.100000,1.000000
116505965,75,011101001100000010101011100001101000000001000011010111101011100001001101011,116492274,0,0.100000,1.000000
116505966,75,111010000110000001010101110000110100000000100001101011100001110000011100011,116492274,0,0.100000,1.000000
116505967,77,01111100101100000010101011100001101000000001100110010111110000100110000110010,116492274,0,0.100000,1.000000
116505968,74,10101001000000010111011100001101000000001000011010111101011000001001100011,116492274,0,0.100000,1.000000
116505969,78,110111010001100000010101011100001101000000001100010101111110001000111101110010,116492276,0,0.040000,1.000000
116505970,87,011101111010000001000010101111100001101000000001101111010110101011000110011100011111000,116501523,0,0.035000,0.700000
116505971,88,0011001000001111110000010101011100001101000000001000100111110101100001111011001110011000,116501523,0,0.040000,0.800000
116505972,78,101011001000110000001010101110000110100000000100001001001101000100111000111001,116508508,0,0.050000,0.700000
116505973,78,010010001010000000101010111001001010000000011000110101011100011000110111100100,116492277,0,0.040000,0.800000
116505974,75,110100001100000010101011100001101000000001000011010011100011100001001110011,116492277,0,0.050000,1.000000
116505975,83,11001000001011100000110101011100001101000000001000100111110101100011010011000110010,116508508,0,0.050000,0.600000
116505976,80,01101000100001010000101010111000011010000000011001001011111000000111100100101110,116492278,0,0.040000,1.000000
116505977,80,01101000100001010000101010111000011010000000011001001011111000000111100100101110,116492278,0,0.040000,1.000000
116505978,77,11011001000110000001010101110001110100000000100001001011101000100111000111001,116478437,0,0.020000,0.600000
116505979,78,110101100100001000000101010111000011010000000011000100101010000110011100111001,116492278,0,0.040000,1.000000
116505980,77,11011001000110000001010101110001110100000000100001001011101000100111000111001,116492278,0,0.040000,1.000000
116505981,88,0011001000001111110000010101011100001101000000001000100111110101100001111011001110011000,116478437,0,0.040000,0.700000
116505982,82,0111100010001101000010101011100001101000000001100010011111111100001111001001011101,116492278,0,0.040000,1.000000
116505983,74,10101001100000010101011100001101000000001000011010111100011001010011000101,116478437,0,0.040000,0.700000
116505984,88,0011001000001111110000010101011100001101000000001000100111110101100001111011001110011000,116478437,0,0.023333,0.700000
116505985,78,011011001000110000101010101110000110110000000110101001011101000000111000111001,116492278,0,0.040000,1.000000
116505986,74,10101001100000010101111100001101000000001000011010111100011001010011000101,116492280,0,0.066667,1.000000
116505987,79,0011000010011000000101010111000011010000000010001011011010110101101000100111001,116492280,0,0.066667,1.000000
116505988,75,101110110110000001010101110000110100000000100101101001111001100100110110001,116492280,0,0.066667,1.000000
116505989,79,0110101010001101000010101011100001101000100001100100111110011000111110011110111,116492280,0,0.066667,1.000000
116505990,78,111011001000110000001010101110000110100000000100001001001101000100111000111001,116492280,0,0.066667,1.000000
116505991,77,10101100100011000001010101110000110100000000110001001010111100110011100111001,116492280,0,0.066667,1.000000
116505992,76,1110110001100000010101011100001101000000001000011010111000011100001011100011,116492283,0,0.200000,1.000000
116505993,75,101100110011000000101010111000011010000001010000100101110100010111000111011,116492284,0,0.040000,1.000000
116505994,80,10101100100001000000101010111000011010000000010000100101011100011001110011100110,116492285,0,0.066667,1.000000
116505995,81,011010001000110100001010101110000110100000000110001001111111010000111100000101110,116492285,0,0.066667,1.000000
116505996,78,110101100100001000000101010111000011010000000011000100101010000110010100111001,116492286,0,0.080000,0.800000
116505997,77,10101100100011000001010101110000110100000000110001001010111100110011100111001,116492286,0,0.100000,1.000000
116505998,81,011010001000110100001010101110000110100000000110001001111111010000111100000101110,116492288,0,0.049116,1.000000
116505999,81,011010001000110100001010101110000110100000000110001001111111010000111100000101110,116492288,0,0.049116,1.000000
116506000,77,11010001000110100001010101110000110100000000100001001011111000110111000110001,116492288,0,0.049116,1.000000
116506001,86,00110000000011111100000101010111000011010000000010001001111101011000011110110011100110,116492289,0,0.100000,1.000000
116506002,74,10101001100100010101011100001101000000001000011010111100011100001111100011,116494068,0,0.100000,1.000000
116506003,82,1101110100010001001000010101011100001101000010001001100111011000000011110100100111,116494068,0,0.080000,0.800000
116506004,81,100010100000001001000010101011101001101000000001110010011111110100001110010010111,116494068,0,0.100000,1.000000
116506005,81,011010101000110100001010101110000110100000100110001001110111010000111101000101110,116494068,0,0.100000,1.000000
116506006,81,100010100000001001000010101011101001101000000001110010011111110100001110010010111,116494068,0,0.100000,1.000000
116506007,77,11010001000110100001010101110000110100010000100001001011111000110111000111001,116494070,0,0.100000,1.000000
116506008,82,0011010001000110100001010101110000110100000000110001001111111010000111100100101110,116494070,0,0.100000,1.000000
116506009,82,1101110100010001001000010101011100001101000000001000100111011000000011100100000111,116494071,0,0.050000,1.000000
116506010,75,101100110011000000101010011000011010000001010000100101110100010111000111001,116494071,0,0.050000,1.000000
116506011,77,01010000101000000010101011100001101001000001100010010111110001100111011100101,116495373,0,0.066667,1.000000
116506012,77,01011001000010000001010101110000110100000000100001001010111000110011100111011,116495375,0,0.066667,0.600000
116506013,77,11010011000110100001010101110000110100000000100001001011111000110111000111001,116503247,0,0.066667,1.000000
116506014,79,1101100101011000000101010111000011010000000011000000101111100011001101011100110,116495379,0,0.040000,1.000000
116506015,77,01111100101100000010101011100001101000000001000110010111110000100110000110010,116495380,0,0.066667,1.000000
116506016,75,101110111000000101010111000011010000000010000101101110001110010100111001111,116495382,0,0.066667,1.000000
116506017,74,10101001100000010101011100001101000000001000011010111100011100001111100011,116496908,0,0.066667,1.000000
116506018,81,011010001000110100001010101110000110100000000110001001111111010000111000001011101,116495383,0,0.100000,1.000000
116506019,83,01101110100010001001000010101011100001101000000001000100111011000000011100100000111,116495383,0,0.100000,1.000000
116506020,83,00110100110101101000011101011100000101000000001100010011111110100001111001001001101,116495385,0,0.160000,0.800000
116506021,83,00011010001000110100001010101110000110100000000110001001111111010000111100100101110,116505127,0,0.040000,0.400000
116506022,77,11110100101100000010101011100001101000000001000010010111000011100001011101011,116495386,0,0.066667,1.000000
116506023,81,011010001000110100001010101110000110100000000110001001111101000000111000000101111,116495386,0,0.066667,1.000000
116506024,83,00011010001000110100001010101110000110100000000110001001111111010000111100100101110,116505127,0,0.040000,0.400000
116506025,79,0110100010001101000000101011100001101000000011000100111111101000011100000010111,116505127,0,0.040000,0.400000
116506026,74,10101001100000010101011100001101000000001000011010111101011100001001101011,116505127,0,0.040000,0.400000
116506027,75,000110101110100011010101110000110100000000101001001011111011110111001101001,116495386,0,0.066667,1.000000
116506028,76,1111101110000001010100110000110100000000100001010011110001110011100110001111,116495386,0,0.066667,1.000000
116506029,75,001101011101000010101011100001101000000001000011010110100011101001001100111,116495386,0,0.066667,1.000000
116506030,75,001101011101000010101011100001101000000001000011010110100011101001001100111,116505127,0,0.040000,0.400000
116506031,77,11110100101100000010101011100001101000000001000010010111000011100001011101011,116495386,0,0.066667,1.000000
116506032,81,011010101000110100001010101110000110100000100110001001110111010000111101000101110,116496901,0,0.200000,1.000000
116506033,77,11010001000100100001010101110000110100010000100001001011111000110111000111001,116496901,0,0.200000,1.000000
116506034,80,01001011101000110000001010101110000110100000000110011001011111000010011000011001,116496901,0,0.200000,1.000000
116506035,74,11111011100000010101011100001101000000001000010110111100011100110011010111,116496901,0,0.200000,1.000000
116506036,80,01001001100010010001101010111000011010000000001001100110111101000011010100101110,116496901,0,0.200000,1.000000
116506037,74,11111011100000010101011100001101000000001000010110111100011100110011010111,116496901,0,0.200000,1.000000
116506038,80,01001011101000110000001010101110000110100000000110011001011111000010011000011001,116496901,0,0.200000,1.000000
116506039,79,0011000010011000000101010111000011010000000010001011011010110101101001100111001,116496901,0,0.200000,1.000000
116506040,78,011110110010011110000110101011000001101100000001000110010111110001001110011100,116496903,0,0.028571,1.000000
116506041,79,0100100110001001000011101011100001101000000001100110011011110100001111010010111,116490325,0,0.046667,0.700000
116506042,74,10101001100000010101011110001101000000001000011010111101011100001001101011,116496904,0,0.066667,1.000000
116506043,78,011010001000110100001010101110000110100000000100001001011111000110111000111001,116490325,0,0.053333,0.800000
116506044,77,10101100100011000001010101110000110100000000110001001010111100110011100111001,116488562,0,0.066667,0.800000
116506045,76,1011110010110000001010101110000110100000001100110010111110000100110000110010,116490325,0,0.046667,0.700000
116506046,78,011011001000110000101010101110000110110000000110101001011101000000111000111001,116496904,0,0.066667,1.000000
116506047,79,0110100010001101000010101011100001101000000011000100111111101000011110000010111,116496904,0,0.066667,1.000000
116506048,77,11010001000110100001010101110000110100000000100001001011111000110111000110001,116496904,0,0.066667,1.000000
116506049,77,01011001100110000001010101110000110100000000100001001011101000101110001110110,116503253,0,0.066667,1.000000
116506050,83,11001000001011100000110101011100001101000000001000100110110101100011011011000110010,116486634,0,0.028000,0.700000
116506051,79,1100100101011000000101010111000011010000000011000110101111100011000100011100100,116496905,0,0.050000,1.000000
116506052,81,010010011000100100001010101110000110100000000111101001111111010000111110100101110,116496907,0,0.100000,1.000000
116506053,78,010110010001100000110101011100001101000000101101000101111000011001111101010100,116496908,0,0.066667,1.000000
116506054,79,1110100010001101000010101001100001101000000001000010010111110001101110001110011,116495382,0,0.066667,0.600000
116506055,80,01101000100011010000100010111000011010000001011001001011111000000111100100101110,116496910,0,0.200000,1.000000
116506056,83,11001000001011110000110101011100001101000000001000100110110101100011011011000110010,116496910,0,0.200000,1.000000
116506057,82,0011010001000110100001010101110000110100000000110001011111111010000111100000101110,116496910,0,0.200000,1.000000
116506058,75,011101001100000010101011100001101000000001000011010111101011100001001101011,116496910,0,0.200000,1.000000
116506059,81,010010001000110100001010101110000110100000000110001001111111010000111100000101110,116496910,0,0.200000,1.000000
116506060,74,00111010111010001101010111000011010000000010100100101111101111011000110100,116496910,0,0.200000,1.000000
116506061,75,110110010001110000101010111000011010000000010000100101110100010011100011100,116496911,0,0.200000,1.000000
116506062,78,001011101010110000001010101110000110100000000010011001011110000010011000111001,116496911,0,0.200000,1.000000
116506063,82,0011110100010001100000010101011100001101000000001100110010111110011100111111110011,116496912,0,0.100000,1.000000
116506064,78,110101100100001000000101010111000011010000000011000100101010000110011100111001,116496912,0,0.100000,1.000000
116506065,72,110101110100001010101110000110100000001000011010110100011101001000100110,116496912,0,0.100000,1.000000
116506066,76,1011110010110000001010101110000110100000001100110010111110000100110000110010,116496913,0,0.200000,1.000000
116506067,83,01011010000000110100001010101110000110100000000110001001111111000000011100100101110,116496914,0,0.100000,1.000000
116506068,79,0100100110001001000010101011100001101000000001100110011111110100001111010010111,116496914,0,0.100000,1.000000
116506069,80,01101000100001010000101010111000011010000000011001001011111000000111100100101110,116496914,0,0.100000,1.000000
116506070,78,011010001000110000001010101110000110100000000110101001011101001100111000111001,116486640,0,0.040000,0.400000
116506071,81,001001001100010010001101010111000011010000000011001100110110101000011110100101110,116498401,0,0.100000,1.000000
116506072,83,10111100010001101000010101011100001101000000001100010011111110100000111001001011101,116486640,0,0.040000,0.400000
116506073,81,010010011000000100001010101110000110100000000111001001111111010000111110100101110,116498401,0,0.100000,1.000000
116506074,81,010010011000100100001010101110000110100000000111001001111111010000111110100101110,116498401,0,0.100000,1.000000
116506075,76,1111101110000001010101110000110100000000100001011011110001111010100110011111,116498402,0,0.050000,1.000000
116506076,76,1111101110000001010100110000110100000000100001010011110001110011100110001111,116498402,0,0.050000,1.000000
116506077,74,11111011100000010101011100001101000000001000010110111100011100110011010111,116498403,0,0.200000,1.000000
116506078,72,010100101100000010101011101001101000000001000011010111100011001010011101,116498403,0,0.200000,1.000000
116506079,77,01111100101100000010101011100001101000000001100110010111110000100110000110010,116498403,0,0.200000,1.000000
116506080,74,11111011100000010101011100001101000000001000010110111100011100110011010111,116498403,0,0.200000,1.000000
116506081,72,010100101100000010101011101001101000000001000011010111100011001010011101,116498403,0,0.200000,1.000000
116506082,77,01111100101100000010101011101001101000000001100110010111110000100110000110010,116498403,0,0.160000,0.800000
116506083,84,001011010000000110100001010101110000110100000000110001001111111000000111100100101110,116465105,0,0.080000,0.800000
116506084,77,11010001000110110001010101110000110100000000100001000011111000110111000111001,116498404,0,0.100000,1.000000
116506085,76,1110100101100000010101011100001101000000001000010010111000011100001011100011,116498404,0,0.100000,1.000000
116506086,81,011010001000110100001010101010000110100000000110001001111111010000111100000101110,116498404,0,0.080000,0.800000
116506087,78,111010010101100000010101011100001101000000001100010010111110001100100011101100,116498404,0,0.100000,1.000000
116506088,79,0001011101010110010001010101110000110100000000110011001011111000011011000111001,116498404,0,0.100000,1.000000
116506089,86,00110010010011111100100101010111000011010000000010001001111101011000011110110011100110,116498404,0,0.100000,1.000000
116506090,80,01110100010001101000010101011100001101000000001100010011111110100001110010010111,116498404,0,0.100000,1.000000
116506091,77,01001001100010100000101010111000011010000000001000100110111010000111101011011,116498404,0,0.100000,1.000000
116506092,84,001011010000000110100001010101110000110100000000110001001111111000000111100100101110,116465105,0,0.080000,0.800000
116506093,79,0111100000001101000010100111100001101000000001110010001101101000011011010010111,116465105,0,0.060000,0.600000
116506094,75,101110111000000101010111000011010100000010000101101110001110010100110001111,116498405,0,0.040000,1.000000
116506095,76,1011011100000010101011000001100000000001000010100111100011100111001100011101,116498405,0,0.040000,1.000000
116506096,83,01101000101011010000101010111000011010000000011001100111111101000011110000010011001,116498405,0,0.040000,1.000000
116506097,75,111101001100000010101011100001111000000001000011010111000011100011001100011,116498405,0,0.040000,1.000000
116506098,74,00111010111010001101010111000011010000000010100100111011001111011100110100,116498407,0,0.040000,1.000000
116506099,77,11111011100000010101011100001101000000001000010110111100011000101001101011111,116486627,0,0.035000,0.700000
116506100,81,011010001000110100001010101110000110100000000110001001111111010000111100000101100,116498408,0,0.100000,1.000000
116506101,76,0111101110000001010101010000010000000000100001011011100001110011100100001111,116483545,0,0.080000,0.600000
116506102,75,101110111000000101010111000011010000000000000101101110001110010100110001111,116498408,0,0.100000,1.000000
116506103,81,011010001000110101001010101110000110100000000110001001111111010000111000000101110,116498408,0,0.100000,1.000000
116506104,81,011010001000110100001010101110000110100000000110001001111111010000111100000101110,116486627,0,0.035000,0.700000
116506105,79,1101100101011000000101010111000011010000000011000000101111100011101101011100110,116498411,0,0.200000,1.000000
116506106,78,001111100010110010001010101110000110100000000110011001011111000011011000111001,116498417,0,0.100000,1.000000
116506107,78,001111100010110010001010101110000110100000000110011001011111000011011000111001,116498417,0,0.100000,1.000000
116506108,71,11110110000001010101110000110100000000100001011011100011100101000100011,116498418,0,0.200000,1.000000
116506109,81,010010011000100100001010101110000110100000000111001001111111010000111110100101110,116498418,0,0.200000,1.000000
116506110,81,011010001000110100001010111110000110100000000110001001111111000000111000001011101,116498418,0,0.200000,1.000000
116506111,82,0111100010001101000010101011100001101000000001100010011111110100001110001001011101,116498418,0,0.200000,1.000000
116506112,73,0101001100000011101011100001101000000001000011010111101011100001001101011,116498418,0,0.200000,1.000000
116506113,79,0100100110001001000010101011100001101000000001100110011111110100001111010010111,116498419,0,0.100000,1.000000
116506114,74,11101000011000000101010111000011010000000010000110101110000111000001110001,116498419,0,0.100000,1.000000
116506115,79,0100100110001001000010101011100001101000000001100110011111110100001111010010111,116499998,0,0.100000,1.000000
116506116,80,01101000100011010000101010111000011010000000011001000011111000000111100100101110,116499999,0,0.040000,1.000000
116506117,82,0110100010001101000010101011100001101000000001100010001111110100001111000001011100,116499999,0,0.032000,0.800000
116506118,76,1011110010110000001010101110000110100000001100110010111110000100110000110010,116499999,0,0.040000,1.000000
116506119,80,01000010100110000010010111000011010000000010001001111101011000111100110011110101,116499999,0,0.000000,0.000000
116506120,74,11010011000001010101111000110100000000100001001011111001110010101000001100,116499999,0,0.040000,1.000000
116506121,79,0100100110001001000010101011100001101000000001100110011011110100001111010010111,116499999,0,0.040000,1.000000
116506122,82,0010101010001101000010101011100001101000100001100100111110101000111110010010111110,116499999,0,0.040000,1.000000
116506123,85,0011010111010110100001010101110000110100000000110001001111111010000111100100111110111,116499999,0,0.040000,1.000000
116506124,82,0110100010101101000010101011100001101000000001100110011111110100001111000001001100,116499999,0,0.040000,1.000000
116506125,80,11011110001010100010101110111000011010000000011000100101111100011011110111000110,116500000,0,0.100000,1.000000
116506126,83,01001000001001100000010101011100011101000000001000110100110101101011010011001110110,116500000,0,0.100000,1.000000
116506127,80,11011110001010100010101110111000011010000000011000100101111100011011110111000110,116500000,0,0.100000,1.000000
116506128,77,01111001000100000011010101110000110100000000110000010111100101100111111101010,116500001,0,0.100000,1.000000
116506129,76,1110100101100000010101011100001101000000001000011010111000011100001011100011,116500002,0,0.066667,1.000000
116506130,77,01011001100110000001010101110000110100000000100001001011101000101110001110110,116500002,0,0.066667,1.000000
116506131,75,110101001100000010101011100001101000000001000011010111100011100001001100011,116500002,0,0.066667,1.000000
116506132,79,0011000010011000000101011111000011010000000010001011011010110101101000100111001,116500002,0,0.066667,1.000000
116506133,77,01111100101100000010101011100001101000000001100110010111110000100110000110010,116500002,0,0.066667,1.000000
116506134,86,01110111101000000100001010111110000110100000000110111101011010101100011001110001111100,116500002,0,0.066667,1.000000
116506135,75,111101110000001010101010000110100000000100001011011100001110011100100001111,116500002,0,0.066667,1.000000
116506136,81,101111000100001010000101010111000011010000000011100100111011010000110100000101111,116500002,0,0.066667,1.000000
116506137,86,01110111101000000100001010111110000110100000000110111101011010101100011001110001111100,116500002,0,0.066667,1.000000
116506138,83,01011010000000110100001010101110000110100000000110001001101111000000011100100101110,116500002,0,0.066667,1.000000
116506139,79,0110100010001101000010101011100001101010000011100100111111101000011110000010111,116500002,0,0.053333,0.800000
116506140,80,01101000100011010000101010111000011010000000011001001011111000000111100100101110,116500002,0,0.066667,1.000000
116506141,79,0100100110001001000010101011100001101000000001101110011011110100101111010010111,116500002,0,0.066667,1.000000
116506142,82,0111100010001101000010101011100001101000000001100010011111110100001110001001011101,116500002,0,0.066667,1.000000
116506143,81,011010001000110100001010101110000110100000000110001001111111010000111100000101110,116500002,0,0.066667,1.000000
116506144,86,00110010010011111100100101010111000011010000000010001001111101011000011110110011100110,116500002,0,0.066667,1.000000
116506145,73,0101100100001000001010101110000110100000001100010010101110001100111011100,116500002,0,0.000000,0.000000
116506146,79,1101011100011000000101010111000011010000000011000000111111100011001100011000110,116500002,0,0.066667,1.000000
116506147,74,11101000011000000101010111000011010000000010000110101110000111000001110001,116500002,0,0.066667,1.000000
116506148,75,010010011000101000001010111100001101000000000100010011011101000011110111101,116500003,0,0.200000,1.000000
116506149,70,0101011101000010001011100001101000000011000010101111000110001100111111,116500003,0,0.200000,1.000000
116506150,74,11111011100000010101011100001101000000001000010110111000111001010011000111,116500004,0,0.066667,1.000000
116506151,74,11111011100000010101011100001101000000001000010110111000111001010011000111,116500004,0,0.066667,1.000000
116506152,79,0110100010001101000010101011100001101000000011000100111111101000011110000010111,116500004,0,0.066667,1.000000
116506153,77,11010001000110100001010101110000110100000000100001001011111000110111000110001,116500004,0,0.066667,1.000000
116506154,82,1101110100010001001000010101011100001101000000001000100111011000000011101100000111,116505128,0,0.066667,1.000000
116506155,77,11010001000110100001010101110000110100000000100001001011111000110111000110001,116500004,0,0.066667,1.000000
116506156,74,10101001100000010101011100001101000000001000011010111101011100001001100011,116505128,0,0.066667,1.000000
116506157,82,1101110100010001001000010101011100001101000000001000100111011000000011101100000111,116500004,0,0.066667,1.000000
116506158,80,01101000100011010000101010111000011010000000011001001111111000000111100100001110,116500004,0,0.066667,1.000000
116506159,79,0110100010001101000010101011100001101000000011000100111111101000011110000010111,116505128,0,0.066667,0.800000
116506160,79,0100100110001001000010101011100001101000000001100110011111110100001111010010111,116500005,0,0.028571,1.000000
116506161,72,110101110100001010101110000110100000100110000101001110001100111001111010,116500005,0,0.028571,1.000000
116506162,81,101110100010001101000010101001000001101000000001000010011011110100000110010010111,116500005,0,0.028571,1.000000
116506163,82,0110101010001001000010101011100001101000100001101010011111010100011011001001011101,116500005,0,0.028571,1.000000
116506164,75,001101011101000010101011100001101000000001000011010110100011101001001100111,116500005,0,0.028571,1.000000
116506165,76,0111101110000001010101010000010100000000100001011011100001110011100100001111,116500006,0,0.200000,1.000000
116506166,77,11010001000100100001010101110000110100010000100001001011111000110111000111001,116500006,0,0.200000,1.000000
116506167,73,0111101110100001010101111000110100000000100001100110100011101001001100110,116500006,0,0.200000,1.000000
116506168,77,01011001100110000001010101110000110100000000100000001011101000101110001110110,116500007,0,0.066667,1.000000
116506169,82,0110100010101101000010101011100001101000000001100110011111110100001111000001001100,116500007,0,0.066667,1.000000
116506170,77,01111101110000001010101110000110100000001100001011011110001110010100110101111,116500007,0,0.066667,1.000000
116506171,79,0000100110001001000010101011100001101000000001100110011111110100001111010010111,116505121,0,0.066667,1.000000
116506172,79,0100100110001001000010101011100001101000000001100110011111110100001111010010111,116481600,0,0.066667,1.000000
116506173,79,0011110000001101000010101011100001100000000001110010011101101000011010010010001,116500010,0,0.100000,1.000000
116506174,75,101010011000000101010111000011010000000010000110101111000111000011111000111,116500010,0,0.100000,1.000000
116506175,75,010110010000100000101010111000011010000000011000100101011100011001110111001,116500012,0,0.100000,1.000000
116506176,77,10010010101000000101010111000011010100000010000100101111100011001100111100100,116486630,0,0.070000,0.700000
116506177,85,1110111010000001000010101011100001101000000001101111010110101011000110011100011111000,116500014,0,0.066667,1.000000
116506178,80,01101000100010000001010101110000110100000000111000001111111010000111000001011101,116500014,0,0.066667,1.000000
116506179,81,001110100010001101000010101011100001101000000001100010011111110000001110010010111,116500014,0,0.066667,1.000000
116506180,84,010110000010001000000101010111010011010010000010001000111111011000111100110011010101,116500014,0,0.066667,1.000000
116506181,85,1110111010000001000010101011100001101000000001101111010110101011000110011100011111000,116500014,0,0.066667,1.000000
116506182,71,11110111000000101010111000011010000000010000101101100011100101001100011,116500014,0,0.066667,1.000000
116506183,82,0100100110001001000010101011100001101000000001100010011111110100001111101001011101,116501513,0,0.040000,0.600000
116506184,81,110010000010111000001101010111000011010000000010001001111101011000110100110001101,116476984,0,0.060000,0.600000
116506185,75,110100001100000000101011100001101000000001000011010111100011100001001100011,116501513,0,0.066667,1.000000
116506186,75,101110111000000101010111000011010000000010000111101110001110010100111001111,116476984,0,0.050000,0.500000
116506187,79,1100100101011000000101010111000011010000000011000110101111100011000100011100100,116501514,0,0.200000,1.000000
116506188,81,010110100000001101000010101011100001101000000011000100110111100000001110010010111,116503230,0,0.200000,0.800000
116506189,74,10101001100000010101011100001101000000001000011010111100011100001001100011,116501514,0,0.200000,1.000000
116506190,78,010001001010110000001010101110000110100000001100010010101110001000111001110001,116501514,0,0.200000,1.000000
116506191,74,10101001100000010001011100001101000000001000011010111100011100001001100011,116503230,0,0.200000,0.800000
116506192,74,10101001100000010101011100001101000000001000011010111100011100001001100011,116501514,0,0.200000,1.000000
116506193,81,010110100000001101000010101011100001101000000011000100110111100000001110010010111,116501514,0,0.200000,1.000000
116506194,79,1100100101011000000101010111000011010000000011000110101111100011000100011100100,116501514,0,0.200000,1.000000
116506195,74,10101001100000010101011100001101000000001000011010111100011100001001100011,116503230,0,0.200000,1.000000
116506196,79,0100100110001001000010101011100001101000000001100110011111110100001111010010111,116501514,0,0.200000,1.000000
116506197,84,111001000001011100000110101001100011101000000001000100111111101100011010011010110010,116501514,0,0.200000,1.000000
116506198,78,010011001000110100001010101110000110100000001100010010111110011000111001110011,116501514,0,0.200000,1.000000
116506199,79,1001000100010010000101010111000011010000000011100100111111101000011111010001110,116503230,0,0.200000,1.000000
116506200,84,111001000001011100000110101001100011101000000001000100111111101100011010011010110010,116501514,0,0.200000,1.000000
116506201,74,10101001100000010101011100001101000000001000011010111100011100001001100011,116501514,0,0.200000,1.000000
116506202,74,10101001100000010001011100001101000000001000011010111100011100001001100011,116501514,0,0.200000,1.000000
116506203,79,1001000100010010000101010111000011010000000011100100111111101000011111010001110,116501514,0,0.200000,1.000000
116506204,74,10101001100000010001011100001101000000001000011010111100011100001001100011,116501514,0,0.200000,1.000000
116506205,80,01110100010001101000010101011100001101000000001110010011111110100001110010010111,116501514,0,0.200000,1.000000
116506206,77,11010001000110100001010101110000110100000000100001001011111000110111000111001,116501516,0,0.100000,1.000000
116506207,71,11110110000001010101110000110100000000100001011011100011100101000100011,116501516,0,0.100000,1.000000
116506208,80,01111011001001111000011010101100000110110000000100011001011111000010011100111001,116501516,0,0.100000,1.000000
116506209,81,011010001010110100001010101110000110100000000110001001110111110000111000000101110,116501516,0,0.100000,1.000000
116506210,78,010011001000110000001010101110000110100000001100010010111110001000111001110011,116501516,0,0.100000,1.000000
116506211,81,011010101000110100001010101110000110100000100110001001110111010000111101000101110,116501516,0,0.100000,1.000000
116506212,78,011011001000110000001010101110000110100000000110101001011101000100111000111001,116501516,0,0.100000,1.000000
116506213,72,011010111010000101010111000011010000000010000110101010001110100100110011,116501516,0,0.100000,1.000000
116506214,74,00111010111010001101010111000011010000000010100100111011101111011100110100,116501516,0,0.100000,1.000000
116506215,77,01111101110000001010101110000110100000001100001011011110001110010100110101111,116501516,0,0.100000,1.000000
116506216,83,00110100110101001000010101011100001101000000001100010011111110100001111001001011101,116501516,0,0.100000,1.000000
116506217,77,11001001010110000001000101110000110100000000110100001011111000110011000110010,116501516,0,0.100000,1.000000
116506218,77,10101100100011000001010101110000110100000000110001001010111100110011101111001,116501516,0,0.080000,0.800000
116506219,77,10101100100011000001010101110000110100000000110001001010111100110011100111001,116501516,0,0.100000,1.000000
116506220,78,011011001000110000001010101110000110100000000110101001011101000100111000111001,116501516,0,0.100000,1.000000
116506221,81,011010001000110101001010101110000110100000000110001001111111010000111000000101110,116501518,0,0.200000,1.000000
116506222,74,10101001100100010101011100001101000000001000011010111100011100001111100011,116501518,0,0.200000,1.000000
116506223,77,01011001100110000001010101110000110100000000100001001011101000101110001110110,116501518,0,0.200000,1.000000
116506224,78,110100010010000001010101110000110100000000111000001111111010000111000001011101,116501518,0,0.200000,1.000000
116506225,74,10101001100100010101011100001101000000001000011010111100011100001111100011,116501518,0,0.200000,1.000000
116506226,76,0110110010001100000010100010100001101000100001101010010110100010011100011100,116501518,0,0.200000,1.000000
116506227,80,01111010001001110000001010101110000110100000000110011001011111001110011111111001,116501518,0,0.200000,1.000000
116506228,81,100101000100110000001010101110000110100000100100010011011010111100101001100111001,116501518,0,0.200000,1.000000
116506229,81,011010001000110101001010101110000110100000000110001001111111010000111000000101110,116501518,0,0.200000,1.000000
116506230,80,01111010001001110000001010101110000110100000000110011001011111001110011111111001,116501518,0,0.200000,1.000000
116506231,78,110100010010000001010101110000110100000000111000001111111010000111000001011101,116501518,0,0.200000,1.000000
116506232,77,01011001100110000001010101110000110100000000100001001011101000101110001110110,116501518,0,0.200000,1.000000
116506233,77,10010011000100100001011101110000110100000000110001001100110100001010010010111,116501518,0,0.200000,1.000000
116506234,81,100101000100110000001010101110000110100000100100010011011010111100101001100111001,116501518,0,0.200000,1.000000
116506235,81,101110100010001101000010101001000001101000000001000010011011110100000110010010111,116501519,0,0.028571,1.000000
116506236,73,1111011100000010101011100001101000000001000010110111000111001010011000111,116501520,0,0.066667,1.000000
116506237,80,01101000100011010000101010111000011010000000011001001111111000000111100100001110,116501520,0,0.066667,1.000000
116506238,80,11100100101011000000101010111000011010000000011000100101111100011000100011100100,116501520,0,0.066667,1.000000
116506239,78,001011000101000000010101011100001101000000001100010010111110011100111011100010,116501520,0,0.066667,1.000000
116506240,74,11110111000000101010111000011010000000010000101101110001110010100110001111,116501520,0,0.066667,1.000000
116506241,80,01101000100011010000101010111000011010000000011001001111111000000111100100001110,116501520,0,0.066667,1.000000
116506242,81,100101000100110000001010101110000110100000000100010011011010111100101001100111001,116501520,0,0.066667,1.000000
116506243,80,11100100101011000000101010111000011010000000011000100101111100011000100011100100,116501520,0,0.066667,1.000000
116506244,73,1111011100000010101011100001101000000001000010110111000111001010011000111,116501520,0,0.066667,1.000000
116506245,74,11101000010000000101010111000011010000000010000110101110000111000001110001,116501520,0,0.066667,1.000000
116506246,70,1000111010000111010111000011010000000011000010101111010110010100111111,116501520,0,0.053333,0.800000
116506247,78,001011000101000000010101011100001101000000001100010010111110011100111011100010,116501520,0,0.066667,1.000000
116506248,79,0110100010001101000010101011100001101000000011000100111111101000011110000010111,116501520,0,0.066667,1.000000
116506249,76,1111101110000001010101110000110100000000100001010011110001110011100110001111,116506695,0,0.200000,1.000000
116506250,83,11001000001011110000110101011101001101000000001000100110110101100011011011000110010,116501523,0,0.050000,1.000000
116506251,83,11001000001011110000110101011100001101000000001000100110110101100011011011000110010,116501523,0,0.050000,1.000000
116506252,74,10101001100100010101011100001101000000001000011010111100011100001111100011,116501523,0,0.050000,1.000000
116506253,75,110100001100000010101011100001101000000001000011010011100011100001001110011,116501524,0,0.066667,1.000000
116506254,82,0110100010101101000010101011100001101000000001100110011111110100001111000001001100,116501524,0,0.066667,1.000000
116506255,83,11001000001011100000110101011100011101000000001000100110110101100011011011000110010,116501525,0,0.040000,1.000000
116506256,81,011010001000110100001010101110000110100000000110001001111111010000111000001011101,116501526,0,0.200000,1.000000
116506257,77,11010001000110100001010101110000110100010000100001001011111000110111000111001,116501526,0,0.200000,1.000000
116506258,81,011010001000110100001010101110000110100000000110001001111111010000111000001011101,116501526,0,0.200000,1.000000
116506259,80,01110100000000101000010101011100001101000000001110010011111110100001110010010111,116501526,0,0.200000,1.000000
116506260,79,1101100101011000000101010111000011010000000011000000101111100011101101011100110,116501526,0,0.200000,1.000000
116506261,79,1101100101011000000101010111000011010000000011000000101111100011101101011100110,116501526,0,0.200000,1.000000
116506262,81,011010001000110100001010101110000110100000000110001001111111010000111000001011101,116501526,0,0.200000,1.000000
116506263,74,01101011101001010101011100001101000000001000011010110100011101001000100111,116501526,0,0.200000,1.000000
116506264,77,01011000101000000010111011100001101001000001101010010111110001100111011100001,116501526,0,0.200000,1.000000
116506265,86,00110010010011111100100101010111000011010000000010001001111101011000011110110011100110,116501526,0,0.200000,1.000000
116506266,79,0100100110001001000010101011100001101000000001100110011111110100001111010010111,116501526,0,0.200000,1.000000
116506267,82,1001000001001100000010101011100001101000000001000100111110101000011010011001110011,116501526,0,0.200000,1.000000
116506268,88,0011001000001111110000010101011100001101100000001000100111110101100001111011001110011000,116501526,0,0.200000,1.000000
116506269,79,1100100101011000000101000111000011010000000011000110101111100011000100011100100,116501526,0,0.200000,1.000000
116506270,79,1111000010011010000101010111000011010000000011000100101111010000111100000101110,116501526,0,0.200000,1.000000
116506271,74,11010011000001010101111000110100000000100001001011111001110010101000001100,116501527,0,0.066667,1.000000
116506272,82,0100010100000001101000010101011101001101000000101110010011111110100001110010010110,116501527,0,0.066667,1.000000
116506273,77,01011000101000000010101011100001101001000001101010010111110000100111011100001,116501527,0,0.066667,1.000000
116506274,81,011101000100111010000101010110000011010000000011100100111111101001011100100101111,116501527,0,0.066667,1.000000
116506275,70,0101011000000101010111000011010000000010000110101101000110010000110001,116501527,0,0.066667,1.000000
116506276,73,1001010011000000010101110000110100000000100001101011110001110000100110001,116501527,0,0.066667,1.000000
116506277,73,1101011100000101010111100011010000000010000100101111100110010101100001100,116501527,0,0.066667,1.000000
116506278,73,1001010011000000010101110000110100000000100001101011110001110000100110001,116501527,0,0.066667,1.000000
116506279,77,10010010101000000101010111000011010100000010000100101111100011001100111100100,116501527,0,0.066667,1.000000
116506280,78,011011001000110000001010101110000110100000000110101001011101000100111000111001,116501527,0,0.066667,1.000000
116506281,81,011010001000110101001010101110000110100000000110001001111111010000111000001001110,116501527,0,0.053333,0.800000
116506282,82,0010010001000110111001010111110000110100000000111001001111111010000110000001011101,116501527,0,0.066667,1.000000
116506283,79,1010110010000100000010101011100001101000000001000010010101110001100111001110011,116501527,0,0.066667,1.000000
116506284,77,01001001100010100000101010111000011010000000001000100110111010000111101011011,116501529,0,0.100000,1.000000
116506285,77,10110010001100000010101011100001101001000001100010011111100010001100011000111,116501529,0,0.100000,1.000000
116506286,76,1101110111000000101010111000011010000000010000111101110001110010100111001111,116501529,0,0.100000,1.000000
116506287,75,001101011101000010101111100001101000000001000011010110100011101001001100111,116501530,0,0.100000,1.000000
116506288,81,011010001000111100001011101110000111100000000110001001111111010000111100001011001,116501530,0,0.100000,1.000000
116506289,81,100010100000001001000010101011101001101000000001110010011111110100001110010010111,116501530,0,0.100000,1.000000
116506290,74,01111100101100000010101010100001100000000011001100101111100001001100001100,116501530,0,0.100000,1.000000
116506291,79,0111100000001101000010101011100001101000000001110010001101101000011010010010111,116501530,0,0.100000,1.000000
116506292,73,0111011011000000101010111000011010000000100101101001111001100100110110001,116501530,0,0.000000,0.000000
116506293,75,101100110011000000101010111000011010000000010000100101110100010111100111111,116501530,0,0.100000,1.000000
116506294,70,1010111010000101011111000011010000000011001010101111100110011100101100,116501530,0,0.100000,1.000000
116506295,75,110100001100000000101011100001101000000011000011010111100011100001001100011,116501530,0,0.100000,1.000000
116506296,77,11110000000010100001010101110000110100000000111000001110110100011010011010111,116501530,0,0.100000,1.000000
116506297,75,100101001100000011101011100001101000000001000011010111100011100001001100011,116501530,0,0.080000,0.800000
116506298,77,11010011000110100001010101110000110100000000100001001011111000110111000111001,116501530,0,0.100000,1.000000
116506299,86,00110010010011111100100101010111000011010000000010001001111101011000011110110011100110,116501530,0,0.100000,1.000000
116506300,75,001101011101000010101111100001101000000001000011010110100011101001001100111,116501530,0,0.100000,1.000000
116506301,81,110111011001000100100001011101110100110100000000100010011101100001001110010000011,116501531,0,0.100000,1.000000
116506302,82,0100100110001001000010101011100001101000000001100110011110110100001111101001011100,116501531,0,0.100000,1.000000
116506303,79,0100100110001001000010101011100001101000000001101110011011110100001111010010111,116501531,0,0.100000,1.000000
116506304,81,011010001000110100001010101110000110100000000110001001111111010000111000001011101,116501531,0,0.100000,1.000000
116506305,73,0111101110100001010101111000110100000000100001100110100011101001001100110,116501532,0,0.050000,1.000000
116506306,77,10101100100011000001010101110000110100000100110001001010111100110011100111001,116501532,0,0.050000,1.000000
116506307,82,0011010001000110100001010101110000110100000000110101001111111010000111000001011101,116501532,0,0.050000,1.000000
116506308,82,0110100011001101000110101011100001101000000001110010011111111100001100000010111010,116476974,0,0.050000,0.400000
116506309,75,110101001100000010101011100001101000000001000011010111101011100001001100011,116501532,0,0.050000,1.000000
116506310,79,0111100000001101000010101011100001111000000001110010011101101000011010010010111,116501532,0,0.050000,1.000000
116506311,81,011010001000110100001010101110000110100000000110001001111111010000111100000101110,116501532,0,0.050000,1.000000
116506312,77,10101100100011000001010101110000110100000100110001001010111100110011100111001,116501532,0,0.050000,1.000000
116506313,75,110101001100000010101011100001101000000001000011010111101011100001001100011,116476974,0,0.050000,0.400000
116506314,77,11011001010110000001010101110000110100000000110000010110110001100110101110011,116476974,0,0.050000,0.400000
116506315,77,01011000101000000010101011100101101000000001100011010100110001100111011100010,116508508,0,0.050000,0.600000
116506316,80,10101100100001000000101010111000011010000000010000100101011100011001110011100110,116501532,0,0.050000,1.000000
116506317,75,110101001100000010101011100001101000000001000011010111101011100011001100011,116508508,0,0.050000,0.700000
116506318,85,0010110000010001000000101010111000011110000000010001000111101011000101100110011010101,116501532,0,0.050000,1.000000
116506319,80,11100100101011000001101010111000011010000000011000100101111100011001100011100100,116501534,0,0.066667,1.000000
116506320,74,00111010111010001101010111000011010000000010100100101111101111011000110100,116508495,0,0.060000,0.600000
116506321,75,101010011000000101010111000011010000000010000110101111000111000010011000111,116478439,0,0.066667,0.700000
116506322,74,00111010111010001101010111000011010000000010100100101111101111011000110100,116501534,0,0.066667,1.000000
116506323,75,101010011000000101010111000011010000000010000110101111000111000010011000111,116501534,0,0.066667,1.000000
116506324,73,1011010111010000101010111000011010000000010000110101010001110100100110011,116501534,0,0.066667,1.000000
116506325,75,101010011000000101010111000011010000000010000110101111000111000010011000111,116501534,0,0.066667,1.000000
116506326,74,00111010111010001101010111000011010000000010100100101111101111011000110100,116508495,0,0.060000,0.600000
116506327,75,101010011000000101010111000011010000000010000110101111000111000010011000111,116501534,0,0.066667,1.000000
116506328,80,11100100101011000001101010111000011010000000011000100101111100011000100011100100,116478439,0,0.060000,0.600000
116506329,75,101010011000000101010111000011010000000010000110101111000111000010011000111,116501534,0,0.066667,1.000000
116506330,74,00111010111010001101010111000011010000000010100100101111101111011000110100,116508495,0,0.060000,0.600000
116506331,80,11100100101011000001101010111000011010000000011000100101111100011000100011100100,116501534,0,0.066667,1.000000
116506332,75,101010111000000101010111000011010000000010000101101110001110010100110001111,116501534,0,0.066667,1.000000
116506333,75,101010011000000101010111000011010000000010000110101111000111000010011000111,116501534,0,0.066667,1.000000
116506334,75,001101011101000010101011100001101000000001000011010110100011101001001100111,116501534,0,0.066667,1.000000
116506335,80,01101000100011010000001010111000011110000000011001001111111000000111000100001110,116503229,0,0.200000,1.000000
116506336,71,11110111000000101010111000011010000000010000101101100011100101001100011,116503229,0,0.200000,1.000000
116506337,76,1110100001100000010101011100001101000000001000011010111000011000011011100011,116503229,0,0.200000,1.000000
116506338,77,10010011000100100001011101110000110100000000110001001100110100001010010010111,116503229,0,0.200000,1.000000
116506339,83,01011010000000110100001010101110000110100000000110001001111111000000011100100101110,116503229,0,0.200000,1.000000
116506340,81,011010001000110100001010101110000110100000000110001001111111010000111000000101111,116503229,0,0.200000,1.000000
116506341,73,1111011100000010101011100001101000000001100010110111000111001010011000111,116503229,0,0.200000,1.000000
116506342,79,1110110010000110000010101011100001100000000011100010010101100001100111001110011,116503230,0,0.200000,1.000000
116506343,77,11111011100000010101011100001101000000001000010110111100011000101001101011111,116501514,0,0.200000,1.000000
116506344,75,111101110000001010101110000110100000000100001011011110001110011100110101111,116503230,0,0.200000,1.000000
116506345,87,011101111010000001000010101111100001101000000001101111010110101011000110011100011111000,116503230,0,0.200000,1.000000
116506346,78,010110010001000000110101011100001101000000001100000101111000011001111111010100,116503230,0,0.200000,1.000000
116506347,79,1110110010000110000010101011100001100000000011100010010101100001100111001110011,116501514,0,0.200000,0.700000
116506348,82,1011110001000110000010101011100001101000000001110000011111110101001110000011111010,116501514,0,0.200000,1.000000
116506349,79,1110110010000110000010101011100001100000000011100010010101100001100111001110011,116503230,0,0.200000,1.000000
116506350,81,101111000100011000001010101110000110100000000111000001111111010100111000001111101,116503230,0,0.200000,1.000000
116506351,81,011010001000110100001010101110000110100000000110001001111111110000111000000101111,116503230,0,0.200000,1.000000
116506352,78,010110010001000000110101011100001101000000001100000101111000011001111111010100,116503230,0,0.200000,1.000000
116506353,78,001111100101100000010101011100001101000000001100110011111110000100110000110010,116503230,0,0.200000,1.000000
116506354,78,010110010001000000110101011100001101000000001100000101111000011001111111010100,116503230,0,0.200000,1.000000
116506355,77,10101100100011000001010101110000110100000000110001001010111100110011100111001,116503230,0,0.200000,1.000000
116506356,81,011010001000110100001010101110000110100000000110001001111111110000111000000101111,116503230,0,0.200000,1.000000
116506357,78,010110010001000000110101011100001101000000001100000101111000011001111111010100,116501514,0,0.200000,0.800000
116506358,79,1110110010000110000010101011100001100000000011100010010101100001100111001110011,116503230,0,0.200000,1.000000
116506359,77,11111011100000010101011100001101000000001000010110111100011000101001101011111,116503230,0,0.200000,1.000000
116506360,88,0011001000001111110000010111011100101101000000001000100111110101101001110011001110011010,116503230,0,0.200000,1.000000
116506361,87,011101111010000001000010101111100001101000000001101111010110101011000110011100011111000,116503230,0,0.200000,1.000000
116506362,88,0011001000001111110000010111011100101101000000001000100111110101101001110011001110011010,116503230,0,0.200000,1.000000
116506363,77,10101100100011000001010101110000110100000000110001001010111100110011100111001,116503230,0,0.200000,1.000000
116506364,77,11011001000110000001010101110000110100000000100001000011101001100101000111101,116503230,0,0.200000,1.000000
116506365,78,001111100101100000010101011100001101000000001100110011111110000100110000110010,116501514,0,0.200000,1.000000
116506366,77,11011001000110000001010101110000110100000000100001000011101001100101000111101,116501514,0,0.200000,1.000000
116506367,80,01110100010001101000010101011100001101000000001100010011111110100001110010010111,116503231,0,0.040000,1.000000
116506368,81,011010001000110100001010101110000110100000000110001001111111010000111000000101110,116503231,0,0.040000,1.000000
116506369,76,1110100001100000010101011100001101000000001000011000111000011100001011100011,116508506,0,0.100000,0.800000
116506370,82,1001000001001100000010101011100001101000000001000100110110101101010010011001110011,116503232,0,0.100000,1.000000
116506371,78,011011001000110000001010101110000110100000000110101001011101000100111000111001,116503232,0,0.100000,1.000000
116506372,79,0111100000001101000010101011100001101000000001110010011101101000011010010010111,116503232,0,0.100000,1.000000
116506373,74,10101001100000010101011100001101000000001000011010111100011100001001100011,116490336,0,0.100000,0.800000
116506374,72,011010111010000101010111000011010000000010000110101010001110100100110011,116503233,0,0.100000,1.000000
116506375,72,110100101100000010101011101001101000000001000011010111100011001010011101,116503233,0,0.100000,1.000000
116506376,72,010100101100000010101011101001101000000001000011010111100011001010011101,116503233,0,0.100000,1.000000
116506377,87,011101111010000001000010101011100001101000000001001111010110101011000110011100011111000,116503233,0,0.100000,1.000000
116506378,74,00111010111010001101010111000011010000000010100100101111101111011000110100,116503233,0,0.100000,1.000000
116506379,75,100101001100000010101011100001101000000001000011010111100011100001001100011,116503233,0,0.100000,1.000000
116506380,79,0111100000001101000010101011100001101000000001110010011101101000011010010010111,116503233,0,0.100000,1.000000
116506381,75,011101001100000010101011100001101000000001000011010111101011100001001101011,116503233,0,0.100000,1.000000
116506382,74,10101001100000010101011100001101000000001000011010111101011100001001101011,116503233,0,0.100000,1.000000
116506383,79,1111001100011000000101010111000011010000000011000000111111100011001100011000111,116503233,0,0.100000,1.000000
116506384,86,00110010010011111100100101010111000011010000000010001001111101011000011110110011100100,116503233,0,0.100000,1.000000
116506385,72,011010111010000101010111000011010000000010000110101010001110100100110011,116503233,0,0.100000,1.000000
116506386,83,11001000001011110000110101011100001101000000001000100110110101100011011011000110010,116503233,0,0.100000,1.000000
116506387,74,00111010111010001101010111000011010000000010100100101111101111011000110100,116503233,0,0.100000,1.000000
116506388,73,1111011100000010101011100001101000000001100010110111000111001010011000111,116503234,0,0.100000,1.000000
116506389,78,001111100101100000010101011100001101000000001100110011111110000100110000110010,116503234,0,0.100000,1.000000
116506390,73,1111011100000010101011100001101000000001100010110111000111001010011000111,116503234,0,0.100000,1.000000
116506391,86,00110010000011111100000101010111000011010000000010001001111101011000011110110011100110,116503234,0,0.100000,1.000000
116506392,73,1111011100000010101011100001101000000001100010110111000111001010011000111,116503234,0,0.100000,1.000000
116506393,79,0111100000001101000010101011100001101000000001110010001101101000011010010010111,116503234,0,0.100000,1.000000
116506394,78,110101100100001000000101010111000011010000000011000100101010000110011100111001,116503236,0,0.100000,1.000000
116506395,79,1101100100001000000101010111000011010010000011000100111111100010001100011000111,116500008,0,0.100000,0.700000
116506396,77,01010000101000000010101011100001101001000001100010010111110001100111011100101,116503236,0,0.100000,1.000000
116506397,82,1111000001000100000101010111000010010000000010001001111101011001111100110011110101,116476982,0,0.080000,0.800000
116506398,81,011110010011100010000010101011100001101000000000100110010111110001100111111110010,116503236,0,0.100000,1.000000
116506399,74,11110111000000101010111000011010000000010001011011110001110010100110011111,116476982,0,0.100000,1.000000
116506400,81,011010001000110100001010101110000110100000000110001001111111010000111100000101110,116500008,0,0.100000,0.800000
116506401,80,10101100100001000000101010111000011010000000010000100101011100011001110011100111,116476982,0,0.100000,1.000000
116506402,79,0110100010001101000010101011100001101010000011000100111111101000011110000010111,116503236,0,0.100000,1.000000
116506403,75,101110111000000101000111000011010000000010000101101110001110010100110001111,116490323,0,0.066667,0.700000
116506404,81,011110010011100110000010101011100001101000000000100110010111110001100111111110010,116490323,0,0.066667,0.700000
116506405,81,011110010011100110000010101011100001101000000000100110010111110001100111111110010,116490323,0,0.066667,0.700000
116506406,75,011010111000001010001111000110100000000100001001011101001110010101100001100,116490323,0,0.066667,0.600000
116506407,77,11011001000110000001010101110010110100000000101001001011100000100011000011001,116503240,0,0.066667,1.000000
116506408,77,01001001100010100000101010111000011010000000001000100110111010000111101011011,116503240,0,0.066667,1.000000
116506409,76,0110100001100000010101011100001101000000001000011010011100011100001001100011,116503240,0,0.066667,1.000000
116506410,75,101110111000000101000111000011010000000010000101101110001110010100110001111,116503240,0,0.066667,1.000000
116506411,79,0100100110001001000011101011100001101000000001100110011011110100001111000010111,116490323,0,0.066667,0.700000
116506412,70,0101011000000101010111000011010000000010000110101101000110010000110001,116490323,0,0.066667,0.800000
116506413,77,01001001100010100000101010111000011010000000001000100110111010000111101011011,116490323,0,0.066667,0.700000
116506414,74,11110011000000111010111000011010000001010010101101111000010001100110001111,116503241,0,0.066667,1.000000
116506415,74,11110011000000111010111000011010000001010010101101111000010001100110001111,116503241,0,0.066667,1.000000
116506416,80,01111010001001110000001010101110000110110000000110011101011111001110011111111001,116506694,0,0.053333,0.800000
116506417,77,01011000101000000010101011100001101001000001101010010111110000100111011100001,116473636,0,0.028000,0.700000
116506418,80,01111010001000110000001010101110000110100000000100011001011111001110011111111001,116503241,0,0.066667,1.000000
116506419,73,0110101110100001010101110000110100000000000011010100100011101001001100111,116473636,0,0.028000,0.700000
116506420,83,11001000001011110000110101011100001101000000001000100110110101100011011011000110010,116503246,0,0.100000,1.000000
116506421,86,00110010010011111100000101010111000011010000000010001001111101011000011110100011100110,116503246,0,0.100000,1.000000
116506422,77,11010001000100100001010101110000110100010000100001001011111000110111000111001,116503246,0,0.100000,1.000000
116506423,79,0110100010001101000010101011100001101000000001100010111111101000011110000010111,116465090,0,0.040000,0.800000
116506424,77,01111100101100000010101011100001101000000001100110010111110000100110000110010,116503246,0,0.100000,1.000000
116506425,75,111101001100000010101011100001111000000001000011010111000011100011001100011,116503249,0,0.070000,0.700000
116506426,81,100010100000001001000010101011101001101000000001110010011111110100001110010010111,116465090,0,0.035000,0.700000
116506427,72,011010111010000101010111000011010000000010000110101010001110100100110011,116465090,0,0.040000,0.800000
116506428,81,011010001000111100001011101110000111100000000110001001111111010000111100001011001,116503249,0,0.060000,0.600000
116506429,83,11001000001011110000110101011100001101000000001000100110110101100011011011000110010,116503246,0,0.100000,1.000000
116506430,74,10101001110000010101011100001101000000001000011010111100011100001001100011,116465090,0,0.040000,0.800000
116506431,77,01111100101100000010101011100001101000000001100110010111110000100110000110010,116465090,0,0.040000,0.800000
116506432,81,001111011001011111000001010101100000110100000000100011001011111000110011100111001,116503246,0,0.100000,1.000000
116506433,75,010110010000100000101010111000011010000000011000100101011100011001110111001,116495375,0,0.066667,0.600000
116506434,76,1010100110001001010101110000110100000000100001101011110001110000100110001111,116503247,0,0.066667,0.800000
116506435,77,11010001000110100001010101110000110100000000100001001011111000110111000111001,116488553,0,0.066667,1.000000
116506436,78,110101100100001000000101010111000011010000000011000100101010000110011100111001,116503247,0,0.066667,1.000000
116506437,78,110111010001100000010101011100001101000000001100010101111111001000111101110010,116503247,0,0.066667,1.000000
116506438,78,110101100100001000000101010111000011010000000011000100101010000110011100111001,116488553,0,0.066667,1.000000
116506439,75,010110010000100000101010111000011010000000011000100101011100011001110111001,116495375,0,0.066667,0.600000
116506440,77,11010001000110100001010101110000110100000000100001001011111000110111000111001,116488553,0,0.066667,1.000000
116506441,81,011010001010110100001010101110000110100000000110001001110111110000111000000101110,116495375,0,0.040000,0.600000
116506442,77,11010001000110100001011101110000110100000000110001001011111000110111000111001,116503247,0,0.040000,0.800000
116506443,80,01101000100010000001010101110000110100000000111000001111111010000111000001011101,116503251,0,0.100000,1.000000
116506444,78,110100010001101000010101011100001101000000001000010010111110001101110001100010,116503253,0,0.066667,1.000000
116506445,75,001101011101000010101011100001101000000001000011011110100011101001001100111,116503253,0,0.066667,1.000000
116506446,74,11101100011000000101011111000011010000000010000110101110000110000101110001,116505117,0,0.000000,0.000000
116506447,75,010110010000100000101010111000011010000000011000100101011100011001110111001,116505117,0,0.100000,1.000000
116506448,84,010110100000001101000010101011100001101000000001100010011111110000000111001001011101,116490318,0,0.100000,1.000000
116506449,79,1101011100011000000101010111000011010000000011000000111111100011001100011000110,116506710,0,0.100000,1.000000
116506450,77,01011001100110000001010101110000110100000000100000001011101000101110001110110,116505117,0,0.100000,1.000000
116506451,74,10101001100100010101011100001101000000001000011010111100011100001111100011,116505117,0,0.100000,1.000000
116506452,83,11001000001011100000110101011100001101000000001010100111110101100011010011000110000,116506710,0,0.100000,0.800000
116506453,77,11110100101100000010101011100001101000000001000010010111000011100001011101011,116505117,0,0.100000,1.000000
116506454,79,1101011100011000000101010111000011010000000011000000111111100011001100011000110,116505117,0,0.100000,1.000000
116506455,77,10101100100011000001010101110000110100000000110001001010111100110011100111001,116505117,0,0.100000,1.000000
116506456,77,01011001000100000011010101110000110100000000110000010111100101100111111101010,116505117,0,0.100000,1.000000
116506457,80,10110101000001101000010101011100001101000100001100100111110011000111110010110111,116505117,0,0.100000,1.000000
116506458,74,10101001100000010101011100001101000000001000011010111101011100001001101011,116505117,0,0.100000,1.000000
116506459,74,10101001100100010101011100001101000000001000011010111100011100001111100011,116506710,0,0.100000,0.800000
116506460,83,11001000001011110000110101011100001101000000001000100110110101100011011011000110010,116505117,0,0.100000,1.000000
116506461,75,000110101110100011010101110000110100000000101001001011111011110111001101001,116505117,0,0.100000,1.000000
116506462,79,1101011100011000000101010111000011010000000011000000111111100011001100011000110,116505117,0,0.100000,1.000000
116506463,75,110100001100000010101011100001101000000001000011011111100011000001001100001,116505117,0,0.100000,1.000000
116506464,77,10101100100011000001010101110000110100000000110001001010111100110011100111001,116490318,0,0.100000,1.000000
116506465,70,1010111010000101011111000011010000000011001010101111100110011101101100,116465087,0,0.070000,0.700000
116506466,82,1101110000010001001000010101011100101101000000001000100111011000000011100100000111,116505118,0,0.066667,1.000000
116506467,80,11101100100011000000101010111000011010000001010000100100110100010011100111100101,116465100,0,0.066667,0.800000
116506468,75,011010111000001010001111000110100000000100001001011101001110010101100001100,116505118,0,0.066667,1.000000
116506469,77,11010001000110100001010101110000110100000000100001001011111000110111000111001,116505118,0,0.066667,1.000000
116506470,80,01111010001001010000001010101110000010100000000110011001011111001010011111111001,116465087,0,0.070000,0.700000
116506471,77,01111101110000001010101110000110100000001100001011011110001110010100110101111,116505118,0,0.066667,1.000000
116506472,77,10101100100011000001010101110000110100000000110001001000111100110011100111001,116505118,0,0.066667,1.000000
116506473,78,011010011000110100001010101110000110100000000100001001011111000110111100111001,116505118,0,0.066667,1.000000
116506474,77,10010010101000000101010111000010110100000010000100101111100011001100111100100,116505119,0,0.066667,1.000000
116506475,81,001101000100011000000101010111000011010000100011000100111111100010001001011100010,116505119,0,0.066667,1.000000
116506476,81,001101000100011000000101010111000011010000100011000100111111100010001001011100010,116505119,0,0.066667,1.000000
116506477,82,0100100110001001000010101011100001101000000001100010011110110100001111101001011100,116505119,0,0.066667,1.000000
116506478,70,1010111010000101011111000011010000000011001110101111100110011100101100,116505119,0,0.066667,1.000000
116506479,74,10101001100000010101011100001101000000001000011010111100011100001001100011,116505119,0,0.066667,1.000000
116506480,73,1010000110000001010101110000110101000000100001001011110011100001001100011,116505119,0,0.066667,1.000000
116506481,80,01111011001001111000011010101100000110110000000100011001011111000010011100111001,116505119,0,0.066667,1.000000
116506482,77,10010010101000000101010111000010110100000010000100101111100011001100111100100,116505119,0,0.066667,1.000000
116506483,87,011101111010000001000010101011100001101000000001101111010110101011000110011100011111001,116505120,0,0.050000,1.000000
116506484,79,1101000110011010000101010111000011010000000011000100111111010000111000000101110,116473643,0,0.080000,0.800000
116506485,80,01101000100011010000001010111000011110000000011001001111111000000111000100001110,116505120,0,0.050000,1.000000
116506486,83,01011010000000110100001010101110000110100000000110001001111111000000011100100101110,116505120,0,0.050000,1.000000
116506487,75,101100110011000000101010111000011010000001010000100101110100010111000111011,116473643,0,0.070000,0.700000
116506488,78,010011001000110000001010101110000110100000001100010010111110001000111001110011,116505120,0,0.050000,1.000000
116506489,76,1110100001100000010101011100001101000000001000011010111000011000011011100011,116505120,0,0.050000,1.000000
116506490,75,011101001100000010101011100001101000000001000011010111101011100001001101011,116505120,0,0.050000,1.000000
116506491,81,011010001000110100001010101110000110100000000110001001111111010000111000000101111,116473643,0,0.080000,0.800000
116506492,82,0011010001000110100011010101110000110100000000110101001111111010000111000001011101,116500007,0,0.040000,0.600000
116506493,78,010001001010110000001010101110000110100000001100010010101110001000111001110001,116505121,0,0.066667,1.000000
116506494,83,00011010101000110100001010101110000110100000000110001001111111010000111100100101110,116505121,0,0.066667,1.000000
116506495,70,0101011101000010001011100001101000000011000010101111000110001100111111,116505121,0,0.066667,1.000000
116506496,78,001111100010110010001010101110000110100000000110011001011111000011011000111001,116500007,0,0.033333,0.500000
116506497,80,10101100100001000000101010111000011010001000010000100101011100011001110011100111,116505121,0,0.066667,1.000000
116506498,80,01111011001011111000001010101100000110100000000100011001011111000110011100111001,116505121,0,0.066667,1.000000
116506499,82,0011010001000110100011010101110000110100000000110101001111111010000111000001011101,116500007,0,0.040000,0.600000
116506500,77,11010001000100100001010101110000110100010000101001001011111000110111000111001,116505121,0,0.066667,1.000000
116506501,78,010110010001100000110101011100001101000000001101000101111000011001111101010100,116505122,0,0.066667,1.000000
116506502,82,0111100010001101000010111011100001101000000001100010011111110000001111001001011001,116505122,0,0.066667,1.000000
116506503,70,0101011000000101010111000011010000000010000110101101000110010000110000,116505122,0,0.066667,1.000000
116506504,81,011010001000110100001010101110000110100000000110001001111111010000011100000101110,116505122,0,0.066667,1.000000
116506505,80,01101000100010000001010101110000110100000000111000011111111010000111000001011101,116505122,0,0.066667,1.000000
116506506,78,001011101010110000001010101110000110100000000010011001011110000010011000111001,116505122,0,0.066667,1.000000
116506507,75,011101001100000010101011100001101000000001000011010111101011100001001101011,116505122,0,0.066667,1.000000
116506508,79,0110100010001101000010101011100001101000000011000100111111101000011110000010111,116505122,0,0.066667,1.000000
116506509,78,110101100100001000000101010111000011010000000011000100101010000110011100111001,116505122,0,0.066667,1.000000
116506510,75,101010011000000101010111000011010000000010000110101111000111000011111000111,116505122,0,0.066667,1.000000
116506511,79,1011011001000110000001010101010000110100000000110101001011100000100111000111001,116505122,0,0.066667,1.000000
116506512,79,1111000110011010000101010111000011010000000011000100111111010000111100000101110,116505122,0,0.053333,0.800000
116506513,83,11001000001011110000110101011100001101000000001000100110110101100011011011000110010,116505122,0,0.066667,1.000000
116506514,82,0100100110001001000010101011100001101000000001100010011110110100001111101001011100,116478436,0,0.050000,1.000000
116506515,83,01111000100011010000101010111000011010000000011000100111111101000011110010010111010,116495374,0,0.050000,0.700000
116506516,80,11000010001101000010101011100011101000000001100010011111110100001110000001011100,116481595,0,0.050000,0.700000
116506517,74,10101001100000010101011100001101000000001000011010111100011100001001100011,116505123,0,0.050000,1.000000
116506518,84,010110000010001000000101010111010011010010000010001000111111011000111100110011010101,116505123,0,0.050000,1.000000
116506519,70,1010111010000111010011000011010000000011000010101111010110010100111111,116495374,0,0.050000,0.600000
116506520,80,01011010001001110000001010101110000110100000000110011001011111001110011111111001,116481595,0,0.053333,0.800000
116506521,75,111101110000001010101110000110100100000100001111011110001110011100110011111,116481595,0,0.050000,0.700000
116506522,82,0100100110001001000010101011100001101000000001100010011110110100001111101001011100,116478436,0,0.050000,1.000000
116506523,80,01110100000001101000010101011100001101000000001110010011111110100001010010110111,116505123,0,0.050000,1.000000
116506524,71,11101110000001010101110000110100000000100001011011100011100101001000111,116505123,0,0.050000,1.000000
116506525,82,0011010001000110100001010101110000110100000000110001001111111010000111100100101110,116505123,0,0.050000,1.000000
116506526,80,01101000100011010000101010111000011010000000011000100111111010000111100100101110,116478436,0,0.050000,1.000000
116506527,80,11000010001101000010101011100011101000000001100010011111110100001110000001011100,116505123,0,0.050000,1.000000
116506528,80,01110100000001101000010101011100001101000000001110010011111110100001010010110111,116478436,0,0.053333,1.000000
116506529,81,011010101000110100001010101110000110100000100110001001110111010000111101000101110,116505124,0,0.066667,1.000000
116506530,82,0011010001000110100001010101110000110100000000110001011111111010000111100000101110,116505124,0,0.066667,1.000000
116506531,77,11010001000110100001010101110000110100010000100001001011111000110111000111001,116505124,0,0.066667,1.000000
116506532,79,1110100101011000000101010111000011010000000011000100101111100011000100011101100,116505124,0,0.066667,1.000000
116506533,72,010100101100000010101011101001101000000001000011010101100011001010011101,116505124,0,0.066667,1.000000
116506534,77,10101100100011000001010101110000110100000000110001001010111100110011100111001,116505124,0,0.066667,1.000000
116506535,77,10101100100011000001010101110000110100000000110001001010111100110011100111001,116505124,0,0.066667,1.000000
116506536,79,1101100100011000000101010111001011010010000011000100111111100010001100011000111,116505124,0,0.053333,0.800000
116506537,83,01011010001000110100001010101110000110110000000110001001111111010000111100100101110,116505124,0,0.066667,1.000000
116506538,83,01011010000000110100001010101110000110100000000110001001101111000000011100100101110,116505124,0,0.066667,1.000000
116506539,78,111110111000000101010111000011010000000010000101101111000111001010011010111110,116505124,0,0.066667,1.000000
116506540,77,11010001000110100001010101110000110100000000100011001011111000110111000111001,116505124,0,0.066667,1.000000
116506541,72,110101110100001010101110000110100000100110000101001110001100111001111010,116505124,0,0.066667,1.000000
116506542,74,10101001100000010101011100001101000000001000011010111101011100001001101011,116505125,0,0.040000,1.000000
116506543,83,11001000001011110000110101011100001101000000001000100110110101100011011011000110010,116505125,0,0.040000,1.000000
116506544,76,0011010111010000101010111000011010100000010000110101101000111010010011001111,116505125,0,0.040000,1.000000
116506545,78,110110010101100000010101011100001101000000001100010111111110001010111101110010,116505125,0,0.040000,1.000000
116506546,79,1101011100011000000101010111000011010000000011000000111111100011001100011001110,116505125,0,0.040000,1.000000
116506547,82,1101110100010001001000010101011100001101000000001000100111011000000011100100000111,116505125,0,0.040000,1.000000
116506548,86,00110010010011111100100101010111000011010000000010001001111101011000011110110011100010,116505125,0,0.032000,0.800000
116506549,75,101110111000000101010111000011010000000010000101101110001110010100110001111,116505125,0,0.040000,1.000000
116506550,79,1101011100011000000101010111000011010000000011000000111111100011001100011000110,116505125,0,0.040000,1.000000
116506551,75,111101110000001010101110000110100000000100001011011110001110011100110101111,116505125,0,0.040000,1.000000
116506552,78,110110010101100000010101011100001101000000001100010111111110001010111101110010,116505125,0,0.040000,1.000000
116506553,78,110100010000101000010101011100001101000000001100100101111100000011100100101110,116505126,0,0.066667,1.000000
116506554,75,010110010000100000101010111000011010000000011000100101011100011001110111001,116481596,0,0.053333,0.800000
116506555,74,01111100101100000010101010100001100000000011001100101111100001001100001100,116481596,0,0.040000,0.600000
116506556,80,01110100010001101000010101011100001101000000001100010011111110100001110010010111,116505126,0,0.066667,1.000000
116506557,74,01111100101100000010101010100001100000000011001100101111100001001100001100,116481596,0,0.040000,0.600000
116506558,78,011110110010011110000110101011000001101100000001000110010111110001001110011100,116505126,0,0.066667,1.000000
116506559,79,0111100000001101000010101011100001101000000001110010011001101000011010010010111,116481596,0,0.053333,0.800000
116506560,79,0010111010101100100010101011100101101000000001100110010111010000110110001110011,116505126,0,0.066667,1.000000
116506561,80,11100100101011000000101010111000011010000000011000100101111100011000100011100100,116481596,0,0.053333,0.800000
116506562,75,010110010000100000101010111000011010000000011000100101011100011001110111001,116505126,0,0.066667,1.000000
116506563,81,011010001000110100001010101110000110100000000110001001111111010000111000000101111,116481596,0,0.053333,0.800000
116506564,79,0111100000001101000010101011100001101000000001110010011001101000011010010010111,116505126,0,0.066667,1.000000
116506565,77,01111100001100000010101011100001101000000001100110010111110000100110000110010,116481596,0,0.053333,0.800000
116506566,79,1101011100011000000101010111000011010000000011000000111111100011001100011001110,116505127,0,0.100000,1.000000
116506567,82,1011010001000111100001010101110000111100000000110001001011111010000111100001011101,116495386,0,0.033333,0.500000
116506568,76,0011010111010000101010111000011010100000010000110101101000111010010011001111,116505127,0,0.100000,1.000000
116506569,75,101010011000000101010111000011010000000010000110101111000111000010011000111,116495386,0,0.040000,0.600000
116506570,77,10101100100011100001000101110000110100000000110001001010111100110011100111001,116505127,0,0.080000,0.800000
116506571,82,1101110100010001001000010101011100001101000010001000100111011000000011110100000111,116505127,0,0.040000,0.400000
116506572,83,00011010001000110100001010101110000110100000000110001001111111010000111100100101110,116505127,0,0.100000,1.000000
116506573,81,011010001000110100001010101110000110100000000110001001111101000000111000000101111,116505127,0,0.100000,1.000000
116506574,74,10101001100000010101011100001101000000001000011010111101011100001001101011,116495386,0,0.040000,0.600000
116506575,77,11110100101100000010101011100001101000000001000010010111000011100001011101011,116505127,0,0.100000,1.000000
116506576,81,011010001000110100001010101110000110100000000110001001111111010000111100000101110,116495386,0,0.040000,0.600000
116506577,75,000110101110100011010101110000110100000000101001001011111011110111001101001,116505127,0,0.100000,1.000000
116506578,77,11110100101100000010101011100001101000000001000010010111000011100001011101011,116505127,0,0.100000,1.000000
116506579,80,10110101000001101000010101011100001101000100001100100111110011000111110010110111,116505127,0,0.100000,1.000000
116506580,77,11110100101100000010101011100001101000000001000010010111000011100001011101011,116495386,0,0.040000,0.600000
116506581,74,10101001100000010101011100001101000000001000011010111101011100001001101011,116495386,0,0.040000,0.600000
116506582,75,000110101110100011010101110000110100000000101001001011111011110111001101001,116505127,0,0.100000,1.000000
116506583,74,10101001100000010101011100001101000000001000011010111101011100001001101011,116495386,0,0.040000,0.600000
116506584,74,10101001100000010101011100001101000000001000011010111101011100001001101011,116505127,0,0.100000,1.000000
116506585,79,1101011100011000000101010111000011010000000011000000111111100011001100011001110,116495386,0,0.040000,0.600000
116506586,77,11110100101100000010101011100001101000000001000010010111000011100001011101011,116495386,0,0.040000,0.600000
116506587,83,11011000101011100000110101011100001101000000001001100111110101100011110011000110010,116505128,0,0.066667,1.000000
116506588,83,01011010001000110100001010101110000110110000000110001001111111010000111101100101110,116505128,0,0.066667,1.000000
116506589,81,001110100010001101000010101011100001101000000001100010011111110100001110010010111,116500004,0,0.066667,0.600000
116506590,77,01001001100010100000101010111000011010000000001000100110111010000111101011011,116505128,0,0.066667,1.000000
116506591,86,00110010000011111000000101010111000011010000000010001001111101011000011110110011100110,116505128,0,0.066667,1.000000
116506592,79,0111100000001101000010101011100001101000000001110010111101101000011010010010111,116505128,0,0.066667,1.000000
116506593,76,1111101110000001010101110000110100000000100001010011110001110011100110001111,116500004,0,0.066667,0.600000
116506594,83,01011010000000110100001010101110000110100000000110001001101111000000011100100101110,116500004,0,0.066667,0.600000
116506595,76,1111101110000001010101110000110100000000100001010011110001110011100110001111,116505128,0,0.066667,1.000000
116506596,77,01011001000100000011010101110000110100000000110000010111100101100111111101010,116505128,0,0.066667,1.000000
116506597,75,101010011000000101010111000011010000000010000110101111000011000010011000111,116505128,0,0.066667,1.000000
116506598,81,000110100010001101000010101011100001101000000001100010011111110100001110010010111,116505128,0,0.066667,1.000000
116506599,80,01111000100011010000101010111000011010000100011100100111011010000110100100101111,116505128,0,0.066667,1.000000
116506600,81,011010001000110100001010101110000110100000000110001001111111010000111100000101100,116505129,0,0.066667,1.000000
116506601,76,1110100001100000010101011100001101000000001000011010111000111100001010100011,116505129,0,0.066667,1.000000
116506602,74,10101001000000010101011100001101000000001000011010111101011100001001100111,116505129,0,0.066667,1.000000
116506603,77,11010001000110100001010101110000110100000000100001001011111000110111000111001,116485014,0,0.040000,0.600000
116506604,70,0101011101000010001011100001101000000011000010101111000110001100111111,116485014,0,0.033333,0.500000
116506605,75,111101110000001010101110000110100100000100001111011110001110011100110011111,116505129,0,0.066667,1.000000
116506606,78,001011000101000000010101011100001101000000001100010010111110011100111011100010,116505129,0,0.066667,1.000000
116506607,75,010101001100000010101011100001101000000001000011010111101011100001001101011,116485014,0,0.040000,0.600000
116506608,70,0101011101000010001011100001101000000011000010101111000110001100111111,116505129,0,0.066667,1.000000
116506609,75,101010011000000101010111000011010000000010000110101111000111000011111000111,116505130,0,0.100000,1.000000
116506610,74,00111010111010001101010111000011010000000010100100101111101111011000110100,116505130,0,0.100000,1.000000
116506611,79,1101011100011000000101010111000011010000000011000000111111100011001100011000110,116505130,0,0.100000,1.000000
116506612,70,1010111010000111010111000011010000000011000011101111010110010100111111,116505130,0,0.100000,1.000000
116506613,77,11010001000110100001010101110000110100000000100011001011111000110111000111001,116505130,0,0.100000,1.000000
116506614,77,11010001000110100001010101110000110100000000100001001011111000110111000110001,116505130,0,0.100000,1.000000
116506615,76,0101100100001000001010101110000110100000000110001001010111000110011101110010,116505130,0,0.100000,1.000000
116506616,77,11011001100110000001010101110000110100000000100001011011101000101110001110110,116505131,0,0.050000,1.000000
116506617,77,01011001100110000001010101110000110100000000100001001011101000101110001110110,116505131,0,0.050000,1.000000
116506618,77,01011000101000000010111011100001101001000001101010010111110001100111011100001,116505131,0,0.050000,1.000000
116506619,81,011010001000110100001010101110000110100000000110001001111111010000111100000101110,116505131,0,0.050000,1.000000
116506620,80,01101000100011000001010101110000110100000000111000001111111010100111000001011101,116505131,0,0.050000,1.000000
116506621,75,001101011101000010101011100001101000000001000011010110100011101001001100111,116505131,0,0.050000,1.000000
116506622,81,011010001000110100001010101110000110100000000110001001111111010000111000000101110,116505131,0,0.050000,1.000000
116506623,77,11011001100110000001010101110000110100000000100001011011101000101110001110110,116505131,0,0.050000,1.000000
116506624,82,0110100010101101000010101011100001101000000001100110011111110110001111000001011100,116505131,0,0.050000,1.000000
116506625,81,011010001000110100001010101110000110100000000110001001111111010000111000000101110,116505131,0,0.050000,1.000000
116506626,74,00011010111010001101010111000011010000000010000100101111001101011100110000,116505131,0,0.050000,1.000000
116506627,82,1101110100010001001000010101011100001101000010001000100111011000000011110100000111,116505131,0,0.050000,1.000000
116506628,75,101010111000000101010111000011010000000010000101101110001110010100110001111,116505131,0,0.050000,1.000000
116506629,77,11011001100110000001010101110000110100000000100001011011101000101110001110110,116505131,0,0.050000,1.000000
116506630,79,1111000010011010000101010111000011010000000011000100101111010000111100000101110,116505131,0,0.050000,1.000000
116506631,79,0100100110001001000010101011100001101000000001100110011111110100001111010010111,116505132,0,0.100000,1.000000
116506632,76,1110100001100000010101011100001101000000001000011010111000011000011011100011,116505132,0,0.100000,1.000000
116506633,77,11011001000110000001010101110000110100000100111001001011101000100111000111001,116505132,0,0.100000,1.000000
116506634,81,010010011000100100001010101110000110100000000110001001111111010000111110100101110,116505132,0,0.100000,1.000000
116506635,81,010010011000100100001010101110000110100000000110001001111111010000111110100101110,116505132,0,0.100000,1.000000
116506636,81,010010011000100100001010101110000110100000000110001001111111010000111110100101110,116505132,0,0.100000,1.000000
116506637,81,010010011000100100001010101110000110100000000110001001111111010000111110100101110,116505132,0,0.100000,1.000000
116506638,81,011010001000110100001010101110000110100000000110001001111111010000111100000101110,116505132,0,0.100000,1.000000
116506639,81,011010001000110100001010101110000110100000000110001001111111010000111100000101110,116505132,0,0.100000,1.000000
116506640,86,00110010010011111100100101010111000011010000001010001001111100011000001110110011100110,116505132,0,0.100000,1.000000
116506641,76,1110100001100000010101011100001101000000001000011010111000011000011011100011,116505132,0,0.100000,1.000000
116506642,76,1110100001100000010101011100001101000000001000011010111000011000011011100011,116505132,0,0.100000,1.000000
116506643,81,011010001000110100001010101110000110100000000110001001111111010000011100000101110,116505132,0,0.100000,1.000000
116506644,77,10101100100011100001010101110000110100000000110001001010111100110011100111001,116505132,0,0.100000,1.000000
116506645,79,0100100110001001000010101011100001101000000001100110011111110100001111010010111,116505132,0,0.100000,1.000000
116506646,80,01110100000001101000010101011100001101000000001110010011111110100001110110110111,116505132,0,0.100000,1.000000
116506647,73,1111011100000010101011100001101000000001100010110111000111001010011000111,116505133,0,0.066667,1.000000
116506648,81,010010011000100100001010101110000110100000000111101001111111010000111110100101110,116505133,0,0.066667,1.000000
116506649,79,0011000010011000000101010111000011010000000010001011011010110101101000100111001,116505133,0,0.066667,1.000000
116506650,81,011010101000110100001010101110000110100000100110001001110111010000111101000101110,116488547,0,0.046667,0.700000
116506651,80,11100100101011000000101010111000011010000000011000100101111100011000100011100100,116495383,0,0.053333,0.800000
116506652,80,11100100101011000000101010111000011010000000011000100101111100011000100011100100,116505133,0,0.066667,1.000000
116506653,81,011010001000110100001010101110000110100000000110001001111111010000111100000101110,116505133,0,0.066667,1.000000
116506654,81,101111000001000110000001010101110000110100000000110011001011111001110011111111001,116505133,0,0.066667,1.000000
116506655,79,0111101100100111100000101010110000010010000000010001100101111100011001110011101,116505133,0,0.066667,1.000000
116506656,81,011010001000110100001010101110000110100000000110001001111111010000111100000101110,116495383,0,0.053333,0.800000
116506657,77,10101100100011100001010101110000110100000000110001001010111100110011100111001,116488547,0,0.053333,0.800000
116506658,80,11100100101011000000101010111000011010000000011000100101111100011000100011100100,116505133,0,0.066667,1.000000
116506659,87,011101111010000001000010101011100001101000000001101111010110101011000110011100011111001,116505133,0,0.066667,1.000000
116506660,77,01111100101100000010101011100001101000000001100110010111110000100110000110010,116505133,0,0.066667,1.000000
116506661,81,100010100000001001000010101011101001101000000001110010011111110100001110010010111,116505133,0,0.066667,1.000000
116506662,79,0011000010011000000101010111000011010000000010001011011010110101101000100111001,116505133,0,0.066667,1.000000
116506663,73,1111011100000010101011100001101000010001100010110111000111001010011000111,116505133,0,0.066667,1.000000
116506664,88,0011001000001111110000010111011100101101000000001000100111111101101001110011001110011010,116505134,0,0.100000,1.000000
116506665,84,001011010000000110100001010101110000110100000000110001001111111000000111100110101110,116490330,0,0.040000,0.600000
116506666,82,0011010001001110100001010101110000110100000000110001001111111010000111000001011101,116505134,0,0.100000,1.000000
116506667,70,1010111010000111010111000011010000000011000010101111010110010100111111,116490330,0,0.040000,0.600000
116506668,79,0111100000001101000010101011100001101000000001110010011101101000110010010010111,116490330,0,0.040000,0.600000
116506669,82,0011010001001110100001010101110000110100000000110001001111111010000111000001011101,116505134,0,0.100000,1.000000
116506670,74,00111010111010001101010101000011010000000010100100101111101111011000110100,116505134,0,0.080000,0.800000
116506671,79,0111100000001101000010101011100001101000000001110010011101101000110010010010111,116490330,0,0.040000,0.600000
116506672,72,011010111010000101010111000011010000000010000110101010001110100100110011,116505134,0,0.100000,1.000000
116506673,82,0110100011001101000110101011100011101000000001110010011111111100001100000010111010,116505134,0,0.100000,1.000000
116506674,79,0111100000001101000010101011100001101000000001110010011101101000110010010010111,116505134,0,0.100000,1.000000
116506675,80,01101000100011010000101010111000011010000000011000100111111010000111100100101110,116490330,0,0.040000,0.600000
116506676,82,0111100010001101000010111011100001101000000001100010011111110100001110001001011101,116505135,0,0.200000,1.000000
116506677,74,00011010111010001101010111000010010000000010100100101111101111011100110100,116505135,0,0.200000,1.000000
116506678,77,01111100101100000010101011100001101000001001100110010111110000100110000110010,116505135,0,0.160000,0.800000
116506679,82,1011010001000111100001010101110000111100000010110001001011111010000111100001011101,116505135,0,0.200000,1.000000
116506680,82,1011010001000111100001010101110000111100000010110001001011111010000111100001011101,116505135,0,0.200000,1.000000
116506681,81,011010001000111100001011101110000111100000000110001001111111010000111100001011001,116505135,0,0.200000,1.000000
116506682,74,00011010111010001101010111000011010000000010100100101111101111011100110100,116505135,0,0.200000,1.000000
116506683,77,01001001100010100000101010111000011010000000001000100110111010000111101011011,116505135,0,0.200000,1.000000
116506684,77,01111100101100000010101011100001101000000001100110010111110000100110000110010,116505135,0,0.200000,1.000000
116506685,79,1101100101011000000101010111000011010010000011000000101111100011101101011100110,116505135,0,0.200000,1.000000
116506686,75,111010000110000001010101110000110100000000100001101011100001110000011100011,116505135,0,0.200000,1.000000
116506687,75,011101001100000010101011100001101000000001000011010111101011100001001101011,116505135,0,0.200000,1.000000
116506688,75,101010011000000101010111000011010000000010000110101111000111000010011000111,116505135,0,0.200000,1.000000
116506689,77,01001001100010100000101010111000011010000000001000100110111010000111101011011,116505135,0,0.200000,1.000000
116506713,75,101110111000000101010111000011010000000010000101101110001110010100110001111,116459871,0,0.000000,1.000000
116506714,79,0111100000001101000010101011100001101000000001110010011101101000011010010010111,116459871,0,0.000000,1.000000
116506715,75,101100110011000000101010111000011010000000010000100101110100010111100111111,116459872,0,0.000000,1.000000
116506716,74,10101001100000110101011100001101000000001000011010111101011100001001101011,116459872,0,0.000000,1.000000
116506717,76,0001101011101000110101011100001101000000001010010010111110111101110011010011,116461655,0,0.000000,1.000000
116506718,80,01101000100010000001010101110000110100000000111000011111111110000111000001011101,116461655,0,0.000000,0.800000
116506719,84,110010000010111100001101010111000011010000000010001001101101011000110110110001100101,116461656,0,0.000000,1.000000
116506720,86,01110111101000000100001010101110000110100000000110111101011010101100011001110001110100,116461656,0,0.000000,1.000000
116506721,76,1011110010110000001010101110000110100000001100110010111110000100110000110010,116461656,0,0.000000,1.000000
116506722,79,1101011100011000000101010111000011010000000011000000111111100011001100011001110,116461673,0,0.000000,1.000000
116506723,79,1101011100011000000101010111000011010000000011000000111111100011001100011000110,116461673,0,0.000000,1.000000
116506724,81,010010011000100100001010101110000110100000000110001001111111010000111100100101110,116463286,0,0.000000,1.000000
116506725,84,111001000011011100000110101011100001101000000001000100111111101100011010011000110010,116463286,0,0.000000,1.000000
116506726,72,011010111010000101010111000011010000000010000110101010001110100100110011,116463286,0,0.000000,1.000000
116506727,78,010011001000110000001010101110000110100000001100010010111110001000111001110011,116463286,0,0.000000,1.000000
116506728,75,011101001100000010101011100001101000000001000011010111101011100001001101011,116463286,0,0.000000,1.000000
116506729,75,111101110000001010101110000110100000000100010110111100011100101001101011111,116463286,0,0.000000,1.000000
116506730,80,01101000100010000001010101110000110100000000111000001111111010000111000001011101,116463291,0,0.000000,1.000000
116506731,74,10101001100000010101011100001101000000001000011010111100011001010011000101,116463291,0,0.000000,1.000000
116506732,81,011010001000110100001010101110000110100000000110001001111111010000111100000101110,116463291,0,0.000000,1.000000
116506733,79,1001001100010010000101010111000011010000000011100100111111101000011111010001110,116463291,0,0.000000,1.000000
116506734,79,1101100101011000000101010111000011010000000011000000101111100111001101011100110,116463291,0,0.000000,1.000000
116506735,74,10101001000000010101011100001101000000001000011010111001011100001001100001,116463291,0,0.000000,1.000000
116506736,79,1001001100010010000101010111000011010000000011100100111111101000011111010001110,116503239,0,0.000000,0.800000
116506737,79,0011000010011000100101010111000011010000000010001011011010110101101001100111001,116463291,0,0.000000,1.000000
116506738,79,0110100010001101000010101011100001101000000011000100111111101010011110000010111,116463291,0,0.000000,1.000000
116506739,80,01101000100010000001010101110000110100000000111000001111111010000111000001011101,116508489,0,0.000000,0.700000
116506740,76,1010100001100000010101011100001101000000001000011010111000111100001010100011,116503239,0,0.000000,0.800000
116506741,80,01111011001001111000001010101100000100100000000100011001011111000110011100111001,116463291,0,0.000000,1.000000
116506742,80,11000010001101000010101011100011101000000001100010011111110100001110000001011100,116508489,0,0.000000,0.600000
116506743,75,101010011000000101010111000011010000000010000110100111000111000010011000111,116465087,0,0.000000,1.000000
116506744,75,001101011101000010101011100001101000000001000011010110100011101001001100111,116465087,0,0.000000,1.000000
116506745,75,101100110011000100101010111000011010000001010000100101110100010111000111011,116465087,0,0.000000,1.000000
116506746,83,11001000001011100000110101011100001101000000001010100111110101100011010011000110000,116465087,0,0.000000,1.000000
116506747,74,10101001100100010101011100001101000000001000011010111100011100001111100011,116465087,0,0.000000,1.000000
116506748,74,10101001010000010101011100001101000000001000011010111101011100001001100011,116465087,0,0.000000,1.000000
116506749,75,111010111000001010101111000110100000000100001001011111001110010101100001100,116465087,0,0.000000,1.000000
116506750,72,110100101100000010101011101001101000000001000011010111100011001010011101,116465087,0,0.000000,1.000000
116506751,74,00011010111010001111010111000011010001000010000100101111001101011100110000,116465087,0,0.000000,1.000000
116506752,77,11110100001100000010101011100001101000000001000011010111000011100001011100011,116465087,0,0.000000,1.000000
116506753,76,1011110010110000001010101110000110100000001100110010111110000100110000110010,116465087,0,0.000000,1.000000
116506754,79,0011000010011000000101010111000011010000000010001011011010110101101000100111001,116465087,0,0.000000,1.000000
116506755,78,010011001000110000001010101110000110100000001100010010111110001000111001110011,116465087,0,0.000000,1.000000
116506756,80,01110100010001101000010101011100001101000000001100010011111110100001110010010111,116465089,0,0.000000,1.000000
116506757,79,1001001100010010000101010111000011010000000011100100111111101000011111010001110,116465089,0,0.000000,1.000000
116506758,77,01001000101000000010101011100100101000000001100011010111110001100011011110010,116465089,0,0.000000,1.000000
116506759,82,1101110100010001001000010101011100001101000000011000100111011000000011100100000111,116465089,0,0.000000,1.000000
116506760,75,010110010000100000101010111000011010000000011000100101011100011001110111001,116465089,0,0.000000,1.000000
116506761,75,100000100011010000101010111000011010000000010000100011111000110111000111001,116465090,0,0.000000,1.000000
116506762,76,1101100101010000010101010111000011010000000011000101111111000101011110111001,116465090,0,0.000000,1.000000
116506763,77,01011001100110000001010101110000110100000000100001001011001000101110001110110,116465090,0,0.000000,1.000000
116506764,78,101011001000110000001010101110000110100000000100001001001101000100111000111001,116465100,0,0.000000,1.000000
116506765,82,0110100010101101000010101011100001101000000001100110011111110100001111000001001100,116465100,0,0.000000,1.000000
116506766,77,11010001000110100001010101110000110100010000100001001011111000110111000111001,116505118,0,0.000000,0.600000
116506767,77,01110100001100000010101011100001101000000001000011010110000011100001011100011,116465100,0,0.000000,1.000000
116506768,78,010010001010000000101010111001001010000000011000110101111100011000110111100100,116465100,0,0.000000,1.000000
116506769,77,01001001100010100000101010111000011010000000001000100110111010000111101011011,116508496,0,0.000000,0.800000
116506770,77,10101100100011000001010101110000110100000000110001001010111100110011100111001,116465102,0,0.000000,1.000000
116506771,82,1101110100010001001001010101011100001101000000001000100111011000000011100100000111,116465102,0,0.000000,1.000000
116506772,79,0110100010001101000010101011100001101010000011000100111111101000011110000010111,116465102,0,0.000000,1.000000
116506773,74,11110111001001101010111000011010000000010010101101111000010001100110001111,116466864,0,0.000000,1.000000
116506774,74,10101001100000010101011100001101000000001000011010111101011100001001100011,116466864,0,0.000000,1.000000
116506775,72,101011100000101010111100011010000000010000100101111001110010101100001100,116466864,0,0.000000,1.000000
116506776,82,1011010001000110100001010101110000110100000000110001001111110010000111100100101110,116466864,0,0.000000,1.000000
116506777,80,01111011001011111000001010101100000110100000000100011001011111000110011100111001,116466864,0,0.000000,1.000000
116506778,75,101110110110000001010101110000110100000000100101101001111001100100110110001,116466864,0,0.000000,1.000000
116506779,77,01011001000100000011010101110000110100000000110000010111100101100111111101010,116466864,0,0.000000,1.000000
116506780,77,11001001010110000001000101110000110100000000110100001011111000110011000110010,116466864,0,0.000000,1.000000
116506781,82,1101110100010001001000010101011100001101000010001000100111011000000011110100000111,116466865,0,0.000000,1.000000
116506782,79,1101011100011000000101010111000011010000000011000000111111100011001100011000110,116466865,0,0.000000,1.000000
116506783,86,00110000000011111100000101010111000011010000000010001001111101011000011110110011100110,116466868,0,0.000000,1.000000
116506784,79,1001001100010010000101010111000011010000000011100100111111101000011111010001110,116508490,0,0.000000,0.800000
116506785,81,011010001000110100001010101110000110100000000110001001111111010000111100000101110,116468449,0,0.000000,1.000000
116506786,79,0001011101010110000001010101110000010100000000010011001011110000010011000111001,116468450,0,0.000000,1.000000
116506787,79,0111100000001101000010101011100001101000000001110010001101101000011010010010111,116468454,0,0.000000,1.000000
116506788,80,01111010001001110000001010111110000110100000000110011001011111001110011110111001,116468454,0,0.000000,1.000000
116506789,82,1001000001001100000010101011100001101000000001000100110110101101010010011001110011,116468455,0,0.000000,1.000000
116506790,76,1110100001100000010101011100001101000000001000011010111000011000011011100011,116468455,0,0.000000,1.000000
116506791,81,011010001000110100001010101110000110100000000110001001111111110000111000000101111,116468455,0,0.000000,1.000000
116506792,86,01110111101000000100001010101110000110100000000110111101001010101100011001110001111100,116468456,0,0.000000,1.000000
116506793,81,011110100010001100000010101011100001101000000101100110010111110011100111111110011,116468456,0,0.000000,1.000000
116506794,82,0110101010001001000010101011100001101000100001101010011111010100011011001001011101,116468456,0,0.000000,1.000000
116506795,83,11001000001011100000110101011100011101000000001000100110110101100011011011000110010,116468457,0,0.000000,1.000000
116506796,77,11010001000110100001010101110000110100000001101001001011111000110111000110001,116468457,0,0.000000,1.000000
116506797,79,0111100000001101000010101011100001101000000001110010011101101000011010010010111,116468457,0,0.000000,1.000000
116506798,81,011010001000110101001010101110000110100000000110001001111111010000111000001101110,116468457,0,0.000000,1.000000
116506799,81,011010001000110100001010101110000110100000000110001001111111010000111000000101110,116468457,0,0.000000,1.000000
116506800,84,100011010001000110100001010101110000110100000000110001001111111010000111100100101110,116468460,0,0.000000,1.000000
116506801,81,100010100000001001010010101011101001101000000001110010011111110100001110110010111,116468460,0,0.000000,0.800000
116506802,77,01011001000100000011010101110000110100000000110000010111100101100111111101010,116468460,0,0.000000,1.000000
116506803,79,0110100010001101000010101011100001101000000001100010011111110100011100000010111,116468460,0,0.000000,1.000000
116506804,82,1011010001000110100001010101110000110100000000110001001111111010000011100000101110,116468460,0,0.000000,1.000000
116506805,86,00110000000011111100000101010111000011010000000010001001111101011000011110110011100110,116468460,0,0.000000,1.000000
116506806,84,100011010001000110100001010101110000110100000000110001001111111010000111100100101110,116468460,0,0.000000,1.000000
116506807,81,100010100000001001010010101011101001101000000001110010011111110100001110010010111,116468460,0,0.000000,1.000000
116506808,77,11010001000110100001010101110000110100000000100001001011111000110111000110001,116468460,0,0.000000,1.000000
116506809,81,100010100000001001010010101011101001101000000001110010011111110100001110010010111,116468460,0,0.000000,1.000000
116506810,78,111001001010110000001010101110000110100000000110001010111110001100110001110010,116468460,0,0.000000,1.000000
116506811,81,010011001000110000010101011100001101000000001110000011111110100001110000010111011,116468460,0,0.000000,1.000000
116506812,78,111001001010110000001010101110000110100000000110001010111110001100110001110010,116468460,0,0.000000,1.000000
116506813,81,011010101000110100001010101110000010100000100110001001110111010000111101000101110,116468460,0,0.000000,1.000000
116506814,81,011010001000110100001010101110000110100000000110001001111111010000111000000101111,116468460,0,0.000000,1.000000
116506815,76,1111101110000001010101110000110100000000100001011011110001110010100110011111,116468460,0,0.000000,1.000000
116506816,79,0010110001010100000101010111000011010000000011000100101101100111001100111000101,116468461,0,0.000000,1.000000
116506817,80,01111011001001111000001010101100000110100000000100011001011111000110011100111001,116468461,0,0.000000,1.000000
116506818,74,11110111000000101010111000011010000000010000101101110001110010100110001111,116468461,0,0.000000,1.000000
116506819,77,01010000101000000010101011100001101001000001100010010111110001100111011100101,116468461,0,0.000000,1.000000
116506820,81,010010011000100100001010101110000110100001000111101001111111010100111110100101110,116468462,0,0.000000,1.000000
116506821,79,1110110010001000000110101011100000001000000001100010010111110000100110001110010,116468462,0,0.000000,1.000000
116506822,78,111101100101111100000101101100000110100000000100011001011111000110011100111001,116468462,0,0.000000,1.000000
116506823,77,10101100100011000001010101110000110100010000110001001010111100110011100111001,116468462,0,0.000000,1.000000
116506824,80,11100100101011000000101010111000011010000000011000100101111100011000100011100100,116468462,0,0.000000,1.000000
116506825,75,001101011101000010101011100001101000000001000011010110100011101001001100111,116470078,0,0.000000,1.000000
116506826,82,1001000001001100000010101011100001101000000001000100110111101001011010011001111011,116476973,0,0.000000,0.600000
116506827,86,01110111101000000100001010101110000110100000000110111101011010101100011001110001110100,116470081,0,0.000000,1.000000
116506828,74,10101001100000010101011100001101000000001000011010111101011100001001100011,116470081,0,0.000000,1.000000
116506829,74,10101001100000010101011100001101000000001000011010111101011100001001101011,116470081,0,0.000000,1.000000
116506830,71,11000111010000101010111000011010000000011000010101111000110011100111101,116470081,0,0.000000,1.000000
116506831,77,01011001000100000011010101110000110100000000110000010111100101100111111101010,116470081,0,0.000000,1.000000
116506832,80,01111000100011010000101010111000011010000100011100100111011010000110100100101111,116470083,0,0.000000,1.000000
116506833,81,011000001000010100001010101110000110100000000110001001111111010000111100000101110,116470083,0,0.000000,1.000000
116506834,83,00110100110101101000010101011100001101000000001100010011111110100001111001001011101,116470083,0,0.000000,1.000000
116506835,76,1110110001100000010101011100001101000000001000011010111000011100001011100011,116508492,0,0.000000,1.000000
116506836,78,100101110100010000001010101110000110100000000110011001011111000010011000011001,116508492,0,0.000000,1.000000
116506837,70,1010111010000101011111000011010000000011001010101111100110011101101100,116470086,0,0.000000,1.000000
116506838,77,01011001100110000001010101110100110100000000100001001011101000101110001110110,116478442,0,0.000000,0.700000
116506839,77,11011001000110000001010101110000100100000000100001000011101001100101000111101,116470086,0,0.000000,1.000000
116506840,81,011010001000111100001011101110000111100000000110001001111111010000111100001011001,116470087,0,0.000000,1.000000
116506841,86,01110111101000000100001010101110000110100000000110111101011010101100011001110001110100,116470087,0,0.000000,1.000000
116506842,82,0111101000100011000000101010111000011010000001011001100101111100111001111111100110,116470088,0,0.000000,1.000000
116506843,77,01001001100010100000101010111000011010000000001000100110111010000111101011011,116470088,0,0.000000,1.000000
116506844,79,0111100000001101000010101011100001101000000001110010011101101000011010010010111,116470090,0,0.000000,1.000000
116506845,82,0111100010001101000010111011100001101000000001100010011111110000001111001001011001,116506691,0,0.000000,0.400000
116506846,81,011110001000110100001110101110000110100000000110001001111110010000111100000101100,116470090,0,0.000000,1.000000
116506847,88,0011001000001111110000010101011100001101000000001000100111110101100001111011001110011000,116470090,0,0.000000,1.000000
116506848,75,010110010000100000101010111000011010000000011000100101011100011001110111001,116470090,0,0.000000,1.000000
116506849,74,10101001100000010101011100001101000000001000011010111100011100001001100011,116470090,0,0.000000,1.000000
116506850,78,101011001000110000001010101110000110100000000100001001001101000100111000111001,116470090,0,0.000000,1.000000
116506851,83,11001000001011100000110101011100001101000000001000100110110101100011011011000110010,116470090,0,0.000000,1.000000
116506852,73,1111011100000010101011100001101000000001000010110111000111001010011000111,116470090,0,0.000000,1.000000
116506853,78,101011001000110000001010101110000110100000000100001001001101000100111000111001,116470090,0,0.000000,1.000000
116506854,77,10101100100011000001010101110000110100000000110001001010111100110011100111001,116470092,0,0.000000,1.000000
116506855,75,110100001100000000101011100001101000000011000011010111100011100001001100011,116470092,0,0.000000,1.000000
116506856,76,1111101110000001010101110000110100000000100001010011110001110011100110001111,116470092,0,0.000000,1.000000
116506857,82,0011010001000110100001010101110000110100000000110001001111111010000111100100101110,116470092,0,0.000000,1.000000
116506858,79,0111100000001101000010101011100001101000000001110010011101101000011010010010111,116470092,0,0.000000,1.000000
116506859,83,01011010000000110100001010101110000110100000000110001001101111000000011100100101110,116470092,0,0.000000,1.000000
116506860,79,0111100000001101000010101011100001101000000001110010111101101000011010010010111,116470092,0,0.000000,1.000000
116506861,83,01011010000000110100001010101110000110100000000110001001111111000000011100100101110,116470092,0,0.000000,1.000000
116506862,80,10101100100001000000101010111000001010000000011000100101011100010001110011100110,116470093,0,0.000000,1.000000
116506863,79,0111100000001101000010101011100001101000000001110010011101101000011010010010111,116488558,0,0.000000,0.400000
116506864,84,111001000001011100000110101011100011101000000001000100111111101100011010011000110010,116470093,0,0.000000,1.000000
116506865,81,011110100010001100000010101011100001101000000001100110010111110011100111111110011,116470093,0,0.000000,1.000000
116506866,77,10010011000100100001011101110000110100000000110001001100110100001010010010111,116470093,0,0.000000,1.000000
116506867,79,0100100110001001000010101011100001101000000001101110011011110100101111010010111,116470093,0,0.000000,1.000000
116506868,80,11100100101011000000101010111000011010000000011000100101111100011000100011100100,116470093,0,0.000000,1.000000
116506869,81,011010101000110100001010101110000110100010000110010011111010100011111001001011111,116470093,0,0.000000,1.000000
116506870,84,111001000001011100000110101011100011101000000001000100111111101100011010011000110010,116470093,0,0.000000,1.000000
116506871,76,1010110010000100000101010111000011010000000011000100101011100011001110111001,116471674,0,0.000000,1.000000
116506872,73,1101011100000101010111100011010000000010000100101111100111001010110000110,116471674,0,0.000000,1.000000
116506873,77,01110100001100000010101011100001101000000001000011010110000011100001011100011,116471674,0,0.000000,1.000000
116506874,86,00110010010011111100100101010111000011010000000010001001111101011000011110110011100100,116471682,0,0.000000,1.000000
116506875,71,10101110000101010111100011010000000010000100101111100111001010110000110,116478442,0,0.000000,0.700000
116506876,74,01111011101000110101011100001111000000001000111010110100011101001001100111,116471682,0,0.000000,1.000000
116506877,81,011010001000110100001010101110000110100000000110001001111111010000111000001011101,116478442,0,0.000000,0.800000
116506878,75,101010011000000101010111000011010000000010000110101111000111000011111000111,116478442,0,0.000000,0.800000
116506879,84,111011000101011100000010101011100011101000000001000100111110100100011110011001110010,116471682,0,0.000000,1.000000
116506880,75,111101001100000010101011100001111000000001000011010111000011100011001100011,116471684,0,0.000000,1.000000
116506881,80,01101000100010000001010101110000110100000000111000001111111010000111000001011101,116471684,0,0.000000,1.000000
116506882,77,10011011111010000101010111000011011000000010000110101101000110010010011001111,116471684,0,0.000000,1.000000
116506883,74,11010011000001010101111000110100000000100001001011111001010010101100001100,116488544,0,0.000000,0.800000
116506884,80,01101000100011000001010101010000110100000000111000001111111010000111000001011101,116471685,0,0.000000,1.000000
116506885,77,11111011100000010101011100001101000000001000010110111100011100101001101011111,116471693,0,0.000000,1.000000
116506886,80,01111010001001110000001010101110000110100000000110011001011111001110011111111001,116471693,0,0.000000,1.000000
116506887,75,111101110000001010101010000010100000000100001011011100001110011100100001111,116471694,0,0.000000,1.000000
116506888,78,001011000101000000010101011100001101010000001100010010101110011100110011100010,116471694,0,0.000000,1.000000
116506889,81,001101000110011010000101010111010011010000000110001001111111010000111010101010101,116471694,0,0.000000,1.000000
116506890,81,101110100010101001000010101011000001101000000001010100111110000010011100110010110,116473635,0,0.000000,1.000000
116506891,77,11010001000110100001010101110000110100000000100001001011111000110111000110001,116473635,0,0.000000,1.000000
116506892,77,11110000100110100001010101110000110100000000110001010111101000011110000010111,116473635,0,0.000000,1.000000
116506893,80,01110000000000101000010101011100001101000000001110010011111110100001110010010111,116473635,0,0.000000,1.000000
116506894,81,101110100010101001000010101011000001101000000001010100111110000010011100110010110,116473635,0,0.000000,1.000000
116506895,79,1101011100011000000101010111000011010000000011000000111111100011001100011000111,116473636,0,0.000000,1.000000
116506896,88,0011001000001111110000010101011100001101000000001000100111110101100001111011001110011000,116473636,0,0.000000,1.000000
116506897,77,11001001010110000001000101110000110100000000100001001011111000110011000010010,116503241,0,0.000000,0.700000
116506898,80,01101000100010000001010101110000110100000000111000011111111010000111000011011101,116473636,0,0.000000,1.000000
116506899,74,00011010111010001101010111000011010000000010000100101111001101011100110000,116473639,0,0.000000,1.000000
116506900,79,1101101101011000000101010111000011010000000011000000101111100011001101011100110,116473641,0,0.000000,1.000000
116506901,73,1101011100001010101111000110100000000100101001011111001110010101100001100,116473643,0,0.000000,1.000000
116506902,84,111001000011011100000110101011100001101000000001000100111111101100011010011000110010,116473643,0,0.000000,1.000000
116506903,73,1110101110100001010101110000110100000000110000101001110001100111001111010,116473643,0,0.000000,1.000000
116506904,74,10101001100000010101011100001101000000001000011010111100011100001111100011,116473643,0,0.000000,1.000000
116506905,86,00110010000011111100000101010111000011010000000010001001111101011000011110110011100110,116473643,0,0.000000,1.000000
116506906,75,111101110000001010101110000110100000000100001001011110001110010100110001111,116473643,0,0.000000,1.000000
116506907,73,1110101110100001010101110000110100000000110000101001110001100111001111010,116473643,0,0.000000,1.000000
116506908,78,010011001000110100001010101110000110100000001100010010111110011000111001110011,116473643,0,0.000000,1.000000
116506909,82,0110100011001101000110101011000001101000000001110010011111111100001100000010111010,116473643,0,0.000000,1.000000
116506910,82,1101110000010001001000010101011100101101000000001000100111011000000011100100000111,116473643,0,0.000000,1.000000
116506911,81,011010101000110100001010101110000110100000000110001001110111010000111101000101110,116475175,0,0.000000,1.000000
116506912,78,011011001000110000101010101110010110110000000110101001011101000000111000111001,116475180,0,0.000000,1.000000
116506913,74,11110111000000101010111000011010000000010000101101110001110010100110001111,116475180,0,0.000000,1.000000
116506914,81,011010001000110100001010101110000110100000000110001001111111010000111100000101110,116475180,0,0.000000,1.000000
116506915,80,01110100010001101000010101011100001101000000001100010011111110100001110010010111,116475180,0,0.000000,1.000000
116506916,79,0111100000001101000010101011100001101000000001110010011101101000011010010010111,116475183,0,0.000000,1.000000
116506917,78,110100010001000000010101011100001101000000001100010111111110001010111101110010,116480035,0,0.000000,1.000000
116506918,75,111010111000001010101111000111100000000100001001011111001110010101100001100,116475187,0,0.000000,0.800000
116506919,82,0011010001000110100001010101110000110100000000110001001111111010000111100100101110,116475187,0,0.000000,1.000000
116506920,76,1010110010000100000101010111000011010000000011000100101011100011001110111001,116475187,0,0.000000,1.000000
116506921,70,0101011000000101010111000011010000000010000110101101000110010000110001,116476973,0,0.000000,0.600000
116506922,76,1010110010000100000101010111000011010000000011000100101011100011001110111001,116476972,0,0.000000,1.000000
116506923,73,1101011101000010101011110001101000000001100001010011100011001110011110100,116476976,0,0.000000,1.000000
116506924,74,10101001100000010100011100001101010000001000011010111100011100001001100011,116476976,0,0.000000,1.000000
116506925,73,1101011101000010101011110001101000000001100001010011100011001110011110100,116476976,0,0.000000,1.000000
116506926,77,10010010101100000010101011100001010000100011000110101111100011000100011100100,116476982,0,0.000000,1.000000
116506927,75,111101110000001010101110000110100000000100010110111100011100101001101011111,116476982,0,0.000000,1.000000
116506928,79,1101100100001000000101010111000011010010000011001100111111100010001100011000111,116476982,0,0.000000,0.800000
116506929,82,1011010001000111100001010101110000110100000000110001001011111010000111100001011101,116476982,0,0.000000,1.000000
116506930,75,101010111000000101010111000011010000000010000101101110001110010100110001111,116476984,0,0.000000,1.000000
116506931,79,1110110010001100000010101011100001101000000001000010010011010001001110011110010,116476987,0,0.000000,1.000000
116506932,80,01101000100001010000101010111100011010000000011001001111111000000111100100001110,116476987,0,0.000000,1.000000
116506933,79,0111100000001101000010101011100001101000000001110010011101101000011010010010111,116476987,0,0.000000,1.000000
116506934,74,10101001100000010101011100001101000000001000011010111101011100001001100111,116476987,0,0.000000,1.000000
116506935,77,11010001000100100001010101110000110100010000101001001011111000110111000111001,116476987,0,0.000000,1.000000
116506936,70,0101011101000010001011100001101000000011000010101111001110001100111111,116478433,0,0.000000,1.000000
116506937,73,0111101010100001010101111000110100000000100001100110100011101001001100110,116478433,0,0.000000,1.000000
116506938,70,1010111010000111010111000011010000000011000010101111010110010100111111,116478433,0,0.000000,1.000000
116506939,79,0111100000001101000010001011100001101000000001110010011101101000011010010010111,116478435,0,0.000000,1.000000
116506940,86,00110010010011111100100101010111000011010000000010001001111101011000011110110011100110,116478435,0,0.000000,1.000000
116506941,78,111010001000110100001010100110000110100000000100000001011111000110111000111001,116478435,0,0.000000,1.000000
116506942,82,0010010001000110111001010111110000110100000000111001001111111010000110000001011101,116478435,0,0.000000,1.000000
116506943,82,0110100010101101000010101011100001101000000001100110011111110100001111000001001100,116478435,0,0.000000,1.000000
116506944,79,1011011001000110000001010101010000110100000000110101001011100000100111000111001,116508494,0,0.000000,0.800000
116506945,78,101011101000110000001110101111000110100000000110011001111110100100110001110010,116495374,0,0.000000,0.600000
116506946,79,1011011001000110000001010101010000110100000000110101001011100000100111000111001,116508494,0,0.000000,0.800000
116506947,79,0011110000001101000010101011100001100000000001110010011101101000011010010010001,116508494,0,0.000000,0.800000
116506948,79,0011110000001101000010101011100001100000000001110010011101101000011010010010001,116495374,0,0.000000,0.600000
116506949,79,1011011001000110000001010101010000110100000000110101001011100100100111000111001,116478436,0,0.000000,1.000000
116506950,77,11110100001100000010101011100001101000000001000011010111000011100001011100011,116508494,0,0.000000,1.000000
116506951,72,110100101100000010101011101001101000000001000011010111100011001010011101,116495374,0,0.000000,0.600000
116506952,82,0111100010001101000010101011100001101000000001100010011111111100001111001001011101,116478436,0,0.000000,1.000000
116506953,77,11110100001100000010101011100001101000000001000011010111000011100001011100011,116478436,0,0.000000,1.000000
116506954,82,0111100010001101000010101011100001101000000001100010011111111100001111001001011101,116505123,0,0.000000,0.800000
116506955,81,011010001000110100000010101110000110100000000110001001111111010000111000000101110,116508494,0,0.000000,0.800000
116506956,78,110100010001001000010101011100001101000100001000010010111110001101110001110011,116478437,0,0.000000,1.000000
116506957,72,011010111010000101010111000011010000000010000110101010001110100100110011,116478437,0,0.000000,1.000000
116506958,82,0110110011001101000110101011100001101000000001110010011111111100001100000010111010,116478437,0,0.000000,1.000000
116506959,80,01111011001001111000011010101100010110110000000100011001011111000010011100111001,116492278,0,0.000000,0.500000
116506960,81,011010101000110100001010101110000110100000100110001001110111010000111101000101110,116492278,0,0.000000,0.700000
116506961,73,1101011100000101010111000011010000000010000100101111000111001000010000010,116478437,0,0.000000,1.000000
116506962,86,00110010010011111100100101010111000011010000000010001001111101011000011110110011100110,116478437,0,0.000000,1.000000
116506963,77,01001000101000000010101011100101101000000001100011010111110001100011011110010,116478437,0,0.000000,1.000000
116506964,79,0011000010011000000101010111000011010000000010001011011010110101101000100111001,116478438,0,0.000000,1.000000
116506965,88,0011001000001111110000010101011100001101000000001000100111110101100001111011001110011000,116478438,0,0.000000,1.000000
116506966,79,1110100101011000000101010111000011010000000011000100101111100011000100011101100,116478438,0,0.000000,1.000000
116506967,75,010101001100000010101011100001101000000001000011010111101011100001001101011,116478439,0,0.000000,1.000000
116506968,74,10101001010000010101011100001101000000001000011010111101011100001001100011,116501534,0,0.000000,0.600000
116506969,75,101101110000001010101010000010100000000100001011010100001110011100100001111,116501534,0,0.000000,0.500000
116506970,77,10010010101000000101010111000010110100000010000100101111100011001100111100100,116478439,0,0.000000,1.000000
116506971,81,011010001000110100001010101110000110100000000110001001111111010000001100000101110,116508495,0,0.000000,0.700000
116506972,75,011011010100000010101011100001010000000011000000101111100011001101011100110,116478440,0,0.000000,1.000000
116506973,79,0100100110001001000011101011100001101000000001100110011011110100001111000010111,116478440,0,0.000000,1.000000
116506974,73,1111011100000010101011100001101000000001100010110111000111001010011000111,116478441,0,0.000000,1.000000
116506975,75,111101111000001010101110010110100000000100001001011110001110010100110001111,116478441,0,0.000000,1.000000
116506976,82,1001000001001100000010101011100001101000000001000100111110101001011010011001110011,116478441,0,0.000000,1.000000
116506977,84,111001000001011100000110111011100011101000000001000100111111101100011010011000110010,116478441,0,0.000000,1.000000
116506978,81,011010001000110101001010101110000110100000000110001001111111010000111000001101110,116478441,0,0.000000,1.000000
116506979,77,01001000101000000010101011100101101000000001100011010111110001100011011110010,116478441,0,0.000000,1.000000
116506980,82,1001000001001100000010101011100001101000000001000100110111101001011000011001110011,116478441,0,0.000000,1.000000
116506981,73,1111011100000010101011100001101000000001100010110111000111001010011000111,116503238,0,0.000000,0.700000
116506982,76,1011110010110000001010101110000110100000001100110010111110000100110000110010,116503238,0,0.000000,0.600000
116506983,81,010010011000000100001010101110000110100000000111001001111111010000111110100101110,116478441,0,0.000000,1.000000
116506984,82,0100100110001001000010101011100001101000000001100010011111110100001111101001011100,116503238,0,0.000000,0.700000
116506985,74,01101011101001010101011100001101000000001000011010110100011101001000100111,116478441,0,0.000000,1.000000
116506986,80,01111011001001111000001010101100000110100000000100011001011111000110011100111001,116478441,0,0.000000,1.000000
116506987,75,110101001100000010101011100001101000000001000011010111101011100001001100011,116503238,0,0.000000,0.700000
116506988,80,01111010001000110000001010101110000110100000000100011001011111001110011111111001,116471682,0,0.000000,0.600000
116506989,82,0111100010001101000010101011100001101000000001100010011111110100001111001001011101,116471682,0,0.000000,0.600000
116506990,80,01111010001000110000001010111110000110100000000110011001011111001110011111111001,116470086,0,0.000000,0.800000
116506991,77,01001001100010100000101010111000011010000000001000100110111010000111101011011,116471682,0,0.000000,0.500000
116506992,74,11010011000001010101111000110100000000100001001011111001010010101100001100,116478442,0,0.000000,1.000000
116506993,76,0111101110000001010101010000010100000000100001011011100001110011100100001111,116478442,0,0.000000,1.000000
116506994,75,010110010000100000101010111000011010000000011000100101011100011001110111001,116478442,0,0.000000,1.000000
116506995,77,01010000101000000010101011100001101001000001100010010111110001100111011100101,116470086,0,0.000000,0.600000
116506996,81,001101000110011010001101010111010011010000000110001001111111010000111010101010101,116478442,0,0.000000,1.000000
116506997,81,101110100010101001000010101011000001101000000001010100111110000010011100110010110,116478443,0,0.000000,1.000000
116506998,78,110110010101000001010101011100001101000000001100010111111110001010111101110010,116478445,0,0.000000,1.000000
116506999,79,0101100010100000001000101110010110100000000110000101011111000110011101110001010,116478446,0,0.000000,1.000000
116507000,72,011110111010100101010111100011010000000010000110011010001110100100110011,116478447,0,0.000000,1.000000
116507001,72,011110111010100101010111100011010000000010000110011010001110100100110011,116478447,0,0.000000,1.000000
116507002,77,11010001000110101001010101110000110100000000100001001011111000110111000110001,116478448,0,0.000000,1.000000
116507003,79,1101100101011000000101010111000011010000000011000000101111100011001101011100110,116478448,0,0.000000,1.000000
116507004,86,00110010010011111100100101010111000011010000001010001001111100011000001110110011100110,116478448,0,0.000000,1.000000
116507005,85,0011001000001111110000010101011101001101000000001000100101101011000011010110011100111,116478448,0,0.000000,1.000000
116507006,82,1001000001001100000110101011100001101000000101000100110111101001011010011001110011,116478448,0,0.000000,1.000000
116507007,83,01101000101011010000101010111000011010000000011001100111111101000011110000010011000,116478448,0,0.000000,1.000000
116507008,79,1101100101011000000101010111000011010000000011000000101111100011001101011100110,116478448,0,0.000000,1.000000
116507009,83,11011000101011100000110101011100001101000000001001100111110101100011110011000110010,116478448,0,0.000000,1.000000
116507010,70,1010111010000111010111000011010000000011000010101111010110010100111111,116478448,0,0.000000,1.000000
116507011,75,101010111000000101010111000011010000000010000101111110001110010100110001111,116478448,0,0.000000,1.000000
116507012,86,01110111101000000100001010101110000110100000000110111101001010101100011001110001111100,116478448,0,0.000000,1.000000
116507013,79,0110010010001100000010101011100001101000001001000010101111010001000111101010010,116506708,0,0.000000,0.700000
116507014,79,1001001100010010000101010111000011010000000111100100111111101000011111010001110,116478453,0,0.000000,1.000000
116507015,79,0110010010001100000010101011100001101000001001000010101111010001000111101010010,116478453,0,0.000000,1.000000
116507016,79,0111100000001101000010100111100001101000000001110010001101101000011011010010111,116506708,0,0.000000,0.800000
116507017,75,010110010000100000101010111000011010000000011000100101011100010001110111001,116478453,0,0.000000,1.000000
116507018,81,011010101000110100001010101110000110100000100110001001110111010000111101000101110,116478453,0,0.000000,1.000000
116507019,79,1001001100010010000101010111000011010000000111100100111111101000011111010001110,116506708,0,0.000000,0.700000
116507020,78,111001001010110000001010101110000110100000000110001010111110001100110001110010,116506708,0,0.000000,0.800000
116507021,78,011011001000110000101010101110010110110000000110101001011101000000111000111001,116506708,0,0.000000,0.600000
116507022,77,10001101011101000010101011100001100000000001000011010110100010101000001100111,116506708,0,0.000000,0.700000
116507023,81,011010101000110100001010101110000110100000100110001001110111010000111101000101110,116478453,0,0.000000,1.000000
116507024,78,011011001000110000101010101110010110110000000110101001011101000000111000111001,116478453,0,0.000000,1.000000
116507025,81,011010001000110100001010101110000110100000000110001001111111110000111000000101111,116480035,0,0.000000,1.000000
116507026,73,1101011100000101010111000011010000000010000100101111000111001000010000010,116496905,0,0.000000,1.000000
116507027,75,101010011000000101010111000011010000000010000110101111000111000010011000111,116480035,0,0.000000,1.000000
116507028,77,01001001010110000001000101110000110100000000110100001011111000110011000110010,116496905,0,0.000000,0.800000
116507029,75,101010011000000101010111000011010000000010000110101111000111000010011000111,116480035,0,0.000000,1.000000
116507030,78,010011001000110100001010101110000110100000001100010010111110011000111001110011,116480035,0,0.000000,1.000000
116507031,75,110100001100000010101011100001101000000001000011010011100011100001001110011,116480035,0,0.000000,1.000000
116507032,82,1011010001000110100001010101110000110100000000110001001111110010000111100100101110,116480035,0,0.000000,1.000000
116507033,74,00011010111010001101010111000011010000000010100100101111101111011100110100,116496905,0,0.000000,0.800000
116507034,77,01001001010110000001000101110000110100000000110100001011111000110011000110010,116480035,0,0.000000,1.000000
116507035,81,001010001000110000010100011100001101000000001110000011111110100001110000010111011,116496905,0,0.000000,0.800000
116507036,83,11001000001011110000110101010100001101000000001000100110110101100011011011000110010,116480035,0,0.000000,1.000000
116507037,74,10101001010000010101011100001101000000001000011010111101011100001001100011,116480035,0,0.000000,1.000000
116507038,77,01001001100010100000101010111000011010000000001000100110111010000111101011011,116480035,0,0.000000,1.000000
116507039,76,1011110010110000001010101110000110100000001100110010111110000100110000110010,116475183,0,0.000000,0.700000
116507040,74,00011010111010001101010111000011010000000010100100101111101111011100110100,116480035,0,0.000000,1.000000
116507041,80,01111011001011111000001010101100000110100000000100011001011111000110011100111001,116475183,0,0.000000,0.700000
116507042,74,10101001100000010101011100001101000000001000011010111100011100001001100011,116480035,0,0.000000,1.000000
116507043,82,0100100110000001000010101011100001101000000001100010011111110100001111101001011101,116480036,0,0.000000,0.800000
116507044,80,01111011001001111000001010101100000110100000000100011001011111000110011100111001,116480036,0,0.000000,1.000000
116507045,72,110100101100000010101011101001101000000001000011010111100011001010011101,116480037,0,0.000000,1.000000
116507046,81,011010001000110100001010101110000110100000000110001001111111010000111000000101110,116480038,0,0.000000,1.000000
116507047,74,10101001100000010101011100001101000000001000011010111101011100001001110011,116480038,0,0.000000,0.800000
116507048,88,0011001000001111110000010101011100001101000000001000100111110101100001111011001110011000,116480039,0,0.000000,1.000000
116507049,81,011010001000110100001010101110000110100000000110001001111111010000011100000101110,116480041,0,0.000000,1.000000
116507050,79,1110100101011000000101010111000011010000000011000100101111100011000100011101100,116480042,0,0.000000,1.000000
116507051,81,011010001000110100001010101110000110100000000110001001111111010000111100000101110,116480043,0,0.000000,1.000000
116507052,76,0110100001100000010101011100001101000000001000011010111100011100001001100011,116480043,0,0.000000,1.000000
116507053,76,1111101110000001110101110000110100000000100001010011110001110011100110001111,116480045,0,0.000000,1.000000
116507054,80,01101000100001010000101010111000011010000000011001001011111000000111100100101110,116480045,0,0.000000,1.000000
116507055,81,010010011000100100001010101110000110100000000110001001111111010000111110100101110,116490321,0,0.000000,0.800000
116507056,81,011010101000110100001010101110000110100000000110001001111111010100111100000101110,116480047,0,0.000000,1.000000
116507057,83,01111000100011010000101010111000011010000000011000100111111101000011110010010111010,116495374,0,0.000000,0.700000
116507058,70,1010111010000101010111000010010000000011000010101111000100011100111101,116481595,0,0.000000,1.000000
116507059,70,1010111010000101010111000010010000000011000010101111000100011100111101,116481595,0,0.000000,1.000000
116507060,82,0011010001000110100001010101110000110100000000110001001111111010000111100100101110,116481595,0,0.000000,1.000000
116507061,82,0110101010001001000010101011100001101000100001101010011111010100001011001001011101,116495374,0,0.000000,0.600000
116507062,70,1010111010000101010111000010010000000011000010101111000100011100111101,116481595,0,0.000000,1.000000
116507063,70,1010111010000101010111000010010000000011000010101111000100011100111101,116478436,0,0.000000,0.800000
116507064,75,111010011000100101010111000011010000000010000110101111000111000010011000111,116478436,0,0.000000,0.800000
116507065,77,10010010101000000101010111000011010100000010000100101111100011001100111100100,116481596,0,0.000000,1.000000
116507066,80,01101000100011000001010101110000110100000000111000001111111010000111000001011101,116481596,0,0.000000,1.000000
116507067,86,00110000000011111100000101010111000011010000000010001001111101011000011110110011100110,116481596,0,0.000000,1.000000
116507068,80,01110100010001101000010101011100001101000000001100010011111110100001110010010111,116481596,0,0.000000,1.000000
116507069,74,01111100101100000010101010100001100000000011001100101111100001001100001100,116481596,0,0.000000,1.000000
116507070,66,010111001001010101110000110100000000110001101010100011001110011110,116481598,0,0.000000,1.000000
116507071,77,01011000000100000011010101110000110100000000110000010111100101100111111101010,116481598,0,0.000000,1.000000
116507072,77,10101100100011000001010101110000110100000000110001001010111100110011100111001,116481598,0,0.000000,1.000000
116507073,79,1100100101011000000101000111000011010000000011000110101111100011000100011100100,116481598,0,0.000000,1.000000
116507074,66,010111001001010101110000110100000000110001101010100011001110011110,116481598,0,0.000000,1.000000
116507075,80,01111010001001110000001010101110000010110000000110011101011111001110011111111101,116500009,0,0.000000,0.700000
116507076,79,1101011100011000000101010111000011010000000011000000111111100011001100011001110,116481600,0,0.000000,1.000000
116507077,81,011010001000110100001010101110000110100000000110001001111111010000111100000101110,116481602,0,0.000000,1.000000
116507078,76,1111101110000001010101110000110100000000100001010011110001110011100110001111,116481602,0,0.000000,1.000000
116507079,74,11010011000001010101111000110100000000100001001011111001110010101000001100,116481602,0,0.000000,1.000000
116507080,78,010110010001100000110101011100001101000000001101000101111000011001111101010100,116481606,0,0.000000,1.000000
116507081,81,001010001000110100001010101110001110100000000110001001111111010000111110000101110,116481606,0,0.000000,1.000000
116507082,81,001110100010001101000010101011100001101000000001100010011111110100001110010010111,116481606,0,0.000000,1.000000
116507083,79,0111100000001101000010101011100001101000000001110010011101101000011010010010111,116481607,0,0.000000,1.000000
116507084,82,0111100010001101000010101011100001101000000001100010011111110100001110001001011101,116498412,0,0.000000,0.600000
116507085,81,001110100010001101000010101011100001101000000001100010011111110100001110010010111,116498412,0,0.000000,0.600000
116507086,84,010110000010001000000101010111010011010000000010001000111111011000111100110011010101,116481607,0,0.000000,1.000000
116507087,77,10010010101000000101010111000010110100000010000100101111100011001100111100100,116498412,0,0.000000,0.500000
116507088,81,001110100010001101000010101011100001111000000001100010011111110100001110010010111,116481607,0,0.000000,0.800000
116507089,79,0111100000001101000010101011100001101000000001110010011101101000011010010010111,116481607,0,0.000000,1.000000
116507090,82,0111100010001101000010101011100001101001000001100010011111110100001110001001011101,116498412,0,0.000000,0.600000
116507091,81,001110100010001101000010101011100001101000000001100010011111110100001110010010111,116481607,0,0.000000,1.000000
116507092,79,1101000100011010000101010111000011010000000110001001111111010000011100000101110,116498412,0,0.000000,0.600000
116507093,81,011010001000110100001010101110000110110000000110001001111111010000111100000101110,116481607,0,0.000000,1.000000
116507094,79,0111100000001101000010101011100001101000000001110010011101101000011010010010111,116481607,0,0.000000,1.000000
116507095,75,111101110000001010101110010110100100001100001111011110001110011100110011111,116481607,0,0.000000,1.000000
116507096,81,011010001000110100001010101110000110100000000110001001111111010000011100000101110,116481607,0,0.000000,1.000000
116507097,86,01110111101000000100001010101110000110100000000110111101011010101100011001110001110100,116481607,0,0.000000,1.000000
116507098,74,10101001100000010101011100001101000000001000011010111101011100001001100011,116481607,0,0.000000,1.000000
116507099,74,10101001100000010101011100001101000000001000011010111101011100001001100011,116481607,0,0.000000,1.000000
116507100,74,10101001100000010101011100001101000000001000011010111101011100001001100011,116506696,0,0.000000,1.000000
116507101,78,010011001000110100001010101110000110100000001100010010111110011000111001110011,116506696,0,0.000000,0.800000
116507102,86,00110010010011111100100101010111000011010000000010001001111101011000011110110011100110,116481609,0,0.000000,1.000000
116507103,75,101010111000000101010111000011010000000010000101101110001110010100110001111,116481610,0,0.000000,1.000000
116507104,83,01011010000000110100001010101110000110100000000110001001101111000000011100100101110,116481610,0,0.000000,1.000000
116507105,76,1110100001100000010101011100001101000000001000011010111000011100001010100011,116481610,0,0.000000,1.000000
116507106,82,1001000001001100000010101011100001101000000001000100111110101000011010011001110011,116481610,0,0.000000,1.000000
116507107,77,10010010101000000101010111000011010100000010000100101111100011001100111100100,116481611,0,0.000000,1.000000
116507108,74,11101000011000000101010111000011010000000010000110101110000111000001110001,116481611,0,0.000000,1.000000
116507109,77,01010000101000000010101011100001101001000001100010010111110001100111011100101,116481611,0,0.000000,1.000000
116507110,81,010010011000100100001010101110000110100000000110001001111111010000111110100101110,116481611,0,0.000000,1.000000
116507111,71,01110111000001010101110000110100000000100001011011100011100101001100011,116481611,0,0.000000,1.000000
116507112,82,0000101010001101000010101011100001101000100011100100111110101000111110010010111110,116481611,0,0.000000,0.800000
116507113,81,011010001000110100001010101110000110100000000110001001111111010000111100000101110,116481611,0,0.000000,1.000000
116507114,75,111101110000001010101110000110100000000100010110111100011100101001101011111,116481611,0,0.000000,1.000000
116507115,77,01010000101000000010101011100001101001000001100010010111110001100111011100101,116481611,0,0.000000,1.000000
116507116,76,1001001100010010000101010111000011010000001110001001101111010000111101001111,116481611,0,0.000000,1.000000
116507117,74,10101001000000010101011100001101000000001000011010111001011100001001100001,116481611,0,0.000000,1.000000
116507118,77,01011001000100000011010101110000110100000000110000010011100101100111111101010,116481611,0,0.000000,1.000000
116507119,82,0111100010001101000010111011100001101000000001100010011111110100001111001001011101,116481611,0,0.000000,1.000000
116507120,79,0111100000001101000010101011100001101000000001110010111101101000011010010010111,116481611,0,0.000000,1.000000
116507121,80,01101000100011010000101010111000011010000000011000100111111010000111100100101110,116481611,0,0.000000,1.000000
116507122,76,1110100001110000010101011100001101000000000010011010111000111100001011100011,116481611,0,0.000000,1.000000
116507123,80,10101100100001000000101010111000011010000000010000100101011100011001110011100111,116481611,0,0.000000,1.000000
116507124,79,1101001101011000000101010111000011010000000011100000101111100011001101011100110,116481611,0,0.000000,1.000000
116507125,80,01101000100011010000101010111000011010000000011001001011111000000111100100101110,116481611,0,0.000000,1.000000
116507126,79,0111100000001101000010101011100001101000000001110010011101101000011010010010111,116481611,0,0.000000,1.000000
116507127,82,0000101010001101000010101011100001101000100001100100111110101000111110010010111110,116481611,0,0.000000,1.000000
116507128,70,1010111010000101011111000011010000000011001010101111100110011100101100,116481613,0,0.000000,1.000000
116507129,78,111010010101100000010101011100001101000000001100010010101110001100100011101100,116481613,0,0.000000,1.000000
116507130,82,0111100010001101000010111011100001111000000001100010011111110000001111001001011001,116481615,0,0.000000,1.000000
116507131,81,010010011000100100001010101110000110100000000111001001111111010000111110100101110,116483539,0,0.000000,1.000000
116507132,79,1101100101011000000101010111000011010000000011000000101111100011001101011100110,116483539,0,0.000000,1.000000
116507133,76,1110100001100000010101011100001101000000001000011010111000011100001001100011,116483539,0,0.000000,1.000000
116507134,73,1001001100000010101011100001101000000001100010010111110101110010001110110,116483540,0,0.000000,1.000000
116507135,77,11011001010110000001010101110000100100000000100001000011101001100101000111101,116483543,0,0.000000,1.000000
116507136,77,01111100101100000010101011100001101000000001100110010111110000100110000110010,116483543,0,0.000000,1.000000
116507137,82,0110100011001101000110101011000001101000000001110010011111111100001100000010111010,116483543,0,0.000000,1.000000
116507138,77,11011001010110000001010111110000100100100000100001000011101001100101000111101,116483543,0,0.000000,0.700000
116507139,73,1101011100000101010111000011010000000010000100101111000111001000010000010,116483543,0,0.000000,1.000000
116507140,82,1011000001000110100001010101110000110100000000110001001111111000000111100100101110,116483543,0,0.000000,1.000000
116507141,70,0101001100000010101011100001101000000001000011010111100010010110101001,116483543,0,0.000000,1.000000
116507142,82,0110100011001101000110101011000001101000000001110010011111111100001100100010111010,116483543,0,0.000000,1.000000
116507143,70,0101001100000010101011100001101000000001000011010111100010010110101001,116483543,0,0.000000,1.000000
116507144,78,110110010101100000010101011100001101000000001100010111111110001010111101110010,116483543,0,0.000000,1.000000
116507145,73,1101011100000101010111000011010000000010000100101111000111001000010000010,116483543,0,0.000000,1.000000
116507146,77,01111100101100000010101011100001101000000001100110010111110000100110000110010,116483543,0,0.000000,1.000000
116507147,83,11001000001011100000110101011100001101000000001000100111110101100011010011000110010,116483543,0,0.000000,1.000000
116507148,82,0100100110001001000010101011100001101000000001100010011110110100001111101001011100,116483543,0,0.000000,1.000000
116507149,83,10100100110001001000010101011100001101000000001100010011110110100001111101001011100,116483543,0,0.000000,1.000000
116507150,70,0101001100000010101011100001101000000001000011010111100010010110101001,116483543,0,0.000000,1.000000
116507151,86,00110010010011111100100101010111000011010000000010001001111101011000011110110011100110,116483545,0,0.000000,1.000000
116507152,79,0111100000001101000010101011100001101000000001110010011101101000011010010010111,116483545,0,0.000000,1.000000
116507153,81,011010001000110100001010101110000110100000000110001001111111010000111000001011101,116483546,0,0.000000,1.000000
116507154,81,010111010001000100110001011101110000110110000000100010011101100001001110010000011,116483549,0,0.000000,1.000000
116507155,81,011010001000110100001010101110000110100000000110001001111111010000111100000101110,116508499,0,0.000000,1.000000
116507156,73,1111011100000010101011100001101000000001000010110111000111001010011000111,116508499,0,0.000000,1.000000
116507157,81,011101000100111010000101010110000011010000001011100100111111101001011100100101111,116508499,0,0.000000,0.700000
116507158,79,0111100000001101000010101011100001101000000001110010011101101000011010010010111,116483550,0,0.000000,1.000000
116507159,74,00111010111010001101010111000011010000000010100100111011101111011100110100,116483550,0,0.000000,1.000000
116507160,79,0011111000101100100010101011100001101000000001100110010111110000110110001110010,116483551,0,0.000000,1.000000
116507161,72,101010011000000100101110000110100000000100001101011110001110000111110011,116483551,0,0.000000,1.000000
116507162,79,0011000010011000000101010111000011010000000010001011011010110101101000100111101,116500013,0,0.000000,1.000000
116507163,83,01011010000000110100001010101110000110100000000110001001111111000000011100100101110,116484996,0,0.000000,1.000000
116507164,76,1011110010110000001010101110000110100000001100110010111110000100110000110010,116484996,0,0.000000,1.000000
116507165,81,011010001000110100001010101010000110100000000110001001111111010000111100000101110,116484996,0,0.000000,1.000000
116507166,82,0100100110001001000010101011100001101000000001100010011111110100001111101001011101,116484996,0,0.000000,1.000000
116507167,76,1011110010110000001010101110000110100000001100110010111110000100110000110010,116484996,0,0.000000,1.000000
116507168,77,11001001010110000001000101110000110100000000110100001011111000110011000110010,116484998,0,0.000000,1.000000
116507169,79,0100100110001001000010101011100001101000000001100110011111110100001111010010111,116484998,0,0.000000,1.000000
116507170,77,11001001010110000001000101110000110110000000110100001011111000110011000110010,116484998,0,0.000000,0.800000
116507171,79,1101011100011000000101010111000011010000000011000000111111100011001100011001110,116484999,0,0.000000,1.000000
116507172,79,1011011001000110000101010101110000110110000000110101001011101000000111000111001,116484999,0,0.000000,1.000000
116507173,73,1111011100000010101011100001101000000001000010110111000111001010011000111,116485000,0,0.000000,1.000000
116507174,83,01011010001000110100001010101110000110100000000110001001111111000000111000100101110,116485002,0,0.000000,1.000000
116507175,81,011010001000110100001010101110000110100000000110001001111111010000111100000101110,116485002,0,0.000000,1.000000
116507176,78,110100010000101000010101011100001101000000001100100101111100000011100100101110,116485002,0,0.000000,1.000000
116507177,86,00110010000011111000000101010111000011010000000010001001111101011000011110110011100110,116485002,0,0.000000,1.000000
116507178,80,01101000100011010000101010111000011010000000011001001011111000000111100100101110,116485002,0,0.000000,1.000000
116507179,79,0000100110001001000010101011100001101000000001100110011111110100001111010010111,116485002,0,0.000000,1.000000
116507180,78,110100010000101000010101011100001101000000001100100101111100000011100100101110,116485002,0,0.000000,1.000000
116507181,83,01011010001000110100001010101110000110100000000110001001111111000000111000100101110,116485002,0,0.000000,1.000000
116507182,83,11001000001011100000110101011100001101010000001000100110110101100011011011000110010,116485002,0,0.000000,1.000000
116507183,75,010110010000100000101010111000011010000000011000100101011100011001110111001,116485002,0,0.000000,1.000000
116507184,74,10101001100000010101011100001101000000001000011010111100011100001001100010,116485002,0,0.000000,1.000000
116507185,77,01111101110000001010101110010110100000000100001011011110001110010100110101111,116485002,0,0.000000,1.000000
116507186,78,110100010000101000010101011100001101000000001100100101111100000011100100101110,116485002,0,0.000000,1.000000
116507187,78,110100010000101000010101011100001101000000001100100101111100000011100100101110,116485002,0,0.000000,1.000000
116507188,77,01111101110000001010101110010110100000000100001011011110001110010100110101111,116485002,0,0.000000,1.000000
116507189,78,011110110010111110000010101011000001101000000001000110010111110011001110011100,116485003,0,0.000000,1.000000
116507190,81,011010001000110100001010101110000110100000000110001001111101010000111100000101110,116468455,0,0.000000,0.800000
116507191,74,10101001100000010101011100001101000000001000011010111100011100001001100011,116468455,0,0.000000,0.800000
116507192,79,0111100000001101000010101011100001101000000001110010011101101000011010010010111,116468455,0,0.000000,0.800000
116507193,79,1101000110011010000101010111000010010000000011000100111111010000111000000101110,116485003,0,0.000000,1.000000
116507194,72,011010111010000101010111000011010000000010000110101010001110100100110011,116485004,0,0.000000,1.000000
116507195,79,0100100110001001000010101011100001101000000001100110011111110100001111010010111,116485004,0,0.000000,1.000000
116507196,78,011011001000110000101010101110000110110000000110101001011101000000111000111001,116490328,0,0.000000,0.600000
116507197,83,11001000001011100000110101011100001101000000001000100110110101100011011011000110010,116485004,0,0.000000,1.000000
116507198,82,0111100010001101000010101011100001101000000001100010011111110100001111001001011101,116508500,0,0.000000,1.000000
116507199,77,10010011000100100001011101110000110100000000110001001100110100001010010010111,116485008,0,0.000000,1.000000
116507200,78,011011001000110000101010101110000110110000000110101001011101000000111000111001,116485008,0,0.000000,1.000000
116507201,79,0011011001000110000101010101110000110110000000110101001011001000000111000111001,116485009,0,0.000000,1.000000
116507202,75,110101010010100010010101011100001101000000001100110010011100001000100111011,116485009,0,0.000000,1.000000
116507203,85,1110111010000001000010101011100001101000000001101111010110101011000110011100011111000,116485009,0,0.000000,1.000000
116507204,70,0100011000000101010111000011010000000010000110100101000110010000110001,116485012,0,0.000000,1.000000
116507205,75,111101110000001010101110000110100000000100001011011110001110011101110101111,116485012,0,0.000000,1.000000
116507206,82,1001000001001100000010101011100001101000000001000100111110101001011010011001110011,116485012,0,0.000000,1.000000
116507207,79,1010110010000100000010101011100001101000000001000010010101110001100111001110011,116485012,0,0.000000,1.000000
116507208,79,0011000010011000000101010111010011010000000010001011011010110101101000100110001,116485012,0,0.000000,1.000000
116507209,82,1111000001000100000101010111000011010000001010001001111101011001111100110011110101,116485012,0,0.000000,1.000000
116507210,77,11010001000110100001010101110000110100000000100001001011111000110111000111001,116485012,0,0.000000,1.000000
116507211,78,010110010001000000110101011100001101000000001100000101111000011001111111010100,116485012,0,0.000000,1.000000
116507212,77,01001001100010100000101010111000011010000000001000100110111010000111101011011,116485012,0,0.000000,1.000000
116507213,78,010110010001000000110101011100001101000000001100000101111000011001111111010100,116485012,0,0.000000,1.000000
116507214,80,01101000100011000001010101110000110100000000111000001111111010000011000001011101,116485014,0,0.000000,1.000000
116507215,84,010110000010001000000101010111000011110000000010001100111101011000111100110011010101,116485014,0,0.000000,1.000000
116507216,77,11110100001100000010101011100001101000000001000011010111000011100001011100011,116485014,0,0.000000,1.000000
116507217,82,1101110100010001001000010101011100001101000000001000100111011000000011100100000111,116485014,0,0.000000,1.000000
116507218,79,1110100101011000000101010111000011010000000011000100101111100011000100011101100,116485014,0,0.000000,1.000000
116507219,76,1110100001100000010101011100001101000000001000011010111000111100001010100011,116485014,0,0.000000,1.000000
116507220,79,0100100110001001000010101011100001101000000001100110011111110100001111010010111,116485014,0,0.000000,1.000000
116507221,75,010101001100000010101011100001101000000001000011010111101011100001001101011,116485014,0,0.000000,1.000000
116507222,80,01101000100010000001010101110000110100000000111000001111111010000111000001011101,116485014,0,0.000000,1.000000
116507223,76,1110100001100000010101011100001101000000001000011010111000111100001010100011,116485014,0,0.000000,1.000000
116507224,81,011010001000110100001010101110000110100000000110001001111111010000011100000101110,116485015,0,0.000000,1.000000
116507225,73,1101011100000101010111100011010000000010000100101111100111001010110000110,116486626,0,0.000000,1.000000
116507226,79,1101011101110100001010001100001110100000000101001100011100010110010100110101100,116486626,0,0.000000,0.800000
116507227,76,0001101011101000110101011100000101000001001010010010110110111101110011010011,116486626,0,0.000000,1.000000
116507228,77,11001001010110000001000101110000110100000000110100001011111000110011000110010,116486626,0,0.000000,1.000000
116507229,73,0011010111010000101010111000011010000000010000110111101000111100100110011,116486629,0,0.000000,1.000000
116507230,79,0110110010001100000010101011100001101000000001000010101111010001010111101010010,116486629,0,0.000000,1.000000
116507231,75,110100001100000010101011100001101000000001000011010011100011100001001110011,116486629,0,0.000000,1.000000
116507232,78,010110001010000000101010111001011010000000011000010101111100011001110111000101,116486630,0,0.000000,1.000000
116507233,73,1111011100000010101011100001101000000001000010110111000111001010011000111,116486630,0,0.000000,1.000000
116507234,79,1100100101011000000101010111000011010000100011000110101111100011000100011100100,116486630,0,0.000000,1.000000
116507235,80,01110100000001101000000101011100001101000000001110010011111110100001110010010111,116486630,0,0.000000,1.000000
116507236,77,01011000101000000010101011100001101001000001101010010111110000100111011100001,116486630,0,0.000000,1.000000
116507237,81,010010001000110100001010101110000110100000000110001001111111010000111100000101110,116508501,0,0.000000,0.800000
116507238,82,1101110000010001001000010101011100101101000000001000100111011000000011100100000111,116486630,0,0.000000,1.000000
116507239,80,01110100000001101000000101011100001101000000001110010011111110100001110010010111,116486630,0,0.000000,1.000000
116507240,80,01101000100001010000101010111100011010000000011001001111111000000111100100001110,116486632,0,0.000000,1.000000
116507241,75,001101011101000010101011100001101010000001000011010110100011101001001100111,116486634,0,0.000000,1.000000
116507242,81,011010001000110100001010101110000110100000000110001001111111010000111100000101110,116486634,0,0.000000,1.000000
116507243,78,011011001000110000001010101010000111100000000110101001011100000100111000111001,116486634,0,0.000000,1.000000
116507244,75,111101111000001010101110010110100000000100001001011110001110010100110001111,116503253,0,0.000000,0.800000
116507245,71,11110111000000101010111000011010000000010000101100100011100101001100011,116486634,0,0.000000,1.000000
116507246,84,111001000001011100000110101011100001101000000001000100011111101100011010011000110010,116486634,0,0.000000,1.000000
116507247,79,1110100010001101000010101001100001101000000001000010010111110001101110001110011,116486634,0,0.000000,1.000000
116507248,72,111010000110000001010101110000110100000000100001101011100011100000111000,116503253,0,0.000000,1.000000
116507249,81,101110100010001101000010101001000001101000000001000010011011110100000110010010111,116486634,0,0.000000,1.000000
116507250,71,11110111000000101010111000011010000000010000101100100011100101001100011,116486634,0,0.000000,1.000000
116507251,82,1101110100010001001000010101011100001101000000011000100111011000000011100100000111,116486634,0,0.000000,1.000000
116507252,75,101110111000000101010111000011010000000010000101101110001110010100110001111,116486634,0,0.000000,1.000000
116507253,72,011110111010100101010111100011010000000010000110011010001110100100110011,116486634,0,0.000000,1.000000
116507254,83,01011010001000010100001010101110000111100000000110001001111111000100111000100101110,116486634,0,0.000000,1.000000
116507255,79,0100100110001001000010101011100001101000000001101110011011110100001111010010111,116486634,0,0.000000,1.000000
116507256,81,101111000100001010000101010111000011010000000011100100111011010000110100000101111,116486635,0,0.000000,1.000000
116507257,79,1110100010001101000010101001100001101000000001000010010111110001101110001110011,116486635,0,0.000000,1.000000
116507258,83,01011010001000110100001010001110000110110000000110001001111111010000111100100101110,116486635,0,0.000000,0.800000
116507259,82,0110100010101101000010101011100001101000000001100110011111110100001111000001001100,116486635,0,0.000000,1.000000
116507260,75,101100110011000000101010111000011010000001010000000101110100010111000111011,116486635,0,0.000000,1.000000
116507261,81,011010101000110100001010101110000110100000100110001001110111010000111101000101110,116486635,0,0.000000,1.000000
116507262,80,10101100100001000000101010111000011010000000010000100101011100011001110011100111,116486635,0,0.000000,1.000000
116507263,75,101010111000000101010111000011010000000010000101101110001110010100110001111,116486635,0,0.000000,1.000000
116507264,79,0010011001000110100001010101110000110100000001100010010111110011000111001110011,116486635,0,0.000000,1.000000
116507265,86,00110010010011111100100101010111000011010000000010001001111101011000011110110011100110,116486635,0,0.000000,1.000000
116507266,77,11011001000110000001010101110000100100000000100001000011101001100101000111101,116486635,0,0.000000,1.000000
116507267,86,01111111101000000100001010101110000110100000000110111100011010101100011001110001111100,116486635,0,0.000000,0.800000
116507268,80,11110001000110100001010101010000110100000000110001001111111010000111001001011101,116486635,0,0.000000,1.000000
116507269,78,111011001000110000001010101110000110100000000100001001001101000100111010111001,116486635,0,0.000000,1.000000
116507270,82,0110100010101101000010101011100001101000000001100110011111110100001111000001001100,116486635,0,0.000000,1.000000
116507271,76,1110100001100000010101011100001101000000001000011010111000011100001001100011,116486635,0,0.000000,1.000000
116507272,82,0010010001000110111001010111110000110100000000111011001111111010000110000001011101,116486636,0,0.000000,0.800000
116507273,78,110101100100001000000101010111000011010000000011000100101010000110011100111001,116486636,0,0.000000,1.000000
116507274,72,110101110100001010101110000110100000100110000101001110001100111001111010,116486638,0,0.000000,1.000000
116507275,79,1110110010000110000010101011100001100000000011100010010101100001100111001110011,116486638,0,0.000000,1.000000
116507276,87,011101111010000001000010101111100001101000000001101111010110101001000110011100011111000,116486638,0,0.000000,1.000000
116507277,86,00110000000011111100000101010111000011010000000010001001111101011000011110110011100110,116486638,0,0.000000,1.000000
116507278,80,01101000100010000001010101110000110100000000111000001111111010000111000001011101,116486638,0,0.000000,1.000000
116507279,81,011010001000110100001010101110000110100000000110001001111111110000111000000101111,116486638,0,0.000000,1.000000
116507280,77,10011011111010000101010111000011011000000010000110101101000110010010011001111,116486639,0,0.000000,1.000000
116507281,78,110110010001100000010101011100001101000000000110010010111010001001110001110010,116508502,0,0.000000,0.800000
116507282,70,1010111010000101010111000011010000010011000010101111010110010100111111,116486639,0,0.000000,1.000000
116507283,77,11011001000110000001010101110000100100000000100001000011101001100101000111101,116486639,0,0.000000,1.000000
116507284,81,011010001000110100001010101110000110100000000110001001111111010000111000001011101,116486640,0,0.000000,1.000000
116507285,79,1001001100010010000101010111000011010000000011100100111111101000011111010001110,116486640,0,0.000000,1.000000
116507286,78,001011101010110000001010101110000110100000000010011001011110000010011000111001,116486640,0,0.000000,1.000000
116507287,75,101100110011000000101010111000011010000000010000100101110100010111100011111,116486640,0,0.000000,1.000000
116507288,77,01001001100010110000101010111000011010000000001000100110111010000111101011011,116486641,0,0.000000,1.000000
116507289,79,1101011101110100001010101100001110100000000101001100011100010110010100110101100,116486641,0,0.000000,1.000000
116507290,82,0110101010001001000010101011100001101000100001101010011111010100011011001001011101,116486649,0,0.000000,0.500000
116507291,74,10101001010000010101011100001101000000001000011010111101011100001001100011,116486641,0,0.000000,1.000000
116507292,83,01011010000000110100001010101110000110100000000110001001111111000000111100100101110,116508503,0,0.000000,0.800000
116507293,82,1101110000010001001000010101011100101101000000001000100111011000000011100100000111,116486643,0,0.000000,1.000000
116507294,74,01111011101000010101011100001111000000001000111010110100011101001001100111,116486643,0,0.000000,1.000000
116507295,78,110110010101000001010101011100001101000000001100010111111110001010111101110010,116486643,0,0.000000,1.000000
116507296,75,111101110000001010101110000110100100000100001111011110001110011100110011111,116486643,0,0.000000,1.000000
116507297,82,1011010001000110100001010101110000110100000000110001001111110010000111100100101110,116486643,0,0.000000,1.000000
116507298,75,111101110000001010101110000110100000000100001011011110001110011100110101111,116486643,0,0.000000,1.000000
116507299,83,01011010000000110100001010101110000110100000000110001001111111000000011100100101110,116486644,0,0.000000,1.000000
116507300,77,11001001010110000001000101110000110100000000100001001011110000110011000110010,116486644,0,0.000000,1.000000
116507301,82,0011010001000110100001010101110000110100000000110001001111111010000111100100101110,116486644,0,0.000000,1.000000
116507302,74,00111010111010001101010111000011010000000010100100101111101111011000110100,116481614,0,0.000000,0.700000
116507303,83,01111000100011010000101010111000011010000000011000100111111101000011110010010111010,116488558,0,0.000000,0.400000
116507304,75,001001011101000010101011100001101000000001000011010110100011101001101000111,116506704,0,0.000000,0.800000
116507305,88,0011001000001110110000010111011100101101000000001000100111110101101001110011001110011010,116486645,0,0.000000,1.000000
116507306,80,01110100010001101000010101011100001101000000001110010011111110100001110010010111,116506704,0,0.000000,0.800000
116507307,78,110101100100001000001010101110000110100000000110001001010111000110011100111001,116486645,0,0.000000,1.000000
116507308,82,0011010001000110100001010101110000110100000000110001001111111010000111100100101110,116486645,0,0.000000,1.000000
116507309,82,0011010001000110100001010101110000110100000000110001001111111010000111100100101110,116488558,0,0.000000,0.400000
116507310,82,1101110100010001001000010101011100001101000000001000100111011000000011100100100111,116470093,0,0.000000,1.000000
116507311,81,011010001000110100001010101110000110110000000110001001111111010000111100000101110,116486645,0,0.000000,1.000000
116507312,73,1011101110000001010101110000110100000000100001011011100111001010011000111,116486646,0,0.000000,1.000000
116507313,76,0111101110000001010101010000010100000000100001011011100001110011100100001111,116496914,0,0.000000,0.600000
116507314,73,1011101110000001010101110000110100000000100001011011100111001010011000111,116486646,0,0.000000,1.000000
116507315,79,1100100101011000000101010111000011010000000011000100101111100011000100011100100,116486646,0,0.000000,1.000000
116507316,86,00110010010011111100100101010111000011010000000010001001111101011000011110110011100110,116486646,0,0.000000,1.000000
116507317,77,01010000101000000010101011100001101001000001100010010111110001100111011100001,116486647,0,0.000000,1.000000
116507318,77,01010000101000000010101011100001101001000001100010010111110001100111011100001,116486647,0,0.000000,1.000000
116507319,79,0111100000001101000010101011100001111000000001110010011101101000011010010010111,116486647,0,0.000000,1.000000
116507320,81,011010101000110100001010101110000110100000100110001001110111010000111101000101110,116486648,0,0.000000,1.000000
116507321,80,10110101000001101000010101011100001001000100001100100111110011000111110000110111,116486648,0,0.000000,0.800000
116507322,81,011010101000110100001010101110000110100000100110001001110111010000111101000101110,116486648,0,0.000000,1.000000
116507323,76,1010110010000100000101010111000011010000000011000100101011100011001110111001,116486648,0,0.000000,1.000000
116507324,77,11111011100000010101011100001101000000001010010110111100011100101001101011111,116486648,0,0.000000,1.000000
116507325,81,011010101000110100001010101110000110100000100110001001110111010000111101000101110,116486648,0,0.000000,1.000000
116507326,79,0011000010011000000101010111000011010000000010001011011010110101101001100111001,116486648,0,0.000000,1.000000
116507327,80,10110101000001101000010101011100001001000100001100100111110011000111110010110111,116486648,0,0.000000,1.000000
116507328,82,0100100110001001000010101011100001101000000001100010011110110100001111101001011100,116486648,0,0.000000,1.000000
116507329,81,011010101000110100001010101110000110100000100110001001110111010000111101000101110,116486648,0,0.000000,1.000000
116507330,80,11001001010110000001010101110000110100001000110001101011111000110001000111001000,116486648,0,0.000000,1.000000
116507331,82,0100100110001001000010101011100001101000000001000010011110110100001111101001011100,116486648,0,0.000000,0.800000
116507332,77,01000010011000000101010111000011010000000010001011011010110101101001100111001,116486648,0,0.000000,1.000000
116507333,79,0011000010011000000101010111000011010000000010001011011010110101101001100111001,116486648,0,0.000000,1.000000
116507334,74,10101001100000010101011100001101000000001000011010111100011100001001100011,116486649,0,0.000000,1.000000
116507335,74,10101001100000010101011100001101000000001000011010111100011100001001100011,116486649,0,0.000000,1.000000
116507336,75,111101110000001010101110000110100000000100010110111100011100101001101011111,116486650,0,0.000000,1.000000
116507337,77,11010001000110100001010101110000110100010000100001001011111000110111000111001,116486650,0,0.000000,1.000000
116507338,73,1101011100001010101111000110100000000100101001011111001110010101100001100,116486650,0,0.000000,1.000000
116507339,83,11001000001011110000110101011100001101000000001000100110110101100011011011000110010,116486650,0,0.000000,1.000000
116507340,74,10101001100000010101011100001101000000001000011010111100011100001001100011,116486650,0,0.000000,1.000000
116507341,83,11001000001011110000110101011100001101000000001000100110110101100011011011000110010,116486650,0,0.000000,1.000000
116507342,79,0100100110001001000010101011100001101000000001100110011111110100001111010010111,116486650,0,0.000000,1.000000
116507343,83,01011010000000110100001010101110000110100000000110001001111111000000011100100101110,116486650,0,0.000000,1.000000
116507344,72,111010000110000001010101110000110100000000100001101011100011100000111000,116486650,0,0.000000,1.000000
116507345,81,010010011000100100001010101110000110100000000110001001111111010000111100100101110,116486650,0,0.000000,1.000000
116507346,82,0110100010101101000010101011100001101000000001100110011111110100001111000001001100,116486650,0,0.000000,1.000000
116507347,74,10101001100000010101011100001101000000001000011010111100011100001001100011,116486650,0,0.000000,1.000000
116507348,79,0100100110001001000010101011100001101000000001100110011111110100001111010010111,116486650,0,0.000000,1.000000
116507349,77,11010001000110100001010101110000110100010000100001001011111000110111000111001,116486650,0,0.000000,1.000000
116507350,75,110101001100000010101011100001101000000001000011010111101011100001001100011,116486652,0,0.000000,1.000000
116507351,82,1101110100010001001000010101011100001101000000001000100111011000000011100100000111,116486652,0,0.000000,1.000000
116507352,75,110101001100000010101011100001101000000001000011010111101011100001001100011,116486652,0,0.000000,1.000000
116507353,77,11010011000100100001011101110000110100000000110001001100110100001010010010111,116486652,0,0.000000,1.000000
116507354,78,110100010000101000010101011100001101000000001100100101111100000011100100101110,116486652,0,0.000000,1.000000
116507355,82,1101110100010001001000010101011100001101000000001000100111011000000011100100000111,116486652,0,0.000000,1.000000
116507356,76,1011110010110000001010101110000110100000001100110010111110000100110000110010,116461673,0,0.000000,0.700000
116507357,80,01110100010001101000010101011100001101000000001100010011111110100001110010010111,116488541,0,0.000000,1.000000
116507358,78,110110010101100000010101011100001101000000001100010111111110001010111101110010,116488542,0,0.000000,1.000000
116507359,74,00111010111010001101010111001011010000000010100100101111101111011000110100,116488542,0,0.000000,1.000000
116507360,83,11001000001011100000110101011100001101000000001000100111110101100011010011000110010,116488542,0,0.000000,1.000000
116507361,78,110110010101100000010101011100001101000000001100010111111110001010111101110010,116488542,0,0.000000,1.000000
116507362,74,00111010111010001101010111001011010000000010100100101111101111011000110100,116488542,0,0.000000,1.000000
116507363,82,0100100110001001000010101011100001101000000001100010011110110100101111101001011100,116506707,0,0.000000,0.800000
116507364,75,101100110011000000101010111000011010000000010000100101110100010111100111111,116506707,0,0.000000,0.800000
116507365,82,0011010001000110100001010101110000110100000000110001001111111010000111100100101110,116506707,0,0.000000,0.800000
116507366,73,1101011100000101010111000011010000000010000100101111000111001000010000010,116488542,0,0.000000,1.000000
116507367,83,11011000101011100000110101011100001101000000001001100111110101100011110011000110010,116488542,0,0.000000,1.000000
116507368,80,01101000100001010000101010111100011010000000011001001011111000000111100100001110,116488542,0,0.000000,1.000000
116507369,79,0100100110001001000010101011100001101000000001101110011011110100101111010010111,116506707,0,0.000000,0.800000
116507370,79,0100100110001001000010101011100001101000000001101110011011110100101111010010111,116488542,0,0.000000,1.000000
116507371,77,11011001010110000001010101110000100100000000100001000011101001100101000111101,116488542,0,0.000000,1.000000
116507372,76,1010110010000100000101010111000011010000000011000100101011100011001110111001,116488542,0,0.000000,1.000000
116507373,83,11001000001011100000110101011100001101000000001000100111110101100011010011000110010,116488542,0,0.000000,1.000000
116507374,79,0101100000001101000010101011100001101000000001110010011101101000011010010010111,116488542,0,0.000000,1.000000
116507375,73,1111011100000010101011100001101000000001100010110111000111001010011000111,116488543,0,0.000000,1.000000
116507376,77,11010001000100100001010101110000110100000000100001001011111000110111000111001,116488544,0,0.000000,1.000000
116507377,76,0101100100001000001010101110000110100000000110001001010111000110011101110010,116471685,0,0.000000,1.000000
116507378,76,1010110010000100000101010111000011010000000011000100101011100011001110111001,116471685,0,0.000000,1.000000
116507379,70,1000111010000101010111000011010000000011000010101111000110010100111101,116488544,0,0.000000,1.000000
116507380,73,1111011100000010101011100001101000000001100010110111000111001010011000111,116488544,0,0.000000,1.000000
116507381,86,01110111101000000100001010101110000110100000000110111101001010101100011001110001111100,116471685,0,0.000000,1.000000
116507382,82,0110100011001101000110101011100011101000000001110010011111111100001100000010111010,116488544,0,0.000000,1.000000
116507383,74,00111010111010001101010111000011010000000010100100101111101111011000110100,116488544,0,0.000000,1.000000
116507384,76,0101100100001000001010101110000110100000000110001001010111000110011101110011,116488544,0,0.000000,1.000000
116507385,70,1010111010000101010111000011010000000011000000101111000100011100111101,116488545,0,0.000000,1.000000
116507386,70,1010111010000111010111000011010000000011000010101111010110010100111111,116488545,0,0.000000,1.000000
116507387,76,0110110010001100000010100010100001101000100001101010010110100010011100011100,116488546,0,0.000000,1.000000
116507388,75,001101011101000010101011100001101000000001000011011110100011101001001100111,116488546,0,0.000000,1.000000
116507389,76,0110110010001100000010100010100001101000110001101010010110100010011100011101,116488546,0,0.000000,1.000000
116507390,75,011010111000001010101111000110100000000100001001011101001110010101100001100,116488546,0,0.000000,1.000000
116507391,76,1110100001100000010101011100001101000000001000011010111000011100001010100011,116488546,0,0.000000,1.000000
116507392,82,1101110100010001001000010101011100001101000000001000100111011000000011100100000111,116488546,0,0.000000,1.000000
116507393,74,10101001100000010101011100001101000000001000011010111101011100001000101011,116488546,0,0.000000,0.800000
116507394,74,11011001000110000001010001010000110100011000110101001011010010011100011101,116488546,0,0.000000,0.000000
116507395,75,110101001100000010101011100001101000000001000011010111100011100001001100011,116488546,0,0.000000,1.000000
116507396,75,011010111000001010101111000110100000000100001001011101001110010101100001100,116488546,0,0.000000,1.000000
116507397,83,01101110100010001001000010101011100001101000000001000100111011000000011100100000111,116488547,0,0.000000,1.000000
116507398,77,01011001100110000001010101110000110100000000100001001011101000101110001110110,116488547,0,0.000000,1.000000
116507399,82,0011010001000110100001010101110000110100000000110001001111111010000111100100101110,116488547,0,0.000000,1.000000
116507400,80,01101000100011000001010101110000110100000000111000001111111010100111000001011101,116488547,0,0.000000,1.000000
116507401,75,101010011000000101010111000011010000000010000110101111000101000010011000111,116488547,0,0.000000,1.000000
116507402,79,0100100110001001000010101011100001101000000001100110011111110100001111010010111,116488548,0,0.000000,1.000000
116507403,78,111010010101100000010101011000001101000000001100010010111110001100100011101100,116488548,0,0.000000,1.000000
116507404,79,0110100010001101000010101011100001101000000011000100111111101010011110000010111,116488548,0,0.000000,1.000000
116507405,79,0111100000001101000010101011100001101000000001110010011101101000011010010010111,116488548,0,0.000000,1.000000
116507406,77,11111011100000010101011100001101000000001000010110111100011100101001101011111,116488548,0,0.000000,1.000000
116507407,78,111010010101100000010101011100001101000000001100010010111110001100100011101100,116488548,0,0.000000,1.000000
116507408,79,1101100100011000000101010111000011010000000010000101011110100010001111011100101,116488548,0,0.000000,1.000000
116507409,80,01110100000001101000010101011100001101000000001110010011111110100001110110110111,116488549,0,0.000000,1.000000
116507410,81,011010001000110100001010101110000110100000000110001001111111110000111000000101111,116488552,0,0.000000,1.000000
116507411,79,1110100101011000000101010111000011010000000011000100101111100011000100011101100,116488552,0,0.000000,1.000000
116507412,78,110111010001100000010101011100001101000000001100010101111111001000111101110010,116488553,0,0.000000,1.000000
116507413,76,1110100001100000010101011100001101000000001000011010111000011100001010100011,116488553,0,0.000000,1.000000
116507414,81,011010001000110100001010101110000110100000000110001001111111010000111100000101110,116488553,0,0.000000,1.000000
116507415,79,1101100101011000000101010111000011010000000011000000101111100011001101011100110,116488553,0,0.000000,1.000000
116507416,75,101110111000000101010111000011010000000010000101101110001110010100110001111,116488554,0,0.000000,1.000000
116507417,86,00110010010011111100100101010111000011010000000010001001111101011000011110110011100110,116488554,0,0.000000,1.000000
116507418,76,0001101011101000110101011100000101000000001010010010111110111101110011010011,116488554,0,0.000000,1.000000
116507419,74,01111100101100000010101010100001100000000011001100101111100001001100001100,116488555,0,0.000000,1.000000
116507420,77,10101100100011000001010101110000110100000000110001001010111100110011100111001,116488555,0,0.000000,1.000000
116507421,74,10101001100000010101011100001101000000001000011010111101011100001001100011,116488556,0,0.000000,1.000000
116507422,74,10101001100000010101011100001101000000001000011010111101011100001001101011,116488556,0,0.000000,1.000000
116507423,77,11010001000110100001010101110000110100000000100001001011111000110111000111001,116488556,0,0.000000,1.000000
116507424,75,101010011000000101010111000011010000100010000110101111000111000010011000111,116488556,0,0.000000,1.000000
116507425,70,1010111010000111010111000011010000000011000010101111010110010100111111,116488556,0,0.000000,1.000000
116507426,82,0110100011001101000110101011000001101000000001110010011111111100001100000010111010,116488556,0,0.000000,1.000000
116507427,75,101110011000000101010111000011010000000010000101101110001110010100110001111,116488556,0,0.000000,1.000000
116507428,75,010101001100000010101011100001101000000001000011010111101011100001001101011,116488556,0,0.000000,1.000000
116507429,81,011110100010001100000010101011100001101000000101100110010111110011100111111110011,116488556,0,0.000000,1.000000
116507430,75,101100110011000000101010111000011010000001010000100101110100010111000111011,116488557,0,0.000000,1.000000
116507431,75,101100110011000000101010111000011010000001010000100101110100010111000111011,116488557,0,0.000000,1.000000
116507432,80,01101000100010000001010101110000110100000000111000001111111010000111000001011101,116488557,0,0.000000,1.000000
116507433,72,110101110100001010101110000110100000000110000101001110001100111001111010,116488559,0,0.000000,1.000000
116507434,86,00110010000011111100000101010111000011010000000010001001111101011000011110110011100110,116488559,0,0.000000,1.000000
116507435,78,011111001011000000101010111000011010000000010001100101111100001001100001100100,116488559,0,0.000000,1.000000
116507436,83,01011010001000010100001010101110000111100000000110001001111111100100111000100101110,116488559,0,0.000000,1.000000
116507437,83,01011010001000010100001010101110000111100000000110001001111111100100111000100101110,116488559,0,0.000000,1.000000
116507438,78,110101100100001000000101010111100011010000000011000100101010000110011100111001,116488560,0,0.000000,1.000000
116507439,80,01101000100001010000101010111100011010000000011001001111111000000111100100001110,116488560,0,0.000000,1.000000
116507440,77,10010010101000000101010111000011010100000010000100101111100011001100111100100,116488560,0,0.000000,1.000000
116507441,79,0100100110001001000010101011100001101000000001100110011111110100001111010010111,116488560,0,0.000000,1.000000
116507442,73,1111011100000010101011100001101000010001100010110111000111001010011000111,116488561,0,0.000000,1.000000
116507443,78,011110110010011110000010101011000011010000000010001100101111100011001110011100,116488561,0,0.000000,1.000000
116507444,75,000110101110100001010100110000110100000000101001001011111011110111001101001,116488561,0,0.000000,0.800000
116507445,77,01001001100010100000101010111000011010000000001000100110111010000111101011011,116488561,0,0.000000,1.000000
116507446,80,01101000100010000001010101110000110100000000111000001111111010000111000001011101,116488561,0,0.000000,1.000000
116507447,73,1010000010000001010101110000110100000000100001001011110011100001001100011,116488561,0,0.000000,1.000000
116507448,80,01001011101000110000001010101110000110100000000110011001011111000010011000011001,116488561,0,0.000000,1.000000
116507449,75,001101011101000010101011100001101000000001000011011110100011101001001100111,116488561,0,0.000000,1.000000
116507450,71,11110110000001010101110000110100000000100001011011100011100101000100011,116488561,0,0.000000,1.000000
116507451,72,010100101100000010101011101001101000000001000011010101100011001010011101,116488561,0,0.000000,1.000000
116507452,78,111101100000011100000101010111000001010000000011001101011111001110001111111001,116490314,0,0.000000,1.000000
116507453,81,011010001000110100001010101110000110100000000110001001111111010000111100000101110,116490315,0,0.000000,1.000000
116507454,79,0111100000001101000010101011100001101000000001110010001101101000011010010010111,116490318,0,0.000000,1.000000
116507455,75,101110111000000101000111000011010000000010000101101110001110010100110001111,116505117,0,0.000000,0.700000
116507456,75,011101001100000010101011100001101000000001000011010111101011100001001101011,116490318,0,0.000000,1.000000
116507457,79,1101011101110100001010101100001110100000000101001100011100010110010100110101100,116490318,0,0.000000,1.000000
116507458,79,0111100000001101000010101011100001101100000001110010001101101000011010010010111,116490318,0,0.000000,0.800000
116507459,79,0011000010011000100101010111000011010000000010001011011010110101101001100111001,116505117,0,0.000000,0.700000
116507460,78,101011001000110000010101011100001101000000001100010010101111001100111001110010,116490318,0,0.000000,1.000000
116507461,81,011010001000110100001010101110000110100000000110001001111111010000111100000101110,116490318,0,0.000000,1.000000
116507462,82,1101110100010001001000010101011100001101000000001000100111011000000011100100000111,116490319,0,0.000000,1.000000
116507463,79,1101100101011000000101010111000011010000000011000000101111100011101101011100110,116483548,0,0.000000,0.600000
116507464,82,1001000001001100000010101011100001101000000001000100111110101000011010011001110011,116480047,0,0.000000,0.800000
116507465,83,01011010000000110100001010101110000110100000000110001001101111000000011100100101110,116480047,0,0.000000,0.800000
116507466,74,10101001100000010101011100001101000000001000011010111100011100001111100011,116480047,0,0.000000,0.800000
116507467,81,011010001000110100001010101110000110100000000110001001111111010000111100000101110,116490321,0,0.000000,1.000000
116507468,81,011010001000110100001010101110000110000000000110001001111111010010111101000101110,116490321,0,0.000000,0.800000
116507469,80,01101000100001010001101010111100011010000000011001001111111000000111100100001110,116490322,0,0.000000,1.000000
116507470,80,01101000100001000001010101110000110100000000111000001111111010000111000001011101,116490323,0,0.000000,1.000000
116507471,74,10001001010000010101011100001101000000001000011010111101011100001001100011,116490324,0,0.000000,1.000000
116507472,82,1101110100010001001001010101011100001101000000001000100111011000000011100100000111,116490324,0,0.000000,1.000000
116507473,86,00110010001011111100000101010111000011010000000010001001111101011000011110110011100110,116490324,0,0.000000,1.000000
116507474,80,01001011101000110000001010101110000110100000000110011001011111000010011000011001,116490324,0,0.000000,1.000000
116507475,78,101011000101000000010101011100101101000000001100011010100110001100111011100010,116490324,0,0.000000,1.000000
116507476,78,110111010001100000010101011100001101000000001100010101111110001000111101110010,116490324,0,0.000000,1.000000
116507477,75,111010111000001010101111000110100000000100001001011111001110010101100001100,116490324,0,0.000000,1.000000
116507478,81,011110110010011110000110101011000001101100000001000110010111110000100111001110011,116490324,0,0.000000,1.000000
116507479,77,01110100001100000010101011100001101000000001000011010110000011100001011100011,116490324,0,0.000000,1.000000
116507480,79,0111100000001101000010101011100001101000000001110010011101101000011010010010111,116490324,0,0.000000,1.000000
116507481,77,01010000101000000010101011100001101001000001100010010111110001100111011100101,116490324,0,0.000000,1.000000
116507482,82,0111100010001101000010101011100001101000000011100010011111110100001111001001011101,116490327,0,0.000000,1.000000
116507483,77,11011001000110000001010101110000110100000000100001000011101001100101000111101,116490329,0,0.000000,1.000000
116507484,81,011010001000110100001010101110000110100000000110001001111111010000111000001011101,116490329,0,0.000000,1.000000
116507485,86,00110010010011111100100101010111000011010000001010001001111100011000001110110011100110,116490329,0,0.000000,1.000000
116507486,86,00110010010011111100100101010111000011010000001010001001111100011000001110110011100110,116490329,0,0.000000,1.000000
116507487,77,11011001000110000001010101110000110100000000100001000011101001100101000111101,116476985,0,0.000000,0.800000
116507488,75,110100001100000000101011100001101000000001000011010111100011100001001100011,116490329,0,0.000000,1.000000
116507489,77,10101100100011000001010101110000110100000000110001001010111100110011100111001,116490329,0,0.000000,1.000000
116507490,79,1110100101011000001101010111000011010000000011000100101111100011000100011101100,116490329,0,0.000000,1.000000
116507491,79,1110100101011000001101010111000011010000000011000100101111100011000100011101100,116490329,0,0.000000,1.000000
116507492,78,001111100010110010001010101110000110100000000110011001011111000011011000111001,116490329,0,0.000000,1.000000
116507493,81,011010001000110100001010101110000110100000000110001001111111010000111000001011101,116490329,0,0.000000,1.000000
116507494,81,100010100000001001000010101011101001101000000001110010011111110000001110010010111,116490329,0,0.000000,1.000000
116507495,81,011110001000110100001010101110000110101000000110001001111110010000111100000101110,116490330,0,0.000000,1.000000
116507496,82,0110100011001101000110101011100011101000000001110010011111111100001100000010111010,116490330,0,0.000000,1.000000
116507497,76,1110100001100000010101011100001101000000001000011010111000011100001001100011,116490330,0,0.000000,1.000000
116507498,76,1110100001100000010101011100001101000000001000011010111000011100001011100111,116490330,0,0.000000,1.000000
116507499,79,0011000010011000000101010111000011010000000010001011011010110101101000100110001,116490330,0,0.000000,1.000000
116507500,79,1110100101011000000101010111000011010000000011000100101111100011000100011101100,116490330,0,0.000000,1.000000
116507501,70,1010111010000111010111000011010000000011000010101111010110010100111111,116490330,0,0.000000,1.000000
116507502,76,1110100001100000010101011100001101000000001000011010111000011100001011100111,116490330,0,0.000000,1.000000
116507503,81,010010001000110100001010101110000110100000000110001001111111010000111100000101110,116490330,0,0.000000,1.000000
116507504,73,0101001011000000101010111010011010000000010000110101111000110010100111011,116490330,0,0.000000,1.000000
116507505,78,110110010101000001010101011100001101000000001100010111111110001010111101110010,116490330,0,0.000000,1.000000
116507506,82,0011010001001110000001010111110000110100000000110001001111111010000111000001011101,116490330,0,0.000000,0.800000
116507507,81,011110001000110100001010101110000110100000000110001001111110010000111100000101110,116490330,0,0.000000,1.000000
116507508,75,110101111000001010101110010110100000000100001001011110001110010100110001111,116490330,0,0.000000,1.000000
116507509,80,01111000100011010000101010111000011010000100011100100111011010000110100100101111,116490331,0,0.000000,0.800000
116507510,78,010011001000110100001010101110000110100000001100010010111110011000111001110011,116490317,0,0.000000,0.700000
116507511,81,011010001000110100001010101110000110100000000110001001111111010000111100000101110,116508505,0,0.000000,1.000000
116507512,77,10010010101000000101010111000011010100000010000100101111100011001100111100100,116485010,0,0.000000,0.800000
116507513,79,0111100000001101000010101011100001111000000001110010011101101000011010010010111,116490317,0,0.000000,0.700000
116507514,74,10101001100000010101011100001101000000001000011010111100011100001001100011,116490332,0,0.000000,1.000000
116507515,82,0011010001000110110011010101110000110100000000110101001111111010000111000001011101,116490332,0,0.000000,1.000000
116507516,79,0001011101010110000001010101110000110100000000010011001011110000010011000111001,116490332,0,0.000000,1.000000
116507517,83,11001000001011100000110101011100001101000000001010100111110101100011010011000110000,116490333,0,0.000000,1.000000
116507518,76,0011010111010000101010111000011010100000010000110101101000111010010011001111,116490333,0,0.000000,1.000000
116507519,83,01111000110011010000101010111000011010000000011000100111111101000011110010010111010,116490334,0,0.000000,0.800000
116507520,78,011111001011000000101010111000011010000000011000100101111100001001100001100100,116503232,0,0.000000,0.800000
116507521,79,0111100000001101000010101011100001101000000001110010011101101000011010010010111,116503232,0,0.000000,0.800000
116507522,82,0111100010001101000010111011100001111000000001100010011111110000001111001001011001,116488543,0,0.000000,0.600000
116507523,82,1011010001000111100001010101110000111100000010111001001011111010000111100001011101,116492268,0,0.000000,1.000000
116507524,81,010010011000100100001010101110000110100000000111001001111111010000111110100101110,116492268,0,0.000000,1.000000
116507525,78,001111100010110010001010101110000110100000000110011001011111000011011000111001,116492270,0,0.000000,1.000000
116507526,75,001100110011000000101010111000011010000000010000100101110100010111000111010,116496907,0,0.000000,1.000000
116507527,81,011010001000110100001010101110000110100000000110001001111101000000111000000101111,116485013,0,0.000000,1.000000
116507528,80,01110100000001101000010101011100001101000000001110010011111110100001110010110111,116485013,0,0.000000,1.000000
116507529,82,0011010001000110100001010101110000110100100000110101001111111010000111000001011101,116485013,0,0.000000,0.800000
116507530,74,10101001100000010101011100001101000000001000011010111100011100001001100011,116492272,0,0.000000,1.000000
116507531,75,100101001100000010101011100001101000000001000011010111100011100001001100011,116492272,0,0.000000,1.000000
116507532,79,0111100000001101000010101011100001101000000001110010001101101000011010010010111,116492272,0,0.000000,1.000000
116507533,84,111001000001011100000110101011100001101000000001000100111111101100011010011000110010,116492275,0,0.000000,1.000000
116507534,74,10101001100000010101011100001101000000001000011010111100011100001001100011,116492275,0,0.000000,1.000000
116507535,76,0111101110000001010101010000010100000000100001011011100001110111100100001111,116492275,0,0.000000,1.000000
116507536,78,011011001000110000111010101110000110110000000110101001011101000000111000111001,116492275,0,0.000000,0.800000
116507537,74,11110111000000101010111000011010000000010000101001110001110011100110001111,116492275,0,0.000000,1.000000
116507538,79,1010110010100100000010101011100001101000000001000010010101110001100111001110011,116492275,0,0.000000,1.000000
116507539,78,110101100100001000001010101110000110100000000110001001010111000110011100111001,116492276,0,0.000000,1.000000
116507540,82,0110101010001001000010101011100001101000100001101010011111010100011011001001011101,116492276,0,0.000000,1.000000
116507541,75,101010011000000101010111000011010000000010000110101111000111000011111000111,116492276,0,0.000000,1.000000
116507542,77,11011001000110001011010101110000110100000010100001001111101010100111000111001,116492276,0,0.000000,1.000000
116507543,75,101010011000000101010111000011010000000010000110101111000111000011111000111,116492276,0,0.000000,1.000000
116507544,79,0011100000001101000010101011100001100000000001110010011101101000011010010010101,116492276,0,0.000000,1.000000
116507545,70,1010111010000111010111000011010000000011000110101011010110010100111111,116492276,0,0.000000,1.000000
116507546,74,00111010111010001101010111000011010000000010100100101111101111011000110100,116492276,0,0.000000,1.000000
116507547,70,0101011000000101010111000011010000000010000110101101000110010000100001,116492276,0,0.000000,1.000000
116507548,75,111101110000001010101010000110100000010100001011011110001110011100110001111,116492276,0,0.000000,1.000000
116507549,82,0110100010101101000010101011100001101000000001100110011111110100001111000001001100,116492277,0,0.000000,1.000000
116507550,79,1010110010000100000010101011100001101000000001000010010101110001100111001110011,116492277,0,0.000000,1.000000
116507551,78,010100001010000000101010111000011010010000011000100101111100011001110111000010,116508508,0,0.000000,0.600000
116507552,78,100100101010000001010101110000110101000000101001001011111000110011001111001001,116492277,0,0.000000,1.000000
116507553,74,10101001100100010101011100001101000000001000011010111100011100001111100011,116492277,0,0.000000,1.000000
116507554,75,110100001100000010101011100001101000000001000011010011100011100001001110011,116492277,0,0.000000,1.000000
116507555,77,01110100001100000010101011100001101000000001000011010110000011100001011100011,116492277,0,0.000000,1.000000
116507556,87,011101111010000001000010101111100001101000000001101111010110101011000110011100011111000,116492277,0,0.000000,1.000000
116507557,80,01111010001001110000001010101110000010110000000110011101011111001110011111111101,116492280,0,0.000000,1.000000
116507558,81,011110100010001100000010101011100001101000000001100110010111110011100111111110011,116492280,0,0.000000,1.000000
116507559,74,10101001100000010101011110001101000000001000011010111100011100001001100011,116492282,0,0.000000,1.000000
116507560,76,1110110001100000010101011100001101000000001000011010111000011100001010100011,116492282,0,0.000000,1.000000
116507561,79,1110110010000110000010101011100001100000000011100010010101100001100111001110011,116492282,0,0.000000,1.000000
116507562,86,01110111101000000100001010101110000110100000000110111101001010101100011001110001111100,116492283,0,0.000000,1.000000
116507563,76,1011110010110000001010101110000110100000001100110010111110000100110000110010,116492284,0,0.000000,1.000000
116507564,76,1011110010110000001010101110000110100000001100110010111110000100110000110010,116492284,0,0.000000,1.000000
116507565,77,01111101110000001010101110010110100000000100001011011110001110010100110101111,116492284,0,0.000000,1.000000
116507566,80,01101000100011010000101010111000011010000000011001000011111000000111100100101110,116492285,0,0.000000,1.000000
116507567,75,101010111000000101010111000011010000000010000101101110001110010100110001111,116492286,0,0.000000,1.000000
116507568,80,01110100010001101000010101011101001101100000101100010011111110100001110110010111,116492286,0,0.000000,1.000000
116507569,84,100110101010001101000110101011100001101000000001101010011111110100001110000010111010,116492287,0,0.000000,1.000000
116507570,79,0111100100001101000010101011100001101000000001110010011101101000011010010010111,116492287,0,0.000000,1.000000
116507571,74,10101001000000010101011100001101000000001000011010111101011100001001100111,116492287,0,0.000000,1.000000
116507572,73,1010000010000001010101110000110100000000100001001011110011100001001100011,116498414,0,0.000000,1.000000
116507573,79,1101011101110100001010101100001110100000000101001100011100010110010100110101100,116492287,0,0.000000,1.000000
116507574,75,111101110000001010101110000110100000000100001011011110001110011100110101111,116498414,0,0.000000,1.000000
116507575,86,11110011000101011100000010101011100001101000001001000100110010101100010110011001110010,116492289,0,0.000000,1.000000
116507576,79,1101011101110100001010101100001110100000000101001100011100010110010100110101100,116492289,0,0.000000,1.000000
116507577,75,001101011101000010101011100001101000000001000011010110100011101001001100111,116492289,0,0.000000,1.000000
116507578,76,1110100001100000010101011100001101000000001000011010111000011100001010100011,116492289,0,0.000000,1.000000
116507579,77,10101100100011000001010101110000110100000000110001001010111100110011100111001,116492289,0,0.000000,1.000000
116507580,77,10101100100011000001010101110000110100000000110001001010111100110011100111001,116492289,0,0.000000,1.000000
116507581,85,1110010000010111000001101010111000011010000000010001001111111011000110100110001100101,116492289,0,0.000000,1.000000
116507582,78,001011101010110010001010101110000110100000000110011001011111000011011000111001,116492289,0,0.000000,1.000000
116507583,86,11110011000101011100000010101011100001101000001001000100110010101100010110011001110010,116492289,0,0.000000,1.000000
116507584,86,11110011000101011100000010101011100001101000001001000100110010101100010110011001110010,116492289,0,0.000000,1.000000
116507585,88,0011001000001111110000010111011100101101000000001000100111110101101001110011001110011010,116492289,0,0.000000,1.000000
116507586,77,10101100100011000001010101110000110100000000110001001010111100110011100111001,116492289,0,0.000000,1.000000
116507587,83,01011010001000110100001010101110000110100000000110001001111111000000111100100101110,116492289,0,0.000000,1.000000
116507588,77,11010001000110100001010101110000110100000000100001001011111000110111000110001,116492289,0,0.000000,1.000000
116507589,77,10101100100011000001010101110000110100000000110001001010111100110011100111001,116492289,0,0.000000,1.000000
116507590,78,010001001010110000001010101110000110100000001100010010101110001000111001110001,116492290,0,0.000000,1.000000
116507591,78,010001001010110000001010101110000110100000001100010010101110001000111001110001,116492290,0,0.000000,1.000000
116507592,78,110110010101000001010101011100001101000000001100010111111110001010111101110010,116492290,0,0.000000,1.000000
116507593,70,1010111010000101010111000011010000000011000010100111000100011100111101,116494067,0,0.000000,1.000000
116507594,75,110100001100000010101011100001101000000001000011010011100011100001001100011,116494068,0,0.000000,1.000000
116507595,79,0011000010011000000101010111000011010000000010001011011010110101101000100110001,116494068,0,0.000000,1.000000
116507596,79,1110100101011000000101010111000011010000000011000100101111100011000100011101100,116494068,0,0.000000,1.000000
116507597,80,01101000100011010000101010111000011010000000011001001111111000000111100100001110,116494069,0,0.000000,1.000000
116507598,77,01011001000100000011010101110000110100000000110000010111100101110111111101010,116494071,0,0.000000,1.000000
116507599,75,101010011000000101010111000011010000000010000110101111000111000010011000111,116494071,0,0.000000,1.000000
116507600,81,010010011000100100001010101110000110100000000110001001111111010000111100100101110,116494071,0,0.000000,1.000000
116507601,86,00110000000011111100000101010111000011010000000010001001111101011000011110110011100110,116494071,0,0.000000,1.000000
116507602,82,0110101010001001000010101011100001101000100001101010011111010100011011001001011101,116494071,0,0.000000,1.000000
116507603,74,10101001100000010101011100001101000000001000011010111101011100001001100011,116495373,0,0.000000,1.000000
116507604,78,010011001000110100001010101110000110100000001100010010111110011000111001110011,116495373,0,0.000000,1.000000
116507605,77,01010000101000000010101011100001101001000001100010010111110001100111011100101,116495373,0,0.000000,1.000000
116507606,81,011010001000110101001010101110000110100000000110001001111111010000111000001101110,116495373,0,0.000000,1.000000
116507607,77,01010000101000000010101011100001101001000001100010010111110001100111011100101,116495373,0,0.000000,1.000000
116507608,81,011010001000110100001010101110000110101000000110001001111111010000111100000101110,116495373,0,0.000000,1.000000
116507609,77,11010001000110100001010101110000110100000000100001001011111000110111000111001,116503247,0,0.000000,1.000000
116507610,74,00111010111010001101010111000011010000000010100100111011101111011100110100,116495375,0,0.000000,1.000000
116507611,78,101011101000110000001110101111000110100000000010011001111110000100110001110010,116503247,0,0.000000,0.600000
116507612,75,001101011101000010101011100001101010000001000011010110100011101001001100111,116495375,0,0.000000,1.000000
116507613,81,001111011001001111000001010101100000110100000000100011001011111000110011100111001,116503247,0,0.000000,0.800000
116507614,75,001100110011000000101010111000011010000000010000100101110100010111000111010,116503247,0,0.000000,1.000000
116507615,76,1010100110001001010101110000110100000000100001101011110001110000100110001111,116495375,0,0.000000,1.000000
116507616,88,0011001000001111110000010101011100001101000000101000100111110101100001111011001110011000,116495376,0,0.000000,1.000000
116507617,70,1000111010000101010111000011010000000011000010101111000110011100111101,116495376,0,0.000000,1.000000
116507618,79,0011000010011000100101010111000011010000000010001011011010110101101001100111001,116495377,0,0.000000,1.000000
116507619,82,1101110000010001001000010101011100101101000000001000100111011000000011101100000111,116495377,0,0.000000,1.000000
116507620,79,0111100000001101000010101011100001101000000001110010001101101000011010010010111,116495377,0,0.000000,1.000000
116507621,74,10101001100100010101011100001101000000001000011010111100011100001111100011,116495377,0,0.000000,1.000000
116507622,76,1011110010110000001010101110000110100000001100110010111110000100110000110010,116495377,0,0.000000,1.000000
116507623,76,1011110010110000001010101110000110100000001100110010111110000100110000110010,116495377,0,0.000000,1.000000
116507624,74,10101001100100010101011100001101000000001000011010111100011100001111100011,116495377,0,0.000000,1.000000
116507625,82,1101110000010001001000010101011100101101000000001000100111011000000011100100000111,116495377,0,0.000000,1.000000
116507626,77,01001001100010100000101010111000011010000000001000100110111010000111101011011,116495378,0,0.000000,1.000000
116507627,80,01110100000001101000010101011100001101000000001110010011111110100001110110110111,116495379,0,0.000000,1.000000
116507628,80,01101000100010000001010101110000110100000000111000001101111010000111000001011101,116495379,0,0.000000,1.000000
116507629,75,101110111000000101010111000011010000000010000101101110001110010100110001111,116495379,0,0.000000,1.000000
116507630,75,010101001100000010101011100001101000000001000011010111101011100001001101011,116495379,0,0.000000,1.000000
116507631,82,0110100010101101000010101011100001101000000001100110011111110100001111000001001100,116495379,0,0.000000,1.000000
116507632,78,110101100100001000000101010111000011010000000011000100101010000110011100111001,116495379,0,0.000000,1.000000
116507633,80,01001001100010010001101010111000011010000000011001100110111101000011110100101110,116495379,0,0.000000,1.000000
116507634,77,01111100101100000010101011100001101000000001000110010111110000100110000110010,116495380,0,0.000000,1.000000
116507635,79,0110100010001101000010101011100001101010000011000100111111101000011110000010111,116495381,0,0.000000,1.000000
116507636,79,0110100010001101000010101011100001101010000011000100111111101000011110000010111,116495381,0,0.000000,1.000000
116507637,79,0111100000001101000010101011100001101000000001110010011101101000011010010010111,116495381,0,0.000000,1.000000
116507638,81,011010001010110100001010101110000110100000000110001001110111110000111000000101110,116495381,0,0.000000,1.000000
116507639,74,10101001100000010101011100001101000000001000011010111100011100001111100011,116496908,0,0.000000,1.000000
116507640,86,00110010000011111100000101010111000011010000000010001001111101011000011110110011100110,116495382,0,0.000000,1.000000
116507641,73,1011101110000001010101110000110100000000100001011011100111001010011000111,116495383,0,0.000000,1.000000
116507642,82,1011110001000010100001010101110000110100000000111001001110110100001101000001011110,116495383,0,0.000000,0.800000
116507643,76,1110100001100000010101011100001101000000001000011000111000011100001011100011,116495384,0,0.000000,1.000000
116507644,74,10101001100000010001011100001101000000001000011010111100011100001001100011,116495384,0,0.000000,1.000000
116507645,75,101110011000000101010111000011010000000010000101101110001110010100110001111,116495385,0,0.000000,1.000000
116507646,75,101110011000000101010111000011010000000010000101101110001110010100110001111,116495385,0,0.000000,1.000000
116507647,81,000110100010001101000010101011100001101000000001100010011111110100001110010010111,116495386,0,0.000000,0.000000
116507648,77,11110100101100000010101011100001101000000001000010010111001011100001011101011,116495386,0,0.000000,0.800000
116507649,82,1011010001000111100001010101110000111100000000110001001011111010000111100001011101,116495386,0,0.000000,1.000000
116507650,79,1101011100011000000101010111000011010000000011000000111111100011001100011001110,116495386,0,0.000000,1.000000
116507651,79,1101011100011000000101010111000011010000000011000000111111100011001100011001110,116495386,0,0.000000,1.000000
116507652,74,10101001100000010101011100001101000000001000011010111101011100001001101011,116495386,0,0.000000,1.000000
116507653,75,101110110110001001010101110000110100000000100101101001111001100100110110001,116496900,0,0.000000,0.800000
116507654,77,11010001000110100001010101110000110100010000100001001011111000110111000111001,116496900,0,0.000000,1.000000
116507655,81,011010001000110100001010101110000110100000000110001001111111010000111100000101110,116496903,0,0.000000,1.000000
116507656,82,1100010100000001101000010101011101001101000000001110010011111110100001110010010111,116496904,0,0.000000,1.000000
116507657,75,000110111110100011110101110000110100010000100001001011110011010111001100000,116496904,0,0.000000,1.000000
116507658,79,1011011001000110000101010101110000110110000000110101001011101000000111000111001,116496904,0,0.000000,1.000000
116507659,75,101100110011000000101010111000011010000001010000100101110100010111000111011,116496904,0,0.000000,1.000000
116507660,79,0111100000001101000010101011100001101000000001110010011101101000011010010010111,116496904,0,0.000000,1.000000
116507661,83,11001000001011100000110101011100001101000000001000100110110101100011011011000110010,116496905,0,0.000000,1.000000
116507662,81,011010001000110100001010101110000110100000000110001001111111010000111100000101110,116480035,0,0.000000,1.000000
116507663,80,01111010001000110000001010101110000110100000000100011001011111001110011111111001,116496905,0,0.000000,1.000000
116507664,71,01010111010000101010111000011010000000011000010101111000100011100111101,116496905,0,0.000000,1.000000
116507665,81,100010100000001001010010101011101001101000000001110010011111110100001110010010111,116496906,0,0.000000,1.000000
116507666,75,010110010000100000101010111000011010000000011000100101011100011001110111001,116496906,0,0.000000,1.000000
116507667,82,0110101010001101000010101011100001101000100001100100111110101000111110010010111110,116496906,0,0.000000,1.000000
116507668,79,1001001100010010000101010111000011010000000011100100111111101000011111010001110,116496906,0,0.000000,1.000000
116507669,75,010110010000100000101010111000011010000000011000100101011100011001110111001,116496906,0,0.000000,1.000000
116507670,75,110101010000100010010101011100001101000000001100110010011100001000110111011,116496906,0,0.000000,1.000000
116507671,82,0011010001000110100001010101110000100100000000110001001111111010000111100100101110,116496906,0,0.000000,1.000000
116507672,82,0011010001000110100011010101110000110100000000110101001111111010000111000001011101,116496906,0,0.000000,1.000000
116507673,70,1010111010000111010111000011010000000011000110101011010110010100111111,116496906,0,0.000000,1.000000
116507674,84,111011000101011100000010101011100011101000000001000100111100100100011110011001110010,116496906,0,0.000000,1.000000
116507675,81,011010001000110100001010101110000110100000000110001001111111010000111100000101110,116496906,0,0.000000,1.000000
116507676,82,0011010001000110100001010101110000100100000000110001001111111010000111100100101110,116496906,0,0.000000,1.000000
116507677,80,01110100010001101000010101011100001101000000001100010011111110100001110010010111,116496907,0,0.000000,1.000000
116507678,80,01101000100010000001010101110000110100000000111000011111111010000111000001011101,116496907,0,0.000000,0.800000
116507679,75,001101111101000010101011100001101100000001000011010110100010010010011001111,116496910,0,0.000000,1.000000
116507680,75,011101001100000010101011100001101000000001000011010111101011100001001101011,116496910,0,0.000000,1.000000
116507681,76,1011110010110000001010101110000110100000001100110010111110000100110000110010,116496910,0,0.000000,1.000000
116507682,81,101111000100001010000101010111000011010000000011100100111011010000110100000101111,116496910,0,0.000000,1.000000
116507683,74,11101001100000010101011100001101000000001000011010111100011001010011000101,116496911,0,0.000000,1.000000
116507684,80,01101001100011011000101010111000011110000000011001001011111100000111100100101110,116496911,0,0.000000,1.000000
116507685,80,01101000100010000001010101110000110100000000111000011111111010000111000001011101,116496911,0,0.000000,1.000000
116507686,80,01111011001001111000011010101100010110110000000100011001011111000010011100111001,116496912,0,0.000000,1.000000
116507687,77,01011001000100000011010101110000110100000000110000010111100101100111111101010,116496912,0,0.000000,1.000000
116507688,75,001101011101000010101011100001101000000001000011011110100011101001001100111,116496912,0,0.000000,1.000000
116507689,78,011011001000110000101010101110000110110000000110101001011101000000111000111001,116496912,0,0.000000,1.000000
116507690,78,110101100100001000000101010111000011010000000011000100101010000110011100111001,116496912,0,0.000000,1.000000
116507691,78,001111100010110010001010101110000110100000000110011001011111000011011000111001,116498401,0,0.000000,1.000000
116507692,74,11111011100000010101011100001101000000001000010110111100011100110011010111,116498403,0,0.000000,1.000000
116507693,70,0101011000000101010111000011010000000010000110101101000110010001110001,116498403,0,0.000000,1.000000
116507694,86,00110010000011111100000101110111001011010000000010001001111111011010011100110111001101,116498403,0,0.000000,0.000000
116507695,82,0110100010101101000010101011100001101000000000100110011111110100001111000001011100,116498405,0,0.000000,1.000000
116507696,75,101010111000000101010111000011010000000010000101101110001110010100110001111,116498405,0,0.000000,1.000000
116507697,79,1101100100011000000101010111000011010010000011000100111111100010001100011000111,116498405,0,0.000000,1.000000
116507698,82,0110100010101101000010101011100001101000000000100110011111110100001111000001011100,116498405,0,0.000000,1.000000
116507699,75,101101011101000010101011100001101000000001000011010110100011101001001100111,116498406,0,0.000000,1.000000
116507700,82,0011010001000110100001010101110000110100000000110001001111111010000111100100101110,116498406,0,0.000000,1.000000
116507701,81,011010101000110100001010101110000110100010000110010011111010100011111001001011111,116498406,0,0.000000,1.000000
116507702,76,1000110010000100000101010111000011010000000011000100101011100011101110111001,116498406,0,0.000000,1.000000
116507703,83,11001000001011100000110101011100001101000000001000100111110101100011010011000110010,116498407,0,0.000000,1.000000
116507704,74,10101001100000010101011100001101000000001000011010111100011100001001100011,116498407,0,0.000000,1.000000
116507705,74,10101001100000010101011100001101000000001000011010111100011100001001100011,116498408,0,0.000000,1.000000
116507706,80,01111010001000110000001010111110000110100000000110011001011111001110011111111001,116498408,0,0.000000,1.000000
116507707,74,10101001100000010101010100001101000000001000011010111100011100001001100011,116498408,0,0.000000,1.000000
116507708,78,110100010001101000010101011100001101000000001000010010111110001101110001100011,116498409,0,0.000000,1.000000
116507709,75,101110110110000001010101110000110100000000100101101001111001100100110110001,116498409,0,0.000000,1.000000
116507710,79,0111100000001101000010101011100001101000000001110010001101101000011010010010111,116498409,0,0.000000,1.000000
116507711,76,0011010111010000101010111000011010000000010000110101101000111010010011001110,116498411,0,0.000000,1.000000
116507712,78,110100010001000000010101011100001101000000001100010111111110001010111101110010,116498411,0,0.000000,1.000000
116507713,78,001011100101100000010101011100001101000000001100110011111110000100110000110010,116498412,0,0.000000,0.800000
116507714,83,01011010000100110100001010101110000110100000000110001001101111000000011100100101110,116498412,0,0.000000,1.000000
116507715,73,1111011100000010101011100001101000000001000010010111000111001010011000111,116498412,0,0.000000,1.000000
116507716,77,11110000000010100001010101110000110100000000111000001110110100011010010010111,116481607,0,0.000000,1.000000
116507717,77,11110000000010100001010101110000110100000000111000001110110100011010010010111,116498412,0,0.000000,1.000000
116507718,81,011010001000110100001010101110000110100000000110001001111111010000111000000101110,116498412,0,0.000000,1.000000
116507719,78,010011001000110100001010101110000110100000001100010010111110011000111001110011,116498412,0,0.000000,1.000000
116507720,72,110100101100000010101011101001101000000001000011010111100001001010011101,116498415,0,0.000000,1.000000
116507721,75,110101001100000010101011100001101000000001000011010111100011100001001100011,116498415,0,0.000000,1.000000
116507722,79,1000110010000100000010101011100001101000000011000010010101110001100111001110011,116498418,0,0.000000,1.000000
116507723,80,10110101000001101000010101011100001101000100001100100111110011000111110010110111,116498419,0,0.000000,1.000000
116507724,75,111101110000001010101110000110100000000100001011011110001110011100110101111,116498419,0,0.000000,1.000000
116507725,77,01011000000100000011010101110000110100000000110000010111100101100111111101010,116503237,0,0.000000,0.700000
116507726,77,11010001000110100001010101110000110100000000100001001011111000110111000110001,116498420,0,0.000000,1.000000
116507727,80,01101000100001010000101010111000011010000000011001001011111000000111100100101110,116503237,0,0.000000,0.600000
116507728,83,01011010001000110100001010101110000110110000000110001001111111010000111100100101110,116499997,0,0.000000,1.000000
116507729,81,001101000110011010000101010111010011010000000110001001111111010000111010101010101,116499999,0,0.000000,1.000000
116507730,82,0011010001000110100001010101110000110100000000010101001111111010000111000001011101,116500000,0,0.000000,1.000000
116507731,80,01101000100011000001010101110000110100000000111000001111111010100111000001011101,116500000,0,0.000000,1.000000
116507732,82,0110100010101101000010101011100001101000000001100110011111110100001111000001001100,116500000,0,0.000000,1.000000
116507733,78,010010001010000000101010111001001010000000011000110101111100011000110111100100,116500002,0,0.000000,1.000000
116507734,86,01110111101000000100001010101110000110100000000110111101011010101100011001110001011100,116500002,0,0.000000,1.000000
116507735,75,101010111000000101010111000011010000000010000101101110001110010100110001111,116500003,0,0.000000,1.000000
116507736,79,1101011101110100001010101100001110100000000101001100011100010110010100110101100,116500003,0,0.000000,1.000000
116507737,70,1010111010000111010111000011010000000011000011101111010110010100111111,116500005,0,0.000000,1.000000
116507738,84,111001000001011100000110101011100001101000000001000100111111101100011010011000110010,116500005,0,0.000000,1.000000
116507739,76,0111110010110000011010101010000110000000000110011001011111000010011100011001,116500007,0,0.000000,1.000000
116507740,83,00110100110101001000010101011100001101000000001100010011111110100001111001001011101,116500007,0,0.000000,1.000000
116507741,82,0011010001000110100001010101110000110100000000110001001111111010000111100100101110,116500007,0,0.000000,1.000000
116507742,75,111101000011000000101010111000011010000000010000110101110000111000001110001,116500007,0,0.000000,1.000000
116507743,77,01011001100110000001010101110000110100000000100000001011101000101110001110110,116500007,0,0.000000,1.000000
116507744,77,01011001000100000011110101110000110100000000110000010111100001100111111101010,116500007,0,0.000000,1.000000
116507745,75,101110111000000101010111000011010100000010000101101110001110010100110001111,116500007,0,0.000000,1.000000
116507746,79,1010110010000100000010101011100001101000000001000010010101110001100111001110011,116500007,0,0.000000,1.000000
116507747,77,01110100001100000010101011100001101000000001000011010110000011100001011100011,116500007,0,0.000000,1.000000
116507748,75,111101000011000000101010111000011010000000010000110101110000111000001110001,116500007,0,0.000000,1.000000
116507749,76,1111101110000001010101110000110100000000100001011011110001110010100110011111,116500007,0,0.000000,1.000000
116507750,75,101010011000000101010111000011010000000010000110101111000111000010011000111,116500007,0,0.000000,1.000000
116507751,77,01011001100110000001010101110000110100000000100000001011101000101110001110110,116500007,0,0.000000,1.000000
116507752,82,0110100010101101000010101011100001101000000001100110011111110100001111000001001100,116500007,0,0.000000,1.000000
116507753,77,01111101110000001010101110000110100000001100001011011110001110010100110101111,116500007,0,0.000000,1.000000
116507754,82,0011010001001110100001010101110000110100000000110001001111111010000111000001011101,116500011,0,0.000000,1.000000
116507755,86,00110000000011111100000101010111000011010000000010001001111101011000011110110011100110,116500011,0,0.000000,1.000000
116507756,82,0011010001001110100001010101110000110100000000110001001111111010000111000001011101,116500011,0,0.000000,1.000000
116507757,75,101101011101000010101011100001101000000001000011010110100011101001001100111,116500011,0,0.000000,1.000000
116507758,86,00110000000011111100000101010111000011010000000010001001111101011000011110110011100110,116500011,0,0.000000,1.000000
116507759,85,0011001000001111110000010101011100001101000000001000100111101011000011110110011100110,116500011,0,0.000000,1.000000
116507760,85,0011001000001111110000010101011100001101000000001000100111101011000011110110011100110,116500011,0,0.000000,1.000000
116507761,85,0011001000001111110000010101011100001101000000001000100111101011000011110110011100110,116500011,0,0.000000,1.000000
116507762,82,0011010001001110100001010101110000110100000000110001001111111010000111000001011101,116500011,0,0.000000,1.000000
116507763,77,11111011100001010101011100001101000000001000010110111100011100101001101011111,116500011,0,0.000000,1.000000
116507764,86,00110000000011111100000101010111000011010000000010001001111101011000011110110011100110,116500011,0,0.000000,1.000000
116507765,75,101101011101000010101011100001101000000001000011010110100011101001001100111,116500011,0,0.000000,1.000000
116507766,77,11111011100001010101011100001101000000001000010110111100011100101001101011111,116500011,0,0.000000,1.000000
116507767,77,11111011100001010101011100001101000000001000010110111100011100101001101011111,116500011,0,0.000000,1.000000
116507768,77,11111011100001010101011100001101000000001000010110111100011100101001101011111,116500011,0,0.000000,1.000000
116507769,85,0011001000001111110100010101011100001101000000001000100111101011000011110110011100110,116500011,0,0.000000,1.000000
116507770,75,101010111000000101010111000011010000000010000101101110001110010100110001111,116500011,0,0.000000,1.000000
116507771,75,101010111000000101010111000011010000000010000101101110001110010100110001111,116500011,0,0.000000,1.000000
116507772,75,101010111000000101010111000011010000000010000101101110001110010100110001111,116500011,0,0.000000,1.000000
116507773,70,1010111010000111010111000011010000000011000110101011010110010100111111,116483551,0,0.000000,0.700000
116507774,77,11011001000110000001010101110000110100000000100001000011101001100101000111101,116500013,0,0.000000,1.000000
116507775,80,01101000100011010000101010111000011010000000011000100111111010000111100100101110,116483551,0,0.000000,0.800000
116507776,77,01111001000100000011010101110000110100000000110000010111100101100111111101010,116500014,0,0.000000,1.000000
116507777,78,010011001000110000001010101110000110100000001100010010111110001000111001110011,116500014,0,0.000000,1.000000
116507778,75,101110011000000101010111000011010000000010000101101110001110010100110001111,116501513,0,0.000000,1.000000
116507779,78,010001001010110000001010101110000110100000001100010010101110001000111001110001,116503230,0,0.000000,0.800000
116507780,74,10101001000000010101011100001101000000001000011010111101011100001001100111,116501515,0,0.000000,1.000000
116507781,74,10101001000000010101011100001101000000001000011010111101011100001001100111,116490326,0,0.000000,0.800000
116507782,79,1101100101011000000101010111000011010000000011000000101111100011001101011100110,116501515,0,0.000000,1.000000
116507783,80,10110101000001101000010101011100001101000100001100100111110011000111110010110111,116501515,0,0.000000,1.000000
116507784,73,1101011100000101010111100011010000000010000100101111100111001010110000110,116490326,0,0.000000,0.700000
116507785,74,10101001000000010101011100001101000000001000011010111101011100001001100111,116490326,0,0.000000,0.800000
116507786,80,01110100000001101000000101011100001101000000001110010011111110100001110010010111,116501515,0,0.000000,1.000000
116507787,80,01101000100010000001010101110000110100000000111000001101111010000111000001011101,116501515,0,0.000000,1.000000
116507788,78,010011001000110000001000101110000110100000001100010010111110001000111001110011,116501516,0,0.000000,0.800000
116507789,75,101101110011000000101010111000011010000000010000100101110100010111100101011,116501517,0,0.000000,1.000000
116507790,76,0110110010001100000010100010100001101000100001101010010110100010011100011100,116501518,0,0.000000,1.000000
116507791,81,011010001000110100001010101110000110100000000110001001111111000000111101000101110,116501518,0,0.000000,1.000000
116507792,76,0110110010001100000010100010100001101000100001101010010110100010011100011100,116501518,0,0.000000,1.000000
116507793,80,01111010001001110000001010101110000110100000000110011001011111001110011111111001,116501518,0,0.000000,1.000000
116507794,77,01011001100110000001010101110000110100000000100001001011101000101110001110110,116501518,0,0.000000,1.000000
116507795,78,110100010010000001010101110000110100000000111000001111111010000111000001011101,116501518,0,0.000000,1.000000
116507796,74,10101001100100010101011100001101000000001000011010111100011100001111100011,116501518,0,0.000000,1.000000
116507797,81,011010001000110101001010101110000110100000000110001001111111010000111000000101110,116501518,0,0.000000,1.000000
116507798,81,011010001000110101001010101110000110100000000110001001111111010000111000000101110,116501518,0,0.000000,1.000000
116507799,80,01111010001001110000001010101110000110100000000110011001011111001110011111111001,116501518,0,0.000000,1.000000
116507800,80,01111010001001110000001010101110000110100000000110011001011111001110011111111001,116501518,0,0.000000,1.000000
116507801,74,10101001100100010101011100001101000000001000011010111100011100001111100011,116501518,0,0.000000,1.000000
116507802,76,0110110010001100000010100010100001101000100001101010010110100010011100011100,116501518,0,0.000000,1.000000
116507803,77,01011001100110000001010101110000110100000000100001001011101000101110001110110,116501518,0,0.000000,1.000000
116507804,78,110100010010000001010101110000110100000000111000001111111010000111000001011101,116501518,0,0.000000,1.000000
116507805,77,10010011000100100001011101110000110100000000110001001100110100001010010010111,116501518,0,0.000000,1.000000
116507806,81,011010001000110101001010101110000110100000000110001001111111010000111000000101110,116501518,0,0.000000,1.000000
116507807,80,01111010001001110000001010101110000110100000000110011001011111001110011111111001,116501518,0,0.000000,1.000000
116507808,76,0110110010001100000010100010100001101000100001101010010110100010011100011100,116501518,0,0.000000,1.000000
116507809,81,100101000100110000001010101110000110100000100100010011011010111100101001100111001,116501518,0,0.000000,1.000000
116507810,79,1001001100010010000101010111000011010000000011100100111111101000011111010001110,116501519,0,0.000000,1.000000
116507811,79,1001001100010010000101010111000011010000000011100100111111101000011111010001110,116501519,0,0.000000,1.000000
116507812,74,00001010111010001101010111000011010000000010000100101111001101011100110000,116501519,0,0.000000,0.800000
116507813,83,11001000001011100000110101011100001101000000001010100111110101100011010011000111000,116501519,0,0.000000,1.000000
116507814,77,01010001000110100001010101110000110100010000100001001011111000110111000111001,116501519,0,0.000000,1.000000
116507815,74,10101001000000010101011100001101000010001000011010111101011100001001100011,116501519,0,0.000000,0.800000
116507816,74,10101001000000010101011100001101000000001000011010111101011100001001100011,116501519,0,0.000000,1.000000
116507817,78,111011001000110000001010101110000100100000000100001000011101001100101000111101,116501519,0,0.000000,1.000000
116507818,81,010010011000100100001010101110000110100000000111101001111111010000111110100101110,116501519,0,0.000000,1.000000
116507819,74,10101001100000010101011110001101000000001100011010111101011100001001101011,116501519,0,0.000000,1.000000
116507820,83,01011010001000010100001010101110000111100000000110001001111111000100111000100101110,116501519,0,0.000000,1.000000
116507821,80,01110101000001101000010101011100001101000000001110010011111110100001110010110111,116501520,0,0.000000,1.000000
116507822,75,110100001100000010101011100001101000000001000011010011100011100001001100011,116501521,0,0.000000,1.000000
116507823,75,101110111000000101010111000011010000000010000101101110001110010100110001111,116501521,0,0.000000,1.000000
116507824,79,0001011000101000000010101011100001101000000001100010010111110011100111011100010,116501522,0,0.000000,1.000000
116507825,75,101010111000000101010111000011010000000010000101101110001110010100110001111,116501524,0,0.000000,1.000000
116507826,81,011010001000110100001010101110000110101000000110001001111111010000111100000101110,116501524,0,0.000000,1.000000
116507827,74,00011010111010001101010111000011010000000010000100101111001101011100110000,116501524,0,0.000000,1.000000
116507828,75,110110000100000010101011100001101000000001000011011111100011000001001100001,116501524,0,0.000000,1.000000
116507829,82,0110100010001101000010101011100001101000000001100010011111110100001111000001011100,116501524,0,0.000000,1.000000
116507830,77,10101100100011000001010101110000110000000000110001001010111100110011100111001,116501525,0,0.000000,1.000000
116507831,79,0100100110001001000010101011100001101000000001100110011111110100001111010010111,116501526,0,0.000000,1.000000
116507832,79,0100100110001001000011101011100001101000000001100110011011110100001111000010111,116501526,0,0.000000,1.000000
116507833,74,01101011101001010101011100001101000000001000011010110100011101001000100111,116501526,0,0.000000,1.000000
116507834,81,010010011000100100001010101110000110100000000111001001111111010000111110100101110,116501527,0,0.000000,1.000000
116507835,81,011010001000110100001010101110000110100000000110001001111111010000111100000101110,116501527,0,0.000000,1.000000
116507836,77,11011001100110000001010101110000110100000000100001011011101000101110001110110,116501528,0,0.000000,1.000000
116507837,77,11111011100000010101011100001101000001001000010110111100011100101001101011111,116498411,0,0.000000,0.700000
116507838,78,001011101010110000001010101110000110100000000010011001011110000010011000111001,116501529,0,0.000000,1.000000
116507839,81,100010100000001001000010101011101001101000000001110010011111110100001110010010111,116501530,0,0.000000,1.000000
116507840,74,01111100101100000010101010100001100000000011001100101111100001001100001100,116501530,0,0.000000,1.000000
116507841,70,1010111010000101011111000011010000000011001010101111100110011100101100,116501530,0,0.000000,1.000000
116507842,75,101110110110000001010101110000110100000000100101101001111001100100110110001,116501530,0,0.000000,1.000000
116507843,75,101100110011000000101010111000011010000000010000100101110100010111100111111,116501530,0,0.000000,1.000000
116507844,77,11010011000110100001010101110000110100000000100001001011111000110111000111001,116501530,0,0.000000,1.000000
116507845,77,11110000000010100001010101110000110100000000111000001110110100011010011010111,116501530,0,0.000000,1.000000
116507846,78,011011001000110000001010101110000110100000000110101001011101000100111000111001,116501531,0,0.000000,1.000000
116507847,75,110101001100000010101011100001101000000001000011010111101011100001001100011,116501532,0,0.000000,1.000000
116507848,82,0110100011001101000110101011100001101000000001110010011111111100001100000010111010,116501532,0,0.000000,1.000000
116507849,75,101110111000000101010111000011010000000010000101101110001110010100110001111,116503228,0,0.000000,1.000000
116507850,75,101010011000000101010111000011010000000010000110101111000111000010011000111,116503228,0,0.000000,1.000000
116507851,75,101110111000000101010111000011010000000010000101101110001110010100110001111,116503228,0,0.000000,1.000000
116507852,80,01101000100011010000101010111000011110000000011001001111111000000111000000001110,116503228,0,0.000000,1.000000
116507853,75,101010011000000101010111000011010000000010000110101111000111000010011000111,116503228,0,0.000000,1.000000
116507854,75,101010011000000101010111000011010000000010000110101111000111000010011000111,116503228,0,0.000000,1.000000
116507855,84,110010000010111100001101010111000011010000000010001001101101011000110110110001100101,116503228,0,0.000000,1.000000
116507856,72,110100101100000010101011101001101000000001000011010111100011001010011101,116503228,0,0.000000,1.000000
116507857,80,01101000100011010000101010111000011110000000011001001111111000000111000000001110,116503228,0,0.000000,1.000000
116507858,75,101010011000000101010111000011010000000010000110101111000111000010011000111,116503228,0,0.000000,1.000000
116507859,75,110101010000100010010101011100001101000000001100110010011100001000110111011,116503228,0,0.000000,1.000000
116507860,77,01011001100110000000010101110000110100000000100001001011101000100110001110110,116503228,0,0.000000,1.000000
116507861,71,11110111000000101010111000011010000000010000101101100011100101001100011,116503229,0,0.000000,1.000000
116507862,82,1101110000010001001000010101011100101101000000001000100111011000000011100100000111,116503229,0,0.000000,1.000000
116507863,76,1011110010110000001010101110000110100000001100110010111110000100110000110010,116503229,0,0.000000,1.000000
116507864,80,01101000100011010000001010111000011110000000011001001111111000000111000100001110,116503229,0,0.000000,1.000000
116507865,83,01011010000000110100001010101110000110100000000110001001111111000000011100100101110,116503229,0,0.000000,1.000000
116507866,76,1011110010110000001010101110000110100000001100110010111110000100110000110010,116503229,0,0.000000,1.000000
116507867,75,111101110000001010101110000110100000000100001001011110001110010100110001111,116503229,0,0.000000,1.000000
116507868,84,111001000011011100000110101011100001101000000001000100111111101100011010011000110010,116503229,0,0.000000,1.000000
116507869,73,1101011100001010101111000110100000000100101001011111001110010101100001100,116503229,0,0.000000,1.000000
116507870,73,1000000110000001010101110000110100000000100001001011110011100001001100011,116503229,0,0.000000,1.000000
116507871,73,0111101110100001010101111000110100000000100001100110100011100001001000110,116503229,0,0.000000,1.000000
116507872,83,01011010000000110100001010101110000110100000000110001001111111000000011100100101110,116503229,0,0.000000,1.000000
116507873,77,10010011000100100001011101110000110100000000110001001100110100001010010010111,116503229,0,0.000000,1.000000
116507874,81,011010001000110100001010101110000110100000000110001001111111010000111000000101111,116503229,0,0.000000,1.000000
116507875,73,1111011100000010101011100001101000000001100010110111000111001010011000111,116503229,0,0.000000,1.000000
116507876,75,010110010000100000101010111000011010000000011000100101011100011001110111001,116503229,0,0.000000,1.000000
116507877,76,1110100001100000010101011100001101000000001000011010111000011000011011100011,116503229,0,0.000000,1.000000
116507878,74,10101001100100010101011100001101000000001000011010111100011100001111100011,116503229,0,0.000000,1.000000
116507879,76,1011110010110000001010101110000110100000001100110010111110000100110000110010,116503231,0,0.000000,1.000000
116507880,81,101111000001000110000001010101110000110100000000110011001011111001110011111111001,116503231,0,0.000000,1.000000
116507881,81,011010001000110100001010101110000110100000000110001001111111010000111100000101110,116503231,0,0.000000,1.000000
116507882,81,101111000001000110000001010101110000110100000000110011001011111001110011111111001,116503231,0,0.000000,1.000000
116507883,86,00110010000011111000000101010111000011010000000010001001111101011000011110110011100110,116503231,0,0.000000,1.000000
116507884,80,01101000100011000001010101110000110100000000111000001111111010000111000001011101,116503231,0,0.000000,1.000000
116507885,77,11010001000110100001010101110000110100000000100001001011111000110111000111001,116503231,0,0.000000,1.000000
116507886,74,10101001100000010101011100001101000000001000011010111100011100001001100011,116503231,0,0.000000,1.000000
116507887,82,0111100010001101000010101011100001101000000001100010011111110100001111001001011101,116503231,0,0.000000,1.000000
116507888,80,01101000100011000001010101110000110100000000111000001111111010000011000001011101,116503231,0,0.000000,1.000000
116507889,80,01111010001000110000001010111110000110100000000110011001011111001110011111111001,116503231,0,0.000000,1.000000
116507890,82,1101110100010001001000010101011100001101000000001000100111011000000011100100000111,116503232,0,0.000000,1.000000
116507891,77,01010000101000000010101011100001101001000001100010010111110001100111011100101,116490336,0,0.000000,0.700000
116507892,76,1110100001100000010101011100001101000000001000011000111000011100001011100011,116490336,0,0.000000,0.800000
116507893,77,11111011100000010101011100001101000000001000010110111100011100101001101011111,116503232,0,0.000000,1.000000
116507894,79,0100100110001001000010101011100001101000000001100110011111110100001111010010111,116508506,0,0.000000,0.800000
116507895,75,111101110000001010101110000110100000000100010110111100011100101001101011111,116490336,0,0.000000,0.800000
116507896,82,1101110100010001001000010101011100001101000000001000100111011000000011100100000111,116503232,0,0.000000,1.000000
116507897,79,0100100110001001000010101011100001101000000001100110011111110100001111010010111,116503232,0,0.000000,1.000000
116507898,81,011010001000110100001010101110000110100000000110001001111111010000111100000101110,116490336,0,0.000000,0.800000
116507899,75,111010111000001010101111000110100000000100001001011111001110010101100001100,116490336,0,0.000000,0.700000
116507900,77,01010000101000000010101011100001101001000001100010010111110001100111011100101,116503232,0,0.000000,1.000000
116507901,82,0110100010001101000010101011100001101000000001100010011111110000001110000010111011,116503232,0,0.000000,1.000000
116507902,79,1010110010000100000010101011100001100000000001000010010101110001100101001110011,116490336,0,0.000000,0.700000
116507903,77,11110100001100000010101011100001101000000001000011000111000011100001011100011,116508506,0,0.000000,0.800000
116507904,81,011010001000110100001010101110000110100000000110001001111111010000111100000101110,116508506,0,0.000000,0.800000
116507905,77,10011011111010100101010111000011011000000010000110101101000110010010011001111,116503233,0,0.000000,0.800000
116507906,72,110100101100000010101011101001101000000001000011010111100011001010011101,116503233,0,0.000000,1.000000
116507907,80,10110110010001101010010101011100001101000000001100010010111110001001110001110010,116503233,0,0.000000,1.000000
116507908,72,110100101100000010101011101001101000000001000011010111100011001010011101,116503233,0,0.000000,1.000000
116507909,80,01111010001000110000001010111110000110100000000110011001011111001110011111111001,116503234,0,0.000000,1.000000
116507910,70,1010111010000111010111000011010000000011000110101011010111010100111111,116503234,0,0.000000,1.000000
116507911,73,1111011100000010101011100001101000000001100010110111000111001010011000111,116503234,0,0.000000,1.000000
116507912,78,001011000101000000010101011100011101010000001100010010101110011100110011100010,116503234,0,0.000000,1.000000
116507913,79,0111100000001101000010101011100001111000000001110010011101101000011010010010111,116503234,0,0.000000,1.000000
116507914,83,00110100010101101000010101011100001101000000001100110011111110100001111000001001100,116503234,0,0.000000,1.000000
116507915,79,0010111010101100000010101011100001101000000000100110010111100000100110001110011,116503234,0,0.000000,1.000000
116507916,83,00110100010101101000010101011100001101000000001100110011111110100001111000001001100,116503234,0,0.000000,1.000000
116507917,79,0111100000001101000010101011100001101000000001110010111101101000011010010010111,116503234,0,0.000000,1.000000
116507918,86,00110010000011111100000101010111000011010000000010001001111101011000011110110011100110,116503234,0,0.000000,1.000000
116507919,82,0111100010001101000010101011100001101000000001100010011111110100001111001001011101,116503235,0,0.000000,1.000000
116507920,74,11101000011000000101010111000011010000000010000110101110000111000001110001,116503235,0,0.000000,1.000000
116507921,75,111101110000001010101110000110100000000100001011011110001110011100110101111,116503235,0,0.000000,1.000000
116507922,76,0111101110000001010101110000110100000000100001011011110001110011100110001111,116503235,0,0.000000,1.000000
116507923,84,011001000001111110000010101011100001101000000001000100111110101000011110110011100110,116503235,0,0.000000,1.000000
116507924,73,1101011101000010101011110001101000000001100001010011100011001110011110100,116503235,0,0.000000,1.000000
116507925,82,0110100010001101000010101011100001101000000001100010011111110000001110000010111011,116503235,0,0.000000,1.000000
116507926,78,110111010001100000010101011100001101000000001100010101111110001000111101110010,116503235,0,0.000000,1.000000
116507927,82,0110100010001101000010101011100001101000000001100010011111110000001110000010111011,116503235,0,0.000000,1.000000
116507928,76,1110100001100000010101011100001101000000001000011000111000011100001011100011,116503235,0,0.000000,1.000000
116507929,74,00111010111010001101010111000011010000000010100100101111101111011000110100,116503235,0,0.000000,1.000000
116507930,80,00100001001100000010101011101001101000000001000100110110101101011010011001110011,116503235,0,0.000000,1.000000
116507931,79,1100100101011000000101010111000011010000000011000110101111100011000100011100100,116503235,0,0.000000,1.000000
116507932,77,11011001000110000001010101110000100100000000100001000011101001100101000111101,116503235,0,0.000000,1.000000
116507933,76,1111101110000001010101110000110100000000100001010011110001110011100110001111,116500008,0,0.000000,0.800000
116507934,77,01011000101000000010101011100001101001000001101010010111110000100111011100001,116503236,0,0.000000,1.000000
116507935,73,0111101110100001010101111000110100000000100001100110100011101001001100110,116500008,0,0.000000,0.700000
116507936,86,00110010010011111100100101010111000011010000000010001001111101011000011110110011100110,116500008,0,0.000000,0.700000
116507937,77,10101100100011000001010101110000110100000000110001001010111100110011100111001,116503236,0,0.000000,1.000000
116507938,77,10101100100011000001010101110000110100000000110001001010111100110011100111001,116503236,0,0.000000,1.000000
116507939,82,1111000001000100000101010111000010010000000010001001111101011001111100110011110101,116503236,0,0.000000,1.000000
116507940,70,1010111010000101010111000011010000000011000010100111000100011100111101,116503236,0,0.000000,1.000000
116507941,78,001111100010110010001010101110000110100000000110011001011111000011011000111001,116503236,0,0.000000,1.000000
116507942,76,1110100001100000010101011100001101000000001000011010111000011000011011100011,116503236,0,0.000000,1.000000
116507943,79,0111100000001101000010101011100001111000000001110010011101101000011010010010111,116503238,0,0.000000,1.000000
116507944,79,0010110001010000000101010111000011010000000011000100101111100111001100111000101,116503238,0,0.000000,1.000000
116507945,88,0011001000001111110000010101011100001101000000001000100111110101100001111011001110011000,116503238,0,0.000000,1.000000
116507946,80,01101000100011000001010101110000110100000000111000001111111010000111000001011101,116503238,0,0.000000,1.000000
116507947,72,011010111010000101010111000011010000000010000110101010001110100100110011,116503238,0,0.000000,1.000000
116507948,79,0010110001010000000101010111000011010000000011000100101111100111001100111000101,116503238,0,0.000000,1.000000
116507949,81,011110100010001100000010101011100001101000000001100110010111110011100111111110011,116503238,0,0.000000,1.000000
116507950,79,0100100110001001000010101011100001101000000001100110011111110100001111010010111,116478441,0,0.000000,1.000000
116507951,82,1101110100010001001000010101011100001101000000011000100111011000000011100100000111,116503238,0,0.000000,1.000000
116507952,75,101010011000000101010111000011010000100010000110101111000111000010011000111,116503238,0,0.000000,1.000000
116507953,81,010010011000000100001010101110000110100000000111001001111111010000111110100101110,116503238,0,0.000000,1.000000
116507954,70,0101011101000010001011100001101000000011000010101111000110001100111111,116503238,0,0.000000,1.000000
116507955,86,00110010010011111100100101010111000011010000000010001001111101011000011110110011100110,116503238,0,0.000000,1.000000
116507956,77,01001000101000000010101011100101101000000001100011010111110001100011011110010,116478441,0,0.000000,0.800000
116507957,70,0100011000000101010111000011010000000010000110101101000110010000110001,116478441,0,0.000000,1.000000
116507958,72,011110111010100101010111100011010000000010000110011010001110100100110011,116503238,0,0.000000,1.000000
116507959,75,110101001100000010101011100001101000000001000011010111101011100011001100011,116503238,0,0.000000,1.000000
116507960,77,11010001000100100001010101110000110100010000100001001011111000110111000111001,116503238,0,0.000000,1.000000
116507961,82,1001000001001100000010101011100001101000000001000100110111101001011000011001110011,116478441,0,0.000000,1.000000
116507962,79,1101000110011010000101010111000011010000000011000100111111010000111000000101110,116503238,0,0.000000,1.000000
116507963,80,01110100010001101000010101011100001101000000001110010011111110100001110010010111,116503240,0,0.000000,1.000000
116507964,76,1011110010110000001010101110000110100000001100110010111110000100110000110010,116473636,0,0.000000,0.700000
116507965,82,1101110100010001001000010101011100001101000000011000100111011000000011100100000111,116503241,0,0.000000,1.000000
116507966,80,01101000100011010000101010111000011010000000011000100111111010000111100100101110,116503241,0,0.000000,1.000000
116507967,79,0011000010011000000101010111000011010000000010001011011010110101101000100111001,116503241,0,0.000000,1.000000
116507968,75,011010111000001010001111000110100000000100001001011101001110010101100001100,116473636,0,0.000000,0.600000
116507969,75,001101011101000010101011100001101010000001000011010110100011101001001100111,116503241,0,0.000000,1.000000
116507970,82,0100100110001001000010101011100001101000000001100010011111110100001111101001011101,116473636,0,0.000000,0.800000
116507971,80,01101000100010000011010101110000110100000000111000001111111010000111000001011101,116473636,0,0.000000,0.700000
116507972,81,001110100010001101000010101011100001101000000001100010011111110100001110010010111,116503241,0,0.000000,1.000000
116507973,74,01101011101000010101011100001101000000001000011010110100011101001001100011,116503241,0,0.000000,1.000000
116507974,80,01101000100011010000101010111000011010000000011001001111111000000111100100001110,116503241,0,0.000000,1.000000
116507975,75,001101011101000011101011100001101000000001000011010110100011101001001100111,116473636,0,0.000000,0.700000
116507976,80,01101000100011010000101010111000011010000000011000100111111010000111100100101110,116503241,0,0.000000,1.000000
116507977,81,011010001000110100001010101110000110100000000110001001111111010000111100000101110,116503241,0,0.000000,1.000000
116507978,73,1010000110000001010101110000110100000000100001001011110011100001001100011,116503241,0,0.000000,1.000000
116507979,80,01001001100010010001101010111000011010000000011001100110110101000011110100101110,116503242,0,0.000000,1.000000
116507980,75,111101110000001010101010000010100000000100001011011100001100011100100001111,116503242,0,0.000000,1.000000
116507981,79,0111100000001101000010101011100001101000000001110010011101101000110010010010111,116503242,0,0.000000,1.000000
116507982,79,0111100000001101000010101011100001101000000001110010011101101000110010010010111,116503242,0,0.000000,1.000000
116507983,75,111101110000001010101110000110100000000100001011011110001110011100110101111,116503242,0,0.000000,1.000000
116507984,81,001101000100011010000101010111100011010000000011001001011111000000111100000101110,116503242,0,0.000000,1.000000
116507985,81,001111011001011111000001010101100000110100000000100011001011111000110011100111001,116503242,0,0.000000,1.000000
116507986,82,0011010001000110100001010101110000110100000000110001011111111010000111100000101110,116503242,0,0.000000,1.000000
116507987,80,11110001000110100001010101010000110100000000110001001111111010000111001001011101,116503242,0,0.000000,1.000000
116507988,79,1010110010000100000010101011100001101000000001000010010101110001100101010110011,116503242,0,0.000000,1.000000
116507989,72,010100101100000010101011101001101000000001000011010111100011001010011101,116503242,0,0.000000,1.000000
116507990,80,01111010001001110000001010101110000010110000000110011101010111001110011111111101,116503243,0,0.000000,1.000000
116507991,74,11110111000000101010111000011010000000010000101101110001110010100110001111,116503243,0,0.000000,1.000000
116507992,82,1111000001000100000101010111000011010000000010001001111101011001111100110011110101,116503243,0,0.000000,1.000000
116507993,79,0100100110001001000010100011100011101000000001000100111111101000011111010010111,116503243,0,0.000000,1.000000
116507994,75,111101110000001010101110000110100000000100001011011110001110011100110001111,116503243,0,0.000000,1.000000
116507995,78,110110010101100000010101011100001001000000001100010111111110001010111101110010,116503243,0,0.000000,1.000000
116507996,75,001110101110100011010101110000010100000000101001001011111011110111001101000,116503243,0,0.000000,1.000000
116507997,78,110110010101100000010101011100001001000000001100010111111110001010111101110010,116503243,0,0.000000,1.000000
116507998,74,11110111000000101010111000011010000000010000101101100001110010100110001111,116503243,0,0.000000,1.000000
116507999,88,0011001000001111110000010111011100101101000000001000100111110101101001110011001110011010,116503243,0,0.000000,1.000000
116508000,82,0011010001000110100001010101110000110100000000110101001111111010000111000001011101,116503243,0,0.000000,1.000000
116508001,81,011010001000110100001010101110000110100000000110001001111011010000111100000101110,116503243,0,0.000000,1.000000
116508002,82,1111000001000100000101010111000011010000000010001001111101011001111100110011110101,116503243,0,0.000000,1.000000
116508003,75,111101110000001010101110000110100000000100001011011110001110011100110001111,116503243,0,0.000000,1.000000
116508004,80,01111010001001110000001010101110000010110000000110011101010111001110011111111101,116503243,0,0.000000,1.000000
116508005,81,011010001000110100001010101110000110100000000110001001111011010000111100000101110,116503243,0,0.000000,1.000000
116508006,79,0110110010001100000010101010100001101000000001101010010111000001001110001110011,116503243,0,0.000000,1.000000
116508007,79,0110110010001100000010101010100001101000000001101010010111000001001110001110011,116503243,0,0.000000,1.000000
116508008,74,01101011101001010101011100001101000000001000011010110100011101001000100111,116503243,0,0.000000,1.000000
116508009,74,11110111000000101010111000011010000000010000101101110001110010100110001111,116503243,0,0.000000,1.000000
116508010,76,0111101110000001010101010000010100000000100001011011100001110011100100001111,116503243,0,0.000000,1.000000
116508011,82,0011010001000110100001010101110000110100000000110101001111111010000111000001011101,116503243,0,0.000000,1.000000
116508012,79,1001001100010010000101010111000011010000000011100100111111101000011111010001110,116503244,0,0.000000,1.000000
116508013,74,11101000011000000101010111000011010000000010000110101110000111000001110001,116503244,0,0.000000,1.000000
116508014,82,1100100000100110000001010101110000110100001000100010011011010110001101011100011001,116503244,0,0.000000,1.000000
116508015,85,0011001000001111110000010101011100001101000000001000100101101011000011010110011100111,116503244,0,0.000000,1.000000
116508016,80,01110100010001101000010101011100001111000000001110010011111110100001110010010111,116503244,0,0.000000,1.000000
116508017,80,01101000100010000001010101110000110100000000111000011111111010000111000001011101,116503244,0,0.000000,1.000000
116508018,78,010110010001000000110101011100001101000000001100000101111000011001111111010100,116503244,0,0.000000,1.000000
116508019,75,010110010000100000101010111000011010000000011000100101011100011001110111001,116503244,0,0.000000,1.000000
116508020,86,00110010010011111100100101010111000011010000000010001001111101011000011110110011100110,116503244,0,0.000000,1.000000
116508021,74,11101000011000000101010111000011010000000010000110101110000111000001110001,116503244,0,0.000000,1.000000
116508022,73,1111011100000010101011100001101000000001000010010111100011001010011000111,116503244,0,0.000000,1.000000
116508023,79,0100100110001001000010101011100001101000000001100110011111110100001111010010111,116503244,0,0.000000,1.000000
116508024,77,10101100100011000001010101110000110100000000110001001010111100110011100111001,116503244,0,0.000000,1.000000
116508025,78,010110010001000000110101011100001101000000001100000101111000011001111111010100,116503244,0,0.000000,1.000000
116508026,80,01101000100010000001010101110000110100000000111000011111111010000111000001011101,116503244,0,0.000000,1.000000
116508027,86,00110010010011111100100101010111000011010000000010001001111101011000011110110011100110,116503244,0,0.000000,1.000000
116508028,79,0100100110001001000010101011100001101000000001100110011111110100001111010010111,116503244,0,0.000000,1.000000
116508029,72,111101100000010101011100001101000000001000010110111000111001010001000110,116503244,0,0.000000,1.000000
116508030,72,111101100000010101011100001101000000001000010110111000111001010001000110,116503244,0,0.000000,1.000000
116508031,75,101110111000000101010111000011010000000010000111101110001110010100111001111,116503245,0,0.000000,1.000000
116508032,81,010010011000100100001010101110000110100000000111001001111111010000111110100101110,116503245,0,0.000000,1.000000
116508033,75,110101010000100010010101011100001101000000001100110010011100001000110111011,116503245,0,0.000000,1.000000
116508034,80,01110100010001101000010101011100001101000000001100010011111110100001110010010111,116503245,0,0.000000,1.000000
116508035,82,0110101010001000000010101011100001101000100001101010011111010100011011001001111101,116503245,0,0.000000,0.800000
116508036,75,101010111000000101010111000011010000000010000101101110001110010100110001111,116503245,0,0.000000,1.000000
116508037,75,101010111000000101010111000011010000000010000101101110001110010100110001111,116503245,0,0.000000,1.000000
116508038,76,1110100001100000010101011100001101000000001000011010111000011100001010100011,116503245,0,0.000000,1.000000
116508039,79,0110010010001100000010101011100001101000001001000010101111010001000111101010010,116503245,0,0.000000,1.000000
116508040,73,1101011100000101010111100011010000000010000100101111100111001010110000110,116503245,0,0.000000,1.000000
116508041,76,1111101110000001010101110000110100000000100001010011110001110011100110001111,116503245,0,0.000000,1.000000
116508042,77,01010000101000000010101011100001101001000001100010010111110001100111011100101,116503245,0,0.000000,1.000000
116508043,82,0110101010001101000010101011100001101000100001100100111110101000111110010010111110,116503245,0,0.000000,1.000000
116508044,75,101010011000000101010111000011010000000010000110101111000111000011111000111,116503245,0,0.000000,1.000000
116508045,78,110101100100001000001010101110000110100000000110001001010111000110011100111001,116503245,0,0.000000,1.000000
116508046,76,1110100001100000010101011100001101000000001000011010111000011100001010100011,116503245,0,0.000000,1.000000
116508047,77,01010000101000000010101011100001101001000001100010010111110001100111011100101,116503245,0,0.000000,1.000000
116508048,81,011010001000110100001010101110000110100000000110001001111111110000111000000101111,116503245,0,0.000000,1.000000
116508049,81,011010001000110100001010101110000110100000000110001001111111110000111000000101111,116503245,0,0.000000,1.000000
116508050,75,101100110011000100101010111000011010000101010000100101110100010111000111011,116503245,0,0.000000,1.000000
116508051,75,101110111000000101010111000011010000000010000111101110001110010100111001111,116503245,0,0.000000,1.000000
116508052,80,01110100000001101000010101011100001101000000001110010011111110100001110010110111,116503246,0,0.000000,1.000000
116508053,82,0110100010001101000010101011100001101000000001100010011111110100001110000001011100,116503246,0,0.000000,1.000000
116508054,80,01001011101000110000001010101110000110100000000110011001011111000010011000011001,116503246,0,0.000000,1.000000
116508055,77,01011001100110000001010101110000110100000000100001001011101000101110001110110,116503246,0,0.000000,1.000000
116508056,83,01011010000000110100011010101110000110100000000110001001101111000000011100100101110,116503246,0,0.000000,1.000000
116508057,80,01110100000001101000010101011100001101000000001110010011111110100001110010110111,116503246,0,0.000000,1.000000
116508058,76,0110100001100000010101011100001101000000001000011010111100011100001001100011,116503247,0,0.000000,1.000000
116508059,75,001101011101000010101011100001101010000001000011010110100011101001001100111,116503247,0,0.000000,1.000000
116508060,79,0111100000001101000010101011100001101000000001110010111101101000011010010010111,116503247,0,0.000000,1.000000
116508061,88,0011001000001111110000010101011100001101000000001000100111110101100001111011001010011000,116503247,0,0.000000,1.000000
116508062,74,10101001100000010101011100001101000000001000011010111101011100001001100011,116503247,0,0.000000,1.000000
116508063,77,11010011000110100001010101110000110100000000100001001011111000110111000111001,116495375,0,0.000000,0.600000
116508064,76,0111101110000001010101010000010100000000100001011011100001110011100100001111,116495375,0,0.000000,0.500000
116508065,80,10101100100000000000101010111000010010000000010000100101011100011001110011100111,116503248,0,0.000000,1.000000
116508066,79,1101100101011000000101010111000011010000000011000000101111100011001101011100110,116503248,0,0.000000,1.000000
116508067,80,01111010001000110000001010111110000110100000000110011001011111001110011111111001,116503248,0,0.000000,1.000000
116508068,79,1101100101011000000101010111000011010001000011000000101111100011001101011100110,116503248,0,0.000000,0.800000
116508069,80,10101100100000000000101010111000010010000000010000100101011100011001110011100111,116503248,0,0.000000,1.000000
116508070,82,1011010001000111100001010101110000110100000010110001001011111010000111100001011101,116503248,0,0.000000,1.000000
116508071,75,001101111011000010101011100001101000000001000011010110100011001001001100111,116503249,0,0.000000,1.000000
116508072,79,0011000010011000000101010111000011010000000010001011011010110101101001100111001,116503249,0,0.000000,1.000000
116508073,77,11010001000110100001010101110000110100000000100001001011111000110111000111001,116503249,0,0.000000,1.000000
116508074,79,0011000010011000000101010111000011010000000010001011011010110101101001100111001,116503249,0,0.000000,1.000000
116508075,76,1101100101010000010101010111000011010000000011000101111111000101011110111001,116503249,0,0.000000,1.000000
116508076,79,0011000010011000000101010111000011010000000010001011011010110001101001100111001,116503249,0,0.000000,0.800000
116508077,77,11010001000110100001010101110000110100000000100001001011111000110111000111001,116503249,0,0.000000,1.000000
116508078,79,0011000010011000000101010111000011010000000010001011011010110101101001100111001,116503249,0,0.000000,1.000000
116508079,79,1101011101110100001010101100001110100000000101001100011100010110010100110101100,116503249,0,0.000000,1.000000
116508080,80,01110100010001101000010101011100001101000000001110010011111110100001110010010111,116503249,0,0.000000,1.000000
116508081,78,010001001010110000001010101110000110100000001100010010101110001000111001110001,116503249,0,0.000000,1.000000
116508082,81,011010001000110100001010101110000110100000000110001001111111010000111100000101110,116503249,0,0.000000,1.000000
116508083,77,11010001000110100001010101110000110100000000100001001011111000110111000111001,116503249,0,0.000000,1.000000
116508084,74,10101001110000010101011100001101000000001000011010111100011100001001100011,116503249,0,0.000000,1.000000
116508085,74,11010111000001010101111000110100000000100001001011111001110010101100001100,116503249,0,0.000000,1.000000
116508086,81,110111010001000100100001011101110100110100000010100010011101100001001110010000011,116503249,0,0.000000,1.000000
116508087,77,11010001000110100001010101110000110100000000100001001011111000110111000111001,116503249,0,0.000000,1.000000
116508088,70,0101011101000010001011100001101000000011000010101111000110001100111111,116503249,0,0.000000,1.000000
116508089,78,010001001010110000001010101110000110100000001100010010101110001000111001110001,116503249,0,0.000000,1.000000
116508090,75,001101111011000010101011100001101000000001000011010110100011001001001100111,116503249,0,0.000000,1.000000
116508091,83,11001000001011110000110101010100001101000000001000100110110101100011011011000110010,116503251,0,0.000000,1.000000
116508092,78,110111010001100000010101011100001101000000001100010101111110001000111101110010,116503251,0,0.000000,1.000000
116508093,80,01101000100011010000100010111000011010000001011001001011111000000111100100101110,116503251,0,0.000000,1.000000
116508094,81,011010001000110100001010101110000110100000000110001001111111010000111100000101110,116503251,0,0.000000,1.000000
116508095,75,101110111000000101010111000011010000000010000101101110001110010100110001111,116503251,0,0.000000,1.000000
116508096,82,0111100010001101000010111011100001111000000001100010011111110000001111001001011001,116503251,0,0.000000,1.000000
116508097,75,101010111000000101010111000011010000000010000101101110001110010100110001111,116503251,0,0.000000,1.000000
116508098,79,0100100110001001000011101011100001101000000001100110011011110100001111010010111,116503251,0,0.000000,1.000000
116508099,80,01101000100010000001010101110000110100000000111000001111111010000111000001011101,116503251,0,0.000000,1.000000
116508100,75,101110111000000101010111000011010000000010000101101110001110010100110001111,116503251,0,0.000000,1.000000
116508101,80,01101000100010000001010101110000110100000000111000001111111010000111000001011101,116503251,0,0.000000,1.000000
116508102,76,1011110010110000001010101110000110100000001100110010111110000100110000110010,116503251,0,0.000000,1.000000
116508103,82,0111100010001101000010101011100001101000000001000010011111110100001110001001011101,116503251,0,0.000000,0.800000
116508104,78,110111010001100000010101011100001101000000001100010101111110001000111101110010,116503251,0,0.000000,1.000000
116508105,82,0111100010001101000010111011100001111000000001100010011111110000001111001001011001,116503251,0,0.000000,1.000000
116508106,75,101110111000000101010111000011010000000010000101101110001110010100110001111,116503251,0,0.000000,1.000000
116508107,77,11010001000110100001010101110000110100000000100001001011111000110111000111001,116503251,0,0.000000,1.000000
116508108,80,01101000100010000001010101110000110100000000111000001111111010000111000001011101,116503251,0,0.000000,1.000000
116508109,75,101110111000000101010111000011010000000010000101101110001110010100110001111,116503251,0,0.000000,1.000000
116508110,81,011010000000110100001010101111000110100000000110001001111111010000111000001011101,116503251,0,0.000000,1.000000
116508111,82,0001010001000110100001010101110000110100000000110001001111111010000111100100101110,116503252,0,0.000000,1.000000
116508112,72,110101110100001010101110000110100000000110000101001110001100111001111010,116503252,0,0.000000,1.000000
116508113,82,0001010001000110100001010101110000110100000000110001001111111010000111100100101110,116503252,0,0.000000,1.000000
116508114,72,110101110100001010101110000110100000000110000101001110001100111001111010,116503252,0,0.000000,1.000000
116508115,82,1101110100010001001001010101011100001101000000001000100111011000000011100100000111,116503252,0,0.000000,1.000000
116508116,72,110101110100001010101110000110100000000110000101001110001100111001111010,116503252,0,0.000000,1.000000
116508117,80,01111010001000110000001010101110000110100000000100011001011111001110011111111001,116503252,0,0.000000,1.000000
116508118,78,011111001011000000101010111000011010000000010001100101111100001001100001100100,116503252,0,0.000000,1.000000
116508119,79,0011011001011000000101010111000011010000000010001100101111100001001100001100100,116503252,0,0.000000,0.800000
116508120,82,1101110100010001001001010101011100001101000000001000100111011000000011100100000111,116503252,0,0.000000,1.000000
116508121,82,1101110100010001001001010101011100001101000000001000100111011000000011100100000111,116503252,0,0.000000,1.000000
116508122,80,01111010001000110000001010101110000110100000000100011001011111001110011111111001,116503252,0,0.000000,1.000000
116508123,78,011111001011000000101010111000011010000000010001100101111100001001100001100100,116503252,0,0.000000,1.000000
116508124,82,1101110100010001001001010101011100001101000000001000100111011000000011100100000111,116503252,0,0.000000,1.000000
116508125,80,01111010001000110000001010101110000110100000000100011001011111001110011111111001,116503252,0,0.000000,1.000000
116508126,75,101010011000000101010111000011010000000010000110101111000111000011111000111,116503252,0,0.000000,1.000000
116508127,82,0001010001000110100001010101110000110100000000110001001111111010000111100100101110,116503252,0,0.000000,1.000000
116508128,72,110101110100001010101110000110100000000110000101001110001100111001111010,116503252,0,0.000000,1.000000
116508129,80,01111010001000110000001010101110000110100000000100011001011111001110011111111001,116503252,0,0.000000,1.000000
116508130,81,011010001000110100001010101110000110110000000110000001111111010000111101000101110,116503252,0,0.000000,1.000000
116508131,72,011110111010100101010111100011010000000010000110011010001110100100110011,116486634,0,0.000000,0.600000
116508132,81,101110100010001101000010101001000001101000000001000010011011110100000110010010111,116503253,0,0.000000,1.000000
116508133,70,1000111010000101010111000011010000000011000010101111000110011100111101,116503253,0,0.000000,1.000000
116508134,77,11010001000110100001010101110000110100010000100001001011111000110111000111001,116503253,0,0.000000,1.000000
116508135,83,11001000001011100000110101011100001101000000001000100110110101100011011011000110010,116503253,0,0.000000,1.000000
116508136,77,01011001100110000001010001110100110100000000100001001011101000101110001110110,116486634,0,0.000000,0.600000
116508137,77,10010010101000000101010111000010110100000010000100101111100011001100111100100,116503253,0,0.000000,1.000000
116508138,79,1011011001000110000001010101010000110100000000110101001011100000100111000111001,116503253,0,0.000000,1.000000
116508139,88,0011001000001111110000010111011100101101000000001000100111110101101001110011001110011010,116503253,0,0.000000,1.000000
116508140,88,0011001000001111110000010101011100001101000000001000100111110100100001111011001110011000,116486634,0,0.000000,0.800000
116508141,79,0100100110001001000011101011100001101000000001100110011011110100001111000010111,116503253,0,0.000000,1.000000
116508142,82,0011010001000110000001010101110000110100000000110001001111111010000111100100101110,116503253,0,0.000000,1.000000
116508143,84,101011010001001010100001010101110000111100000000110001001111111100100111000100101110,116486634,0,0.000000,0.700000
116508144,75,111101111000001010101110010110100000000100001001011110001110010100110001111,116503253,0,0.000000,1.000000
116508145,79,0111100000001101000010101011100001101000000001110010011101101000011010010010111,116503253,0,0.000000,1.000000
116508146,77,11010001000110100001010101110000110100010000100001001011111000110111000111001,116486634,0,0.000000,0.700000
116508147,81,011010001000110100001010101110000110100000000110001001111111010000111100000101110,116503253,0,0.000000,1.000000
116508148,79,1011011001000110000001010101010000110100000000110101001011100000100111000111001,116505118,0,0.000000,1.000000
116508149,77,10011011111010000101010111000001011000000010000110101101000110010010011001111,116505118,0,0.000000,1.000000
116508150,79,0110100010001101000010101011100001101000000011000100111111101000011110000010111,116505118,0,0.000000,1.000000
116508151,88,0011001000001111110000010111011100101101000000001000100111110101101001110011001110011010,116505118,0,0.000000,1.000000
116508152,75,010010011001010000010101011100001101000000000100010011011101000011110101101,116505118,0,0.000000,0.000000
116508153,72,011010111010000101010111000011010000000010000110101010001110100100110011,116505118,0,0.000000,1.000000
116508154,82,0011010001000110100001010101110000110100000000110001001111111010000111100100101110,116465100,0,0.000000,1.000000
116508155,82,0011010001000110100001010101110000110100000000110101001111111010000111000001011101,116465100,0,0.000000,1.000000
116508156,88,0011001000001111110000010111011100101101000000001000100111110101101001110011001110011010,116505118,0,0.000000,1.000000
116508157,82,0100010100000001101000010101011101001101000000101110010011111110100001110010010110,116505118,0,0.000000,1.000000
116508158,74,10101001100100010101011100001101000000001000011010111100011100001111100011,116505118,0,0.000000,1.000000
116508159,79,1011011001000110000001010101010000110100000000110101001011100000100111000111001,116505120,0,0.000000,1.000000
116508160,78,010011001000110000001010101110000110100000001100010010111110001000111001110011,116505120,0,0.000000,1.000000
116508161,84,111001000011011100000110101011100001101000000001000100111111101100011010011000110010,116505120,0,0.000000,1.000000
116508162,75,010110010000100000101010111000011010000000011000100111011100011001110111001,116505120,0,0.000000,0.800000
116508163,70,0101011000000101010111000011010000000010000110101101000110010000110001,116505121,0,0.000000,1.000000
116508164,77,01011000101000000010101011100101101000000001100011010100110001100111011100010,116505121,0,0.000000,1.000000
116508165,77,01111101110000001010101110000110100000001100001011011110001110010100110101111,116505121,0,0.000000,1.000000
116508166,74,10101001000000010111011100001101000000001000011010111101011000001001100011,116505121,0,0.000000,1.000000
116508167,74,11010111000001010101111000110100000000100001001011111001110010101100001100,116505121,0,0.000000,1.000000
116508168,77,11010001000100100001010101110000110100010000101001001011111000110111000111001,116505121,0,0.000000,1.000000
116508169,75,101110111000000101010111000011010100000010000101101110001110010100110001111,116505121,0,0.000000,1.000000
116508170,79,0000100110001001000010101011100001101000000001100110011111110100001111010010111,116505121,0,0.000000,1.000000
116508171,82,0110101010001001000010101011100001101000100001101010011111010100001011001001011101,116505123,0,0.000000,1.000000
116508172,74,11110111000000111010111000011010000001010010101101111000010001100110001111,116505125,0,0.000000,1.000000
116508173,70,1010111010000111010111000011010000000011000010101111010110010100111111,116505126,0,0.000000,1.000000
116508174,86,00110000000011111100000101010111000011010000000010001001111101011000011110110011100110,116505126,0,0.000000,1.000000
116508175,74,10101001100000110101011100001101000001001100011010111100011100001101100011,116505126,0,0.000000,1.000000
116508176,86,00110000000011111100000101010111000011010000000010001001111101011000011110110011100110,116505126,0,0.000000,1.000000
116508177,80,01110100010001101000010101011100001101000000001100010011111110100001110010010111,116505126,0,0.000000,1.000000
116508178,76,1111101110000001010101110000110100000000100001010011110001110011100110001111,116505126,0,0.000000,1.000000
116508179,79,0111100000001101000010101011100001101000000001110010011101101000011010010010111,116505126,0,0.000000,1.000000
116508180,81,011010001000110100001010101110000110100000000110001001111111010000111100000101110,116505126,0,0.000000,1.000000
116508181,74,10101001100000110101011100001101000001001100011010111100011100001101100011,116505126,0,0.000000,1.000000
116508182,79,0111100000001101000010101011100001101000000001110010011101101000011010010010111,116505126,0,0.000000,1.000000
116508183,78,011011001000110000001010101110000110100000000110101001011101000100111000111001,116505126,0,0.000000,1.000000
116508184,83,00011010001000110100001010101110000110100000000110001001111111010000111100100101110,116505127,0,0.000000,1.000000
116508185,74,10101001100000010101011100001101000000001000011010111101011100001001101011,116505127,0,0.000000,1.000000
116508186,82,0111100010001101000010101011100001101000000001100010011111110100001111001001011101,116505127,0,0.000000,1.000000
116508187,70,1010111010000101011111000011010000000011001010101111100110011100101100,116500004,0,0.000000,0.600000
116508188,77,01011001000100000011010101110000110100000000110000010111100101100111111101010,116505128,0,0.000000,1.000000
116508189,79,0100100110001001000010101011100001101000000001100110011111100100001101010010111,116505129,0,0.000000,0.800000
116508190,74,11010111000001010101111000110100000000100001001011111001110010101100001100,116505129,0,0.000000,1.000000
116508191,79,1101011101110100001010101100001110100000000101001100011100010110010100110101100,116505129,0,0.000000,1.000000
116508192,79,0100100110001001000010101011100001101000000001100110011111110100001101010010111,116505129,0,0.000000,1.000000
116508193,75,101010111000000101010111000011010000000010000101101110001110010100110001111,116505129,0,0.000000,1.000000
116508194,76,1110100001100000010101011100001101000000001000011010111000111100001010100011,116505129,0,0.000000,1.000000
116508195,74,00111010111010001101010111000011010000000010100100101111101111011000110100,116505130,0,0.000000,1.000000
116508196,80,01101000100011000001010101110000110100000000111000001111111010100111000001011101,116505133,0,0.000000,1.000000
116508197,79,1001001100010010000101010111000011010000000011100100111111101000011111010001110,116505133,0,0.000000,1.000000
116508198,82,1101110000010001001000010101011100101101000000001000100111011000000011100100000111,116505133,0,0.000000,1.000000
116508199,81,011010001000110100001010101110000110100000000110001001111111010000111100000101110,116505133,0,0.000000,1.000000
116508200,82,1101110100010001001000010101011100001101000010001000100111011000000011110100000111,116505133,0,0.000000,1.000000
116508201,74,00111010111010001101010111000011010000000010100100101111101111011000110100,116505134,0,0.000000,1.000000
116508202,82,0011010001001110100001010101110000110100000000110001001111111010000111000001011101,116505134,0,0.000000,1.000000
116508203,76,1110100001100000010101011100001101000000001000011010111000011100001010100011,116505134,0,0.000000,1.000000
116508204,76,1110100001100000010101011100001101000000001000011010111000011100001001100011,116505134,0,0.000000,1.000000
116508205,82,0011010001000110100001010101110000110100000000110001011111111010000111100000101110,116505134,0,0.000000,1.000000
116508206,74,00011010111010001101010111000011010000000010100100101111101111011100110100,116505135,0,0.000000,1.000000
116508207,74,00011010111010001101010111000011010000000010100100101111101111011100110100,116505135,0,0.000000,1.000000
116508208,79,1101100101011000000101010111000011010010000011000000101111100011101101011100110,116505135,0,0.000000,1.000000
116508209,81,011010001000111100001011101110000111100000000110001001111111010000111100001011001,116505135,0,0.000000,1.000000
116508210,77,01001001100010100000101010111000011010000000001000100110111010000111101011011,116505135,0,0.000000,1.000000
116508211,82,0111100010001101000010111011100001101000000001100010011111110100001110001001011101,116505135,0,0.000000,1.000000
116508212,75,011101001100000010101011100001101000000001000011010111101011100001001101011,116505135,0,0.000000,1.000000
116508213,74,00011010111010001101010111000010010000000010100100101111101111011100110100,116505135,0,0.000000,1.000000
116508214,77,01001001100010100000101010111000011010000000001000100110111010000111101011011,116505135,0,0.000000,1.000000
116508215,82,1011010001000111100001010101110000111100000010110001001011111010000111100001011101,116505135,0,0.000000,1.000000
116508216,77,01111100101100000010101011100001101000000001100110010111110000100110000110010,116505135,0,0.000000,1.000000
116508217,80,10101100100001000000101010111000001010000000011000100101011100010011110011100110,116505135,0,0.000000,1.000000
116508218,75,101010011000000101010111000011010000000010000110101111000111000010011000111,116505135,0,0.000000,1.000000
116508219,75,101010011000000101010111000011010000000010000110101111000111000010011000111,116505135,0,0.000000,1.000000
116508220,77,01001001100010100000101010111000011010000000001000100110111010000111101011011,116505135,0,0.000000,1.000000
116508221,75,101010011000000101010111000011010000000010000110101111000011000010011000111,116505135,0,0.000000,1.000000
116508222,77,01111100101100000010101011100001101000000001100110010111110000100110000110010,116505135,0,0.000000,1.000000
116508223,77,01111100101100000010101011100001101000001001100110010111110000100110000110010,116505135,0,0.000000,1.000000
116508224,84,100011010001000110100001010101110000110100000000110001001111111010000111100100101110,116506690,0,0.000000,1.000000
116508225,77,11010001000110100001010101110000110100000000100001001011111000110111000110001,116506690,0,0.000000,1.000000
116508226,70,1010111010000101011111000011010000000011101010101111100110011100101100,116506690,0,0.000000,0.800000
116508227,81,011010001000110100001010101110000110100000000110001001111111010000111000000101111,116506690,0,0.000000,1.000000
116508228,70,1010111010000101011111000011010000000011001010101111100110011100101100,116506690,0,0.000000,1.000000
116508229,86,00110000000011111100000101010111000011010000000010001001111101011000011110110011100110,116506690,0,0.000000,1.000000
116508230,76,1111101110000001010101110000110100000000100001010011110001110011100110001111,116506690,0,0.000000,1.000000
116508231,79,1010110010000100000010101011100001101000000001000010010101110001100111001110011,116506690,0,0.000000,1.000000
116508232,75,101110111000000101010110000011010000000010000111101110001110010100111001111,116506690,0,0.000000,1.000000
116508233,77,01011001000100000011010101110000110100000000110000010111100101100111111101010,116506690,0,0.000000,1.000000
116508234,81,011010001000110100001010101110000110100000000110001001111111110000111000000101111,116470090,0,0.000000,0.400000
116508235,83,01011010001000110100001010101110000110110000000110001001111111010000111100100101110,116506691,0,0.000000,1.000000
116508236,79,1100100101011000000101010111000011010000000011000110101111100011000100011100100,116506691,0,0.000000,1.000000
116508237,70,0101011101000010001011100001101000000011000010101111000110001100111111,116506691,0,0.000000,1.000000
116508238,87,011101111010000001000010101111100001101000000001101111010110101001000110011100011111000,116506691,0,0.000000,1.000000
116508239,75,101110111000000101010111000011010000000010000101101110001110010100111001111,116470090,0,0.000000,0.400000
116508240,77,11110000000010100001010101110000110100000000111000001110110100011010010010111,116470090,0,0.000000,0.400000
116508241,79,0100100110001001000010101011100001101000000001101110011011110100101111010010111,116506692,0,0.000000,1.000000
116508242,81,011010001000110100001010101110000110100000000110001001111111010000111100000101110,116506692,0,0.000000,1.000000
116508243,81,101111000100001010000101010111000011010000000011100100111011010000110100000101111,116506692,0,0.000000,1.000000
116508244,78,110101100100001000001010111110000110100000000110001001010111000110011100111001,116506692,0,0.000000,1.000000
116508245,79,0011000010011000000101011111000011010000000010001011011010110101101000100111001,116506692,0,0.000000,1.000000
116508246,77,11110100001100000010101011100001101000000001000011010111000011100001011100011,116506693,0,0.000000,1.000000
116508247,79,0110100010001101000000101011100001101000000011000100111111101000011100000010111,116506693,0,0.000000,1.000000
116508248,75,111110111000001010101110000110100000000100001011011110001110010100110101111,116506693,0,0.000000,1.000000
116508249,78,010010001010000000101010111001001010000000011000110101111100011000110111100100,116506693,0,0.000000,1.000000
116508250,79,1101100101011000000101010011000011010000000011000000101111100011001101011100110,116506693,0,0.000000,0.800000
116508251,76,1010110010000100000101010101000011010000000011000100101011100011001110111001,116506693,0,0.000000,0.800000
116508252,79,1101100101011000000101010111000011010000000011000000101111100011001101011100110,116506693,0,0.000000,1.000000
116508253,82,0101110100010001001000010101011000001101000000001000100111110000010011100110010110,116506693,0,0.000000,1.000000
116508254,74,11111011100000010101011100001101000000001000010110111000111001010011000111,116506693,0,0.000000,1.000000
116508255,76,0011010111010000101010111000011010100000010000110101101000111010010011001111,116506693,0,0.000000,1.000000
116508256,81,011010001000110000010101011100001101000000001110000011111110100001110000010111011,116506693,0,0.000000,1.000000
116508257,70,1010111010000111010111000011010000000011000010101111010110010100111111,116506693,0,0.000000,1.000000
116508258,77,01010000101000000010101011100001101001000001100010010111110001100111011100101,116506694,0,0.000000,1.000000
116508259,75,101100110011000000101010111000011010000000010000100101110100010111100111111,116506694,0,0.000000,1.000000
116508260,74,01101011101000010101011100001101000000001000011010110100011101001001100011,116506694,0,0.000000,1.000000
116508261,74,11101000011000000101010111000011010000000010000110101110000111000001110001,116506694,0,0.000000,1.000000
116508262,79,0110010010001100000010101011100001101000001001000010101111010001000111101010010,116506694,0,0.000000,1.000000
116508263,81,011010001010110100001010111110000110100000000110001001110111110000111000000101110,116506694,0,0.000000,0.800000
116508264,80,01101000100010000001010101110000110100000000111000001111111010000111000001011101,116506694,0,0.000000,1.000000
116508265,82,0100100110001001000010101011100001101000000001100010011111110100001111101001011101,116506694,0,0.000000,1.000000
116508266,77,11111011100000010101011100001101000000001000000110111100011100101001101011111,116506695,0,0.000000,1.000000
116508267,74,10101001100000010101011100001101000000001000011010111100011100001001100011,116506695,0,0.000000,1.000000
116508268,79,1101011100011000000001010111000011010000000011000000111111100011001100011000110,116506695,0,0.000000,1.000000
116508269,79,0111100000001101000010101011100001101000000001110010011101101000011010010010111,116506695,0,0.000000,1.000000
116508270,83,01011010001000010100001010101110000111100000000110001001111111100100111000100101110,116506695,0,0.000000,1.000000
116508271,78,010011001000110100001010101110000110100000001100010010111110011000111001110011,116506695,0,0.000000,1.000000
116508272,81,001010001000110000010100011100001101000000001110000011111110100001110000010111011,116506695,0,0.000000,1.000000
116508273,73,1101011100000101010111000011010000000010000100101111000111001000010000010,116506695,0,0.000000,1.000000
116508274,88,0011001000001111110000010101011100001101000000001000100111110101100001111011001110011000,116506695,0,0.000000,1.000000
116508275,77,01001001100010100000101010111000011010000000001000100110111010000111101011011,116506695,0,0.000000,1.000000
116508276,82,0110100011001101000110101011100001101000000001110010011111111100001100000010111010,116506695,0,0.000000,1.000000
116508277,88,0011001000001111110000010101011100001101000000001000100111110101100001111011001110011000,116506695,0,0.000000,1.000000
116508278,82,0110100011001101000110101011100001101000000001110010011111111100001100000010111010,116506695,0,0.000000,1.000000
116508279,83,01011010001000010100001010101110000111100000000110001001111111100100111000100101110,116501521,0,0.000000,0.500000
116508280,81,001010001000110000010100011100001101000000001110000011111110100001110000010111011,116506695,0,0.000000,1.000000
116508281,86,01100100000111111000001010101110000110100000000100010011111010110000111101100111011000,116506695,0,0.000000,0.000000
116508282,78,001111100101100000010101011100001101000000001100110011111110000100110000110010,116501521,0,0.000000,0.600000
116508283,80,01111011001011111000001010101100000110100000000100011001011111000110011100111001,116506695,0,0.000000,1.000000
116508284,78,001111100101100000010101011100001101000000001100110011111110000100110000110010,116506695,0,0.000000,1.000000
116508285,74,01101011101001010101011100001101000000001000011010110100011101001000100111,116506695,0,0.000000,1.000000
116508286,83,11001000001011110000110101010100001101000000001000100110110101100011011011000110010,116506695,0,0.000000,1.000000
116508287,75,101010011000000101010111000011010000000010000110101111000111000010011000111,116506695,0,0.000000,1.000000
116508288,86,01110111101000000100001010101110000110100000000110111101011010101100011001110001110100,116501521,0,0.000000,0.600000
116508289,82,0111100010001101000010101011100001101000000001100010011111110100001110001001011101,116506696,0,0.000000,1.000000
116508290,81,011010001000110100001010101110000110110000000110001001111111010000111100000101110,116506696,0,0.000000,1.000000
116508291,73,1111011100000010101011100001101000000001000010110111000111001010011000111,116506696,0,0.000000,1.000000
116508292,82,0111100010001101000010101011100001101000000001100010011111110100001110001001011101,116506696,0,0.000000,1.000000
116508293,81,011010001000110100001010101110000110100000000110001001111111010000111100000101110,116506696,0,0.000000,1.000000
116508294,81,011010001000110100001010101110000110110000000110001001111111010000111100000101110,116506696,0,0.000000,1.000000
116508295,75,101010011000000101010111000011010000000010000110101111000111000011111000111,116481607,0,0.000000,1.000000
116508296,81,001110100010001101000010101011100001101000000001100010011111110100001110010010111,116506696,0,0.000000,1.000000
116508297,81,011010001000110100001010101110000110100000000110001001111111010000011100000101110,116506696,0,0.000000,1.000000
116508298,86,01110111101000000100001010101110000110100000000110111101011010101100011001110001110100,116506696,0,0.000000,1.000000
116508299,81,001110100010001101000010101011100001101000000001100010011111110100001110010010111,116506696,0,0.000000,1.000000
116508300,73,1111011100000010101011100001101000000001000010110111000111001010011000111,116506696,0,0.000000,1.000000
116508301,84,010110000010001000000101010111010011010000000010001000111111011000111100110011010101,116498412,0,0.000000,0.600000
116508302,81,001110100010001101000010101011100001101000000001100010011111110100001110010010111,116506696,0,0.000000,1.000000
116508303,81,011010001000110100001010101110000110100000000110001001111111010000011100000101110,116506696,0,0.000000,1.000000
116508304,77,10010010101000000101010111000010110100000010000100101111100011001100111100100,116506696,0,0.000000,1.000000
116508305,82,1101110100010001001000010101011100001101000010001000100111011000000011110100000111,116506697,0,0.000000,1.000000
116508306,79,1101100100001000000101010111000011010010000011000100111111100010001100011000111,116506697,0,0.000000,1.000000
116508307,83,00011010001000110100001010101110000110100000000110001001111111010000111100100101110,116506697,0,0.000000,1.000000
116508308,82,0000101010001101000010101011100001101000100001100100111110101000111110010010111110,116506697,0,0.000000,1.000000
116508309,77,11001001010110000001000101110000110100000000110100001011111000110011000110010,116506697,0,0.000000,1.000000
116508310,76,1110100001110000010101011100001101000000000010011010111000111100001011100011,116506697,0,0.000000,1.000000
116508311,78,010100001010000000101010111000011010010000011000100101111100011001110111000010,116506697,0,0.000000,1.000000
116508312,76,0110100001000000010101011100001101000000001000011010111100011100001001100011,116506697,0,0.000000,1.000000
116508313,81,001101000110011010000101010111010011010000000110001001111111010000111010101010101,116506697,0,0.000000,1.000000
116508314,77,10010010101000000101010111000011010100000010000100101111100011001100111100100,116506697,0,0.000000,1.000000
116508315,79,0111100000001101000010101011100001101000000001110010011101101000011010010010111,116506697,0,0.000000,1.000000
116508316,75,001101011101000010101011100001101000000001000011010110100011101001001100111,116506697,0,0.000000,1.000000
116508317,79,1110100101011000000101010111000011010000000011000100101111100011000100011101100,116506697,0,0.000000,1.000000
116508318,73,0111101110100001010101111000110100000000100001100110100011111001001100110,116506697,0,0.000000,1.000000
116508319,77,01011000101000000010101011100001101001000001101010010111110000100111011100001,116506697,0,0.000000,1.000000
116508320,81,011010001000110100001010101110000110100000000110001001111101010000111000000101111,116506697,0,0.000000,1.000000
116508321,83,00011010001000110100001010101110000110100000000110001001111111010000111100100101110,116506697,0,0.000000,1.000000
116508322,79,0111100100001101000010101011100001101000000001110010011101101000011010010010111,116506697,0,0.000000,1.000000
116508323,77,01011000101000000010101011100001101001000001101010010111110000100111011100001,116506697,0,0.000000,1.000000
116508324,77,11010001010110100001010101110000110100000000100001001011111000110111000111001,116506697,0,0.000000,1.000000
116508325,82,1011010001000111100001010101110000110100000000110001001011111010000111100001011101,116506697,0,0.000000,1.000000
116508326,78,010100001010000000101010111000011010010000011000100101111100011001110111000010,116506697,0,0.000000,1.000000
116508327,82,0110100011001101000110101011000001101000000001110010011111111100001100000010111010,116506698,0,0.000000,1.000000
116508328,76,1010110010000100000101010111000011010000000011000100101011100011001110111001,116506698,0,0.000000,1.000000
116508329,76,1010110110000100000101010111000011010000000011000100101011100011001110111001,116506698,0,0.000000,0.800000
116508330,82,1011000001000110100001010101110000110100000000110001001111111000000111100100101110,116506698,0,0.000000,1.000000
116508331,80,11101110100001100000101010111000011000000000111000100101011000011001110011100111,116506698,0,0.000000,1.000000
116508332,82,0110100011001101000110101011000001101000000001110010011111111100001100000010111010,116506698,0,0.000000,1.000000
116508333,77,01111100101100000010101011100001101000000001100110010111110000100110000110010,116506698,0,0.000000,1.000000
116508334,77,01111100101100000010101011100001101000000001100110010111110000100110000110010,116506698,0,0.000000,1.000000
116508335,82,1101110100010001001000010101011100001101000000001000100111011000000011100100000111,116506698,0,0.000000,1.000000
116508336,73,1101011100000101010111000011010000000010000100101111000111001000010000010,116506698,0,0.000000,1.000000
116508337,79,1101101101011000000101010111000011010100000011100000101111100011001101011100110,116506698,0,0.000000,1.000000
116508338,77,11011011010110000001010101110000100100000000100001000011101001100101000111101,116506698,0,0.000000,0.800000
116508339,78,101011101000110000001110101111000110100000000110011001111110000100110001110010,116506698,0,0.000000,1.000000
116508340,77,11011001010110000001010111110000110100000100111001001011101000100111000111001,116490327,0,0.000000,0.600000
116508341,81,011010001000110100001010101110000110100000000110001001111111010000111000000101110,116506699,0,0.000000,1.000000
116508342,73,1111011100000010101011100001101000000001000010110111000111001010011000111,116506699,0,0.000000,1.000000
116508343,82,0011010000011111000000101010111000011010000000010001001111101011000011110110011001,116490327,0,0.000000,0.800000
116508344,73,1101011100000101010111000011010000000010000100101111000111001000010000010,116490327,0,0.000000,0.800000
116508345,77,01111101110000001010101110010110100000000100001011011110001110010100110101111,116506699,0,0.000000,1.000000
116508346,80,01101000100011010000100010111000011010000001011001001011111000000111100100101110,116506699,0,0.000000,1.000000
116508347,79,0111100000001101000010101011100001101000000001110010011001101000011010010010111,116506699,0,0.000000,1.000000
116508348,80,01101000100011010000101010111000011010000000011001001011111000000111100100101110,116490327,0,0.000000,0.800000
116508349,79,0000100110001001000010101011100001101000000001100110011111110100001111010010111,116490327,0,0.000000,0.800000
116508350,78,010011001000110100001010101110000110100000001100010010111110011000111001110011,116506699,0,0.000000,1.000000
116508351,80,00100100110001001000011101011100001101000000001100110011011110100001111010010111,116506699,0,0.000000,1.000000
116508352,75,110101001100000010101011100001101000000001000011010111100011100001001100011,116506700,0,0.000000,1.000000
116508353,78,011011001000110000101010101110000110110000000110101001011101000000111000111001,116506700,0,0.000000,1.000000
116508354,73,0111101110100001010101111000110100000000100001100110100011101001001100110,116506700,0,0.000000,1.000000
116508355,73,1111011100000010101011100001101000000001100010110111000111001010001000111,116506700,0,0.000000,1.000000
116508356,77,10010010101000000101010111000011010100000010000100101111100011001100111100100,116506700,0,0.000000,1.000000
116508357,78,010110010001000000110101011100001101000000001100000101111000011001111111010100,116490314,0,0.000000,0.800000
116508358,78,011001001000110000011010101010000111100000000110101001011100000100111000111001,116506701,0,0.000000,1.000000
116508359,78,011011001000110000001010101110000110100000000110101001011101000100111000111001,116506701,0,0.000000,1.000000
116508360,77,01011001100110000001010101110000110100000000100001001011101000101110001110110,116506701,0,0.000000,1.000000
116508361,80,01111010001001110000001010101110000110100000000110011001011111001010011111111001,116506701,0,0.000000,1.000000
116508362,81,001101000110011010001101010111010011010000000110001001111111010000111010101010101,116506701,0,0.000000,1.000000
116508363,79,0100100110001001000010100011100001101010000001000100111111101000011111010010011,116506701,0,0.000000,1.000000
116508364,75,101110111000000101000111000011010000000010000101101110001110010100110001111,116506701,0,0.000000,1.000000
116508365,74,11010011000001010101111000110100000000100001001011111001010010101100001100,116506701,0,0.000000,1.000000
116508366,73,1101011100000101010111000011010000000010000100101111000111001000010000010,116506701,0,0.000000,1.000000
116508367,79,0110100010001101000010101011100001101000000011000100111111101000011110000010111,116506701,0,0.000000,1.000000
116508368,81,011010001000110100001010101110000110100000000110001001111111010000111100000011110,116506701,0,0.000000,0.800000
116508369,82,1010000101001100000101010111000011010000000010001001111101011000111100110011110101,116506701,0,0.000000,1.000000
116508370,82,0011010001000110100001010101110000110100000000110101001111111010000111000001011101,116506701,0,0.000000,1.000000
116508371,82,0111100010001101000010101011100001101000000001100010011111110100001111001001011101,116506701,0,0.000000,1.000000
116508372,79,0100100110001001000011101011100001101000000001100110011011110100001111010010111,116506701,0,0.000000,1.000000
116508373,80,01111010001100110000001010111110000110100000000110011001011111001110011111111001,116506701,0,0.000000,1.000000
116508374,74,01101011101001010101011100011101000000001000011010110100011101001000100111,116506702,0,0.000000,1.000000
116508375,78,110010010101100000010101011100001101000000001000100101111100011000100011100100,116506702,0,0.000000,1.000000
116508376,74,11110111000000101010111000011010000000010000101101110001110010100110001111,116506702,0,0.000000,1.000000
116508377,72,011110111010100101010111100011010000000010000110011010001110100100110011,116506702,0,0.000000,1.000000
116508378,72,011110111010100101010111100011010000000010000110011010001110100100110011,116506702,0,0.000000,1.000000
116508379,75,111101110000001010101110000110100000000100001011011110001110011100110101111,116506703,0,0.000000,1.000000
116508380,75,001101011101000010101011100001101010000001000011010110100011101001001100111,116506703,0,0.000000,1.000000
116508381,75,001101011101000010101011100001101010000001000011010110100011101001001100111,116506703,0,0.000000,1.000000
116508382,74,00111010111010001101010111000011010000000010100100101111101111011000110100,116506703,0,0.000000,1.000000
116508383,81,011010001000110100001010101110000110100000000110001001111111010000111000001011101,116506703,0,0.000000,1.000000
116508384,79,0100100110001001000010101011100001101000000001100110011111110100001111010010111,116506703,0,0.000000,1.000000
116508385,76,1111010011000000101010111000011110000000010000110101110000111000110011000101,116506703,0,0.000000,0.800000
116508386,83,00110100110101001000010101011100001101000000001100010011111110100001111001001011101,116506703,0,0.000000,1.000000
116508387,82,0011010001000110100001010101110000110100000000110001001111111010000111100100101110,116506703,0,0.000000,1.000000
116508388,75,111101110000001010101110000110100000000100001011011110001110011100110101111,116506703,0,0.000000,1.000000
116508389,77,11011001000110000001010101110000100100000000100001000011101001100101000111101,116506703,0,0.000000,1.000000
116508390,81,011000001000010100001010101110000110100000000110001001111111010000111100000101110,116506703,0,0.000000,1.000000
116508391,82,0111100100111001100000101010111000011010000000001001100101111100011001111111100100,116488558,0,0.000000,0.400000
116508392,83,11001000001011110000110101011100001101000000001000100110110101100011011011000110010,116506704,0,0.000000,1.000000
116508393,82,1011000101011100000010101011100001101000000011001100111110101100011110011100110100,116506704,0,0.000000,1.000000
116508394,88,0011001000001110110000010111011100101101000000001000100111110101101001110011001110011010,116470093,0,0.000000,0.700000
116508395,75,101010011000100101010111000011010000000010000110101111000111000010011000111,116506704,0,0.000000,1.000000
116508396,82,1011000101011100000010101011100011101000000011001100111110101100011110011100110100,116506704,0,0.000000,0.800000
116508397,81,011010001000110100001010101110000110110000000110001001111111010000111100000101110,116506704,0,0.000000,1.000000
116508398,88,0011001000001110110000010111011100101101000000001000100111110101101001110011001110011010,116506704,0,0.000000,1.000000
116508399,77,01011001100110000001010101110100110100000000100001001011101000101110001110110,116486645,0,0.000000,0.700000
116508400,82,0100100110001001000010101011100001101000000001100010011110110100001111101001011100,116506705,0,0.000000,1.000000
116508401,82,1101110000010001001000010101011100101101000000001000100111011000000011100100000111,116506705,0,0.000000,1.000000
116508402,81,011010101000110100001010101110000110100000100110001001110111010000111101000101110,116506705,0,0.000000,1.000000
116508403,79,1100100101011000000101010111000011010000100011000110101111100011000100011100100,116506705,0,0.000000,1.000000
116508404,76,1010110010000100000101010111000011010000000011000100101011100011001110111001,116506705,0,0.000000,1.000000
116508405,79,1100100101011000000101010111000011010000100011000110101111100011000100011100100,116506705,0,0.000000,1.000000
116508406,82,1111000001000100000101010111000010010000000010001001111101011001111100110011110101,116506705,0,0.000000,1.000000
116508407,79,0011000010011000000101010111000011010000000010001011011010110101101001100111001,116506705,0,0.000000,1.000000
116508408,82,0100100110001001000010101011100001101000000001100010011110110100001111101001011100,116506705,0,0.000000,1.000000
116508409,79,0011000010011000000101010111000011010000000010001011011010110101101001100111001,116506705,0,0.000000,1.000000
116508410,79,0011000010011000000101010111010011010000000010001011011010110101101000100110001,116506705,0,0.000000,1.000000
116508411,83,11001000001011110000110101011100001101000000001000100110110101100011011011000110010,116506706,0,0.000000,1.000000
116508412,83,11001000001011110000110101011100001101000000001000100110110101100011011011000110010,116506706,0,0.000000,1.000000
116508413,77,11010001000110100001010101110000110100010000100001001011111000110111000111001,116506706,0,0.000000,1.000000
116508414,70,1010111010000101010111000010010000000011000010101111000100011100111101,116506706,0,0.000000,1.000000
116508415,83,11001000001011110000110101011100001101000000001000100110110101100011011011000110010,116506706,0,0.000000,1.000000
116508416,85,0011010111010110100001010101110010110100000000110001001111111010000111100100111110111,116506706,0,0.000000,1.000000
116508417,81,011010001000110100001010101110000110100000000110001001111111010000111000000101111,116506706,0,0.000000,1.000000
116508418,70,1010111010000101010111000010010000000011000010101111000100011100111101,116506706,0,0.000000,1.000000
116508419,81,011010001000110100000010101110000111100000000110010011111110000001110001000011100,116506706,0,0.000000,1.000000
116508420,77,11010001000110100001010101110000110100010000100001001011111000110111000111001,116506706,0,0.000000,1.000000
116508421,75,110100001100000010101011100001101000000001000011010011100011100001001100011,116506706,0,0.000000,1.000000
116508422,70,1010111010000101010111000010010000000011000010101111000100011100111101,116506706,0,0.000000,1.000000
116508423,77,11011001010110000001010101110000100100000000100001000011101001100101000111101,116506707,0,0.000000,1.000000
116508424,78,110110010101100000010101011100001101000000001100010111111110001010111101110010,116506707,0,0.000000,1.000000
116508425,79,0101100000001101000010101011100001101000000001110010011101101000011010010010111,116506707,0,0.000000,1.000000
116508426,79,0111100000001101000010101011100001101000000001110010001101101000011010010010111,116506707,0,0.000000,1.000000
116508427,74,10101001100000010001011100001101000000001000011010111100011100001001100011,116506707,0,0.000000,1.000000
116508428,74,10101001100000010001011100001101000000001000011010111100011100001001100011,116488542,0,0.000000,0.700000
116508429,73,1101011100000101010111000011010000000010000100101111000111001000010000010,116506707,0,0.000000,1.000000
116508430,81,011110100010001100000010101011100001101000000001100110010111110011100111111110011,116506707,0,0.000000,1.000000
116508431,83,11011000101011100000110101011100001101000000001001100111110101100011110011000110010,116506707,0,0.000000,1.000000
116508432,82,0010010001000110110001010111110000110100000000111001001111111010000110000001011101,116506707,0,0.000000,1.000000
116508433,83,01011010001000110100001010101110000110100000000110001001111111000000111000100101110,116506707,0,0.000000,1.000000
116508434,76,1010110010000100000101010111000011010000000011000100101011100011001110111001,116506707,0,0.000000,1.000000
116508435,79,0111100000001101000010101011100001101000000001110010001101101000011010010010111,116506707,0,0.000000,1.000000
116508436,79,0100100110001001000010101011100001101000000001101110011011110100101111010010111,116506707,0,0.000000,1.000000
116508437,80,11101110100001100000101010111000011000000000111000100101011000011001110011100111,116506707,0,0.000000,1.000000
116508438,75,001101011101000010101011100001101000000001000011011110100011101001001100111,116506708,0,0.000000,1.000000
116508439,82,1101110100010001001000010101011100001101000000001000100111011000000011100100000111,116506708,0,0.000000,1.000000
116508440,83,01011010001000110100001010101110000110100000000111001001111111000000111100100101110,116478453,0,0.000000,1.000000
116508441,75,110101001100000010101011100001101000000001000011010111100011100001001100011,116478453,0,0.000000,1.000000
116508442,76,1110100001100000010101011100001101000000001000011010111000011100001010100011,116478453,0,0.000000,1.000000
116508443,76,1111100001100000010101011100001101000000001000011010111000011100001010100011,116506708,0,0.000000,1.000000
116508444,81,100010100000001001000010101011101001101000000001110010011111110100001110010010111,116506708,0,0.000000,1.000000
116508445,80,01001011101000110000001010101110000110100000000110011001011111000010011000011001,116506708,0,0.000000,1.000000
116508446,78,001111100010110010001010101110000110100000000110011001011111000011011000111001,116506709,0,0.000000,1.000000
116508447,78,111110000000110100001010101110000110100000000111001001110110100001101101001011,116506709,0,0.000000,1.000000
116508448,74,11010111000001010101111000110100000000100001001011111001110010101100001100,116506709,0,0.000000,1.000000
116508449,73,1001010011000000010101110000110100000000100001101011110001110001100110001,116506709,0,0.000000,1.000000
116508450,73,1111011100000010101011100001101000000001100010110111000111001010011000111,116506709,0,0.000000,1.000000
116508451,85,0011001000001111110000010101011100001101000000001000100111101011000011110110011100110,116506709,0,0.000000,1.000000
116508452,80,01110100010001101000010101011100001101000000001100010011111110100001110010010111,116506709,0,0.000000,1.000000
116508453,82,0011010001000110100001010101110000110100000000110101001111111010000111000001011101,116506709,0,0.000000,1.000000
116508454,77,11010001000100100001010101110000110100010000100001001011111000110111000111001,116506709,0,0.000000,1.000000
116508455,76,1110100010011010000101010111000011010000000011000100111111101000111001001011,116506709,0,0.000000,1.000000
116508456,76,0111110010110000011010101010000110000000000110011001011111000010011100011001,116506710,0,0.000000,1.000000
116508457,77,11010001000110100001010101110000110100010000100001001011111000110111000111001,116505117,0,0.000000,0.700000
116508458,77,10011011111010000101010111000011011000000010000110101101000110010010011001111,116506710,0,0.000000,1.000000
116508459,81,101110100010001101000010101001000001101000000001000010011011110100000110010010111,116505117,0,0.000000,0.600000
116508460,87,001101111010000001000010101111100001101000000001101111010110101011000110011100011111000,116506710,0,0.000000,0.800000
116508461,75,101100110011000000101010111000011010000000010000100101110100010111100101011,116506710,0,0.000000,1.000000
116508462,75,101010111000000101010111000011010000000010000101101110001110010100110001111,116506710,0,0.000000,1.000000
116508463,74,10101001100000010101011100001101000000001000011010111101011100001001101011,116506710,0,0.000000,1.000000
116508464,76,1010110010000100000101010111000011110000000011000100101011100011001110111001,116505117,0,0.000000,0.700000
116508465,82,1101110000010001001000010101011100101101000000001000100111011000000011100100000111,116505117,0,0.000000,0.700000
116508466,82,0011010101000110100011010101110000110100000000110101001111111010000111000001011101,116505117,0,0.000000,0.700000
116508467,78,111001001010110000001010101110000110100000000110001010111110001100110001110010,116506710,0,0.000000,1.000000
116508468,86,01110111101000000100001010101110000110100000000110111101011010101100011101110001111100,116506711,0,0.000000,1.000000
116508469,79,1110100101011000001101010111000011010000000011000100101111100011000100011101100,116506711,0,0.000000,1.000000
116508470,82,0011010001000110100001010101110000110100000000110001001111111010000111100100101110,116506711,0,0.000000,1.000000
116508471,77,11011001000110000001010101110000110100000000100001000011101001100101000111101,116506711,0,0.000000,1.000000
116508472,72,010100101100000010101011101001101000000001000011010111100011001010011101,116475186,0,0.000000,0.500000
116508473,75,110101001100000010101011100001101000000001000011010111100011100001001100011,116506711,0,0.000000,1.000000
116508474,75,110100001100000000101011100001101000000001000011010111100011100001001100011,116475186,0,0.000000,0.500000
116508475,75,010110010000100000101010011000011010000000011000100101011100011001110111001,116506711,0,0.000000,1.000000
116508476,79,0100100110001001000010101011100001101000000001100110011111110100001111010010111,116475186,0,0.000000,0.600000
116508477,77,11110100001100000010101011100001101000000001000011010111000011100001011100011,116506711,0,0.000000,1.000000
116508478,77,01011000101000000010111011100001101001000001101010010111110001100111011100001,116506712,0,0.000000,1.000000
116508479,75,101100110011000010101010111000011010000000010000100101110100010111100101011,116506712,0,0.000000,1.000000
116508480,75,101100110011000010101010111000011010000000010000100101110100010111100101011,116506712,0,0.000000,1.000000
116508481,79,0110100010001101000010101011100001101000000011000100111111101000011110000010111,116506712,0,0.000000,1.000000
116508482,75,101100110011001010101010111000011010000000010000100101110100010111100101011,116506712,0,0.000000,1.000000
116508483,74,10101001100000010101011100001101000000001000011010111101011100001001100011,116506712,0,0.000000,1.000000
116508484,78,110100010000101000010101011100001101000000001100100101111100000011100100101110,116506712,0,0.000000,1.000000
116508485,77,10101100100011000001010101110000110100000000110001001010111100110011100111011,116506712,0,0.000000,1.000000
116508486,75,111010111000001010101111000110100000000100001001011111001110010101100001100,116506712,0,0.000000,1.000000
116508487,80,01101000100011010000101010111000011010000000011001001011111000000111100100101110,116506712,0,0.000000,1.000000
116508488,77,01011000101000000010111011100001101001000001101010010111110001100111011100001,116506712,0,0.000000,1.000000

